4.70 6.209999999999999 0.000000000000000
4.60 -0.652962962962965 6.276124550150245
4.56 -0.552415458937197 -6.325925794753461
3.29 -7.273823096470096 -2.270660159790143
2.32 -7.333791918325817 4.472537992985518
1.85 6.259677938808373 6.549811608160629
1.77 6.460772946859903 -6.465138276102314
1.55 -3.596620406995786 0.876367069282224
1.43 -0.878320365224700 -0.344798309733790
1.23 -9.532191462819897 1.685148633249743
1.19 -7.001349387687972 -6.742366554224210
1.02 -6.057316984856771 7.817992769564684