4.99 9.359999999999999 0.000000000000000
4.94 4.142777777777778 8.448993566333840
4.88 -5.641020527186956 7.606562128311015
4.46 5.134572649572650 -8.452707477859416
4.43 -3.724443038189613 -9.194287577364596
4.37 -9.963634412535585 -0.571304904001947
3.98 -1.627363892223273 -1.049942357793345
2.04 -9.911217142455985 -7.300950263841455
1.65 10.940705128205130 6.449106240221662
1.46 11.333290598290597 -6.140734826932191
1.40 -11.625983841074062 5.704296602306439
1.38 -2.135509904411490 12.792986259984820
1.03 0.667580802400970 13.303260347458652