4.96 9.180000000000000 0.000000000000000
4.85 4.049041394335513 8.361181961119943
4.72 4.319520697167757 -8.371268777595152
4.63 -5.415358107605980 7.817544151866762
4.35 -9.789968455323093 -0.024852440097098
4.24 -6.112323544593179 -7.787778944359673
4.21 -1.271017627108443 -0.862155722343675
2.07 -1.428883615771776 -11.985123762922893
1.72 10.561350762527232 -6.535615508187844
1.68 -1.090399472502960 12.412196783420946
1.66 10.686187363834422 6.446378799374539
1.53 -11.219947127238548 5.755422353048600
1.45 -11.387259581158473 -5.600573116326097
1.28 3.367233486689360 2.269216926989233
1.09 -1.052252061783351 -6.157638856811010
1.02 -0.628989295444961 4.815349355726393
1.00 3.851734805610378 -2.670428807936307