4.96 11.369999999999997 0.000000000000000
4.85 7.248513632365875 8.902216023070102
4.72 7.491934916446789 -8.869217057199887
4.63 -1.447295764279706 -11.610139317454291
4.35 -1.452249347116887 11.891651350161531
4.24 -9.375720849555146 -7.633083161555160
4.21 -9.086779818207912 8.020276337845804
4.20 -6.116550859195216 0.152249906075106
4.13 2.424383779773079 -1.613707049130366
3.10 -13.161483479451595 -1.344712839279321
2.92 -0.659785911439839 4.725882631267225
2.07 -13.742721641384847 3.805942969542835
2.05 -2.693849093403953 -5.077244584069174
1.68 13.184248021108177 6.387339361416855
1.63 13.277871591908530 -6.307782969379053
1.53 3.837512549702648 14.293827249231560
1.45 4.406756611528412 -14.212490850190568
1.38 -7.004048735088423 13.207793203881799
1.28 -7.123018693980653 -13.257643255315106
1.09 -14.255228169302496 -5.389440587029839
1.02 -11.092050476055135 2.217849026071723
1.00 -3.948355812964609 7.159637771234142