5 0.19675075992355742 0.80324924007644261 0.00000000000000000
3 0.15240248330751829 0.77293749111402510 0.34783499699371567
2 0.12443610654548354 0.81460423783773006 -0.32098608570784298
12 0.30480496661503659 0.38024161492494341 0.58199007613737841
4 0.17597922952552628 0.61646273236222893 -0.54679422983590475
8 0.24887221309096708 -0.15168535241691367 0.73565243568482697
1 0.08798961476276314 0.14185435775079644 0.90091080799804035
9 0.26396884428828943 0.20651251519299235 -0.70646616567743736
14 0.32922699203648614 -0.36844902730413320 -0.56051917227786097
11 0.29182853761600169 0.34448645294837005 -0.16806675795865136
10 0.27824759309110775 -0.07511082959320889 0.21784115241079358
6 0.21552965883283157 -0.57159063995727455 0.53728749890925909
7 0.23279863861864883 -0.75238097057759867 -0.15006933070454204