10 0.13155726113925645 0.86844273886074352 0.00000000000000000
22 0.19513095220548055 0.74574967817592097 0.30277318507121259
19 0.18133917012349754 0.76371999499771959 -0.29485135850927813
12 0.14411375905913706 0.60085617351077647 0.60951875786219123
14 0.15566065058918235 0.58511069946709182 -0.00907592445234029
31 0.23163046037003374 0.24443198226322349 0.72845367421548324
1 0.04160205879336083 0.94579364925346177 -0.15492251850826666
29 0.22403394291834727 0.32718409343801202 0.28036647676361259
27 0.21617063858870561 0.50666535669661972 -0.59806244166802902
7 0.11006870159552060 -0.05770134964431661 0.88805870871756376
26 0.21212970959298119 -0.32980736835788044 0.71551847934409740
23 0.19951646499590897 -0.65390343566150388 0.46171873109364669
5 0.09302503146589770 0.32363828690929908 -0.84726728533199613
21 0.19064458348657923 -0.80300707436569874 0.10117227267514642
3 0.07205687952956853 0.17174004096803303 -0.91191216307092871
15 0.16112408087462832 0.13862070429686862 -0.68109520131662937
25 0.20801029396680412 -0.22192461062433702 -0.76026124566610953
24 0.20380763258600015 -0.74206773085197164 -0.28854422322499468
2 0.05883419576821377 0.77446689533036694 -0.53478416122077443
11 0.13797841952388337 -0.55335868006246858 -0.66096548805975075
4 0.08320411758672167 0.01655124115670416 -0.91664646752502921
13 0.14999835614433002 -0.41016983120629424 -0.41111037626992930
20 0.18605006293179541 -0.05267591743819908 0.43488270242041754
18 0.17650258730464127 -0.43950916858515698 0.15280866984960118
8 0.11766839153642754 -0.45651698727459217 -0.14087023456087891
28 0.22013740319104119 0.27840342150506164 -0.22622753708767335
6 0.10190381629300008 -0.33870113486463610 0.40161091922853637
9 0.12480617638008248 -0.05608823455175452 -0.47170432007728724
16 0.16640823517344333 -0.17089926133060415 -0.20407722573433293