11 0.14259729117482753 0.85740270882517255 0.00000000000000000
10 0.13596118246295871 0.81881456964375032 0.27587275825990576
14 0.16087144057108560 0.78561850769543762 -0.29485640507819855
13 0.15501959901168541 0.66417626349560621 0.52236172243320800
1 0.04299470099526911 0.94270413612364368 -0.16482734620962905
22 0.20166302313710632 0.55459798179153363 -0.57424995186707850
3 0.07446900658003827 0.56801379505635485 0.73073110540514041
24 0.21063015816388281 0.18972882444939171 -0.76622954809471333
20 0.19227814819539921 -0.21297262183232962 -0.77913878881269727
18 0.18241106777305674 0.31233811118594501 0.75557697582760519
19 0.18740955674612569 -0.54782793517701101 -0.60015646452172811
7 0.11375328652706332 -0.78399030419631421 -0.41327042002513609
12 0.14893801316007654 -0.56756283267376462 -0.26438835763454882
27 0.22340701974011484 -0.20962095111943602 -0.36694776946394453
28 0.22750657305412664 -0.09743863666057191 0.76632356531709800
25 0.21497350497634557 -0.78453528347920443 0.02776665023599336
21 0.19702647179281391 0.21862477989561210 -0.35959832486351428
29 0.23153355069299403 0.49454984960757775 -0.03168210267027916
26 0.21923081935596436 -0.50883890235032880 0.59218534674413492
23 0.20619534236851639 0.33412446154886755 0.37558964774591097
30 0.23549167588298711 0.03167317492074324 0.03042865557018151
6 0.10531507908194140 -0.78716089277757528 0.42525149805704743
15 0.16651776092984474 -0.37555976526851342 -0.01409419566977981
4 0.08598940199053823 0.60498561415863794 0.26601701958051199
9 0.12898410298580734 -0.51923926178212887 0.24412577617441844
2 0.06080368925768560 0.45974481831157055 -0.81897766278918438
8 0.12160737851537121 -0.20656418678879759 0.43470305103958562
5 0.09613907409769960 -0.29638434245529760 0.23634514910063592