16 0.26603965673439217 0.73396034326560788 0.00000000000000000
6 0.16291535258611281 0.71898032508516108 0.42869336252905521
17 0.27422740132974094 0.52697340090344624 -0.49904398575760495
14 0.24885731169876055 0.37300576673524694 0.65198315635502690
13 0.23980490591567238 0.08165643128198852 -0.75579680357895762
4 0.13301982836719609 0.45832201579434501 0.28856885673681004
19 0.28990999466986639 -0.41633429738656086 -0.57523349041010119
7 0.17596869265004794 -0.77552595532439061 -0.27854458908954338
11 0.22058843018573149 -0.07995373192176189 0.77529981033928119
15 0.25759178999075971 -0.72662917083207579 0.15224978944160950
2 0.09405922267071504 -0.39185099296659115 0.81681178452510450
9 0.19952974255079414 -0.55565605862942968 0.57619352440756033
10 0.21032281580250817 -0.20555566747316645 0.36310003388995077
8 0.18811844534143007 -0.35957178193837391 -0.10058708907577316
18 0.28217766801214506 0.18874015432373650 -0.05724666560106726
3 0.11519855057303771 -0.12829100560797457 -0.29682776404043248
1 0.06650991418359804 -0.76964434885717492 -0.52825308005701999