34 0.19419992323728458 0.80580007676271548 0.00000000000000000
35 0.19703510858308629 0.70799293977448885 0.37881210920145220
13 0.12008292874825319 0.82203647228554400 -0.31386317164106670
11 0.11046022867437526 0.59226910611646488 0.66370046761325130
15 0.12898975709226229 0.69338598231380077 -0.52713823877700405
10 0.10531969564053008 0.41804475146027154 0.79100659465346657
2 0.04710039976436270 0.93019696149816744 0.20676378055359215
26 0.16982290644526168 0.14418644740805409 0.81755995195877662
1 0.03330501206997813 0.84743743984569053 -0.46513329835307077
36 0.19983007241986878 0.33094170055034589 0.49855242821110224
20 0.14894454195984416 0.47870539035478432 -0.70365939338945316
16 0.13322004827991252 -0.15683872974397800 0.85247234415913609
18 0.14130119929308807 0.21771095750655220 -0.83064166119757632
14 0.12461594442822892 -0.40335623990098801 0.77691762013885235
19 0.14517318192643705 -0.60789576878551510 0.60099219894308098
39 0.20798973371364790 0.49850400586382654 -0.25947185775805015
28 0.17623355869833329 0.21284134620912676 -0.51642396090357012
27 0.17305791915569047 -0.09650906713200338 -0.82129118163561654
7 0.08811677934916665 -0.79009032003087798 0.45528924245806779
33 0.19132272827969454 -0.43349317727572761 -0.68267312460092600
8 0.09420079952872540 -0.63289923946016358 0.36292765002426680
22 0.15621435349413496 0.47439003476654540 0.11383123209954540
21 0.15262273883209265 -0.81929868731761635 0.21632818518180788
9 0.09991503620993439 -0.70016900681311911 -0.56561144254628903
37 0.20258647949039288 -0.78550951025517546 -0.13727028808230873
12 0.11537194610379362 -0.58478124386115593 -0.38385845380967165
17 0.13732008262699091 -0.22036948047906241 0.58949742873532407
32 0.18840159905745080 -0.49293228729822597 0.11742129982297800
6 0.08158028544868136 -0.80911873384703736 -0.42045460060213841
38 0.20530588277322392 -0.15163999145053805 -0.40361571698385801
4 0.06661002413995626 -0.04223439319092119 0.68877169087221823
29 0.17935297890043608 -0.01665753521646660 0.34704481222132821
5 0.07447227097992208 0.05136666010795796 0.59158512858509438
31 0.18543445930684793 0.12707659911747471 -0.12976342637632216
3 0.05768597305189681 0.00175970804504633 -0.61723511784671381