38 0.21053213264253828 0.78946786735746177 0.00000000000000000
5 0.07636803105858614 0.88290092690852529 0.27125996260904345
36 0.20491693050577658 0.68579021495829595 -0.40230444748201621
14 0.12778815778366356 0.75750412791432675 0.43236673541701914
13 0.12313975002487806 0.60679567274714608 0.63299518917743103
3 0.05915442249451096 0.89896830494959601 -0.24645586255721291
32 0.19319753485408950 0.41352747637003728 -0.69276637046882283
8 0.09659876742704475 0.44776111561739523 0.78462970269764853
26 0.17414590455241521 0.17789844484556228 0.80646582710557480
17 0.14081569149211176 -0.13422749611204060 0.84863458288810634
22 0.16019093338315615 0.09001362633560506 -0.83497114647499571
31 0.19015486383509647 -0.25405770247459386 -0.76896282639883307
16 0.13661128700385106 -0.39896247157820935 0.76568205934405498
2 0.04829938371352237 0.28532425803382899 -0.90792297625817697
33 0.19619302410445219 -0.61745300358085142 0.51464302469510925
29 0.18391857375762247 -0.79617106072810073 0.17916622537990751
20 0.15273606211717228 -0.56724261717620217 -0.62935839844702846
35 0.20205081829667565 -0.77090662644917507 -0.20597541085711429
12 0.11830884498902192 0.36997825529056821 0.58593209510805178
28 0.18071974584833000 0.47592830115415852 0.30630254388058303
4 0.06830564350192553 -0.80177523912390480 -0.47456384170959182
18 0.14489815114056712 -0.19673835262557557 0.56984291749999705
15 0.13227330986746921 -0.47416376936488264 -0.35997638306887270
23 0.16379117916334751 0.00092361942477494 -0.52347896371799030
7 0.09035987292416500 0.03821294942801269 0.58185222847796747
25 0.17076410875481382 -0.44173875362679488 0.19249082507608384
9 0.10245846525288829 -0.27057725507669950 -0.47681617702256601
19 0.14886869864920454 0.33454995502849477 -0.35994230399243915
27 0.17746326748353292 0.40404355775902073 -0.04459296008962839
11 0.11327209527983222 -0.47799512124996413 -0.08922186723504488
34 0.19914346070309011 -0.18508766874434196 -0.19788972764825594
1 0.03415282175096276 0.94763170249304929 0.18669474594040464
6 0.08365698656608550 0.18934449697992861 0.49559028599223059
21 0.15650789087012110 0.00298114658464542 0.34410474218229120
10 0.10800070525478227 0.21406375704919650 0.18470295742616677