9 0.30409554961256058 0.69590445038743942 0.00000000000000000
1 0.10136518320418686 0.81004592767204409 0.38906314271539760
7 0.26818706635877981 0.49742876409625297 -0.53676325739961306
5 0.22665944019628176 0.06147443453294441 -0.77089332292891410
6 0.24829297653399335 -0.39496534879960415 -0.63958253757879491
8 0.28670403367958908 0.46272874937161018 0.54283813432178318
3 0.17556964742817904 -0.73099166153660222 -0.38123037261694459
4 0.20273036640837372 0.04389173458676239 0.79606054058864850
10 0.32054485436547514 -0.00357449661585481 -0.22756913191287920
2 0.14335201683979454 -0.85229218246263017 -0.08627747542397177
12 0.35113929485635809 -0.42048028546536542 0.49418270327326208