16 0.15206470378770401 0.84793529621229591 0.00000000000000000
1 0.03801617594692600 0.94834854183205120 0.16139368310066465
32 0.21505196645481836 0.70781522937016184 0.33932435285153473
7 0.10058134735324162 0.86334308683375216 -0.25217578619938597
6 0.09312023304183580 0.64210995192586262 0.64041058810411655
10 0.12021770392199457 0.75816810074019347 -0.44631605338850971
3 0.06584594824955370 0.54001069848810757 0.76225470672220941
34 0.22167049317250051 0.33575714649981958 0.56801473243445633
8 0.10752598322740918 0.62855752515666397 -0.63358133509687009
4 0.07603235189385200 0.32354741090437839 0.86546709217848361
9 0.11404852784077799 0.44917317742414048 -0.76364485705319474
18 0.16128897484111374 0.61172377684394930 -0.20589960181581107
15 0.14723601632893538 0.09492526328329257 0.84746422121358089
30 0.20822317116216688 0.12739431795915696 -0.78146096155612044
17 0.15674470891124137 -0.20755640361708716 0.81731256277309716
22 0.17831167078968210 0.39564358822698398 -0.46788805690517199
21 0.17421200390954789 -0.49803121091061531 0.65870382376754932
23 0.18231917500207045 -0.26308058330054795 -0.77420316342646012
28 0.20116269470648324 -0.71641704259855632 0.35339448411505447
20 0.17001350732383796 -0.57078067790978071 -0.60256700519504702
27 0.19753784474866112 -0.75115936014932583 -0.28232096321506039
12 0.13169189649910740 -0.01599880013891829 0.60167082309743525
25 0.19008087973463000 -0.50992290679912922 0.02108182046543260
14 0.14224350554871351 -0.85682316016471360 0.04000344958517088
31 0.21166510964837043 -0.26054932343412585 -0.38022701024582883
24 0.18624046608367159 -0.32902085547793330 0.35107000683924988
33 0.21838630430892855 -0.10145953940226922 0.01931605284420830
11 0.12608539158008744 -0.01670224522163753 0.35319769407629603
2 0.05376299161370459 0.44917283329845337 0.83283146066085068
26 0.19384522298555232 0.39528334922075914 0.07565650228473972
5 0.08500675366191898 0.36542838849689135 -0.20630894007635447
13 0.13706927167370245 0.08319526346413508 -0.43900904571784077