14 0.29187662537564441 0.70812337462435559 0.00000000000000000
15 0.30212101012320425 0.44882052337264888 0.53441109860383551
11 0.25872097612892003 0.52799809534231701 -0.52030049254843758
3 0.13511262321327736 0.14837270070817565 0.85206555863359501
9 0.23402192814930647 0.09735678439991342 -0.75976579489169893
5 0.17442964652247361 -0.15833153346033932 0.81024535423111532
7 0.20638794107296371 -0.49045317309651681 0.62391969441104211
12 0.27022524642655471 -0.09926242044146401 0.36953137248028056
13 0.28125935384175799 0.14838973888252249 -0.12321975366279318
4 0.15601461876620432 -0.29133656582030110 -0.79210752373171456
10 0.24668077179202719 -0.71687173686679140 0.23148384926263360
6 0.19107810419602270 -0.19318716003831149 -0.44945264040050176
1 0.07800730938310216 0.39882775441408402 -0.83126827430138694
2 0.11031899489381707 -0.54295155932140315 -0.70479493122269610
8 0.22063798978763413 -0.35057087017016519 -0.06900486496963927