12 0.13560855471538327 0.86439144528461687 0.00000000000000000
26 0.19961038777910012 0.73775855232190235 0.31038016983533839
29 0.21081206544531908 0.47788513478521927 0.62804728643470487
1 0.03914681778467131 0.94857022080832931 0.15314494431407499
14 0.14647397993270894 0.80756738678733198 -0.27629980588011543
24 0.19177945725230897 0.11393364437352646 0.80014971748988262
15 0.15161497333704835 0.65876354575816243 -0.53459119357321128
27 0.20341283207307495 0.35258302724269919 -0.71430828429062276
13 0.14114585879387803 -0.21757426186975087 0.83083805668658339
20 0.17506989133864559 -0.00938907504121036 -0.82487667529510400
7 0.10357274447780078 -0.28696324465415463 -0.84925492089279186
16 0.15658727113868526 -0.48993940701593069 -0.68651613867276851
17 0.16140646463300778 -0.48296245877678867 0.68555552727083269
23 0.18774154276910568 -0.69932586612266368 -0.41316719898232340
2 0.05536196063483047 0.19990554124305354 -0.92324362981609220
6 0.09588972862615448 -0.88247656274596875 -0.19659730162885988
31 0.21796025697969346 0.52348650208947745 -0.04802286008135710
11 0.12983530632816653 0.41869577428757554 -0.38768399489059491
9 0.11744045335401396 -0.71020392305055413 0.52394822364387394
18 0.16608588190449136 -0.83172278765358032 0.06041490591540429
19 0.17063702268458308 -0.57001036148961504 0.27228496153033538
28 0.20714548895560156 -0.18639149162904334 -0.48611607921648209
21 0.17939325571489978 -0.18996823636851518 0.51148992175215713
30 0.21441595155208898 0.12310028601436832 -0.21124070126722588
33 0.22488134717665345 -0.43239095508552339 -0.09851913752828539
22 0.18361485108415848 0.15567385360972369 0.40055556622010630
4 0.07829363556934263 -0.84062991273928722 0.37799996301576300
3 0.06780427735769164 0.60609248690185213 -0.32158751488573828
5 0.08753494566932279 0.08869058423971923 -0.59178731506837634
10 0.12379310734714832 -0.27991419860367095 0.22195288677323788
8 0.11072392126966094 0.43551403360751151 0.30931529786473994