11 0.11627785072659431 0.88372214927340575 0.00000000000000000
5 0.07839451096739129 0.90097559930641924 0.19390628372869273
6 0.08587688408285268 0.89152420399339127 -0.20200412062139855
21 0.16066093884086763 0.73985356059044216 -0.39636696187893705
19 0.15281903523220675 0.75898115532543209 0.37638171173127055
8 0.09916208428480260 0.71810883823217131 -0.13745545113496821
13 0.12640735069418518 0.59199104514544931 -0.64242565281030839
27 0.18217238124646867 0.30603741010423990 -0.75840827897166352
12 0.12144825416431244 0.62610778945534540 0.61631339924933903
10 0.11086658062569110 0.04325070032658633 -0.88808086026527477
4 0.07011818223437588 0.51636881290707515 0.77333268653797338
30 0.19202655050512832 0.39239416958384565 -0.39431028307465527
14 0.13117910725220694 -0.19521503637738807 -0.84660547674064035
34 0.20442787378132107 -0.46429587833300101 -0.64603741794039826
31 0.19520075811548959 0.25119383356342551 0.76459366837398868
28 0.18551527257606587 -0.73020205519077241 -0.36081897095636822
17 0.14455233581431975 0.64376426328363634 0.10223795362921177
7 0.09275763628803294 0.00105075405835193 0.90724175522822270
16 0.14023636446875176 -0.85759616210781042 -0.06101091476009337
1 0.03505909111718794 0.77647081465829559 0.57289094216916203
2 0.04958104214240130 -0.37392200267896925 -0.87377258561233939
24 0.17175376816570537 -0.01607637294172690 -0.61175757147407139
32 0.19832416856960519 -0.75750985066271936 0.26241753914050686
26 0.17876698973536878 -0.54346648599780156 -0.04803886635744382
35 0.20741238017224289 0.39901094543326443 0.39009741931352560
25 0.17529545558593970 -0.23958151382725029 0.78913768368355464
23 0.16813749435850286 -0.58873169734915831 0.58769908697268602
36 0.21035454670312764 -0.35321997111484527 0.29140455115885622
18 0.14874312642720386 -0.01899736720194094 0.55176953735664580
22 0.16444171350114392 -0.31847634779552936 -0.30721381053417374
33 0.20139914525337105 0.31663890879257112 -0.01032949149602733
29 0.18879898365440240 -0.10799021767510752 -0.02353339324410885
3 0.06072412708215622 -0.00527091428698472 0.76078655767587255
15 0.13578327603003729 0.09049102276060417 0.23976872694187817
9 0.10517727335156382 0.09728444008824541 -0.35909153136376470