4 0.16574233083392498 0.83425766916607491 0.00000000000000000
13 0.29879623616831635 0.58247980969304414 0.39038953586344333
9 0.24861349625088752 0.15699497953140407 0.73480218727100222
7 0.21925649455137908 0.69362394083317802 -0.35839398711927734
15 0.32095864354069575 0.23159557297483774 -0.63832644811299222
11 0.27485256162754090 -0.35620329488037006 0.63163123742774741
5 0.18530555924695785 -0.72954108236866055 0.36262493147917341
14 0.31007550823294289 -0.39522258975165386 -0.56550411925115796
12 0.28707413796924780 0.02290066153023484 0.21685201187086664
1 0.08287116541696249 -0.12532045577420653 0.90852632465338368
6 0.20299206966133765 -0.79676170024510573 -0.01980994813840709
3 0.14353706898462390 0.50938648559611788 -0.04586282094392775
2 0.11719752606233258 -0.78815672004712378 -0.39767976140988837