16 0.26603965673439217 0.73396034326560788 0.00000000000000000
6 0.16291535258611281 0.71898032508516108 0.42869336252905521
17 0.27422740132974094 0.52697340090344624 -0.49904398575760495
14 0.24885731169876055 0.37300576673524694 0.65198315635502690
13 0.23980490591567238 0.08165643128198852 -0.75579680357895762
4 0.13301982836719609 0.45832201579434501 0.28856885673681004
19 0.28990999466986639 -0.16436093911556443 0.69080626615774032
7 0.17596869265004794 -0.33410941952257633 -0.75325858194856177
11 0.22058843018573149 0.10541765451612931 0.26626835657092474
15 0.25759178999075971 -0.62684878460483107 0.39778204022877950
2 0.09405922267071504 -0.59490208099704900 -0.68324242114594280
9 0.19952974255079414 -0.80007200144888324 -0.02524728813905042
10 0.21032281580250817 0.08268125528457222 -0.30567024849143182
8 0.18811844534143007 -0.48663652796944018 -0.42266075188964536
3 0.11519855057303771 -0.17433885886347830 -0.50984179642872751
12 0.23039710114607542 -0.37021903630159708 -0.01727738944217334
5 0.14872068929220267 0.32058642321076353 -0.03388431576101041
1 0.06650991418359804 -0.90766232835189009 0.21806613219007423