5 0.19675075992355742 0.80324924007644261 0.00000000000000000
3 0.15240248330751829 0.77293749111402510 0.34783499699371567
2 0.12443610654548354 0.81460423783773006 -0.32098608570784298
12 0.30480496661503659 0.38024161492494341 0.58199007613737841
4 0.17597922952552628 0.61646273236222893 -0.54679422983590475
8 0.24887221309096708 -0.15168535241691367 0.73565243568482697
1 0.08798961476276314 0.14185435775079644 0.90091080799804035
9 0.26396884428828943 0.20651251519299235 -0.70646616567743736
14 0.32922699203648614 -0.57626065850635122 0.34330756133567275
11 0.29182853761600169 0.34393880897920481 -0.16656427549003036
10 0.27824759309110775 -0.33173691886354051 -0.64099699963549273
6 0.21552965883283157 -0.76645152434466512 -0.16716990459012920
7 0.23279863861864883 -0.02583930053541762 0.22968917284712081