20 0.18045897527601190 0.81954102472398804 0.00000000000000000
16 0.16140741434684661 0.76751031956454030 0.33788375822814964
11 0.13383195794247932 0.80722974059148755 -0.31404971419563271
19 0.17588965196902537 0.56048000908464579 0.60416887138300124
26 0.20575488884828169 0.56804654869884919 -0.55511117363977758
28 0.21352193906185751 0.20347681060741216 0.75970055145567428
5 0.09022948763800595 0.59646087398321712 0.15332152588670811
23 0.19352069145525114 0.23289283039055633 -0.77212033043010331
21 0.18491542349288143 -0.19367014438816355 0.79174158791392080
3 0.06989146059176500 0.02192532744616695 -0.92985008205435915
15 0.15628205692993424 0.54358423643425202 -0.19298283283219736
27 0.20967438177529502 -0.20299316013481800 -0.76381173057288287
17 0.16637495452747098 -0.51685460355188817 0.65405812832369614
14 0.15098281104274019 -0.54543395361489744 -0.65063967707857251
31 0.22466961237422792 -0.70910656801643879 0.31353641761664247
18 0.17119841582766310 -0.73228029256893146 -0.38817217705772711
7 0.10676096953092876 0.49951789716071227 0.32817069250479897
29 0.21730138183780373 0.29618017637941552 0.08693825745917579
10 0.12760376514364355 0.28806025344929082 0.42922757636283315
24 0.19768290292587753 0.20363062590443515 -0.38201268420238954
13 0.14549067716690434 -0.85408098289309142 -0.02705286434088911
30 0.22101620446587714 -0.05484887314856886 0.41028498326711321
2 0.05706613860922104 0.46861314240965363 0.81824567809324511
32 0.22826455443688415 -0.33502329790559449 -0.34624909506668133
1 0.04035185358671165 0.93044954635186561 -0.19093643437898805
9 0.12105556076013495 -0.60602447404999094 -0.12459703573841838
6 0.09884145146293877 -0.40192998392267987 0.41503496248081878
12 0.13978292118353000 -0.43549796650082601 0.07277931513918857
4 0.08070370717342330 0.02882424881141436 -0.58893999629039484
22 0.18926697000119991 -0.10663891858092005 0.00328366331237768