20 0.16098426423011533 0.83901573576988464 0.00000000000000000
11 0.11938912568295898 0.83479583239172650 0.28034163120526356
15 0.13941646243282640 0.80708309491881369 -0.29869868266850474
35 0.21296216407379806 0.59714913527062563 0.51268066613140706
28 0.19047915020179040 0.59371130017694429 -0.55030073441729821
26 0.18355030190284369 0.28985536944932422 0.76326533677636210
21 0.16495978296602226 0.31648157319307091 -0.77274289248972816
17 0.14842015809941334 -0.03030067084538630 0.85104059625716322
19 0.15690805162013202 0.00239497386196690 -0.84308854666823851
1 0.03599717581263257 0.95018906929457914 0.16261050899103030
29 0.19385072434242231 -0.34915396521410680 0.72661417768889125
16 0.14398870325053029 -0.29585408001973734 -0.80325942478030310
9 0.10799152743789772 -0.63418511677154377 0.62728649976548845
36 0.21598305487579544 -0.55517317296855606 -0.55359309809454438
24 0.17634942584441238 -0.73930146893481719 0.36308897854059202
3 0.06234893743646910 -0.81720565503512099 -0.45974387707193820
4 0.07199435162526514 -0.90986681182048201 0.18258386610827199
13 0.12978966316433882 0.60815507627746701 0.17678470734518084
22 0.16884172074070661 -0.79890895313764565 -0.22927836744398822
8 0.10181538848270746 0.62042641736348658 -0.14588477420418672
7 0.09523957510089520 -0.90462880793002109 0.01543199036799032
30 0.19716465199058220 0.20515095097523267 0.39209281946259422
6 0.08817471292220619 0.05323290774602464 0.62968279937291216
34 0.20989780051374934 0.21836605160672012 -0.41095351686333925
33 0.20678803155411130 0.34189854912476469 -0.01300024736673153
27 0.18704681230940731 -0.37627573269590786 0.34668346932735988
12 0.12469787487293819 -0.11974211925309033 0.50560871396722828
10 0.11383306490144152 -0.08364748301854430 0.27670198605372531
2 0.05090769424135373 0.53445869122620304 -0.78430230920419819
18 0.15272308272406115 -0.12482388001420366 -0.56080003720725213
23 0.17263639051245344 -0.46154661035334943 -0.17642053797553076
32 0.20363077696541493 -0.05837793492569561 -0.10367733765302811
5 0.08049213211505767 0.09660351289022458 0.13653315236884636
14 0.13468909878233692 -0.67712701923510166 0.04875062200726808