34 0.19419992323728458 0.80580007676271548 0.00000000000000000
35 0.19703510858308629 0.70799293977448885 0.37881210920145220
13 0.12008292874825319 0.82203647228554400 -0.31386317164106670
11 0.11046022867437526 0.59226910611646488 0.66370046761325130
15 0.12898975709226229 0.69338598231380077 -0.52713823877700405
10 0.10531969564053008 0.41804475146027154 0.79100659465346657
2 0.04710039976436270 0.93019696149816744 0.20676378055359215
26 0.16982290644526168 0.44861161041494863 -0.69852818816701945
1 0.03330501206997813 0.92145544164518378 0.29226540806517665
36 0.19983007241986878 0.50720045574794370 -0.25709512598921602
20 0.14894454195984416 0.16751191595264187 0.83440706533071418
16 0.13322004827991252 0.18439703398648502 -0.84693873365247874
18 0.14130119929308807 -0.09003426295733039 -0.85396572637853529
14 0.12461594442822892 -0.35082616053684124 -0.80200888388612024
19 0.14517318192643705 0.48732617542730167 0.11725390687165857
39 0.20798973371364790 0.32070894913878045 0.49737109652326977
28 0.17623355869833329 0.19357972013553809 -0.46461835081897035
27 0.17305791915569047 -0.15374610931070753 0.81252405437804531
7 0.08811677934916665 0.31635864703183297 -0.04147324980393131
33 0.19132272827969454 -0.56958044750434578 -0.57405317142033618
8 0.09420079952872540 0.21970456531317484 -0.19544882324549923
22 0.15621435349413496 0.18869670978391703 0.15793423081866123
21 0.15262273883209265 -0.78896650303828797 -0.30916028177623195
9 0.09991503620993439 0.03887700369219058 0.62137150727857560
37 0.20258647949039288 -0.18100248080669140 -0.52232809437576955
12 0.11537194610379362 -0.88271813370465557 -0.05809896874437093
17 0.13732008262699091 -0.00385594957477879 0.37948769741948285
32 0.18840159905745080 -0.47911735593084864 0.65508665354923501
6 0.08158028544868136 0.04926036227756066 -0.67997387708275103
38 0.20530588277322392 -0.75837757795772220 0.23749145080575818
4 0.06661002413995626 -0.72508309045200880 0.58776811667236362
29 0.17935297890043608 -0.47004187571334660 -0.21699217856435635
5 0.07447227097992208 -0.69782165595519641 -0.10115845406378388
31 0.18543445930684793 -0.04119040269390082 -0.09480244401293532
25 0.16652506034989065 -0.30577910467454783 0.34536615986264907
3 0.05768597305189681 -0.80054091352486445 0.49708145324073988