4 0.14738891646330909 0.85261108353669091 0.00000000000000000
10 0.23304233894417287 0.68638667508041740 0.34219495338808631
7 0.19497720948459474 0.73761226725134210 -0.32247455163089167
1 0.07369445823165455 0.66196129935798143 0.64795771070575336
6 0.18051381953840112 0.52320005681729853 -0.63072918159374525
17 0.30385003531178056 0.24707181728787603 0.65083046213086515
11 0.24441686708291602 0.11444766545120544 -0.74686518369888211
14 0.27573941400677393 0.27259217946395936 -0.24946456885230311
2 0.10421970230294345 0.60673855142058541 -0.05341905079909268
5 0.16478581817099852 0.31971557138586065 0.18785913671201770
13 0.26570914787176969 -0.32241799815087713 0.65971940246409577
15 0.28541740943897614 -0.12826982423155714 0.14322695702130220
16 0.29477783292661819 -0.39880483658356669 -0.58162961345621966
3 0.12764254589348814 -0.69349216478688791 0.52922220769199668
8 0.20843940460588689 -0.75773334053796515 -0.22892872431798267
9 0.22108337469496364 -0.63297935961179941 0.18578667065468757