9 0.30409554961256058 0.69590445038743942 0.00000000000000000
1 0.10136518320418686 0.81004592767204409 0.38906314271539760
7 0.26818706635877981 0.49742876409625297 -0.53676325739961306
5 0.22665944019628176 0.53128343755802820 0.56195509643925534
6 0.24829297653399335 0.02756925025371113 -0.75120129497264032
8 0.28670403367958908 0.04038326765817209 0.71215189900906473
3 0.17556964742817904 -0.39538292159700206 -0.72343469059142840
4 0.20273036640837372 -0.44633138099850739 0.66062634445145407
10 0.32054485436547514 -0.61885283240376354 -0.28050038637241254
2 0.14335201683979454 -0.72530834032924074 0.45582187145999253
12 0.35113929485635809 0.04976398038528344 -0.10878967980282457