15 0.27042821543473056 0.72957178456526939 0.00000000000000000
18 0.29623926755893731 0.48414846628032793 0.51076357654436089
10 0.22080371328884402 0.61550696810176264 -0.47780542634280498
3 0.12093917454920307 0.23666312203955714 0.84660409962905692
8 0.19749284503929157 0.29482715461695064 -0.74638775623907649
6 0.17103382086969002 -0.05466184364757236 0.82716202100371705
11 0.23158088820616488 -0.13412448107762570 -0.75662312609758631
2 0.09874642251964579 -0.46406548897059441 -0.77259383434481266
14 0.26125847684429082 -0.42503322215501516 0.60422330151934944
13 0.25175496766257588 -0.59860088244858534 -0.44894054389129046
1 0.06982426498155353 0.87841262747377957 0.30597083833548255
17 0.28789281975006159 -0.70031560285171124 0.12905306104840214
4 0.13964852996310706 0.33241807886129193 0.10213653196423536
9 0.20947279494466059 -0.00658768231289596 0.38860498034445223
5 0.15613180297771181 0.35546550435889934 -0.20493399039245822
16 0.27929705992621412 -0.10767745427684243 -0.24643018939486372