16 0.15206470378770401 0.84793529621229591 0.00000000000000000
1 0.03801617594692600 0.94834854183205120 0.16139368310066465
32 0.21505196645481836 0.70781522937016184 0.33932435285153473
7 0.10058134735324162 0.86334308683375216 -0.25217578619938597
6 0.09312023304183580 0.64210995192586262 0.64041058810411655
10 0.12021770392199457 0.75816810074019347 -0.44631605338850971
3 0.06584594824955370 0.54001069848810757 0.76225470672220941
34 0.22167049317250051 0.33575714649981958 0.56801473243445633
8 0.10752598322740918 0.62855752515666397 -0.63358133509687009
4 0.07603235189385200 0.32354741090437839 0.86546709217848361
9 0.11404852784077799 0.44917317742414048 -0.76364485705319474
18 0.16128897484111374 0.60672026080721686 -0.20001458597996988
15 0.14723601632893538 0.09492526328329257 0.84746422121358089
30 0.20822317116216688 0.12739431795915696 -0.78146096155612044
17 0.15674470891124137 -0.20755640361708716 0.81731256277309716
22 0.17831167078968210 0.39648290519627116 -0.46671451627349320
21 0.17421200390954789 -0.25502032550488812 -0.78542373790614795
23 0.18231917500207045 -0.50050971545441725 0.64660030645293776
28 0.20116269470648324 -0.56130139412659863 -0.56840283714997786
20 0.17001350732383796 0.35863610307328636 0.17699950307513190
27 0.19753784474866112 -0.72633163208960094 0.34115666611790030
12 0.13169189649910740 -0.01679781596472996 0.59188892092431522
25 0.19008087973463000 -0.77361255413241881 -0.23977614030621561
14 0.14224350554871351 0.07708860716049015 0.31203819987468917
31 0.21166510964837043 0.01712980029581672 -0.37630925601053161
24 0.18624046608367159 -0.25023567581253314 0.37604695844448360
33 0.21838630430892855 -0.36746396025840566 -0.19631627221349976
11 0.12608539158008744 -0.87234551719318865 0.05234540517253952
2 0.05376299161370459 0.44508443844372192 0.83502354379686961
5 0.08500675366191898 0.61694603912950075 0.05335577803412395
19 0.16570866917251212 0.07083009138663061 0.00414962766740405