4 0.16574233083392498 0.83425766916607491 0.00000000000000000
13 0.29879623616831635 0.58247980969304414 0.39038953586344333
9 0.24861349625088752 0.65260220276310488 -0.37241380608814489
7 0.21925649455137908 0.21116643193450058 0.75164430372633884
15 0.32095864354069575 0.16080552484670396 -0.65972626669010848
11 0.27485256162754090 0.23061267618449652 -0.06266947085544994
5 0.18530555924695785 -0.19138834043386899 0.79189490144834340
14 0.31007550823294289 -0.45437595630148825 -0.51917077602185979
12 0.28707413796924780 -0.53657187477156909 0.46941869152859128
1 0.08287116541696249 0.50668786698998236 0.76445582257497546
6 0.20299206966133765 -0.04801094521160820 0.43103762889438196
8 0.23439505212466516 -0.76238044245292347 -0.07019257208906531
3 0.14353706898462390 -0.17606506511837708 -0.16097052747528873
2 0.11719752606233258 -0.11712110637944158 0.11839540072767452