11 0.14259729117482753 0.85740270882517255 0.00000000000000000
10 0.13596118246295871 0.81881456964375032 0.27587275825990576
14 0.16087144057108560 0.78561850769543762 -0.29485640507819855
13 0.15501959901168541 0.66417626349560621 0.52236172243320800
1 0.04299470099526911 0.94270413612364368 -0.16482734620962905
22 0.20166302313710632 0.55459798179153363 -0.57424995186707850
3 0.07446900658003827 0.56801379505635485 0.73073110540514041
24 0.21063015816388281 0.18972882444939171 -0.76622954809471333
20 0.19227814819539921 0.30190525803591456 0.74917808634057181
18 0.18241106777305674 -0.20245840505708479 -0.79212515193101551
19 0.18740955674612569 -0.52837489320116804 -0.61735176415248216
7 0.11375328652706332 0.02806393025543850 0.88580226515865257
12 0.14893801316007654 -0.76321968299820520 -0.37656635660669041
27 0.22340701974011484 -0.26997122130698947 0.72815671160468132
28 0.22750657305412664 -0.77249339089131230 -0.00023601657031245
25 0.21497350497634557 -0.62648475836000705 0.47305754980945747
21 0.19702647179281391 0.53392699151822420 0.10347831021550329
29 0.23153355069299403 0.20085066811170421 -0.32420573649219336
26 0.21923081935596436 0.05081166950890563 0.42315409922333791
23 0.20619534236851639 -0.41198998164391226 -0.24134728416739301
6 0.10531507908194140 -0.04304353853146161 -0.55259804299626114
15 0.16651776092984474 -0.41157640447715116 0.15785922272939698
17 0.17727169354534331 -0.00275822968885535 0.03028706238136340
4 0.08598940199053823 -0.86345285321811893 0.29977415422798420
9 0.12898410298580734 0.39212315149560617 0.44084358335118462
2 0.06080368925768560 0.45974481831157055 -0.81897766278918438
5 0.09613907409769960 0.52919245231172873 -0.27753350778401192