11 0.11627785072659431 0.88372214927340575 0.00000000000000000
5 0.07839451096739129 0.90097559930641924 0.19390628372869273
6 0.08587688408285268 0.89152420399339127 -0.20200412062139855
21 0.16066093884086763 0.74913004928533522 0.37854224182413893
19 0.15281903523220675 0.74990714470428876 -0.39415081046009537
8 0.09916208428480260 0.71802246376456735 -0.13768797994010584
13 0.12640735069418518 0.66455293828550011 0.10421594860472747
27 0.18217238124646867 0.51864519316586011 0.63233628521698737
12 0.12144825416431244 0.61142040340607329 -0.63088688400511950
10 0.11086658062569110 0.30660233884796984 0.83459765352006909
4 0.07011818223437588 0.49801416506398299 -0.78527834963579968
30 0.19202655050512832 0.00488290832072309 0.80795869467131376
14 0.13117910725220694 -0.31832243964593399 0.80840619003872849
34 0.20442787378132107 0.22435056270306619 -0.76328358624493364
31 0.19520075811548959 0.40206744312022080 -0.40534538788310559
28 0.18551527257606587 0.41763570817328172 0.27879520597009977
17 0.14455233581431975 0.20584748592798324 0.53796131456703311
7 0.09275763628803294 -0.53027668032801945 0.73613541472610367
16 0.14023636446875176 0.48556326133748834 -0.08046616178850845
1 0.03505909111718794 0.76001643340446234 -0.58175676090553208
2 0.04958104214240130 0.74609326609983451 0.58876228966842437
24 0.17175376816570537 -0.14827787463044051 -0.81486532165922232
32 0.19832416856960519 -0.64913904688480550 0.47042814170614944
26 0.17876698973536878 -0.81091041822105725 0.12979965627403608
35 0.20741238017224289 -0.47980306885938262 -0.63085984990118671
25 0.17529545558593970 -0.79374452179481070 -0.22384641989080398
23 0.16813749435850286 -0.21918822002978150 0.52598304208360636
36 0.21035454670312764 0.02443246825495948 0.23292445348144289
18 0.14874312642720386 0.06105208298553104 -0.45013288464867074
22 0.16444171350114392 0.18343353319516523 -0.11978992773323616
33 0.20139914525337105 -0.43078871787634138 0.13561198105150452
29 0.18879898365440240 -0.24635669350431827 -0.31072513660231216
3 0.06072412708215622 0.59834889491901322 -0.24371551176579825
9 0.10517727335156382 -0.53120416687176719 -0.32252526116152758