10 0.13155726113925645 0.86844273886074352 0.00000000000000000
22 0.19513095220548055 0.74574967817592097 0.30277318507121259
19 0.18133917012349754 0.76371999499771959 -0.29485135850927813
12 0.14411375905913706 0.60085617351077647 0.60951875786219123
14 0.15566065058918235 0.60297358507487409 -0.59104297023603658
31 0.23163046037003374 0.24443198226322349 0.72845367421548324
1 0.04160205879336083 0.94579364925346177 0.15492251850826666
29 0.22403394291834727 0.25128134759708659 -0.73415325790507713
27 0.21617063858870561 -0.20244321912776936 0.75723524141420118
7 0.11006870159552060 -0.52627158070108848 0.71764611001959744
26 0.21212970959298119 -0.18370682166430599 -0.76615363875663933
23 0.19951646499590897 -0.66734341623815507 0.44207087058098971
5 0.09302503146589770 -0.87557257476697892 0.23659302581301711
21 0.19064458348657923 -0.54841474462886486 -0.59522891236336106
3 0.07205687952956853 -0.92457823421208329 0.07895266714727019
15 0.16112408087462832 -0.82820433104921043 -0.13338063472546127
25 0.20801029396680412 -0.51606086813003815 0.06366414507446734
24 0.20380763258600015 0.50155909928347286 -0.01269940583899703
2 0.05883419576821377 0.05669242686863653 -0.93945677909684022
11 0.13797841952388337 0.42416106477631532 0.38962142780329384
4 0.08320411758672167 -0.78970017956163496 -0.46571269728263082
13 0.14999835614433002 0.40958347882644064 -0.35434126934958970
20 0.18605006293179541 -0.24451507323343424 -0.37264444218178361
18 0.17650258730464127 -0.29658599789816253 0.37938702546226893
8 0.11766839153642754 -0.59822119074395963 -0.29096552565223971
28 0.22013740319104119 0.08554078067555990 0.27307424562238086
6 0.10190381629300008 0.00790397181743203 -0.51735179149323984
9 0.12480617638008248 0.13584220173768541 -0.33019081772279407
16 0.16640823517344333 -0.15406685405167181 -0.03198923298913194