34 0.19419992323728458 0.80580007676271548 0.00000000000000000
35 0.19703510858308629 0.70799293977448885 0.37881210920145220
13 0.12008292874825319 0.82203647228554400 -0.31386317164106670
11 0.11046022867437526 0.59226910611646488 0.66370046761325130
15 0.12898975709226229 0.69338598231380077 -0.52713823877700405
10 0.10531969564053008 0.41804475146027154 0.79100659465346657
2 0.04710039976436270 0.93019696149816744 0.20676378055359215
26 0.16982290644526168 0.14418644740805409 0.81755995195877662
1 0.03330501206997813 0.95064179812792859 -0.17544050655741891
36 0.19983007241986878 -0.22222228751419912 0.76869315590523446
20 0.14894454195984416 0.47870539035478432 -0.70365939338945316
16 0.13322004827991252 -0.54219064809701201 0.67626680076728529
18 0.14130119929308807 0.21771095750655220 -0.83064166119757632
14 0.12461594442822892 -0.72343752270269435 0.49288476898263961
19 0.14517318192643705 -0.06795702400464369 -0.85212131283415515
39 0.20798973371364790 -0.77478811457688201 0.16426697602798476
28 0.17623355869833329 -0.36803258259607469 -0.73698247466440869
27 0.17305791915569047 -0.79821764996391265 -0.21605968702468589
7 0.08811677934916665 -0.62271633555295702 -0.66614966301877954
33 0.19132272827969454 -0.47564655351192331 -0.38553282341860468
8 0.09420079952872540 -0.76721347179755817 -0.48151394607709708
22 0.15621435349413496 0.35789518587782931 0.53648333713656127
21 0.15262273883209265 0.55094847703789562 -0.28420377240485406
9 0.09991503620993439 -0.50378886862788941 0.44631621704614555
37 0.20258647949039288 0.05593923566815361 -0.52718055062073410
12 0.11537194610379362 0.01630580590158873 0.56264301362714630
17 0.13732008262699091 -0.51121481564266091 -0.05882041794607514
32 0.18840159905745080 0.43763278734588662 0.10409981683804190
6 0.08158028544868136 0.42255605508006644 -0.48007730958143019
38 0.20530588277322392 -0.21679518432941602 0.34241994878923521
4 0.06661002413995626 -0.37942023452952373 0.56034505858576533
29 0.17935297890043608 0.19338289666223529 -0.17082821103472318
5 0.07447227097992208 -0.51376686206486766 0.27221460144220860
31 0.18543445930684793 -0.19688475791580928 -0.13208097451204906
23 0.15972522676951170 0.14600581357870496 0.30213165209066217
3 0.05768597305189681 -0.94134531445273950 -0.04271679226046121