11 0.14259729117482753 0.85740270882517255 0.00000000000000000
10 0.13596118246295871 0.81881456964375032 0.27587275825990576
14 0.16087144057108560 0.78561850769543762 -0.29485640507819855
13 0.15501959901168541 0.66417626349560621 0.52236172243320800
1 0.04299470099526911 0.94270413612364368 -0.16482734620962905
22 0.20166302313710632 0.55459798179153363 -0.57424995186707850
3 0.07446900658003827 0.56801379505635485 0.73073110540514041
24 0.21063015816388281 0.18972882444939171 -0.76622954809471333
20 0.19227814819539921 -0.21297262183232962 -0.77913878881269727
18 0.18241106777305674 0.31233811118594501 0.75557697582760519
19 0.18740955674612569 -0.54782793517701101 -0.60015646452172811
7 0.11375328652706332 -0.78399030419631421 -0.41327042002513609
12 0.14893801316007654 -0.56756283267376462 -0.26438835763454882
27 0.22340701974011484 -0.09318749256268824 0.77098167826402286
28 0.22750657305412664 -0.77070460142900543 0.05254057489918944
25 0.21497350497634557 -0.49926092223652568 0.60580948277214808
21 0.19702647179281391 0.53392699151822420 0.10347831021550329
29 0.23153355069299403 -0.20077168203159354 -0.36549653095101875
26 0.21923081935596436 0.21153469697558455 0.36679055993824328
23 0.20619534236851639 -0.36525958331478542 0.20652657662541532
30 0.23549167588298711 0.27200531344700252 -0.24071492421141180
6 0.10531507908194140 -0.77621043909755549 0.44492523186950506
15 0.16651776092984474 -0.02249537367317703 0.06014435789971660
4 0.08598940199053823 -0.88212881728789105 -0.23929923314519916
2 0.06080368925768560 0.45974481831157055 -0.81897766278918438
8 0.12160737851537121 -0.12373368392220438 0.42815659205988832
5 0.09613907409769960 -0.39069922852426497 -0.09473564110456015