4 0.16574233083392498 0.83425766916607491 0.00000000000000000
13 0.29879623616831635 0.58247980969304414 0.39038953586344333
9 0.24861349625088752 0.15699497953140407 0.73480218727100222
7 0.21925649455137908 0.69362394083317802 -0.35839398711927734
15 0.32095864354069575 0.23159557297483774 -0.63832644811299222
11 0.27485256162754090 -0.35620329488037006 0.63163123742774741
5 0.18530555924695785 -0.72954108236866055 0.36262493147917341
14 0.31007550823294289 -0.39522258975165386 -0.56550411925115796
12 0.28707413796924780 -0.39250825245411897 0.03163935792366353
1 0.08287116541696249 0.50668786698998236 0.76445582257497546
6 0.20299206966133765 0.38454232483604739 -0.07070942960479601
8 0.23439505212466516 0.06533377029902510 0.26057072424274996
3 0.14353706898462390 -0.85446708423991424 0.05843589781964500
2 0.11719752606233258 -0.78815672004712378 -0.39767976140988837