16 0.15206470378770401 0.84793529621229591 0.00000000000000000
1 0.03801617594692600 0.94834854183205120 0.16139368310066465
32 0.21505196645481836 0.70781522937016184 0.33932435285153473
7 0.10058134735324162 0.86334308683375216 -0.25217578619938597
6 0.09312023304183580 0.64210995192586262 0.64041058810411655
10 0.12021770392199457 0.75816810074019347 -0.44631605338850971
3 0.06584594824955370 0.54001069848810757 0.76225470672220941
34 0.22167049317250051 0.46580825658096137 -0.62355391851815334
8 0.10752598322740918 0.37350369190745730 0.81055836479904497
4 0.07603235189385200 0.30307927859371253 -0.87284544200787428
9 0.11404852784077799 0.11308870890678228 -0.87870413390338042
18 0.16128897484111374 0.10554867817566756 0.83204306394467320
15 0.14723601632893538 0.42064172199360861 0.56019526340919545
30 0.20822317116216688 -0.18982224079173515 -0.76868593299558952
17 0.15674470891124137 -0.53544566119503556 -0.65144257602385669
22 0.17831167078968210 -0.23124599657117234 0.78847764675369780
21 0.17421200390954789 -0.54236339251915910 0.62271001673507143
23 0.18231917500207045 -0.72798276020214314 -0.37234799907850114
28 0.20116269470648324 -0.79882444007747500 0.00453368101169547
20 0.17001350732383796 0.59860436215830692 -0.20388344561679433
27 0.19753784474866112 -0.48852008749642489 0.25488009886319679
12 0.13169189649910740 -0.80008106901765941 0.33738590012754799
25 0.19008087973463000 -0.35600370406990128 -0.35464538438846283
14 0.14224350554871351 0.10467100322833509 -0.57868429955181055
31 0.21166510964837043 -0.00011992075991353 0.47437157173935296
24 0.18624046608367159 0.39474671201233835 0.08827909826178429
33 0.21838630430892855 0.13156148573787771 -0.21905843603757011
11 0.12608539158008744 -0.47985925119899930 -0.06862722563892672
2 0.05376299161370459 -0.44297447493241310 -0.83614477849126045
26 0.19384522298555232 -0.13783964851223221 0.09296377624914287
5 0.08500675366191898 -0.29880593634982394 0.53397372302602997