5 0.19675075992355742 0.80324924007644261 0.00000000000000000
3 0.15240248330751829 0.77293749111402510 0.34783499699371567
2 0.12443610654548354 0.81460423783773006 -0.32098608570784298
12 0.30480496661503659 0.38024161492494341 0.58199007613737841
4 0.17597922952552628 0.61646273236222893 -0.54679422983590475
8 0.24887221309096708 -0.15168535241691367 0.73565243568482697
1 0.08798961476276314 0.48223504593689925 -0.77408804618777682
9 0.26396884428828943 0.13389493298775390 -0.72374996310778572
14 0.32922699203648614 -0.42332727573123607 -0.52031763936502318
11 0.29182853761600169 -0.58025182903838224 0.40597368761128216
10 0.27824759309110775 0.36035203051318221 -0.17165516924264729
6 0.21552965883283157 -0.78221407158447132 -0.05945470869642864
7 0.23279863861864883 -0.07636886835329566 0.25990645660044037