16 0.26603965673439217 0.73396034326560788 0.00000000000000000
6 0.16291535258611281 0.71898032508516108 0.42869336252905521
17 0.27422740132974094 0.52697340090344624 -0.49904398575760495
14 0.24885731169876055 0.37300576673524694 0.65198315635502690
13 0.23980490591567238 0.08165643128198852 -0.75579680357895762
4 0.13301982836719609 0.05616782070245376 0.86515882583603287
19 0.28990999466986639 -0.41633429738656086 -0.57523349041010119
7 0.17596869265004794 -0.77552595532439061 -0.27854458908954338
11 0.22058843018573149 -0.27092401367204777 0.73080953330958287
15 0.25759178999075971 -0.72662917083207579 0.15224978944160950
2 0.09405922267071504 -0.75355981955485363 0.50286806458597622
9 0.19952974255079414 -0.29817231830539670 0.31157593618491858
10 0.21032281580250817 0.30092392263746326 0.19849600411855592
8 0.18811844534143007 -0.35957178193837391 -0.10058708907577316
3 0.11519855057303771 -0.59747735248096057 0.65260586741186699
12 0.23039710114607542 0.06964328860347520 -0.28574828284106446
5 0.14872068929220267 0.00963313375686829 0.49064935185537806
1 0.06650991418359804 0.88527419812930641 -0.29613060369375327