20 0.16098426423011533 0.83901573576988464 0.00000000000000000
11 0.11938912568295898 0.83479583239172650 0.28034163120526356
15 0.13941646243282640 0.80708309491881369 -0.29869868266850474
35 0.21296216407379806 0.59714913527062563 0.51268066613140706
28 0.19047915020179040 0.59371130017694429 -0.55030073441729821
26 0.18355030190284369 0.28985536944932422 0.76326533677636210
21 0.16495978296602226 0.31648157319307091 -0.77274289248972816
17 0.14842015809941334 -0.03030067084538630 0.85104059625716322
19 0.15690805162013202 0.00239497386196690 -0.84308854666823851
1 0.03599717581263257 0.95018906929457914 0.16261050899103030
29 0.19385072434242231 -0.34915396521410680 0.72661417768889125
16 0.14398870325053029 -0.64476367167798565 0.56305874280312140
9 0.10799152743789772 -0.26233520891405904 -0.85256046899125670
36 0.21598305487579544 -0.48428901848338002 -0.61656039186627487
24 0.17634942584441238 -0.77759623785747523 0.27155912648395730
3 0.06234893743646910 -0.75573404987728909 -0.55502753173386776
4 0.07199435162526514 -0.92521966097319619 0.07185445263903775
13 0.12978966316433882 -0.78955159283018839 -0.36588838816631969
22 0.16884172074070661 -0.73935049353074922 -0.07150674287882820
8 0.10181538848270746 -0.16809832037479661 -0.64848676075931122
7 0.09523957510089520 0.64935619437759673 0.17227859472491214
30 0.19716465199058220 0.50976381944292748 -0.14093907118001958
6 0.08817471292220619 -0.57521066698626711 -0.32631015233944771
34 0.20989780051374934 -0.39513298726369295 0.32549225002237947
33 0.20678803155411130 -0.01756517153122186 0.50175803561078058
27 0.18704681230940731 0.08495859233276304 -0.50919006310505011
12 0.12469787487293819 0.43402168906664523 0.21703943389801417
10 0.11383306490144152 0.28841317410186451 0.40597108714701324
2 0.05090769424135373 0.55132295013567933 0.77254074941322992
18 0.15272308272406115 -0.42477002681425768 -0.13816297130325270
23 0.17263639051245344 -0.10625399750531428 -0.20454313323440942
32 0.20363077696541493 0.12172424346877117 0.11569838056308304
5 0.08049213211505767 0.34444392405970392 -0.44404062410273448