9 0.30409554961256058 0.69590445038743942 0.00000000000000000
1 0.10136518320418686 0.81004592767204409 0.38906314271539760
7 0.26818706635877981 0.49742876409625297 -0.53676325739961306
5 0.22665944019628176 0.06147443453294441 -0.77089332292891410
6 0.24829297653399335 -0.39496534879960415 -0.63958253757879491
8 0.28670403367958908 -0.68713430422176658 -0.19140946562444991
3 0.17556964742817904 0.59814775316582580 0.56736643505266604
4 0.20273036640837372 -0.74064866720748224 0.29509052917893863
10 0.32054485436547514 0.11277207063112793 0.67003115973423300
2 0.14335201683979454 -0.60008784090069889 0.61134307083305139
12 0.35113929485635809 -0.00930233895389992 -0.18068920485217088