25 0.18495349702420022 0.81504650297579972 0.00000000000000000
19 0.16123872055658789 0.76558345434075237 0.34264042133588196
17 0.15251656081162782 0.77826414636710783 -0.33545953284715008
34 0.21569098878630499 0.51428756261000086 -0.59215616860391518
11 0.12268427065867722 0.64178982618555891 0.59815441815170689
16 0.14796279761936018 0.23096825719177311 -0.82013478063695255
10 0.11697486236192944 0.45967473861065866 0.75394464543755180
2 0.05231274877999117 0.92394522965318515 0.21079928540215490
26 0.18861629808672437 -0.10524883541335198 -0.80452855410769875
23 0.17740116227511690 -0.45198474980651182 -0.68729806763053936
32 0.20925099511996467 -0.69141760972068445 -0.38369998395478377
20 0.16542743680896671 -0.83374719336239467 -0.03710769181155062
18 0.15693824633997347 -0.79420640780509610 0.28282380077646374
6 0.09060833877053148 0.28367635750104359 0.86401441984994221
29 0.19920101262623582 0.00084564346468223 0.80079854087403091
4 0.07398139880968009 -0.25754042511296232 0.88948489542156450
22 0.17350175945535290 -0.61029252963341951 0.55735300294969170
9 0.11097209821452012 -0.43052649783137509 0.77782873745969527
35 0.21883992891168919 0.33874919402909509 0.44065789706508041
3 0.06406977077669078 -0.25775566549571655 0.75143389362968116
14 0.13840652367005418 -0.29841349363687192 0.55308170477427865
31 0.20595549790242607 0.46471721720875064 -0.17343365834950936
13 0.13337186341942603 -0.56843065203038612 0.10032649139116581
12 0.12813954155338156 0.10985718382977749 -0.57201261394125991
27 0.19220931233007235 -0.18044046198483801 -0.43654798749238022
1 0.03699069940484005 0.94622115614618152 -0.17903194322288546
33 0.21249539007036061 -0.23947805108611661 0.20716442177437983
5 0.08271371840448336 -0.55687633597732122 0.31610294157218843
24 0.18121667754106296 0.17017180082838773 0.07785360978591072
8 0.10462549755998234 0.57315020655654170 0.15919226075105680
21 0.16951268003203743 -0.39629379926034103 -0.14628924680496841
15 0.14326436275951010 0.14014529400886694 -0.30230404963886226
7 0.09786819144755171 -0.06585960312103015 0.51131534259307210