3 0.16358117047981013 0.83641882952018987 0.00000000000000000
2 0.13356346640092046 0.81419364428073016 0.29631229533728931
9 0.28333089843261738 0.47410566168164869 0.53743690113612919
4 0.18888726562174490 0.73723013176668872 -0.33822418702074009
1 0.09444363281087245 0.27962188198622595 0.86130362664466420
12 0.32716234095962027 -0.12367497908846929 0.66137358200218810
13 0.34052136074069383 0.27637462878029057 -0.59877302895660112
6 0.23133870984141286 -0.63404113148423680 0.43454806704719368
11 0.31323409387176221 -0.67818366960573040 -0.10823271270852013
7 0.24987436533106858 -0.30782936822548540 -0.68405376093211101
10 0.29865699018296732 0.18291304820789314 0.03353535881506212