15 0.27042821543473056 0.72957178456526939 0.00000000000000000
18 0.29623926755893731 0.48414846628032793 0.51076357654436089
10 0.22080371328884402 0.61550696810176264 -0.47780542634280498
3 0.12093917454920307 0.23666312203955714 0.84660409962905692
8 0.19749284503929157 0.29482715461695064 -0.74638775623907649
6 0.17103382086969002 -0.05466184364757236 0.82716202100371705
11 0.23158088820616488 -0.41467912182516919 0.64692283720110932
2 0.09874642251964579 0.04170201120192019 -0.90028826116019744
14 0.26125847684429082 -0.69751891206461281 0.24332366376210954
13 0.25175496766257588 -0.24961077524151998 -0.70538293805631580
1 0.06982426498155353 0.87841262747377957 0.30597083833548255
17 0.28789281975006159 -0.63320269134765039 -0.32580820713053021
4 0.13964852996310706 0.04889365969726407 0.53424602477614525
9 0.20947279494466059 0.20480446940316152 -0.34950370733505870
5 0.15613180297771181 -0.28198305618897185 0.28262503996687116
7 0.18473764061906664 0.28062251781464292 0.07497007670571562
12 0.24187834909840614 -0.15633778087919797 -0.09503267006694452