12 0.13560855471538327 0.86439144528461687 0.00000000000000000
26 0.19961038777910012 0.73775855232190235 0.31038016983533839
29 0.21081206544531908 0.47788513478521927 0.62804728643470487
1 0.03914681778467131 0.94857022080832931 0.15314494431407499
14 0.14647397993270894 0.80756738678733198 -0.27629980588011543
24 0.19177945725230897 0.11393364437352646 0.80014971748988262
15 0.15161497333704835 0.65876354575816243 -0.53459119357321128
27 0.20341283207307495 0.35258302724269919 -0.71430828429062276
13 0.14114585879387803 -0.21757426186975087 0.83083805668658339
20 0.17506989133864559 -0.00938907504121036 -0.82487667529510400
7 0.10357274447780078 -0.28696324465415463 -0.84925492089279186
16 0.15658727113868526 -0.48993940701593069 -0.68651613867276851
17 0.16140646463300778 -0.48296245877678867 0.68555552727083269
23 0.18774154276910568 -0.69932586612266368 -0.41316719898232340
2 0.05536196063483047 0.75734319387717441 0.56459924911709913
6 0.09588972862615448 -0.88247656274596875 -0.19659730162885988
31 0.21796025697969346 -0.69016608091893905 0.36777294681944683
11 0.12983530632816653 -0.86968911423168116 0.02876523422309540
9 0.11744045335401396 -0.66496919241725361 -0.10992526631206787
18 0.16608588190449136 -0.20109828772889610 -0.54268021998818428
19 0.17063702268458308 0.56635755574014346 -0.07044256071460994
28 0.20714548895560156 -0.17353534760950831 0.48534212769764745
21 0.17939325571489978 0.33370816044698259 -0.33196780742350041
30 0.21441595155208898 0.33080862980617665 0.23415963307240434
33 0.22488134717665345 -0.36928737707674225 0.06257539802142911
22 0.18361485108415848 -0.01857739162135824 -0.24439055349452182
4 0.07829363556934263 0.59102420993674365 -0.31814808909352621
3 0.06780427735769164 -0.67941305977753641 0.08221079662899339
5 0.08753494566932279 -0.42419262734087509 -0.42204672624651518
10 0.12379310734714832 0.08860220050551808 -0.53250891101174158
8 0.11072392126966094 0.14398355748656130 0.50026549405880605