11 0.11627785072659431 0.88372214927340575 0.00000000000000000
5 0.07839451096739129 0.90097559930641924 0.19390628372869273
6 0.08587688408285268 0.89152420399339127 -0.20200412062139855
21 0.16066093884086763 0.73985356059044216 -0.39636696187893705
19 0.15281903523220675 0.75898115532543209 0.37638171173127055
8 0.09916208428480260 0.66333485084724209 0.60950457425811666
13 0.12640735069418518 0.59199104514544931 -0.64242565281030839
27 0.18217238124646867 0.30603741010423990 -0.75840827897166352
12 0.12144825416431244 0.48170382742140055 0.73472075835551842
10 0.11086658062569110 0.04325070032658633 -0.88808086026527477
4 0.07011818223437588 0.34125731308234813 0.86499921461173446
30 0.19202655050512832 0.08646884427046368 0.80333320238813255
14 0.13117910725220694 -0.23503828058936524 0.83642498189178149
34 0.20442787378132107 -0.49433176571548587 0.62335472519322388
31 0.19520075811548959 -0.74261166597721551 0.31020917667346259
28 0.18551527257606587 -0.23290683136281548 -0.78047407331145424
17 0.14455233581431975 -0.85538587850949244 -0.01028129404696734
7 0.09275763628803294 -0.50957321192506444 -0.75061564612126941
16 0.14023636446875176 -0.80892769501138773 -0.29125503124490820
1 0.03505909111718794 0.76299966213535131 -0.59071352889275119
2 0.04958104214240130 -0.93667886182140891 0.16102454866284815
24 0.17175376816570537 -0.57128586917333790 -0.49340399976472077
32 0.19832416856960519 0.41093003808333917 0.42287869402831590
26 0.17876698973536878 0.60160227899010810 -0.08637034603705443
35 0.20741238017224289 -0.51609523305178728 -0.10388161030923020
25 0.17529545558593970 0.40439992706580308 -0.41473973280162546
23 0.16813749435850286 0.02949269976722042 -0.54337332336912758
36 0.21035454670312764 -0.11519314193277071 0.45513356035631414
18 0.14874312642720386 -0.26041579303498497 -0.41544211673568504
22 0.16444171350114392 0.30003078653012560 0.07747973456331449
33 0.20139914525337105 0.03420283015947483 -0.17386670274194041
3 0.06072412708215622 -0.74955864193931832 0.56603975809095086
15 0.13578327603003729 -0.42012213487264144 0.29133581436714573
9 0.10517727335156382 -0.27700367734737996 0.09748253615428451