1 0.791320334429500 0.000000000000000
2 0.681258199215925 0.402585565666097
3 0.681258199215925 -0.402585565666097
4 0.381688152287893 0.693182534463088
5 0.381688152287893 -0.693182534463088
6 -0.024057386912345 0.790954558629360
7 -0.423110800923761 0.668704061467605
8 -0.704466043523548 0.360437879812728
9 -0.789857569377551 -0.048092533501614
10 -0.024057386912345 -0.790954558629360
11 -0.423110800923761 -0.668704061467605
12 -0.704466043523548 -0.360437879812728
13 0.094142325980356 0.390682602126603
14 0.393712372908388 0.100085633329611
15 0.276576667989370 -0.300498986848931
16 -0.131575177604543 -0.387682025501785
17 -0.403616316483510 -0.071165943686189