1 0.763932022500210 0.000000000000000
2 0.618033988749895 0.449027976579585
3 0.618033988749895 -0.449027976579585
4 0.236067977499790 0.726542528005361
5 0.236067977499790 -0.726542528005361
6 -0.236067977499789 0.726542528005361
7 -0.618033988749895 0.449027976579586
8 -0.763932022500210 0.000000000000000
9 -0.618033988749895 -0.449027976579585
10 -0.236067977499790 -0.726542528005361
11 -0.302113370897208 0.098162584699820
12 0.302113370897208 0.098162584699820
13 -0.042248844822586 -0.296023650589258