1 0.783335257075578 0.000000000000000
2 0.663479523780078 0.416424118540488
3 0.340589842680189 0.705416674059201
4 0.663479523780078 -0.416424118540488
5 0.340589842680189 -0.705416674059201
6 -0.086525059941918 0.778541931420337
7 -0.487162092675998 0.613422546404355
8 -0.738720759987242 0.260587343786171
9 -0.764220616363752 -0.171991204723578
10 -0.555858351645976 -0.551938056201128
11 -0.177395712297601 -0.762984197894090
12 0.043354492983404 -0.390098437674665
13 -0.335108146364971 -0.179052295981703
14 -0.255884028777446 0.246973504291593
15 0.366244174083293 -0.101105882155952
16 0.195413877097142 0.297129541855584