1 0.858314478254597 0.000000000000000
2 0.811537247808503 0.279483521877161
3 0.811537247808503 -0.279483521877161
4 0.592886033146785 0.099231491053584
5 0.546108802700691 0.378715012930745
6 0.546108802700691 -0.180252030823577
7 0.592886033146785 -0.459735552700738
8 0.472756540814377 -0.716383274999274
9 0.213723787670820 -0.831279667840553
10 -0.068604405829330 -0.855568336886228
11 0.051525086503078 -0.598920614587692
12 -0.230803106997072 -0.623209283633367
13 -0.505223334028080 -0.693868234130236
14 -0.703625893678619 -0.491542821457526
15 -0.825334720646531 -0.235640281948510
16 -0.857083810476248 0.045946549391403
17 -0.795412579596026 0.322525304126446
18 -0.429205666647612 -0.420883870960657
19 -0.597347916249860 -0.067351347938985
20 0.310557839646635 -0.484024221746414
21 -0.535676685369638 0.209227406796058
22 -0.567425775199355 0.490814238135972
23 -0.307689880972967 0.377516340805584
24 -0.339438970802684 0.659103172145497
25 -0.128751895675847 0.848602788671671
26 0.154586157343692 0.844278901512511
27 0.421074646505130 0.747930401609695
28 0.204390153392051 0.565318850131164
29 -0.078489037731686 0.548630185767332
30 0.276560299086675 0.291292175591102
31 -0.110673614664665 -0.366561561334831
32 -0.328236799774919 -0.156111447525903
33 0.263780609200541 -0.204540699869253
34 -0.006318892037062 0.274603511227270
35 -0.001548888522276 -0.105044941531391