1 0.850683223364884 0.000000000000000
2 0.798265356943324 0.293997221787241
3 0.798265356943324 -0.293997221787241
4 0.569865227444306 0.101603406960370
5 0.517447361022746 0.395600628747611
6 0.493038725022533 0.693234997776817
7 0.247484118403995 0.523279314414303
8 0.223075482403781 0.820913683443509
9 -0.022479124214757 0.650958000080993
10 -0.279172753438577 0.803569860218757
11 -0.539685315848588 0.657572586390186
12 -0.733688625416088 0.430537974456981
13 -0.837274277021661 0.150445111427140
14 -0.837676675435688 -0.148188170733977
15 -0.282991686624768 0.504960726252423
16 -0.578851467461621 0.000779983097591
17 -0.579253865875649 -0.297853299063525
18 -0.607867234617895 -0.595112906592070
19 -0.336126178608060 -0.471263007046435
20 -0.364739547350306 -0.768522614574980
21 -0.092998491340471 -0.644672715029344
22 0.132659261449810 -0.840275827848249
23 0.414885402605435 -0.742652037780410
24 0.641531481347568 -0.548194962492265
25 0.189227649815155 -0.547048924961505
26 0.499756718110286 -0.285360574240238
27 -0.378111997027922 0.221881010116469
28 0.271892754404208 0.225644945385097
29 0.001929511785456 0.353323631051788
30 -0.307512809865813 -0.174003399517889
31 -0.064385122598224 -0.347413107500799
32 0.207513888833794 -0.223910367769667
33 -0.115917656067785 0.078926028715735