1 0.852044095520924 0.000000000000000
2 0.800659549145216 0.291416243669856
3 0.800659549145216 -0.291416243669856
4 0.652703644666140 -0.547683387507424
5 0.652703644666140 0.547683387507424
6 0.426022047760462 -0.737891831865655
7 0.426022047760462 0.737891831865655
8 0.147955904479077 -0.839099631177280
9 0.147955904479077 0.839099631177280
10 0.199340450854785 0.547683387507424
11 -0.147955904479076 -0.839099631177280
12 -0.426022047760461 -0.737891831865655
13 -0.652703644666139 -0.547683387507425
14 -0.800659549145215 -0.291416243669857
15 -0.852044095520924 0.000000000000000
16 -0.573977952239538 -0.101207799311626
17 -0.800659549145216 0.291416243669855
18 -0.652703644666140 0.547683387507423
19 -0.147955904479076 0.839099631177280
20 -0.426022047760461 0.737891831865655
21 -0.374637501384754 0.446475588195799
22 0.573977952239538 0.101207799311625
23 0.374637501384754 -0.446475588195798
24 -0.199340450854784 -0.547683387507424
25 0.522593405863831 -0.190208444358231
26 -0.426022047760462 -0.357474943149194
27 0.426022047760463 0.357474943149193
28 0.096571358103369 -0.547683387507424
29 -0.522593405863830 0.190208444358231
30 -0.096571358103369 0.547683387507424
31 0.226681596905679 -0.190208444358230
32 -0.051384546375706 -0.291416243669857
33 -0.278066143281385 -0.101207799311628
34 -0.226681596905681 0.190208444358229
35 0.051384546375702 0.291416243669860
36 0.278066143281386 0.101207799311636
37 0.000000000000000 0.000000000000000