1 0.848735971753245 0.000000000000000
2 0.794818600502513 0.297684635215108
3 0.794818600502513 -0.297684635215108
4 0.639916869011325 0.557547442378374
5 0.639916869011325 -0.557547442378374
6 0.403711560095896 0.746571983128795
7 0.403711560095896 -0.746571983128795
8 0.358114160325059 -0.447499914724072
9 0.116213347878776 0.840742057662593
10 0.116213347878776 -0.840742057662593
11 -0.186050158682889 0.828093043203477
12 -0.186050158682889 -0.828093043203477
13 -0.464675370625697 0.710232039323625
14 -0.464675370625697 -0.710232039323625
15 0.563974829715292 0.102148504399143
16 0.358114160325059 0.447499914724072
17 -0.223292141178805 0.527866029586256
18 -0.501917353121613 0.410005025706404
19 -0.788674248613521 0.313601146875809
20 -0.848564488268823 0.017060451254160
21 -0.800641772972619 -0.281647831731732
22 -0.528892982944229 -0.414598273941780
23 -0.561807592776915 0.113464330084755
24 -0.223292141178805 -0.527866029586256
25 0.513015891816246 -0.187637107560806
26 0.078971365382860 0.540515044045372
27 0.078971365382860 -0.540515044045372
28 -0.398869940453625 -0.141436722131817
29 -0.260534123674721 0.227639015969036
30 0.266849285518451 0.159066304351988
31 0.210517233568527 -0.183419676580875
32 -0.082073748152961 -0.260320537310757
33 -0.015444685821723 0.050285153821513