1 0.838650890935310 0.000000000000000
2 0.776566571280119 0.316669665798334
3 0.776566571280119 -0.316669665798334
4 0.599505667766248 0.586453980447515
5 0.599505667766248 -0.586453980447515
6 0.333683393066832 0.769409325429576
7 0.333683393066832 -0.769409325429576
8 0.533364755918429 0.104568234901098
9 0.308150553903929 0.447722810157086
10 0.042328279204513 0.630678155139147
11 -0.227875275629017 0.807098615798335
12 -0.515761653723992 0.661305703449231
13 -0.245558098890462 0.484885242790043
14 -0.533444476985438 0.339092330440938
15 -0.817690991367490 0.186324339534694
16 -0.827513287548600 -0.136224358310464
17 -0.714815951261929 -0.438604004414110
18 -0.496284679800442 -0.676044993666813
19 -0.204274689044108 -0.813392382729592
20 0.050287584118067 -0.615068937150449
21 -0.543266773166547 0.016543632595780
22 0.454396049494419 -0.298222582662887
23 -0.399920386938637 -0.368070866433500
24 0.131730541538426 -0.302817140245287
25 0.020264175808954 0.301929897807982
26 -0.238245402082676 -0.088794409753562
27 0.226168183205592 0.005753227450998