1 0.841055458439660 0.000000000000000
2 0.780980068551113 0.312160882714420
3 0.780980068551113 -0.312160882714420
4 0.609336097440978 0.579727353612494
5 0.609336097440978 -0.579727353612494
6 0.350644112410704 0.764475631137355
7 0.350644112410704 -0.764475631137355
8 0.041860111321757 0.840013104214022
9 0.130834741244154 0.534829578450459
10 0.041860111321757 -0.840013104214022
11 -0.272903905670298 0.795548705260114
12 -0.272903905670298 -0.795548705260114
13 -0.548681650423738 0.637434491269047
14 -0.746076302259502 0.388258207096688
15 -0.836888625201051 0.083616464767659
16 -0.548681650423738 -0.637434491269047
17 -0.746076302259502 -0.388258207096688
18 -0.587085814515388 -0.112984717682623
19 0.319993403283894 -0.448067661583283
20 0.540678508996924 0.104053627571473
21 -0.077014598116180 -0.545187269824712
22 -0.273861852031345 0.477661065509721
23 -0.496273491573839 0.191657024646406
24 -0.389691162679624 -0.362161001854982
25 0.254212053699982 0.241859429905452
26 0.325821082911244 -0.130232000718320
27 -0.277852165134521 -0.039309625162167
28 0.029655998683958 -0.245729671915410
29 -0.063665774797336 0.239184487450698