1 0.856360781926710 0.000000000000000
2 0.808174957904536 0.283208450153114
3 0.808174957904536 -0.283208450153114
4 0.669040138733143 0.534545677735835
5 0.520943124315452 0.288382775991094
6 0.669040138733143 -0.534545677735835
7 0.454614037968416 0.725727128681420
8 0.454614037968416 -0.725727128681420
9 0.587002157516608 -0.099874077371067
10 0.396259095099534 -0.444437952711931
11 0.181832994334806 -0.635619403657517
12 0.306517023550725 0.479564226936680
13 0.167382204379332 0.730901454519401
14 -0.093475221160131 0.851243896807014
15 -0.369731781657319 0.772432649785488
16 -0.604380106601587 0.606694713646312
17 -0.771013748777023 0.372681617495320
18 -0.850880379661588 0.096728322269528
19 -0.834992106530002 -0.190110417533380
20 -0.343522681062124 0.486352271358698
21 -0.571964500295743 0.165538438621716
22 -0.067266120564936 0.565163518380225
23 -0.556076227164157 -0.121300301181193
24 -0.635942858048722 -0.397253596406985
25 -0.537099103315195 -0.666992010476992
26 -0.286295539023885 -0.807086521481526
27 -0.003273342695969 -0.856354525911857
28 -0.101346268734585 -0.587262347892087
29 -0.352149833025895 -0.447167836887553
30 0.082121801545194 -0.366200440131752
31 0.308629708492094 -0.170850689708647
32 -0.287356530280189 0.204617886909151
33 -0.273124670817422 -0.170972392296682
34 0.071868698606456 0.313826290797504
35 0.291207960057466 0.115898996527110
36 0.002553435027966 -0.090160995623174