2 12 110 98.000000000000000 0.000000000000000 0
1 15 108 91.326530612244895 -26.162278309250819 0
1 15 108 91.326530612244895 26.162278309250819 0
2 12 110 95.061224489795919 23.819395426849606 110
1 15 108 78.614717174874443 -53.335975134185944 0
1 15 108 78.614717174874443 53.335975134185944 0
1 15 108 61.437512128429326 -28.740373356787195 0
1 15 108 61.437512128429326 28.740373356787195 0
1 15 108 48.725698691058874 55.914070181722302 0
1 15 108 94.946749803267011 -3.180361896988405 110
2 12 110 73.516839163138229 13.243977662217477 110
2 12 110 75.130451386662401 37.189671546339802 110
3 27 92 19.547385895052841 25.704368720462689 0
2 12 110 68.904728910162532 -10.308696050429175 110
1 15 108 21.126990970011875 67.674654016218824 0
3 27 92 -20.481006941933259 61.949751417958375 0
1 15 108 47.474818270033751 6.115643508776712 110
2 12 110 51.533668771040354 32.808821150460346 110
2 12 110 59.538132345840651 55.434659541107784 110
3 27 92 37.863191870676722 -63.500284524465918 0
1 15 108 32.232592664763494 -21.879420134326573 0
1 15 108 52.776812181424013 -0.017694574543672 0
3 27 92 -9.709934019218267 -19.682955847460406 0
1 15 108 -23.331986757967368 20.046626068068704 0
1 15 108 -50.561556522043340 32.638311041229365 0
3 27 92 -82.802566291989805 5.721452216057777 0
3 27 92 -68.798017901490383 -46.430945853236800 0
3 27 92 20.552629976142576 56.497958644025601 110
2 12 110 44.371150958604936 87.379637002042372 110
3 27 92 -29.097026427517129 77.732638274256260 110
1 15 108 -69.161190926799421 65.128562624909790 110
1 15 108 -86.021632590317964 40.314745769957995 110
1 15 108 -94.303739701893420 11.480621857614263 110
1 15 108 -16.923118772980416 37.535673557765385 110
3 27 92 -52.457176468274938 15.067423432105052 110
3 27 92 -75.905598742803534 -33.575885386635804 110
3 27 92 -39.184368540619126 -73.168198433970886 110
1 15 108 -33.957191625658538 -31.494746195168990 110
3 27 92 38.677726665187805 -34.952728498108939 110
1 15 108 17.830731122815514 1.508247583947748 110
2 12 110 -6.834464163490009 12.491331917977607 110
2 12 110 -20.476800819381875 -7.254215695783559 110
1 15 108 -4.086688677523018 -28.710315620450466 110
2 12 110 -4.310453487479377 -55.709388369525115 110
1 15 108 1.878600210759300 -81.990476899498873 110
2 12 110 -75.078308848512592 43.948874924721864 0
2 12 110 -59.480273237948069 62.188975941206422 0
2 12 110 6.794410217916660 92.990579666423571 110
2 12 110 -30.320282975904039 -52.792071146478008 0
1 15 108 -40.752602749225836 -77.695217617298908 0
2 12 110 -48.187668944804614 -13.321830554219186 0
2 12 110 98.000000000000000 0.000000000000000 220
1 15 108 91.326530612244895 26.162278309250819 220
1 15 108 78.614717174874443 53.335975134185944 220
1 15 108 61.437512128429326 28.740373356787195 220
1 15 108 48.725698691058874 55.914070181722302 220
3 27 92 61.323216806016539 -13.259471126011482 220
1 15 108 33.386965707669368 18.102382686703361 220
3 27 92 7.037176103381128 50.808476733680962 220
1 15 108 34.684529782955018 82.425305077405639 220
3 27 92 -43.064314978646841 70.953962365888302 220
3 27 92 -77.602152108114495 29.443267281146998 220
3 27 92 -79.292279040563443 -24.530276895164150 220
3 27 92 -31.704755185371866 0.992802333870372 220
3 27 92 -33.394882117820814 -52.980741842440779 220
2 12 110 -74.835190529645018 -63.274752140105058 220
2 12 110 -7.514602404454886 86.991977701095408 220
2 12 110 95.061224489795919 23.819395426849606 330
1 15 108 94.946749803267011 -3.180361896988405 330
2 12 110 73.516839163138229 13.243977662217477 330
2 12 110 75.130451386662401 37.189671546339802 330
2 12 110 68.904728910162532 -10.308696050429175 330
1 15 108 47.474818270033751 6.115643508776712 330
3 27 92 37.352923261796434 46.877724435076601 330
2 12 110 69.191228773277331 69.401540767075190 330
3 27 92 38.677726665187805 -34.952728498108939 330
1 15 108 17.830731122815514 1.508247583947748 330
3 27 92 -13.692926559380677 29.261788012795972 330
3 27 92 -59.480914987145681 57.888001799094333 330
3 27 92 -3.425850101938705 82.276758926841012 330
1 15 108 -90.337871249326000 29.395050912359363 330
3 27 92 -82.156855448085665 -11.800470451738658 330
2 12 110 34.402866325027382 91.762970683289765 330
2 12 110 98.000000000000000 0.000000000000000 440
1 15 108 91.326530612244895 26.162278309250819 440
1 15 108 78.614717174874443 53.335975134185944 440
1 15 108 61.437512128429326 28.740373356787195 440
1 15 108 48.725698691058874 55.914070181722302 440
3 27 92 61.323216806016539 -13.259471126011482 440
1 15 108 33.386965707669368 18.102382686703361 440
3 27 92 7.037176103381128 50.808476733680962 440
2 12 110 34.274621306213199 78.721226129301613 440
3 27 92 -43.064314978646841 70.953962365888302 440
3 27 92 -77.602152108114495 29.443267281146998 440
3 27 92 -79.292279040563443 -24.530276895164150 440
1 15 108 -46.291561195723247 1.449573407045948 440
1 15 108 -30.015584186980035 31.032406475284457 440
2 12 110 -19.692253352595081 6.083882661562795 440
2 12 110 -26.510449468868913 -16.927249464432848 440
3 27 92 -34.742965754910273 -55.048446659695017 440
2 12 110 -28.972997484151698 -93.619257723949815 440
2 12 110 -74.835190529645018 -63.274752140105058 440
2 12 110 -7.514602404454886 86.991977701095408 440
2 12 110 15.527222145884904 93.705718937645912 440