1 23 118 87.000000000000000 0.000000000000000 0
1 23 118 74.839080459770116 44.363408750185719 0
1 23 118 42.499701253751368 11.650039119875204 0
1 23 118 30.338781713521481 56.013447870060929 0
2 12 99 54.091269472283230 81.719854178019929 0
3 24 91 -3.110294627084819 22.995887512574008 0
3 24 91 54.369209124017900 -33.826490902958341 0
3 24 91 7.420695822225316 -23.834639285194761 0
2 12 99 -4.536321042608691 58.967632655981049 0
2 12 99 5.565829251755231 80.737946375128118 0
2 12 99 25.055921119217967 94.742814064537498 0
2 12 99 74.494187620617197 -63.675866784397080 0
2 12 99 90.039091503427017 -38.690593187976525 0
2 12 99 91.655172413793110 -34.689038179198036 118
3 24 91 63.874473663286537 -57.585168352954526 118
3 24 91 85.995666651812073 0.863317502670689 118
3 24 91 40.857733709935808 -15.463562472838460 118
3 24 91 49.287207357543558 31.790474116899421 118
2 12 99 -24.023859737913881 -6.306378515075010 0
3 24 91 -50.820956384535506 17.733496927855636 0
1 23 118 -39.268207658153436 63.291525823595606 0
2 12 99 -74.262080350341506 63.946410548516496 0
1 23 118 -85.947164002424230 -13.493887502880412 0
2 12 99 -51.273697092345870 -18.263656096397426 0
1 23 118 -60.725848372578767 -51.963164047932736 0
1 23 118 24.626172615138930 -83.441905672925415 118
2 12 99 26.541003930257943 -48.494324625953929 118
3 24 91 -4.694483659997182 -30.596159496560968 118
2 12 99 9.622246119680677 2.434602656554500 118
2 12 99 13.743301412236617 26.078140955119224 118
1 23 118 -21.365140856343231 -84.335821310927031 118
2 12 99 -33.892766812801774 -51.654655666246207 118
2 12 99 -40.640353172778859 -28.622719614002321 118
2 12 99 -31.411997527075187 -6.467867954006731 118
3 24 91 -22.186206969211796 28.329901925432935 118
2 12 99 7.174286617888104 49.161642522941001 118
3 24 91 30.983723947183599 76.163692335174716 118
2 12 99 66.716310749708001 71.783938871786617 118
1 23 118 -26.617830703549849 -82.828081522133303 0
2 12 99 -25.970264589715001 -47.834072633064686 0
1 23 118 19.338874285891929 -84.823392654116759 0
1 23 118 -68.859835789480712 -53.172577660348111 118
2 12 99 -62.516650465715024 -18.752176733741177 118
3 24 91 -68.756718313202740 16.702887125441901 118
2 12 99 -84.955445569812611 48.852556412480681 118
1 23 118 -53.224812471043336 63.623031122228078 118
2 12 99 -18.228223498826367 64.111662179061540 118
2 12 99 -97.899729700323093 -4.432033912739747 118
2 12 99 -51.343155691082174 -83.473830412179467 236
3 24 91 -15.361309554732504 -84.616961472057625 236
3 24 91 -46.209120006119349 -47.841798789136583 236
3 24 91 -84.032808456959586 -18.288988567877148 236
3 24 91 1.063010331289195 -39.514392628568984 236
3 24 91 31.910820782676041 -76.289555311490034 236
3 24 91 71.033533160032334 -48.479244701238770 236
2 12 99 -48.600441086317801 -11.921309044543754 236
3 24 91 -16.837385145170543 5.022960703059734 236
3 24 91 -15.361309554732504 -84.616961472057625 335
1 23 118 -58.000414656925699 -64.845600464678242 335
2 12 99 -26.175405149011070 -50.279586259647964 335
2 12 99 -2.189880918423174 -51.113029349415498 335
3 24 91 -82.386515701410218 -24.667023139837688 335
2 12 99 -47.060280337251072 -31.599345621952313 335
2 12 99 -23.626853063268790 -26.415284839613498 335
3 24 91 -44.096020127953921 4.278407393134597 335
2 12 99 -9.834649637306534 -6.774125895781415 335
2 12 99 2.227072352364312 -27.522977975930111 335
3 24 91 29.643102450772055 -67.925559492631294 335
3 24 91 72.485534027368359 -46.280096767046885 335
2 12 99 38.964136724359051 -33.153180798175882 335
2 12 99 54.664119500720822 -15.000755593208261 335
1 23 118 86.985782256828486 -1.572795335580022 335
3 24 91 74.111194532296608 43.629472206251698 335
2 12 99 55.170670971365738 13.014825919909885 335
3 24 91 26.850093498859483 35.239696934693555 335
3 24 91 22.396123547812884 83.032605945081002 335
1 23 118 -15.612939749235146 55.386428862507792 335
3 24 91 -62.465130164860398 59.110976252190653 335
1 23 118 -16.826733564872853 -85.357255330386423 453
1 23 118 -58.000414656925699 -64.845600464678242 453
3 24 91 -19.136885629397767 -38.414064158089971 453
3 24 91 -82.386515701410218 -24.667023139837688 453
1 23 118 22.134054014941551 -60.902050748118469 453
1 23 118 67.705174958050378 -54.635238481220057 453
1 23 118 39.492395862613989 -18.302896199003953 453
1 23 118 85.063516805722813 -12.036083932105537 453
1 23 118 -43.522986673882286 1.764513166750579 453
1 23 118 2.002765508540175 8.352827687525695 453
1 23 118 43.832114727575430 27.491938009376991 453