3 25 96 85.000000000000000 0.000000000000000 0
2 18 110 81.411764705882348 42.850024124544547 0
1 31 99 35.400700534880393 25.998259414225906 0
1 31 99 78.765804976062441 -6.078483895914989 110
2 18 110 81.411764705882348 42.850024124544525 110
3 25 96 85.000000000000000 -0.000000000000007 220
1 31 99 60.764705882352935 -50.484161070885811 220
1 31 99 29.070163243214417 2.802384762896953 220
1 31 99 32.938958609554014 35.681546660831913 110
1 31 99 19.687134467851003 -24.885681746264428 110
1 31 99 -26.139711898657424 16.874348810482466 110
3 25 96 -81.787078442938778 23.148948135251825 110
1 31 99 -66.030389211701504 -30.588624795335683 110
3 25 96 -10.747301102345769 70.717395621352935 110
2 18 110 29.953276040489161 84.590499824815936 110
2 18 110 -54.795160351464396 56.621867902477661 110
2 18 110 63.773347611691982 37.395577658139430 220
3 25 96 41.502732933366921 74.178994055336318 330
3 25 96 76.027034953394434 38.011708146245425 330
3 25 96 84.244404463596879 -11.308417951857717 330
1 31 99 22.952262046980529 64.499801928878227 220
1 31 99 -27.420317968528408 28.352835492105836 220
1 31 99 -78.737005253293248 -6.440807693362039 220
1 31 99 -22.946482722084333 -33.485540927296341 220
1 31 99 30.707208425821364 5.116217216473842 330
3 25 96 -2.411924169944342 50.272867403396361 330
1 31 99 -58.331275548496777 53.277221144550538 330
3 25 96 -84.906550612080551 3.984678551427358 330
3 25 96 -34.931658478486099 2.400331292901143 330
2 18 110 -74.374241074383377 42.364584311202591 220
2 18 110 -52.127355494201446 70.667871787789011 220
2 18 110 -23.503386246042314 87.744859977751432 330
2 18 110 12.333346780525016 91.169559378069351 440
3 25 96 49.315840538404338 69.231119245543582 440
2 18 110 -83.331008146776583 -38.986447404730988 330
1 31 99 -42.742877756019880 -66.438290173167019 330
3 25 96 10.307635073249870 -84.372700912064616 330
2 18 110 16.778274032015673 -41.862339452000519 330
3 25 96 54.899879805696088 -61.755634132271460 330
2 18 110 8.613828590591847 55.362225151199624 440
2 18 110 -20.536473396710779 76.487089506954931 440
2 18 110 82.134643953248826 41.447560394708937 440
2 18 110 49.508380954510656 26.231550315283762 440
2 18 110 14.090949262637126 19.781315253561335 440
3 25 96 -28.876664762519173 34.303666127839584 440
2 18 110 -55.532577444634107 68.044773387137766 440
3 25 96 -78.815421773909506 31.829691965219354 440
3 25 96 84.987499763221820 -1.457698184252031 440
1 31 99 34.143115926516543 -24.927862910256479 440
3 25 96 27.275049457399209 -80.505103422680151 440
1 31 99 -21.310111222304240 -52.657623074767201 440
3 25 96 -83.074735649231371 -17.988560165013922 440
2 18 110 -69.907890596910008 -58.923071171842395 440
2 18 110 -41.272919041808386 -7.908474435250668 440
2 18 110 66.707712147975130 -63.356776590850096 440