2 14 86 96.000000000000000 0.000000000000000 0
1 25 76 77.708333333333329 34.444374439893032 0
2 14 86 91.916666666666671 27.700656831362114 86
1 25 76 58.847691723208435 -11.861955559950676 0
1 25 76 28.175554392380761 27.625004206013173 0
1 25 76 84.341903837006654 -10.556668847184763 86
1 25 76 52.921871915727579 28.337824260012354 86
3 24 66 40.662799906836881 75.779526943209049 86
3 24 66 6.027377356219837 42.547200742050507 86
1 25 76 16.037601890271013 -5.419406442300982 86
3 24 66 -30.135334214275289 10.983641185670011 86
2 14 86 2.947474709906793 80.422181926062123 86
1 25 76 -40.145558748326465 58.950248370021498 86
2 14 86 -21.817079712991973 93.488047539762832 86
1 25 76 -79.991633775947065 28.746104533567035 86
1 25 76 -82.313804902210791 -21.199941568805759 86
2 14 86 48.859424341458180 60.688239436850040 0
1 25 76 17.062148504606640 83.269941085644760 0
1 25 76 -17.754594542204892 47.384088669792888 0
2 14 86 -21.829833382391385 86.170586686440842 0
2 14 86 -49.550288380949240 82.223895075365803 0
1 25 76 -67.753379726857929 47.732628565530234 0
3 24 66 -43.047754787374942 5.416767516160149 0
3 24 66 -83.565104385521465 -20.319284658592210 0
1 25 76 -40.401333110326163 -43.511715520893496 0
1 25 76 1.160801037876332 -15.716230185198778 0
1 25 76 4.451330375004545 -65.607836860886209 0
1 25 76 54.450189231188432 -65.270030585926435 0
2 14 86 -51.849912822177970 -80.793480803419683 0
2 14 86 -21.817079712991973 93.488047539762832 172
1 25 76 15.883004296010697 83.502875247100960 172
1 25 76 -24.925373401604581 54.612110118970890 172
1 25 76 -73.488826324948292 42.712906777478700 172
1 25 76 -84.788426963114517 -5.993550960874181 172
3 24 66 59.811825097136527 61.794381448069771 172
1 25 76 20.163431963574862 33.001935877633414 172
2 14 86 -15.318229611746432 16.813925133432363 172
1 25 76 -35.868982546016113 -16.332214216944575 172
2 14 86 -66.518102473196379 -40.449250678527534 172
2 14 86 -75.288579504845927 -59.561982809024187 86
2 14 86 -54.899679376723810 -78.752937750492379 86
1 25 76 -37.690297302858582 -43.755263990144726 86
2 14 86 -27.012601604739586 -81.265086897996099 86
1 25 76 11.879375895285854 -84.165791318911161 86
2 14 86 50.785854003571750 -81.466539346702916 86
2 14 86 72.132740244895629 -63.347200291428926 86
2 14 86 45.767489202582880 -53.919924042382931 86
2 14 86 19.484079119248705 -44.266823276759084 86
2 14 86 88.591466276592087 36.980428647643436 172
2 14 86 63.780856970568344 24.002229008870408 172
3 24 66 45.177289966599325 -9.132455156348897 172
3 24 66 7.584109738718180 -38.977937232436155 172
1 25 76 -11.113409143644057 -84.270351471949908 172
2 14 86 27.093060713552060 -92.097589877106898 172
1 25 76 54.975004830080337 -64.828611306526099 172
2 14 86 -50.042827415720822 -81.925059806144660 172
2 14 86 -42.561295256513986 -54.943090334833748 172
2 14 86 -91.738231743179256 -28.285983041689381 258
1 25 76 -84.407480031228829 10.018847976574321 258
2 14 86 -64.181014290487695 -23.326167897445384 258
2 14 86 -73.664297103843396 -49.671325841210162 258
1 25 76 -34.673433396976399 -48.827200617962561 258
1 25 76 -0.154760516612825 -84.999859112721452 258
3 24 66 -34.316998091542018 0.171502975837143 258
3 24 66 7.359058640324029 -23.642490710276974 258
1 25 76 42.072401044620563 -58.225490278302715 258
1 25 76 80.750561580701472 -26.539532859516182 258
3 24 66 83.029552635353454 22.407440486879992 258
2 14 86 52.266433449949474 0.099807309318768 258
3 24 66 58.087273903061664 63.418204094019345 258
1 25 76 24.630534574885512 27.618112005779238 258
1 25 76 10.630305190392416 75.618045101374037 258
3 24 66 -38.350891632885364 76.975379901385892 258
2 14 86 -15.468203783661210 46.637571859357394 258
2 14 86 -95.998049761487422 -0.611916653626771 344
2 14 86 -91.738231743179242 -28.285983041689388 344
1 25 76 -77.926307672490736 33.948351543665730 344
2 14 86 -79.674293316163102 -53.553776566830543 430
2 14 86 -68.181823635262475 -3.814659867610832 344
1 25 76 -45.278439691373890 -71.936519926353242 430
3 24 66 -84.524060930401717 -15.864524065780817 430
1 25 76 -78.435101853360720 32.755683434374099 430
3 24 66 -55.469490547864297 -39.625225172769603 344
2 14 86 -65.995010851521869 69.718423266074453 430
1 25 76 -31.840179326751532 50.891647559263838 430
1 25 76 -38.650338661971574 1.357601390705025 430
1 25 76 -8.249197952163883 -38.338376283896636 430
3 24 66 2.375408553433452 85.967188125495156 430
2 14 86 7.070821426692916 48.258394748490510 430
3 24 66 9.519811433876370 10.337392019861152 430
1 25 76 40.576105701876372 -27.563882184832686 430
3 24 66 39.203519543542342 -76.544653996207302 430
3 24 66 85.604429958090108 -8.239027342498851 430
3 24 66 76.686526286678188 38.925270533197541 430
2 14 86 -6.649780047098535 -77.305565845949431 430
2 14 86 75.522487759158324 -44.877182884193338 430
2 14 86 -56.502242357428116 -77.611188681674349 344
3 24 66 -19.092194416627017 -70.941232679798176 344
1 25 76 -9.409583583449404 -22.907421177344702 344
3 24 66 26.576536683223850 -56.163986666771436 344
1 25 76 73.625911844000655 -42.476171027288267 344
3 24 66 85.856097065010360 4.972986704538719 344
3 24 66 39.464359912116869 -7.348000428675993 344
1 25 76 51.694545133126567 40.101157303150984 344
3 24 66 26.162837092222663 81.923781378094475 344
1 25 76 1.698555000267163 39.467934881702185 344
3 24 66 -21.834310647937777 82.447048813745226 344
2 14 86 -42.702395272974222 50.689796979206434 344
2 14 86 -40.562115794967816 22.771716748717363 344
2 14 86 -59.206550467368089 75.568408622618193 344
2 14 86 52.196582606328690 9.869416415080313 430
2 14 86 38.941215656763404 34.533058624461560 430
3 24 66 -84.524060930401717 -15.864524065780817 516