1 11 99 99.000000000000000 0.000000000000000 0
1 11 99 96.555555555555557 21.863775779997951 0
2 20 68 68.974485784853954 7.711581946401326 0
3 30 101 67.916393942961207 -42.277221216448261 0
3 30 101 20.688969032788386 -5.269514770979526 0
3 30 101 78.208932898756387 16.833383939001120 101
3 30 101 44.508947099001105 66.475210628762369 101
3 30 101 18.367856995281137 12.469253474118826 101
3 30 101 67.916393942961207 -42.277221216448254 101
3 30 101 8.075318039485950 -46.641351681330548 101
2 20 68 44.005223094442485 38.961156674663243 0
2 20 68 0.388388246166656 89.999161965932998 101
1 11 99 4.154404908240268 59.228768427647140 101
2 20 68 -26.812025178175677 60.671060944133828 101
3 30 101 -70.892193421111784 37.071510785826831 101
1 11 99 -98.752793666559185 6.991834026204295 101
1 11 99 -79.193358732052673 -3.079337953401980 101
1 11 99 -97.858573197754140 -14.989985046683429 101
3 30 101 -67.290125142341878 -42.313417910867287 101
1 11 99 -55.908666860343018 -81.702025494470945 101
1 11 99 -36.484622453415255 -92.031909272989381 101
1 11 99 -30.525298396048477 -60.461352071951012 101
1 11 99 -18.734285083282483 -79.034774079168074 101
1 11 99 -28.689508706807452 -28.493417520246819 101
1 11 99 -30.525288356845877 29.894256747370122 101
1 11 99 -40.046600125263680 10.061339105011275 101
1 11 99 -25.780948087406465 -6.686531563667191 101
1 11 99 74.993851499593532 38.121567746993499 0
1 11 99 -54.483841788475999 74.644985428182949 101
1 11 99 80.392969443974621 57.775171691481489 202
3 30 101 78.208932898756387 16.833383939001109 202
3 30 101 67.916393942961193 -42.277221216448268 202
3 30 101 39.708508802193975 62.852046939840633 202
3 30 101 19.105389643553124 6.500370115323278 202
3 30 101 -19.395034453009288 52.519033116162802 202
3 30 101 -74.575224667050435 28.957483762560468 202
1 11 99 -57.959461997369580 66.439698623809534 202
1 11 99 -45.211882822593893 84.370098094619607 202
1 11 99 -25.031017145213227 93.129816155808541 202
2 20 68 -31.277429990961643 3.951464963334210 202
1 11 99 5.343898804804497 85.214371947033413 202
3 30 101 -67.406590547523706 -30.612732661927680 202
1 11 99 -68.368357155360883 -71.601450682769098 202
1 11 99 -47.042307351694781 -66.197785281251981 202
3 30 101 -10.104920115231977 -48.403701316529478 202
3 30 101 -4.984772630637721 48.960172569071204 0
2 20 68 29.724934520955003 84.949563081424600 0
2 20 68 -46.235447805532417 77.215823289154201 0
1 11 99 -45.892949423127021 46.217715365313907 0
1 11 99 -66.546348032546518 53.796443878753955 0
3 30 101 -46.053311365979432 5.218028975692775 0
3 30 101 -59.749356801644872 -53.197879297860482 0
1 11 99 -25.692783941285004 -30.369172698339788 0
1 11 99 -80.109884226339304 -17.610677623827918 0
1 11 99 -87.007484463563060 3.280064607300471 0
1 11 99 -82.113401310405791 24.728793009935025 0
1 11 99 55.513235816528237 67.745972866334725 0
1 11 99 76.854940666236274 62.404471756351732 0
1 11 99 97.043547070078930 -19.584431879872710 303
1 11 99 90.322262353868638 -40.532566206433593 303
1 11 99 98.972557856902597 2.330834885200403 303
1 11 99 75.541288223283232 -24.237695732846962 303
1 11 99 77.470299010106913 -2.322428967773853 303
1 11 99 84.191583726317191 18.625705358787023 303
3 30 101 53.677420034253785 -58.921571926443697 303
1 11 99 54.465184881817251 -17.929140594002050 303
1 11 99 90.322262353868624 -40.532566206433629 404
3 30 101 43.293838945133793 21.519573326263419 303
3 30 101 4.630139884925256 -24.361995685504581 303
1 11 99 79.799742885626500 40.182878968285124 303
1 11 99 2.591595493761218 16.587294134530804 303
1 11 99 5.901610781030049 38.336864217593295 303
3 30 101 -27.158222280777295 -75.249125991920280 303
1 11 99 6.408361311539505 -98.792372708123395 303
1 11 99 28.068052245462873 -94.937792491430756 303
1 11 99 12.437807792724026 -64.611720179487506 303
1 11 99 -34.965890188576068 -34.999401497937356 303
1 11 99 -34.764180351968591 -13.000326218693996 303
1 11 99 -23.219905973626052 5.727453390152972 303
1 11 99 -16.895015346593631 26.798660250607771 303
3 30 101 20.029669173377002 76.825797251160679 303
3 30 101 79.995437348560884 -0.854402371526263 404
3 30 101 58.090759741942257 55.004214680367362 404
3 30 101 20.668117158045064 8.104898885380706 404
3 30 101 -1.236560448573563 63.963515937274337 404
3 30 101 51.474693126132941 -53.642347482117970 404
1 11 99 -28.115116081477392 94.923865532989396 404
1 11 99 -40.249427670880607 76.572885116366550 404
1 11 99 -62.245592142110652 76.983675275203709 404
3 30 101 -54.678558944514734 36.688017834401464 404
3 30 101 -77.787794096859741 -18.683123120735292 404
1 11 99 -94.834936340779734 28.413638437205712 404
1 11 99 -79.000414375688649 -59.665186905510375 404
3 30 101 -38.207011028852499 -63.775934207685196 404
2 20 68 -72.255792772737408 -53.657249377723687 303
3 30 101 -74.699375110932294 -3.716996020772608 303
3 30 101 -58.878909811272152 54.159708081156424 303
2 20 68 -29.319082550596072 -6.403709411396916 404
2 20 68 -50.047893350640599 74.801125467220771 505
2 20 68 -77.518581025229778 45.726027553625123 505
2 20 68 -38.603463777241423 36.473263124800653 505
2 20 68 -66.074151451830602 7.398165211204990 505