2 17 53 93.000000000000000 0.000000000000000 0
3 12 54 93.612903225806448 28.993522546179108 0
2 17 53 76.719686689685730 52.565099393385125 54
1 22 89 86.734080939715795 14.872767178397883 54
2 17 53 89.849173296813916 -24.002626062143733 54
2 17 53 50.951424472050761 30.384101618640937 54
2 17 53 75.217384313136989 -54.693190591607049 54
2 17 53 55.954470265974635 -26.676407364197892 54
3 12 54 48.508042336159519 59.280985252313407 54
3 12 54 48.913285574761005 1.455811143133149 54
2 17 53 41.322681282297708 -57.366971893661187 54
3 12 54 47.552455529499255 -85.689929239759536 54
3 12 54 27.430781648276035 -31.910830698297961 54
1 22 89 14.957694518715542 -0.281380853914133 54
1 22 89 13.565105763712076 -84.762537252492820 54
2 17 53 36.341562257568270 85.605437050921537 54
2 17 53 2.831293746216435 -47.268734036853758 54
1 22 89 -24.600386238963367 -19.546848581663554 54
3 12 54 -16.171755021677441 13.391854729228838 54
1 22 89 14.300071316838842 43.713704459383692 54
3 12 54 84.970148073385985 48.826979595167060 143
2 17 53 63.316655423547274 68.117553875456963 143
3 12 54 63.021201010571289 39.119058971585602 143
2 17 53 90.733762970225797 20.405495761261982 143
2 17 53 58.201893001379723 10.522306178435432 143
2 17 53 35.569538804547676 48.468189526154561 143
2 17 53 32.426248419335309 82.322579574628804 143
2 17 53 2.663558562579681 80.937239634323277 54
1 22 89 -27.781794548806523 56.563473533800220 54
2 17 53 -65.656231686676961 65.865463185992979 54
2 17 53 -84.942645406992852 37.864851660370690 54
3 12 54 -44.789140192885256 86.004095031024704 54
3 12 54 -97.307129833887089 11.632819240882291 54
2 17 53 -91.474654121083148 -16.774613361511634 54
2 17 53 -68.375749826474390 8.174146535294964 54
1 22 89 -72.016112548054480 -50.573506240579668 54
3 12 54 -55.885502880248538 -80.503481712418704 54
3 12 54 -38.016788189653766 -50.787849825181837 54
3 12 54 -58.599710597364080 -19.332504997061392 54
2 17 53 -27.028659853157677 -77.625529226737626 54
1 22 89 86.072995531906216 -18.315005873994508 143
1 22 89 -0.951643685969536 62.150412645748084 143
2 17 53 -30.185263893868701 87.965048989115601 143
3 12 54 -2.355892479189091 96.121401523417532 143
2 17 53 -59.785438131541383 71.236938363602050 143
3 12 54 -82.388152824583770 53.067808265963187 143
2 17 53 -89.583836856135889 24.974710691682290 143
3 12 54 -63.686677915854780 38.026038548334213 143
3 12 54 -42.008523911952452 48.324467505369043 143
3 12 54 -97.960299868101856 -2.789202350415476 143
2 17 53 -68.969390722815135 -2.063125956548593 143
3 12 54 -87.485345006988652 -24.382611545298090 143
2 17 53 -60.494943101510017 -34.990071419402511 143
2 17 53 -42.054491406740993 18.711574878977107 143
3 12 54 -41.156207141304733 -10.274509461245007 143
2 17 53 -26.496321784255045 -35.296255230039002 143
3 12 54 -43.707211581950375 -58.636890876301656 143
3 12 54 -67.271921952375791 -63.187102427203996 143
1 22 89 9.545420940090832 19.420895514889793 143
2 17 53 3.393190696917381 -19.090791841482719 143
3 12 54 -0.353266114255385 -47.847774669345888 143
3 12 54 30.059530736781248 -7.693146958510042 143
1 22 89 35.480682318281190 -41.258175120726754 143
3 12 54 13.659723992704798 -67.332027497264036 143
2 17 53 54.817388472858809 -75.126918750975577 143
3 12 54 31.757213651288101 -92.711808207511737 143
3 12 54 78.600095643360717 -58.532255764275376 143
1 22 89 -17.680760795340898 -80.514364666760073 143
3 12 54 -51.563307626067186 -83.338018374926349 143
3 12 54 -51.563307626067186 -83.338018374926349 232
2 17 53 -23.344202803494412 -90.022487165537271 232
2 17 53 -70.139794737642788 -61.068888921948925 232
2 17 53 -87.402538532029254 -31.777291548480679 232
2 17 53 -92.983315099796940 1.761565511661605 232
2 17 53 -53.403899191986980 -31.473115570253949 232
2 17 53 -30.768241419052920 -56.842920401718665 232
2 17 53 1.678125592755084 -67.003297743877653 232
2 17 53 27.821409621584149 -88.741023020179483 232
2 17 53 57.858466302378147 -72.810698919434714 232
3 12 54 31.831765285245737 -60.019653842319286 232
2 17 53 52.120414331798685 -39.298391335758396 232
2 17 53 85.918208215753992 -35.595807295162508 232
2 17 53 92.970675320518183 -2.335279522196849 232
3 12 54 66.460751622934183 -14.092147538308723 232
2 17 53 87.596954349144198 31.237374869760544 232
3 12 54 66.681313682061429 9.906838948167609 232
2 17 53 53.925236178856373 35.950695934647669 232
1 22 89 33.724171410560615 -4.909755910914939 232
3 12 54 25.981057345128796 28.196802118721909 232
2 17 53 27.354850844570016 57.164244039279779 232
2 17 53 21.078170218868280 90.579858358381273 232
3 12 54 49.456106176553007 84.605517325133789 232
3 12 54 61.613993457328668 63.912867014746929 232
2 17 53 -4.722260351685794 68.436286325531213 232
3 12 54 -7.123696374679776 97.336686063726319 232
1 22 89 -54.409871463141158 7.513908165723500 232
2 17 53 -23.196487405422673 -15.868235783567490 232
3 12 54 4.919621659229346 -22.973474067016735 232
3 12 54 0.271829483774692 1.168140074818997 232
3 12 54 2.182741038741973 25.091944476065311 232
1 22 89 -38.191303448177834 48.415718046754549 232
3 12 54 -70.398225995163003 37.520116179372550 232
3 12 54 -69.570417899272798 61.505835550622990 232
3 12 54 -22.202948916155986 18.409510033105498 232
3 12 54 -30.585777733780013 81.554154621337148 232
3 12 54 -54.585221430600583 81.390746411200226 232
2 17 53 -89.980526614646692 23.505421292775395 321
2 17 53 -75.518670546825845 54.276425811211809 321
2 17 53 -56.101126967804596 26.366588811386627 321
3 12 54 -97.901540778425201 -4.391846218886396 321
3 12 54 -74.170901075303505 -0.806216667381626 321
3 12 54 -59.095238947937418 78.177699721123673 321
2 17 53 -40.027870132916192 56.327403465192582 321
1 22 89 -81.130270851750879 -34.086348462713666 321
1 22 89 -42.465622799248315 -13.085277276316777 321
1 22 89 -43.610485671394486 -57.070380311366961 321
3 12 54 -37.541311553468105 -90.524305724183506 321
1 22 89 -5.519781041328066 -79.095325732072013 321
1 22 89 38.480195405231370 -79.140852671519852 321
3 12 54 70.594098947488817 -67.974062654752061 321
3 12 54 55.218233626925567 -49.546291068260643 321
3 12 54 16.507029753711066 -53.195140284868202 321
2 17 53 83.133182412090108 -41.687815750386264 321
3 12 54 96.677582643613874 -16.045093149845208 321
3 12 54 72.719815068093823 -14.621937221157033 321
3 12 54 85.931188043644241 5.414520152862359 321
1 22 89 39.088561296447324 -19.615810442126268 321
3 12 54 61.042862590036044 6.345866212325941 321
2 17 53 74.466402900539094 32.052063238185291 321
3 12 54 -71.739742427384471 -66.763832697445793 410
3 12 54 -85.815733581247201 -47.325044848498571 410
1 22 89 -53.011667280531015 -38.386743324259371 410
2 17 53 -86.460369990278338 -18.332210494124872 410
2 17 53 -91.740258063274453 15.255328593111535 410
2 17 53 -60.012651926626873 3.034076249846434 410
2 17 53 -28.011992609960949 -8.453212520733082 410
1 22 89 -9.216280275779869 -42.625148343140232 410
1 22 89 -34.784540196033731 -78.433863548385176 410
1 22 89 35.594540659281577 28.893214413581923 321
1 22 89 -63.259860397129039 41.898657003395016 410
2 17 53 -49.840291830490237 78.517165704395936 410
3 12 54 -32.124164060570678 55.557661858713963 410
2 17 53 -27.853585602829732 25.546418465795163 410
2 17 53 1.511755047234697 8.409418480217944 410
1 22 89 28.415561419207997 -19.825049864331572 410
2 17 53 26.286454549892877 -58.766889881709218 410
1 22 89 65.285718063497086 -59.006567574580806 410
3 12 54 45.613579989752836 -86.737542739683491 410
1 22 89 85.691434997211701 -20.024434277118587 410
1 22 89 84.674293181623398 23.963807589623279 410
1 22 89 -11.819729288124325 87.202603169604160 410
3 12 54 59.266828696944586 1.370429168949112 410
3 12 54 50.674791471597395 23.779732958184692 410
3 12 54 59.023682433944813 46.280755594919086 410
3 12 54 -8.221938747975173 53.393493402720125 410
1 22 89 25.024180723918818 46.096680963480495 410
3 12 54 50.431645208597622 68.690059384154665 410
2 17 53 27.141038993069664 88.951469928139318 410
3 12 54 21.622433520031137 -87.389379428095779 410
3 12 54 -6.813313755314415 -97.762870025749777 499
2 17 53 -33.623935583813775 -86.708886256574317 499
3 12 54 -7.666410059498460 -73.778036761876791 499
3 12 54 -60.877744908735224 -76.797787564662059 499
2 17 53 19.144211769000890 -84.832020531052237 499
3 12 54 48.139376190352493 -85.361586559785323 499
3 12 54 38.608978224586870 -63.334977319729084 499
2 17 53 67.604142645938481 -63.864543348462156 499
3 12 54 87.959980007020690 -43.209280451825620 499
2 17 53 -42.940851838998626 -54.010337795000794 499
3 12 54 -14.134334408337283 -50.666006244899314 499
2 17 53 48.179436864720266 -35.959690628673300 499
2 17 53 14.635240485614727 -47.017505125085002 499
3 12 54 24.205699125748119 -19.642218434029214 499
3 12 54 44.709246721950770 -7.168063714359729 499
1 22 89 -17.134488949842371 24.753789512930457 321
3 12 54 7.557635433317670 48.126829397518719 321
2 17 53 -3.487453230986503 -11.780556192012337 321
3 12 54 -15.277413836178308 -38.275778948728806 321
1 22 89 31.094831583463645 72.662525788482512 321
3 12 54 61.848074674188133 58.162938228734241 321