3 25 63 85.000000000000000 0.000000000000000 0
2 15 76 86.176470588235290 39.982695218744553 0
2 15 76 69.411851194414155 64.861351464215630 0
2 15 76 56.248612570726394 37.903437061653719 0
2 15 76 39.483993176905258 62.782093307124782 0
3 25 63 17.115460739043233 29.621141020190766 0
3 25 63 2.233051603484235 77.354922541476398 0
1 10 40 32.755537985231221 94.483198142834240 0
2 15 76 86.176470588235290 39.982695218744546 76
2 15 76 69.411851194414155 64.861351464215630 76
1 10 40 61.208390061010682 41.245610412266011 76
3 25 63 85.000000000000000 0.000000000000007 76
3 25 63 30.126151599397907 57.335807807433049 76
3 25 63 -12.084229642605877 84.136623380931837 76
3 25 63 -57.296588499115728 62.786152504855707 76
3 25 63 -14.189226150395545 34.180953135181021 76
3 25 63 -59.401585006905393 12.830482259104890 76
3 25 63 35.586345709369461 7.634839202370308 76
3 25 63 -8.729032040423988 -15.520015469881720 76
3 25 63 -53.941390896933839 -36.870486345957850 76
1 10 40 53.061750080932484 83.773627730676139 76
1 10 40 22.150625547497803 91.414994772433587 76
2 15 76 -87.709732897627461 -15.429892172190387 76
1 10 40 -94.159813043003012 8.723709342247005 76
1 10 40 -90.733903994721601 28.428103450996041 76
2 15 76 69.411851194414155 64.861351464215630 152
2 15 76 86.176470588235290 39.982695218744546 152
3 25 63 47.043318756552125 31.700399177281614 152
3 25 63 84.995736752547970 -0.851313039700308 152
1 10 40 44.472792873726938 66.605877209901735 152
3 25 63 9.522124832099266 64.748243380551557 152
2 15 76 45.690989990600755 -8.276734373146688 152
3 25 63 6.977887063757272 1.787840221719325 152
3 25 63 -30.543306860695584 34.835684424989260 152
3 25 63 -80.124113050015112 28.374751240291037 152
3 25 63 -82.214582681370018 -21.581529012750046 152
2 15 76 -29.190978094744221 74.812817975417573 152
1 10 40 37.749305311078274 85.441872405136550 152
1 10 40 -11.645522631707230 92.621720035752048 152
2 15 76 86.176470588235290 39.982695218744546 228
2 15 76 69.411851194414155 64.861351464215630 228
1 10 40 61.208390061010682 41.245610412266011 228
3 25 63 85.000000000000000 0.000000000000007 228
3 25 63 30.126151599397907 57.335807807433049 228
3 25 63 -12.084229642605877 84.136623380931837 228
3 25 63 -57.296588499115728 62.786152504855707 228
3 25 63 -14.189226150395545 34.180953135181021 228
3 25 63 -59.401585006905393 12.830482259104890 228
3 25 63 35.586345709369461 7.634839202370308 228
3 25 63 -8.729032040423988 -15.520015469881720 228
3 25 63 -53.941390896933839 -36.870486345957850 228
1 10 40 53.061750080932484 83.773627730676139 228
1 10 40 22.150625547497803 91.414994772433587 228
2 15 76 -87.709732897627461 -15.429892172190387 228
1 10 40 -94.159813043003012 8.723709342247005 228
1 10 40 -90.733903994721601 28.428103450996041 228
2 15 76 86.176470588235290 -39.982695218744546 76
2 15 76 69.411851194414155 -64.861351464215630 76
2 15 76 56.248612570726394 -37.903437061653719 76
3 25 63 29.509357881314607 -67.652592657313406 76
1 10 40 -0.428269918338421 -49.521447030810876 76
3 25 63 -23.075821281480657 -76.206431895971178 76
1 10 40 -57.639245851588043 -81.717301336131939 76
1 10 40 -71.400939959845061 -67.204693876727404 76
2 15 76 86.176470588235290 -39.982695218744546 228
2 15 76 69.411851194414155 -64.861351464215630 228
2 15 76 56.248612570726394 -37.903437061653719 228
3 25 63 29.509357881314607 -67.652592657313406 228
1 10 40 -0.428269918338421 -49.521447030810876 228
3 25 63 -23.075821281480657 -76.206431895971178 228
1 10 40 -57.639245851588043 -81.717301336131939 228
1 10 40 -71.400939959845061 -67.204693876727404 228
1 10 40 77.354322691022546 63.374354126990156 304
3 25 63 43.680560779498997 72.917820935546985 304
1 10 40 66.630482250378847 46.492433436392915 304
3 25 63 40.678964064785077 23.007998083104212 304
1 10 40 17.729042593905234 49.433385582258282 304
1 10 40 9.105749106699438 67.478850647850635 304
1 10 40 11.772190043264931 87.300306011466290 304
2 15 76 88.535803262904807 34.444325230612591 304
1 10 40 74.444389662656164 13.794093688406399 304
3 25 63 65.921494550042468 -20.152338508503270 304
1 10 40 32.156068952171381 -10.938434113805457 304
1 10 40 14.958207749526053 -0.728949795067972 304
1 10 40 6.158960853904082 17.231374647154308 304
1 10 40 2.195982010276925 36.834813087513787 304
3 25 63 -24.860870122167793 59.036766890794745 304
1 10 40 -8.077206071845973 89.750096587295175 304
1 10 40 -26.976854238360851 96.292519623292819 304
1 10 40 -45.599286616097444 88.998343018861846 304
3 25 63 -72.607260707968123 44.194860475909962 304
1 10 40 -61.997053408928124 77.547873849088077 304
3 25 63 -35.880597419186515 10.266226497035106 304
3 25 63 -83.626988004986842 -4.575679917849680 304
3 25 63 84.829340754150010 -5.383581263090978 380
3 25 63 67.126242289014741 -52.144679461633373 380
1 10 40 53.069625441861064 -20.091418741196279 380
1 10 40 50.200748496178640 -0.298249589427478 380
2 15 76 43.527268448522577 -84.441559089172742 380
2 15 76 27.709473294442120 -58.950435997720902 380
2 15 76 88.535803262904793 34.444325230612613 380
3 25 63 -2.681691719020314 -84.957686700640210 380
3 25 63 -49.982403153447997 -68.751431803317317 380
2 15 76 73.380563926927309 60.334839336540327 380
3 25 63 18.069646037595433 -20.129388478905089 380
3 25 63 30.150168235913402 28.389277861133021 380
1 10 40 48.470919786463298 58.211250676877853 380
3 25 63 19.029050829647684 77.136798286648556 380
1 10 40 65.820046976982354 24.004286133052886 380
2 15 76 -83.013819281491379 -46.192053518975428 380
2 15 76 -93.278610728110181 -18.002799244386637 380
3 25 63 -82.487408374689664 20.514079546184277 380
3 25 63 -56.682862284331023 63.340769834724654 380
2 15 76 -63.733604689267821 -23.207856224359936 380
1 10 40 -48.604427613684038 29.285830497352627 380
3 25 63 -30.634048094483873 -0.748574106965922 380
1 10 40 -41.571615470072246 -34.777049534537582 380
2 15 76 -20.785286797447217 80.986281279947164 380
1 10 40 -22.452365903141054 56.041926262120803 380
2 15 76 -18.411346358051937 -44.189909602487084 380
2 15 76 -10.741694608921062 33.954369180389655 380
1 10 40 90.637883786052186 42.246585930535225 456
3 25 63 84.644715002857325 7.763518666497667 456
1 10 40 96.810620026503841 -25.054018641405470 456
3 25 63 56.284307817153149 48.942242593558092 456
1 10 40 96.810620026503841 -25.054018641405470 519
1 10 40 99.860094385420467 -5.287868127602586 519
1 10 40 98.915164968920266 14.689797111304401 519
1 10 40 82.086464071975598 3.882631612378526 519
1 10 40 81.141534655475397 23.860296851285515 519
2 15 76 44.748406559895969 10.641812019179266 456
3 25 63 9.899054916984639 30.276543748151617 456
2 15 76 21.434956174241819 68.576974322530447 456
3 25 63 64.248201345715813 -37.887135552626511 456
3 25 63 17.921901363252008 -19.075598402920363 456
2 15 76 -16.909924754893442 0.590206672775882 456
2 15 76 -30.009877482097739 27.578930958021612 456
3 25 63 -23.912077656488439 67.111409216876055 456
3 25 63 -70.128411272679983 48.031301589378685 456
2 15 76 -93.692233692323569 15.708766525193141 456
3 25 63 -81.959258931479596 -22.531752603885089 456
2 15 76 5.631872934783399 94.077220598336268 456
2 15 76 -46.575388385004821 -3.877484857594028 456
2 15 76 -72.495052583963769 -61.395988068018980 456
2 15 76 -48.135777720648917 -43.885256269105561 456
1 10 40 -56.367550049534984 80.212642431508684 456
1 10 40 -57.787855226851732 -81.612277190876284 456
3 25 63 -23.363399232636898 -75.291135719404039 456
1 10 40 42.952988858765615 81.303885549837943 456
1 10 40 -69.327390942255747 10.109263175389025 456
1 10 40 -0.325135153517970 -48.942731816685786 456
1 10 40 10.342125133588842 -65.860460918640158 456
2 15 76 -19.578046753471973 -32.995149086868807 456
2 15 76 13.569891179721949 -90.651215775066589 456
2 15 76 42.978196366974750 -84.722338477179434 456
1 10 40 66.046313671099583 -75.085847204774382 456
1 10 40 37.408182713370991 -60.350737218774853 456