2 17 69 93.000000000000000 0.000000000000000 0
1 34 96 63.569892473118280 41.651755916841971 0
3 27 107 17.136948933654409 81.211606197915586 0
1 34 96 -1.894708884125613 23.256485624260200 0
1 34 96 46.768363177353351 -24.239887053443368 0
1 34 96 -18.696238179890546 -42.635157346025139 0
1 34 96 -75.786458236563931 -5.693219472104563 0
2 17 69 -73.752806514211670 -56.652656877478009 0
2 17 69 -25.046332548426616 68.698782239930694 0
3 27 107 -36.452660009292842 74.566772615199739 107
3 27 107 -74.612459605876623 36.359054877175076 107
3 27 107 -81.190036498042303 -17.238850699700293 107
3 27 107 -22.443705625830063 22.415557892222679 107
3 27 107 -29.021282517995747 -31.182347684652690 107
1 34 96 28.559382620356267 -11.046136466427626 107
3 27 107 44.872781613077336 -69.824304295174102 107
1 34 96 56.321160484464286 51.028686850468908 107
2 17 69 -58.887540506970595 71.980952848930087 0
2 17 69 -80.824395684230183 46.004533062286285 0
2 17 69 91.869131035881821 14.459002825643758 107
2 17 69 -64.076467934649841 -57.774338497752822 107
2 17 69 79.199718914584025 -17.092320387507112 107
2 17 69 1.411444908304317 -62.960470684548767 107
2 17 69 3.530881498217759 92.932948279098213 214
2 17 69 -30.108112934531789 87.991485585376267 214
2 17 69 -59.722945203757369 71.289338727393130 214
2 17 69 36.697948654757369 85.453265382504782 214
2 17 69 64.960075512430109 66.552149397441539 214
2 17 69 -81.355383594437043 45.058867719928372 214
2 17 69 84.539828998340880 38.755868109633170 214
2 17 69 -9.009183493540728 61.329993195712845 214
2 17 69 50.677666529405421 35.697444834901717 214
2 17 69 70.257420015316185 7.901163547093351 214
2 17 69 -47.822910153401537 39.439862031530403 214
2 17 69 -69.455348544081204 13.209391024065646 214
2 17 69 -92.216288582413767 -12.048075368496971 214
2 17 69 -58.962211032056558 -19.130894459426017 214
2 17 69 -81.723151070389122 -44.388360851988629 214
1 34 96 -34.623229527678141 -63.948457750278024 214
3 27 107 24.405439803288139 -79.330791676423345 214
3 27 107 68.045836978580397 -47.526456525649579 214
1 34 96 14.982879272745958 -17.437878634549016 214
3 27 107 -29.565377239385196 -77.555712031370348 321
3 27 107 -71.021658060539124 -42.952579507310830 321
3 27 107 -82.415643206771847 9.831671008230529 321
3 27 107 -20.326325833607072 -24.351953431799686 321
3 27 107 21.129954987546853 -58.955085955859204 321
3 27 107 72.099085241440903 -41.118388919648091 321
3 27 107 31.167487361528451 -5.896175829083397 321
1 34 96 58.326051800327640 48.724446445141858 321
1 34 96 -9.101912849312846 39.922765741615237 321
3 27 107 -71.021658060539124 -42.952579507310830 428
3 27 107 -82.415643206771847 9.831671008230529 428
3 27 107 -31.006148767474819 -6.692973662560062 428
3 27 107 -42.400133913707542 46.091276852981295 428
3 27 107 9.009360525589486 29.566632182190702 428
3 27 107 45.323787741560807 69.532397231491615 428
1 34 96 67.649805047452602 12.764898156254731 428
1 34 96 53.692830670646018 -53.787358501541370 428
1 34 96 -13.362016217559841 -65.085478203477223 428