2 23 75 87.000000000000000 0.000000000000000 0
2 23 75 74.839080459770116 44.363408750185719 0
3 10 80 65.112186758319496 75.897319686203161 0
3 10 80 48.685718918960930 64.488062290451282 0
3 10 80 47.018246095603601 84.418429431659817 0
3 10 80 58.097151915419118 15.925620006757633 0
2 23 75 16.513104116968595 71.831280713092923 0
3 10 80 -0.681490194350420 99.997677828612623 0
1 15 96 -19.600485353906159 83.655351734916337 0
3 10 80 -43.809901552415624 89.892672259576585 0
3 10 80 -60.822119438611615 79.376758481278785 0
3 10 80 -75.401452547263133 65.685774363729820 0
3 10 80 -56.255045944330696 59.905193580176544 0
2 23 75 -26.219097044756605 46.236185799720261 0
3 10 80 -58.633531353096181 40.047127028765004 0
3 10 80 -77.779937956028618 45.827707812318280 0
2 23 75 -85.892058804544305 13.840311929891755 0
2 23 75 15.019586008704806 25.855532718522042 0
2 23 75 -23.249918832061148 0.332112116208734 0
3 10 80 41.846707357780147 45.072857197283021 0
3 10 80 -56.235774694631274 -0.633969150428611 0
3 10 80 -53.322465027031534 19.152708862332151 0
2 23 75 -71.548400145005260 -29.866203102293447 0
3 10 80 -43.809901552415624 89.892672259576585 96
3 10 80 -60.822119438611615 79.376758481278785 96
3 10 80 -75.401452547263133 65.685774363729820 96
3 10 80 -56.255045944330696 59.905193580176544 96
2 23 75 -23.496030048472853 63.886007257671743 96
1 15 96 -49.218893344336102 35.915767647287083 96
2 23 75 -84.330850896656216 21.384751273885289 96
2 23 75 -83.447629853794936 -24.606768820469572 96
3 10 80 -60.229283660074913 -1.156643020624335 96
2 23 75 -37.449605738471256 -25.033122530552149 96
3 10 80 -60.667951932191272 -48.483248330397387 96
3 10 80 -78.641747164195777 -57.254946282217901 96
2 23 75 -15.390441500099421 18.605774989225093 96
3 10 80 -6.639248940418884 -13.212720084919939 96
3 10 80 -5.470675455506009 -33.178551798383786 96
3 10 80 -16.048265527237852 -50.152490300522885 96
2 23 75 -39.266611720957869 -73.602616100368124 96
1 15 96 -7.655260858909251 -94.691060724769855 96
3 10 80 -6.496055242272835 -69.717950339029784 96
3 10 80 -32.654662608732558 -94.518109428351579 192
1 15 96 -52.429318341158627 -79.222260623397048 192
3 10 80 -27.767450848340268 -75.124420733080541 192
1 15 96 -7.992795115914202 -90.420269538035072 192
2 23 75 29.063027801471069 -82.002075675015206 192
2 23 75 -38.430651478783993 -43.894688868799278 192
1 15 96 -4.321949225347311 -60.645701691503561 192
2 23 75 24.773266695648239 -36.202534742217964 192
1 15 96 57.035295049295520 -56.281417343310558 192
3 10 80 -32.654662608732544 -94.518109428351579 288
3 10 80 -13.192703064502176 -99.125943051513389 288
2 23 75 -15.678239913466571 -66.219680629712272 288
2 23 75 27.304892994709444 -82.604133180776529 288
2 23 75 65.610046075057951 -57.134244145072678 288
2 23 75 85.573164871508638 -15.691827614194594 288
2 23 75 -61.444836731317693 -61.591655596044092 288
2 23 75 -84.263113480235546 -21.650120244861149 288
2 23 75 -83.524678890247515 24.343952355380601 288
2 23 75 -44.061860889926379 0.707412941296944 288
2 23 75 24.399898598393424 -36.695952999491048 288
2 23 75 44.363017394844114 4.746463531387036 288
3 10 80 98.946546737577975 14.476908810526425 288
3 10 80 79.066079963398238 16.660264219234691 288
2 23 75 64.329676789386298 46.187174343610572 288
2 23 75 18.457638777845169 42.758453201883555 288
3 10 80 -81.951053784270485 57.306411365985980 288
3 10 80 -63.202121391742793 50.343830368939997 288
2 23 75 -30.684953461410672 44.719437975927214 288
3 10 80 39.629780581141176 68.071303919673639 288
3 10 80 56.805522997822564 78.317955686754047 288
3 10 80 -46.425100663848227 -32.207858556458532 288
3 10 80 -6.991109476922613 21.749854670200062 288
1 15 96 -4.958538412713533 72.686410796419779 288
1 15 96 -29.160574787795724 90.413831231982272 288
3 10 80 -53.454450144236262 84.514032916299527 288
3 10 80 -53.454450144236262 84.514032916299527 384
3 10 80 -35.567280939164853 93.461053528164982 384
2 23 75 -3.217907350378869 86.940468553397949 384
3 10 80 -33.392221904063540 73.579677363678172 384
3 10 80 -51.279391109134949 64.632656751812718 384
2 23 75 -75.852926193206329 42.606731720797271 384
3 10 80 -98.290956804413113 18.408905738065918 384
3 10 80 -80.194308499950878 9.893547839268928 384
2 23 75 -28.267345603481175 40.980050940914836 384
2 23 75 17.473418103717187 45.856785040929438 384
3 10 80 -2.888168270173395 19.887460822948842 384
3 10 80 -19.731499028387169 9.103110635320009 384
3 10 80 -39.710126967535388 10.027462121004248 384
2 23 75 -59.866008253195893 -16.101840387833615 384
1 15 96 34.753477011222230 88.414907315624376 384
3 10 80 58.631199340235440 81.008533278448979 384
3 10 80 45.559885050869305 65.871137771010694 384
3 10 80 50.467483603510061 46.482597948576455 384
3 10 80 44.769414569804653 27.311473586997458 384
3 10 80 29.045267862605215 14.952217528056472 384
2 23 75 80.540906655130399 32.896236185460054 384
3 10 80 65.224985547824502 62.126743547371888 384
3 10 80 56.039999084114370 10.789551038280496 384
3 10 80 40.315852376914940 -1.569705020660484 384
2 23 75 86.057431789705205 -12.771782716607554 384
2 23 75 8.701183128864098 -11.030819560520413 384
3 10 80 -24.292198767502899 -10.369948135444016 384
3 10 80 -29.756883780154666 -29.608898671076133 384
2 23 75 -44.115569175355681 -59.321322902727800 384
3 10 80 -74.224693648396908 -45.814264619485279 384
3 10 80 -88.748485537866500 -32.064374832604173 384
3 10 80 -92.663470343894176 -12.451295167019456 384
1 15 96 49.956974423439696 -24.635887316047260 384
2 23 75 25.608981997665303 -53.810795453596427 384
2 23 75 -6.492765333398332 -86.757385843082091 384
3 10 80 24.928224798211083 -96.843087561321866 384
3 10 80 43.701191401073189 -89.945571709377475 384
3 10 80 60.726110347892373 -79.450232989057994 384
3 10 80 -39.064936740925376 -92.053955468667922 384
3 10 80 -7.390992304849146 -53.769612527689034 384
1 15 96 74.686157644158797 -58.710968790779297 384
3 10 80 58.631199340235440 81.008533278448979 480
3 10 80 41.338080771332670 91.055823966085640 480
3 10 80 41.283431081083890 71.055898630941115 480
3 10 80 23.990312512181120 81.103189318577776 480
3 10 80 14.848310515772251 98.891494451379430 480
2 23 75 -8.551348904718388 75.622288641875670 480
2 23 75 -53.956324623445965 68.247454407687030 480
2 23 75 -81.215303860407261 31.194140777744121 480
2 23 75 -85.769621587443623 -14.579849544721789 480
2 23 75 23.891123087365294 43.011155404239389 480
2 23 75 69.385882823020083 49.810187437922124 480
2 23 75 86.702065250215000 7.193878046468406 480
2 23 75 -35.496703344003862 26.113829092274539 480
2 23 75 -40.051021071040225 -19.660161230191374 480
1 15 96 -66.251064375762851 -47.183927884315203 480
2 23 75 41.207305514560211 0.394846012785671 480
2 23 75 5.154237002530111 -28.173952542051467 480
1 15 96 -23.046944029790328 -53.643412457453877 480
1 15 96 -47.689897243723379 -70.752616322505773 480
1 15 96 41.967220009810603 -37.597554937403153 480
2 23 75 23.045955224160345 -70.551852667916421 480
1 15 96 60.976505087090501 -72.848238327114174 480
1 15 96 80.652259966395889 -50.201722702641348 480
1 15 96 4.525315752556278 10.316117458534890 480