2 29 75 81.000000000000000 0.000000000000000 0
2 29 75 60.234567901234570 54.155302877479713 0
3 13 100 87.691358024691354 41.463546975450612 75
3 13 100 37.488643388390201 89.462850484981232 0
1 20 86 13.032445282552548 67.306714219647802 0
1 20 86 18.959083154720904 27.748213697861338 0
2 29 75 -35.667116379033494 72.724526875081708 0
2 29 75 51.399131905491068 62.602949126713909 175
1 20 86 10.375692744250436 89.399916107773322 175
2 29 75 80.077607059339016 12.189210296409655 175
3 13 100 43.274075905553168 86.812178607154081 261
3 13 100 64.778860290930425 72.199025335582732 261
1 20 86 36.978818697755671 54.418201748983762 261
3 13 100 17.861491820937083 81.316674067776702 261
2 29 75 26.789918585091485 -20.622004582217304 0
2 29 75 -24.846381639748568 5.791864863401279 0
1 20 86 74.544522384976133 40.677098937202210 261
2 29 75 40.394810279865148 5.537418188253504 261
2 29 75 66.490359909214391 -46.260480316822651 261
1 20 86 34.303282161838425 -83.206278807102635 261
1 20 86 17.494655786793004 -46.909308143090911 261
1 20 86 1.689494240595657 35.585687860570225 261
1 20 86 -13.915552820609701 72.416144092031260 261
1 20 86 -53.914006374239364 72.064415051247551 261
1 20 86 89.941773848978286 -3.236868378424830 261
2 29 75 -75.904334177625998 28.275997825917269 261
1 20 86 -87.922167534874262 -19.227388173371363 261
1 20 86 82.147327448748854 -36.767058531082306 175
2 29 75 34.817900193639161 -24.081424305578238 175
1 20 86 22.187108623874309 23.262668296573906 175
2 29 75 -18.836330537366326 50.059635277633326 175
1 20 86 -66.736214816109495 60.384415473018265 175
2 29 75 -79.918699528933985 13.190961511730919 175
2 29 75 -68.249738879838304 -43.623080391392435 175
2 29 75 -12.104569288937350 -58.173679403425254 175
1 20 86 -35.394997537163242 -7.269731559325836 175
3 13 100 -36.879093335540887 43.801157316796967 261
3 13 100 -35.217876588837001 17.854281610452844 261
1 20 86 -48.509439598868667 -12.350591386306444 261
1 20 86 -22.265753071362028 -42.537822419409935 261
1 20 86 -61.530505279692939 -50.171906124634361 261
3 13 100 -5.254206041758044 -70.815150222078486 261
1 20 86 -36.145355721698849 -82.422771487931982 261
3 13 100 -6.344916055935685 -96.792262295305036 261
3 13 100 0.483108757189021 -18.631980340422359 261
3 13 100 -10.517188268196376 4.926318947796585 261
3 13 100 -54.732762751212071 35.301256996421529 0
1 20 86 -86.278516525062756 25.612840260979876 0
1 20 86 -88.856033962096646 -14.304028402052651 0
2 29 75 -51.327647433857791 -45.809904117339499 0
3 13 100 -42.960155486081568 -86.967954101563734 0
1 20 86 -12.126521836588815 -75.208403261124772 0
3 13 100 17.976065690940509 -61.686782642743410 0
3 13 100 -9.157715048746965 -42.342217199209031 0
3 13 100 64.778860290930425 72.199025335582732 361