3 10 82 100.000000000000000 0.000000000000000 0
1 15 68 92.000000000000000 23.685438564654024 0
3 10 82 80.073549585479469 1.713643451145816 0
3 10 82 87.567867036011066 48.289425993311276 0
3 10 82 70.946208018157350 37.166456448526830 0
3 10 82 69.624263335780242 57.122720183423070 0
2 31 104 69.339088767665800 -37.856185344930921 0
2 31 104 30.610396583788535 44.516443926818340 0
3 10 82 59.018828646980360 74.079275112464529 0
3 10 82 60.076977795277514 2.083936091228541 0
1 15 68 35.299462857061343 -1.243939129760800 0
2 31 104 -23.057939551660091 75.560117943475888 0
3 10 82 17.211537943017166 83.265257936083529 0
3 10 82 34.077244492706349 94.014580825445975 0
1 15 68 -68.102739110062217 66.234559904228263 0
3 10 82 62.274011753315833 -78.242874820317539 104
3 10 82 76.598667016113893 -64.285645453355343 104
3 10 82 -86.806056483038461 49.645831223412273 0
1 15 68 85.697110714570556 -41.000063599641351 104
3 10 82 62.436898368302508 -50.163170147451403 104
3 10 82 63.161665622102674 -30.176306650949034 104
1 15 68 41.670641409314456 -64.083032643657333 104
1 15 68 -91.620404818728517 25.113769546850346 0
3 10 82 -99.987899047665664 1.555649071551283 0
3 10 82 -98.297711323260359 -18.372804592902202 0
3 10 82 -80.037201644974274 2.959099514653302 0
3 10 82 -92.675615145924667 -37.566346073639608 0
2 31 104 -10.698096032874645 -1.717833808851799 0
3 10 82 -28.965231341576295 34.987911894152063 0
1 15 68 -56.536627680956691 -5.568679994793394 0
1 15 68 -51.416792989991393 23.991213319242572 0
2 31 104 -54.117698585102907 -51.505035771337447 0
2 31 104 1.458984192084792 -78.986526478426981 0
3 10 82 40.528582953222887 -91.419002203063513 0
3 10 82 -38.222998746976344 -89.298666412701607 0
3 10 82 51.882637818429068 -74.954329776383176 0
2 31 104 22.974267446760187 -22.053928434165517 104
3 10 82 62.222775924567920 -10.198356652616795 104
3 10 82 81.236576699355780 -16.401209229994130 104
2 31 104 73.384288232999253 29.253140695249950 104
3 10 82 99.980992144915120 -1.949669130499394 104
2 31 104 29.667863737074370 73.217606224721578 104
3 10 82 70.597892120923348 70.823284505044455 104
1 15 68 27.426960632425768 27.272221763651103 104
1 15 68 -0.422998256002060 38.424790522142565 104
2 31 104 -32.310473941046723 71.578808294287256 104
3 10 82 -73.168082013940690 68.164739964304488 104
3 10 82 -85.269332357286373 52.241180684806828 104
3 10 82 -2.030556116277231 99.221647810610591 104
1 15 68 -64.342293498675332 38.564227639256643 104
3 10 82 -88.600787539745312 32.520597367692005 104
3 10 82 -98.818351831378067 15.327535396467933 104
3 10 82 -99.892125827009039 -4.643619037022052 104
3 10 82 -82.059711746889008 4.412042621583398 104
3 10 82 -83.133485742519980 -15.559111811906590 104
1 15 68 -59.716767017924298 -6.803697248725124 104
1 15 68 -37.175888119583135 25.836839109835907 104
3 10 82 99.980992144915120 -1.949669130499394 208
1 15 68 92.444300457440363 21.887240870755988 208
1 15 68 74.987284871217014 -2.510558350123654 208
1 15 68 62.586678742614737 24.806560232246483 208
1 15 68 80.043694328838086 49.204359453126123 208
2 31 104 35.950064365538680 62.309770421868187 208
2 31 104 22.799311650295110 1.720516399207419 208
3 10 82 3.152425291657785 37.706622835036107 208
1 15 68 -9.931395705114811 59.009524706011646 208
3 10 82 -0.031120447212207 81.965668759788656 208
2 31 104 61.706737152652167 -46.551755566990067 208
3 10 82 96.753367125618780 -25.274215118480551 208
3 10 82 21.361395715388152 -39.254261181203447 208
2 31 104 -19.396245234442883 -43.705632228943315 208
3 10 82 -17.958329299535919 -2.730854648532453 208
1 15 68 -18.357520422332222 22.265958077242821 208
2 31 104 -55.043838283786926 50.016887462910418 208
3 10 82 -44.388866842373119 89.608194382266561 208
3 10 82 -93.436965638315257 35.630512939112911 208
3 10 82 -44.388866842373119 89.608194382266561 312
3 10 82 -61.332895039958302 78.982757523509264 312
3 10 82 -61.332895039958302 78.982757523509264 394
3 10 82 -43.658982695174366 69.621517091339285 312
1 15 68 -21.126309374691456 80.451043075074566 312
1 15 68 -37.718850926861194 87.191102096241579 394
2 31 104 -20.419755712290186 76.315356099872801 476
2 31 104 40.957975144668559 67.553269884208504 476
1 15 68 -65.761264993188618 68.559871838383899 476
2 31 104 24.559686260955022 75.085430083095730 312
2 31 104 71.197554763866663 34.233144694085695 312
2 31 104 -22.280721377890856 34.465530868218920 312
2 31 104 -78.549000230507161 8.429386857167408 312
2 31 104 -60.443635846293347 -50.868132319564111 312
2 31 104 2.680920463274452 18.779638843270355 476
1 15 68 94.856691875025632 -5.216129458367107 312
2 31 104 53.404439382077193 -25.158816420280012 312
2 31 104 1.092574100784196 -58.437469499872243 312
1 15 68 36.618836325226098 -87.658774952575627 312
1 15 68 -33.824661941544015 -88.383865395945207 312
1 15 68 -63.874070036332391 54.112244267088457 312
1 15 68 9.006817921012637 -13.123401653849239 312
1 15 68 19.405534472176679 15.016724395771556 312
1 15 68 -20.950046846396571 -11.515218422013755 312
1 15 68 82.318250300979173 47.420519476122806 476
1 15 68 -83.861211006529714 44.635157538853832 476
1 15 68 93.000794178923940 19.386910070700434 476
1 15 68 -93.598266171574210 16.259291795005915 476
1 15 68 -94.001422217015715 -13.737999169396607 476
1 15 68 63.381704335085423 24.152360398069526 476
1 15 68 -67.821428174408993 0.911502935763036 476
1 15 68 -40.407612627301532 34.884865203130659 476
1 15 68 44.901616866751588 0.520044236450264 476
2 31 104 22.848030629727585 -39.848747349205922 476
2 31 104 -59.676664347364238 -44.361699095920827 476
1 15 68 -17.310918369620509 -62.282178100380811 476
1 15 68 -37.369087164672614 -84.590693617761119 476
1 15 68 -9.075910182302810 -94.565468614937728 476
1 15 68 -19.517715348016146 -21.928268344745938 476