3 15 117 95.000000000000000 0.000000000000000 0
3 15 117 90.263157894736835 -29.623678483095365 0
3 15 117 90.263157894736835 29.623678483095365 0
3 15 117 66.976720827465385 -10.709613644674024 0
3 15 117 62.239878722202228 18.914064838421321 0
3 15 117 66.976720827465357 48.537743321516672 0
2 16 102 61.515748820247723 -41.224819440086662 0
1 18 90 50.314579875701639 77.022354235193561 0
1 18 90 34.184765896519650 44.838055252661938 0
1 18 90 14.377252364244605 74.899033408216710 0
3 15 117 90.263157894736835 -29.623678483095365 117
3 15 117 95.000000000000000 0.000000000000000 117
3 15 117 90.263157894736835 29.623678483095365 117
3 15 117 66.976720827465385 -10.709613644674024 117
3 15 117 62.239878722202228 18.914064838421321 117
3 15 117 66.976720827465357 48.537743321516672 117
2 16 102 61.515748820247723 -41.224819440086662 117
1 18 90 35.217771493639276 -19.674497202839532 0
1 18 90 18.726274624486351 12.325979840709680 0
2 16 102 0.405752489492805 40.967880418381057 0
1 18 90 -20.854395490416774 67.500993840524842 0
1 18 90 -56.489285145032738 72.615154505125062 0
2 16 102 -80.497522820381676 48.540177376912546 0
2 16 102 -49.871055923441645 39.265506201575022 0
2 16 102 -73.216390221501229 17.379543428330550 0
1 18 90 -91.288495587613781 -11.419744889892279 0
2 16 102 -82.873509419068810 -44.361936799101919 0
1 18 90 -56.980500337606621 -22.326690471744541 0
2 16 102 -53.106158965806074 -56.105226244254794 0
2 16 102 -39.746909935853097 -85.183232801715050 0
2 16 102 -21.244242080658527 -59.074780487563025 0
2 16 102 -7.884993050705546 -88.152787045023260 0
1 18 90 12.696013581936933 -61.089487800712220 0
2 16 102 2.431010403368752 -28.676069132759508 0
2 16 102 -12.757515851920040 -0.510333385358857 0
1 18 90 42.163695162131745 -81.769326830265811 0
1 18 90 50.314579875701639 77.022354235193561 117
1 18 90 34.184765896519650 44.838055252661938 117
1 18 90 14.377252364244605 74.899033408216710 117
1 18 90 35.217771493639276 -19.674497202839532 117
1 18 90 18.726274624486351 12.325979840709680 117
2 16 102 0.405752489492805 40.967880418381057 117
1 18 90 -20.854395490416774 67.500993840524842 117
1 18 90 -56.489285145032738 72.615154505125062 117
2 16 102 -80.497522820381676 48.540177376912546 117
2 16 102 -49.871055923441645 39.265506201575022 117
2 16 102 -73.216390221501229 17.379543428330550 117
1 18 90 -91.288495587613781 -11.419744889892279 117
2 16 102 -82.873509419068810 -44.361936799101919 117
1 18 90 -56.980500337606621 -22.326690471744541 117
2 16 102 -53.106158965806074 -56.105226244254794 117
2 16 102 -39.746909935853097 -85.183232801715050 117
2 16 102 -21.244242080658527 -59.074780487563025 117
2 16 102 -7.884993050705546 -88.152787045023260 117
1 18 90 9.766909151273438 -45.135322131147419 117
2 16 102 -3.163552858563598 -13.690081597607829 117
2 16 102 -17.894909630031389 14.717437260464422 117
1 18 90 24.551060735963922 -77.959533651317926 117
2 16 102 58.288905784381981 -73.745531813523726 117
3 15 117 -42.186520502120885 9.233058493163593 0
3 15 117 95.000000000000000 0.000000000000000 234
3 15 117 90.263157894736835 -29.623678483095365 234
3 15 117 90.263157894736835 29.623678483095365 234
3 15 117 66.976720827465385 -10.709613644674024 234
3 15 117 62.239878722202228 18.914064838421321 234
3 15 117 66.976720827465357 48.537743321516672 234
2 16 102 61.515748820247723 -41.224819440086662 234
1 18 90 50.314579875701639 77.022354235193561 234
1 18 90 34.184765896519650 44.838055252661938 234
1 18 90 14.377252364244605 74.899033408216710 234
3 15 117 90.263157894736835 -29.623678483095365 351
3 15 117 95.000000000000000 0.000000000000000 351
3 15 117 90.263157894736835 29.623678483095365 351
3 15 117 66.976720827465385 -10.709613644674024 351
3 15 117 62.239878722202228 18.914064838421321 351
3 15 117 66.976720827465357 48.537743321516672 351
2 16 102 61.515748820247723 -41.224819440086662 351
1 18 90 35.217771493639276 -19.674497202839532 234
2 16 102 23.966450472984366 12.409888022534036 234
2 16 102 1.562243687454327 35.258334759921027 234
2 16 102 -16.843376856225866 61.435292803247179 234
1 18 90 -45.266587927399286 80.093295708261550 234
2 16 102 -44.926739189491080 46.094994238403643 234
1 18 90 50.314579875701639 77.022354235193561 351
1 18 90 34.184765896519650 44.838055252661938 351
1 18 90 14.377252364244605 74.899033408216710 351
3 15 117 95.000000000000000 0.000000000000000 468
3 15 117 90.263157894736835 -29.623678483095365 468
3 15 117 90.263157894736835 29.623678483095365 468
3 15 117 66.976720827465385 -10.709613644674024 468
3 15 117 62.239878722202228 18.914064838421321 468
3 15 117 66.976720827465357 48.537743321516672 468
2 16 102 61.515748820247723 -41.224819440086662 468
1 18 90 35.217771493639276 -19.674497202839532 351
2 16 102 23.966450472984366 12.409888022534036 351
2 16 102 1.562243687454327 35.258334759921027 351
2 16 102 -16.843376856225866 61.435292803247179 351
1 18 90 -45.266587927399286 80.093295708261550 351
2 16 102 -44.926739189491080 46.094994238403643 351
1 18 90 50.314579875701639 77.022354235193561 468
1 18 90 34.184765896519650 44.838055252661938 468
1 18 90 14.377252364244605 74.899033408216710 468
1 18 90 35.217771493639276 -19.674497202839532 468
1 18 90 18.726274624486351 12.325979840709680 468
2 16 102 0.405752489492805 40.967880418381057 468
1 18 90 -20.854395490416774 67.500993840524842 468
1 18 90 -56.489285145032738 72.615154505125062 468
2 16 102 -80.497522820381676 48.540177376912546 468
2 16 102 -49.871055923441645 39.265506201575022 468
2 16 102 -73.216390221501229 17.379543428330550 468
1 18 90 -91.288495587613781 -11.419744889892279 468
2 16 102 -82.873509419068810 -44.361936799101919 468
1 18 90 -56.980500337606621 -22.326690471744541 468
2 16 102 -53.106158965806074 -56.105226244254794 468
2 16 102 -39.746909935853097 -85.183232801715050 468
2 16 102 -21.244242080658527 -59.074780487563025 468
1 18 90 -6.018901963738298 -89.475257758883942 468
1 18 90 12.754279462844170 -58.757711321633799 468
1 18 90 39.122530643165213 -83.267206006173879 468
3 15 117 -72.140434512052110 60.941367091421320 234
3 15 117 -88.101749012001221 35.539862422726692 234
3 15 117 -94.791195153863569 6.295182388314895 234
3 15 117 -66.119836247584217 15.124292109420200 234
3 15 117 -72.140434512052110 60.941367091421320 351
3 15 117 -88.101749012001221 35.539862422726692 351
3 15 117 -94.791195153863569 6.295182388314895 351
3 15 117 -66.119836247584217 15.124292109420200 351