3 18 118 92.000000000000000 0.000000000000000 0
1 21 118 80.782608695652172 -37.351976284062154 0
1 21 118 80.782608695652172 37.351976284062154 0
2 10 112 65.906264717932885 10.154653072823605 0
1 21 118 40.023920023798098 27.216430035789475 0
1 21 118 51.625623827488937 67.582262974692469 0
2 10 112 65.906264717932885 -10.154653072823605 0
3 18 118 37.950527026066425 -11.728416112025219 0
3 18 118 6.942703266082511 6.561331444181705 0
1 21 118 2.096860842917501 45.259106718864537 0
1 21 118 13.698564646608336 85.624939657767527 0
2 10 112 96.086956521739125 27.700122497733030 118
2 10 112 99.677472169616095 8.025057125990280 118
2 10 112 80.843107912628867 14.753112048114655 118
2 10 112 77.252592264751883 34.428177419857406 118
2 10 112 84.842090347767439 52.932218028543517 118
2 10 112 65.022372066478653 50.252895866065217 118
2 10 112 72.611870149494180 68.756936474751299 118
3 18 118 46.666798033293858 79.285622664640542 118
3 18 118 37.632929249108855 44.437534986976971 118
1 21 118 8.659217603932092 70.543550261280103 118
2 10 112 -1.016628201476623 99.994832201969132 118
2 10 112 -16.988005140459496 87.956762644397784 118
3 18 118 -29.595525192339359 62.955753901920069 118
3 18 118 -65.560510131447344 64.543160065992979 118
1 21 118 -49.103589407754782 29.185420315068590 118
2 10 112 -87.906123116980581 47.670887536758244 118
2 10 112 -95.634387497600372 29.224372156794374 118
2 10 112 -99.537276378316136 9.608881890558731 118
3 18 118 -7.084150523873309 34.862373711278266 118
2 10 112 -23.285917225340580 12.025938881138373 118
2 10 112 -39.137821063454432 -0.169025026442140 118
1 21 118 -72.556431121013787 -5.656568944628081 118
3 18 118 -80.933732349902343 -43.746210897795144 118
1 21 118 -42.849092724673895 -35.346197527777271 118
2 10 112 -59.353760096927026 -61.587309450317505 118
1 21 118 -31.844681727366833 -75.878936623505155 118
3 18 118 -5.631607911446494 -47.002046882379780 118
1 21 118 9.560690618581567 -82.921318386330242 118
2 10 112 39.202949197535126 -91.995264955406697 118
3 18 118 43.875593186967237 -64.387903651797387 118
2 10 112 71.278827153914079 -70.137926969382562 118
2 10 112 83.810521850683244 -54.550860920027169 118
2 10 112 92.989795673425078 -36.781760433870687 118
2 10 112 98.449477669229907 -17.541389530359378 118
2 10 112 82.745765527682209 -5.156179601762785 118
3 18 118 66.431635884101013 -27.912479256417217 118
2 10 112 63.401485946630643 -0.076923013431012 118
2 10 112 61.498828331577307 19.832368636446432 118
3 18 118 30.559274954398621 -30.941294425614821 118
1 21 118 24.756364352524102 7.624574273879723 118
2 10 112 -5.789397895363095 2.337192247247884 118
2 10 112 -21.641301733476947 -9.857771660332631 118
2 10 112 -1.016628201476623 99.994832201969132 236
1 21 118 -27.878476419828388 84.520947418430367 236
3 18 118 9.712325372393359 74.131932998481858 236
3 18 118 45.209925760590458 80.125293214576757 236
2 10 112 71.343093566515890 70.072555257813733 236
1 21 118 79.430986508687340 40.146212551830203 236
1 21 118 37.467681902435622 41.901509256929870 236
1 21 118 88.996840425204979 -0.749929550424930 236
1 21 118 78.743173257255805 -41.479062976130443 236
3 18 118 55.887055397491096 -73.079662280266191 236
3 18 118 39.747468485386882 -40.900263057989918 236
3 18 118 50.441529814826573 5.122720936130756 236
1 21 118 -4.326262720384648 37.746248390915220 236
1 21 118 -45.432387339887931 46.365211133952585 236
1 21 118 -83.936964334561537 29.590302774702096 236
3 18 118 -91.592361745047270 -8.650969307794433 236
3 18 118 -57.015870730551946 1.372317035742019 236
1 21 118 -64.671268141037686 -36.868955046754508 236
1 21 118 -25.529262203375808 -21.640581161928768 236
1 21 118 -31.912106529620136 -63.152739601438164 236
3 18 118 4.240106144992921 -46.835515338051195 236
1 21 118 3.441291954459704 -85.827333657911623 236
3 18 118 16.853708062787323 -13.117611389860507 236
2 10 112 23.881401850751573 13.986106436714669 236
2 10 112 36.366320270113249 -93.153050137993603 236
2 10 112 -1.016628201476625 99.994832201969132 354
2 10 112 18.902424725861664 98.197242015665253 354
2 10 112 38.065380664165488 92.471762148734769 354
2 10 112 23.525491681395430 78.738895428027035 354
1 21 118 57.263252599157170 68.131636570429734 354
2 10 112 84.543477318627808 53.407868735558679 354
3 18 118 68.176382633485716 30.689633514318594 354
3 18 118 91.928090183118854 3.636789144886748 354
2 10 112 97.106846840909171 -23.880123463169305 354
3 18 118 56.623785939747499 -3.406370791638270 354
2 10 112 42.086811425144219 20.524286783150075 354
1 21 118 70.532104649031155 -39.842049331786129 354
3 18 118 32.712768340609756 -30.318510011212126 354
3 18 118 19.971437917200159 3.351335534045387 354
1 21 118 20.073502428745051 42.351201980425472 354
1 21 118 -27.878476419828392 84.520947418430367 354
3 18 118 -62.825285154941909 67.208507982250552 354
3 18 118 -33.759890323590056 45.966972649379130 354
1 21 118 -68.706699058703563 28.654533213199318 354
3 18 118 -91.961720306712380 -2.653676361202400 354
3 18 118 -56.416583208588435 -8.358343632443862 354
1 21 118 -79.671604456597237 -39.666553206845578 354
1 21 118 -19.023470235191212 2.721146525444820 354
3 18 118 -31.413014574036463 -34.258566711352827 354
1 21 118 -49.452856565356001 -68.835496895049374 354
1 21 118 -12.165025026350968 -88.164687750302022 354
3 18 118 26.834624919926021 -87.999448324446249 354
3 18 118 4.792572456552558 -53.044324887600503 354
2 10 112 54.522314524763019 -83.829095300276350 354
2 10 112 69.723046517247127 -70.831489871095556 354
2 10 112 50.967033591281250 -63.888005218487685 354