2 14 64 96.000000000000000 0.000000000000000 0
3 15 42 90.625000000000000 28.497532787944994 0
2 14 64 91.916666666666671 27.700656831362114 64
3 15 42 68.270713559025822 8.490387121586732 0
2 14 64 62.895713559025822 36.987919909531726 0
1 17 90 74.991685203414420 -22.795848512559548 0
3 15 42 45.315423725640102 -10.824236060480743 0
3 15 42 77.684222515902420 -54.682369847143228 0
3 15 42 50.095026541115089 -42.899489661688627 0
2 14 64 23.924432843085629 -30.405490082184038 0
3 15 42 40.066114302138701 18.712939677499683 0
1 17 90 34.895929388138391 50.292508831543628 0
1 17 90 40.158065293149960 83.882833714122370 0
2 14 64 11.347786552218746 95.326951804645901 0
2 14 64 67.138967490492178 68.617483517764143 0
2 14 64 17.337997080365749 -3.191176496433531 0
2 14 64 11.592453331948725 24.212997036716963 0
1 17 90 75.651620544691127 54.090963283732222 128
1 17 90 51.153936452008637 77.667720357068930 128
1 17 90 90.037930680885793 23.284566534595470 128
1 17 90 56.165653428973698 26.228854864497706 128
1 17 90 70.551963565168350 -4.577541884639043 128
1 17 90 31.667969336291222 49.805611937834406 128
1 17 90 17.281659200096545 80.612008686971137 128
2 14 64 39.870776828432184 -0.143042992371161 128
1 17 90 15.997390630621659 19.632230240891388 128
1 17 90 -2.298235084180625 48.290040340476203 128
2 14 64 -13.528270524166858 77.184439521228398 128
1 17 90 -44.177061927840846 81.837565942687434 128
2 14 64 -70.386260204698615 65.282266921396499 128
1 17 90 -44.757077520730846 47.842513627504793 128
1 17 90 -76.166786331796416 34.825978281873461 128
1 17 90 -49.189281647688837 14.132640198834423 128
1 17 90 -80.598990458754415 1.116104853203090 128
1 17 90 -87.236739822783264 -32.229663744631551 128
1 17 90 -55.039582426326639 -21.305239018917216 128
1 17 90 -61.677331790355495 -54.651007616751862 128
1 17 90 -42.495384502454002 -82.723287507137869 128
1 17 90 -27.775050619183457 -52.075093916568179 128
1 17 90 -8.593103331281970 -80.147373806954150 128
1 17 90 23.992517633897666 -89.851873088918452 128
1 17 90 16.104050060496778 -56.779647893999936 128
1 17 90 54.684728085190713 -75.223536969812542 128
1 17 90 78.067937996943868 -50.541043290629922 128
1 17 90 49.861353907828480 -31.557139213131450 128
1 17 90 17.387363736471439 -21.485398432580851 128
1 17 90 -10.363410097853745 -1.841199502715255 128
2 14 64 55.940310288756919 78.017188393312381 218
3 15 42 75.967583376878096 57.043196578356948 218
3 15 42 89.967403034884057 30.510103099772302 218
2 14 64 47.540593120279169 51.306801808884586 218
2 14 64 28.608578377500514 71.936363553604508 218
3 15 42 19.362946845700296 44.449670453520937 218
2 14 64 1.057568247169694 66.942182860196581 218
3 15 42 -7.267229876375996 94.721630950506267 218
1 17 90 58.986828255131769 22.497364097647214 218
1 17 90 26.280896398698125 13.206399594307470 218
2 14 64 -2.312028531296285 25.183237405169923 218
2 14 64 -19.146838937206752 47.557087288394058 218
3 15 42 -29.544659292259301 74.628942264809240 218
2 14 64 -58.506737938441269 76.111507775122647 218
3 15 42 -77.824617854507594 54.482371972958902 218
3 15 42 -90.933305682340162 27.497889331402927 218
3 15 42 -94.973852223291132 -2.228765099434227 218
3 15 42 -67.209541046189443 9.135346166347471 218
3 15 42 -71.250087587140399 -20.591308264489669 218
1 17 90 -46.998298821329982 33.944733255271260 218
1 17 90 -41.220777819755625 -9.535063201429164 218
1 17 90 -48.218459100373721 -42.807160470685986 218
3 15 42 -62.773970611724174 -71.305179430658399 218
3 15 42 89.967403034884072 30.510103099772252 308
3 15 42 94.995404107693801 0.934450863315561 308
3 15 42 90.550179286107451 -28.734387608818025 308
3 15 42 66.868137401023418 11.367900322235274 308
2 14 64 62.581204262312838 40.049291576221279 308
1 17 90 36.923516531504042 22.651502627383440 308
1 17 90 59.809963688995353 -19.843991383504648 308
1 17 90 27.280644773480692 -9.952408552999744 308
1 17 90 3.866265307549046 14.700518945075579 308
2 14 64 14.332742267490152 43.880184125591654 308
2 14 64 39.571705943264895 56.004321726795425 308
2 14 64 64.893916531332735 67.953616724139209 308
3 15 42 90.550179286107266 -28.734387608818668 398
3 15 42 94.995404107693815 0.934450863314890 398
1 17 90 64.818230529571338 -9.711590412007439 398
3 15 42 72.917722464133632 21.246417120809660 398
1 17 90 62.219033182689870 -43.612094437050551 398
1 17 90 34.159934169346656 -24.410871492680531 398
1 17 90 36.759131516228123 9.489632532362585 398
2 14 64 90.716307891248022 -31.409417100294803 488
3 15 42 76.313276135192297 -56.579889408816356 488
1 17 90 59.797190840698477 -29.171516116243790 488
3 15 42 80.088046134996205 -4.427199770345894 488
1 17 90 44.447659642192846 -59.509477352722790 488
2 14 64 28.991547583566899 -32.637398906290741 488
1 17 90 48.160171008153853 41.521121703232396 398
1 17 90 55.317881542958162 74.759159850811926 398
2 14 64 77.081038811820903 52.682815368748166 398
1 17 90 22.954040867795875 64.338899933098190 398
2 14 64 16.273831103267788 94.610583029713510 398
3 15 42 -6.552425541197671 76.723101161071497 398
3 15 42 -34.065706373480609 88.682172105084362 398
3 15 42 -60.020740913776535 73.637698634336147 398
3 15 42 -79.990327606715226 51.249853554623655 398
3 15 42 -50.617091685224423 45.149606715319329 398
2 14 64 -70.350514475020091 23.898912020811732 398
2 14 64 -95.337040487302303 11.262713310853727 398
3 15 42 -71.382361562803112 -5.082725123894804 398
3 15 42 -45.171314343965506 9.511143578127479 398
2 14 64 -46.203161431748526 -19.470493566579059 398
2 14 64 -70.105133425281181 -34.054585407361628 398
1 17 90 48.976433986516696 3.060629656302568 488
1 17 90 -4.848813820738812 44.768481665513185 398
3 15 42 -15.611736053080621 14.632796755085774 398
1 17 90 -15.274716579797573 -17.365428474989535 398
2 14 64 -31.890777828682147 -43.536147008750056 398
1 17 90 89.220875420875799 26.241863293839486 488