2 32 115 78.000000000000000 0.000000000000000 0
2 32 115 51.743589743589745 -58.366093928299456 0
3 12 77 37.330898259787233 -16.793575070372086 0
2 32 115 51.743589743589745 58.366093928299456 0
1 11 84 38.677444637041823 17.399328714840951 0
1 11 84 20.125235445292851 29.223690604836751 0
1 11 84 9.849545172081303 48.676458773121325 0
1 11 84 10.540170514126697 70.665616024751614 0
3 12 77 21.877430048755720 90.677276281823325 0
2 32 115 -31.353874057381748 60.975980869573476 0
2 32 115 -76.434712982020898 15.547818218518138 0
1 11 84 -74.098708373716917 65.653495088585004 0
3 12 77 -1.932397056214982 93.692592721502990 0
1 11 84 -96.400961892160822 -22.535628375223034 0
3 12 77 -74.159389431940653 -28.393311748091165 0
2 32 115 -30.160221141061385 -28.663847717759037 0
1 11 84 89.974358974358978 41.299088696400894 115
1 11 84 96.873517491924986 20.408861034896180 115
3 12 77 74.243851193971537 24.519603454857570 115
3 12 77 67.870867537433128 47.657993185206017 115
2 32 115 30.245076055707088 24.847911743578663 115
3 12 77 50.303433522695236 64.009912403995912 115
2 32 115 -5.714548035194333 77.790384629165175 115
2 32 115 -33.584262447830369 20.177200213112389 115
1 11 84 -45.505854237181396 61.491551826178743 115
2 32 115 -71.364537104726864 -31.481785905949842 115
1 11 84 -65.651402705752943 -74.100562229763511 115
1 11 84 -75.658640558902945 11.303266104359000 115
3 12 77 -50.616178206237315 83.916640207973217 115
3 12 77 -97.857375008266033 5.285277333460392 115
3 12 77 -91.129056808002346 28.322849562234858 115
3 12 77 -71.618603122022193 42.299336852223838 115
3 12 77 -68.053032766954047 66.032998770332043 115
1 11 84 -98.989071127571563 1.470985146280277 230
3 12 77 -94.985435841438672 24.119846144035385 230
1 11 84 -78.131717227706304 8.468898284907779 230
1 11 84 -82.500023626110618 -13.093056617411719 230
1 11 84 -93.669701038701135 -32.046639563616530 230
1 11 84 -84.279489702962252 -51.941963915588317 230
1 11 84 -71.744739065492965 -33.862140175947950 230
3 12 77 -61.412362643935438 -54.410668042518878 230
3 12 77 -58.953806687288974 -78.284408901630997 230
3 12 77 -59.535510993747707 -14.370225188135496 230
2 32 115 75.202454558049453 -20.702435326417689 115
3 12 77 31.230166628903739 -19.141059562449843 115
1 11 84 9.170036887023091 -12.633319880241215 115
1 11 84 -12.348027840593161 -17.212936717719792 115
3 12 77 73.629040971019620 -64.674294164589966 115
3 12 77 50.787677074007576 -57.307334457609429 115
2 32 115 6.815389144861861 -55.745958693641583 115
1 11 84 16.897401196854030 -97.547310740955623 115
3 12 77 -6.101099770905780 -97.809900222755843 115
1 11 84 -24.988849718350561 -84.685384920360875 115
1 11 84 -46.964905002629408 -85.711539948765420 115
1 11 84 -36.865553683309464 -66.166640283406409 115
3 12 77 38.644242816698721 -90.058994537603112 115
2 32 115 -56.652110349406925 45.719757179082471 230
1 11 84 -45.833600983394248 4.102935398731489 230
1 11 84 -36.583680479121867 -15.858000718210556 230
2 32 115 -17.412407601165540 -54.347769439767411 230
3 12 77 -9.174114465561736 -97.569644991527824 230
2 32 115 -0.380802841347638 7.344405423057362 230
2 32 115 44.530385424661432 -38.251484397573293 230
1 11 84 20.782904364983658 -74.099178093545504 230
3 12 77 16.237212901460126 -96.645501277569338 230
2 32 115 76.019312674564603 17.466084291757600 230
3 12 77 86.566000220880127 -25.251211757973749 230
1 11 84 -46.365676590609326 87.471275481125929 345
1 11 84 -64.538545618437070 75.071806488567447 345
3 12 77 -79.366098445792943 57.489324378467877 345
3 12 77 -55.641765212100076 53.862202569554285 345
2 32 115 -12.269921719335578 61.270521679793944 345
2 32 115 -50.754968359488203 10.134417163461485 345
2 32 115 -56.674308915683298 -53.591255899910585 345
3 12 77 -83.784531194126515 -18.935291795396022 345
3 12 77 -97.999174099139125 0.402338025318169 345
3 12 77 -92.584403542762985 23.783532601767906 345
2 32 115 1.473413108556173 -26.854718663541011 345
3 12 77 -14.984421059373458 -67.660841911172952 345
3 12 77 -28.569619378910474 -87.445744908631610 345
2 32 115 62.197155869891503 -47.069244753834973 345
1 11 84 22.763127341116721 -64.214430491871667 345
3 12 77 5.769672409674368 -79.713543030757165 345
2 32 115 76.481436884438708 15.316325019129724 345
1 11 84 41.341029673980351 -9.465760871351044 345
1 11 84 -8.147240856167009 -98.025274930035522 345
1 11 84 -46.365676590609311 87.471275481125943 460
1 11 84 -25.903144521269997 95.551175314122645 460
1 11 84 -29.137012040530866 73.790152799822678 460
3 12 77 -64.710141714707675 73.597537725541116 460
2 32 115 -45.485921613549586 34.019395253941596 460
1 11 84 -85.318549259943154 50.216980715477646 460
3 12 77 -93.675968199597037 28.789112210488277 460
3 12 77 -81.183760321981637 8.296558871715579 460
2 32 115 -70.065579197481014 -34.275568729366313 460
2 32 115 -20.832224631248412 -75.166604399249053 460
3 12 77 -26.153867589716885 -31.489606835055348 460
3 12 77 -2.441529251664299 -35.194334968363052 460
3 12 77 15.799197237916978 -50.791639130694691 460
1 11 84 22.108487682360845 -72.909343669991927 460
2 32 115 59.793558293040931 -50.087227779711633 460
1 11 84 42.452951481809976 -89.435713842307365 460
3 12 77 20.368359663519563 -95.859949533773019 460
2 32 115 77.145246036196241 11.515685564253154 460
1 11 84 40.822386936988963 -11.498438509000978 460
3 12 77 33.165235635588985 10.189531288734091 460
2 32 115 29.297004261564386 54.019164940374523 460
3 12 77 73.277014662171638 55.345319215893596 460
1 11 84 -3.254946153544445 25.923426399231037 460