1 21 105 89.000000000000000 0.000000000000000 0
1 21 105 79.089887640449433 -40.814086698358011 0
1 21 105 79.089887640449433 40.814086698358011 0
1 21 105 51.566524201773390 -72.538910811701044 0
1 21 105 51.566524201773390 72.538910811701044 0
3 13 79 58.060476802481460 -14.097726919975866 0
1 21 105 44.452397323327496 17.060260384871487 0
2 12 75 46.100058838972544 -39.994821387701194 0
2 12 75 30.633826450647145 47.027694359716747 0
2 12 75 33.646459443818898 -19.478782244995585 0
2 12 75 17.389436793179780 -1.823493673674896 0
2 12 75 11.753135570447636 21.505289160554330 0
1 21 105 15.188390423353813 -51.547689246498855 0
1 21 105 -3.995955955858062 -88.910248768062971 0
1 21 105 -44.323936057947186 -77.177643733992099 0
2 12 75 -17.048913509266967 -58.601499220961799 0
1 21 105 -74.781013091456728 -48.257642721286935 0
3 13 79 -94.755938292927041 -20.743966791021503 0
3 13 79 -69.474335111229337 -14.674325898582094 0
3 13 79 -41.140429291866539 -43.327011765440623 0
2 12 75 -13.302191379698261 -34.895759973180468 0
2 12 75 -3.958997092021725 -12.789093094097847 0
3 13 79 -11.020806113143328 11.192792848196298 0
1 21 105 -11.223609702960731 45.192188000227418 0
3 13 79 15.147212267386299 66.653309793094223 0
3 13 79 23.250018371129357 91.358461750634262 0
1 21 105 -11.063507287099938 88.309675610933411 0
3 13 79 -44.980844180690362 85.940233050605897 0
2 12 75 -66.015330045858221 72.429111543193784 0
1 21 105 -78.524347212718993 41.891847593730596 0
3 13 79 -96.149506478240539 12.816879651099928 0
3 13 79 -45.098055842696581 48.111417132401712 0
1 21 105 -48.744389867072179 12.275059440869452 0
3 13 79 -33.954678365350446 -18.339715320605439 0
2 12 75 92.337078651685388 32.830837730287470 105