3 16 115 94.000000000000000 0.000000000000000 0
1 25 104 76.489361702127653 37.072598322765131 0
2 18 102 60.106106450098096 -2.684023104952367 0
3 16 115 88.553191489361708 -31.533034694561785 115
1 25 104 59.620910261470783 -60.583389304277517 115
1 25 104 27.801014931432178 25.695213353603378 0
2 18 102 91.971377759294114 2.294705440186281 115
1 25 104 51.177454822580131 -11.301465029230497 115
2 18 102 26.562868523793174 -88.081859743012217 115
1 25 104 11.256805521003905 -47.898225818805628 115
1 25 104 -26.394100939834278 -80.798214309338789 115
1 25 104 -36.060873526432545 -31.741578593474699 115
1 25 104 1.590032934405629 1.158409897058462 115
1 25 104 36.855450149727176 36.603442674999329 115
2 18 102 -66.011714914263337 -64.081615882232740 115
2 18 102 79.853500043937615 36.193924305459070 115
2 18 102 -79.043608006074209 -30.523162961342418 115
1 25 104 -63.966260880615792 9.746845775413910 115
2 18 102 -27.616133045099918 32.717875494206538 115
2 18 102 -1.013774975406319 56.973071744325992 115
1 25 104 -40.069783827946338 74.962740237945212 115
2 18 102 -76.168318122991238 51.598326661964578 115
3 16 115 -2.314445319215928 90.948184056969410 115
3 16 115 -34.136940651814953 87.582357144201495 230
1 25 104 -62.319344122220002 57.803973463563239 230
1 25 104 -84.035838243534585 12.766279438681046 230
1 25 104 -12.579813564275764 52.707003787831262 230
1 25 104 29.496358943021622 79.718033148745135 230
2 18 102 -86.924014963204542 -30.136615979180412 230
2 18 102 -53.291588235107284 -17.296839019311928 230
1 25 104 -56.179764954777234 -60.199734437173376 230
1 25 104 -13.638046891539744 -33.928034373644692 230
2 18 102 68.438473853347006 61.483130179137255 230
2 18 102 -16.526223611209694 -76.830929791506136 230
2 18 102 40.926339422068850 38.264980833522323 230
1 25 104 24.341489569351950 -1.407966565969403 230
2 18 102 28.106475459345528 -44.242822480844957 230
2 18 102 19.397477335724446 -79.173516027964297 230
2 18 102 -17.131732094171618 9.948612357643073 230
3 16 115 26.476256269164871 76.980524909896573 115
3 16 115 87.811723359987496 33.542528833542448 230
2 18 102 66.501539619421678 7.049585075943057 230
1 25 104 77.698265928763860 -34.467078084210918 230
2 18 102 54.356885959162518 -70.580510226762726 230
3 16 115 -2.778697190867426 93.958921034255525 345
1 25 104 34.795325147344876 77.551823627111105 345
1 25 104 -39.317469285492628 75.360046503331887 345
1 25 104 -74.883852590301530 40.217019049576407 345
1 25 104 -84.538868216805398 -8.841931950745298 345
2 18 102 -1.617069635511682 54.679624209971522 345
1 25 104 -28.631352490382717 21.224751293802466 345
2 18 102 72.421721612758191 56.737062301851253 345
1 25 104 40.540070406773573 27.882940995182771 345
1 25 104 9.399312237594781 -11.235509647049021 345
1 25 104 -37.727430714643120 -27.940900953860595 345
3 16 115 89.870337842735879 27.555804761111872 345
1 25 104 83.996702754411430 -13.021287432011153 345
2 18 102 73.886556707267957 -54.815843858720967 345
1 25 104 30.914639320566923 -56.369650832106764 345
1 25 104 -16.212103631670978 -73.075042138918349 345
3 16 115 -57.183512688272515 -74.605937274657805 345
3 16 115 -76.413992061484066 -49.028825180512271 345
3 16 115 -34.136940651814953 87.582357144201495 460
1 25 104 -62.319344122220002 57.803973463563239 460
1 25 104 -84.035838243534585 12.766279438681046 460
1 25 104 -12.579813564275764 52.707003787831262 460
1 25 104 29.496358943021622 79.718033148745135 460
2 18 102 -86.924014963204542 -30.136615979180412 460
2 18 102 68.438473853347006 61.483130179137255 460
2 18 102 40.926339422068850 38.264980833522323 460
3 16 115 -40.762217034680802 22.928620107193019 460
3 16 115 12.214765318783170 20.053843787430566 460
3 16 115 -15.243459788352855 3.620771221235135 460
3 16 115 -44.723926039187425 -8.825196384114152 460
3 16 115 -54.206817921986470 -39.387833075655408 460
3 16 115 87.811723359987496 33.542528833542448 460
3 16 115 63.449120057618771 12.794913058918784 460
3 16 115 35.190402747193843 -2.219909483139144 460
3 16 115 7.732177640057815 -18.652982049334572 460
3 16 115 -21.748288610776758 -31.098949654683864 460
3 16 115 -31.231180493575806 -61.661586346225121 460
3 16 115 -20.377470215642070 -91.764692053156367 460
3 16 115 -61.921433626525847 -70.722952834534240 460