3 30 105 80.000000000000000 0.000000000000000 0
1 22 98 71.500000000000000 -51.300584791988491 0
1 22 98 71.500000000000000 51.300584791988491 0
1 22 98 35.211011550091804 26.418677363448580 0
1 22 98 31.807141847317599 70.286816952979109 0
1 22 98 35.211011550091804 -26.418677363448580 0
1 22 98 0.025027318213205 0.000000000000000 0
1 22 98 -5.261226296978862 43.681294883689844 0
1 22 98 -8.665095999753067 87.549434473220373 0
2 19 60 42.619619818730598 -80.402537313861345 0
3 30 105 -55.307143054371295 57.802421464531299 0
3 30 105 -79.940218190553395 3.092170054624518 0
1 22 98 -73.429446658788507 -48.498622283361144 0
1 22 98 -40.771471274257237 -77.985172501780212 0
1 22 98 -31.564357407406369 -34.959261073399730 0
1 22 98 1.093617977124900 -64.445811291818799 0
2 19 60 76.750000000000000 -48.892100588949951 105
3 30 105 33.813549088274357 -72.502716487417629 105
3 30 105 80.000000000000000 0.000000000000000 105
1 22 98 32.223014598008191 -20.527047179218492 105
1 22 98 71.500000000000000 51.300584791988491 105
1 22 98 35.211011550091804 26.418677363448580 105
1 22 98 31.807141847317599 70.286816952979109 105
3 30 105 -16.230216999908571 -39.402543138759285 105
3 30 105 -16.462077924803715 20.597008863830759 105
3 30 105 -76.376270853666909 23.804731682741366 105
1 22 98 -83.526250277227405 -27.701363046355134 105
1 22 98 -44.148453005324491 64.613649295611992 105
2 19 60 -23.960383283124067 -87.788951656377520 105
2 19 60 -64.613605679046856 -64.078716912502571 105
2 19 60 -7.301820135696924 82.594907487709719 105
2 19 60 76.750000000000000 -48.892100588949951 210
3 30 105 33.813549088274357 -72.502716487417629 210
3 30 105 80.000000000000000 0.000000000000000 210
1 22 98 32.223014598008191 -20.527047179218492 210
1 22 98 71.500000000000000 51.300584791988491 210
1 22 98 35.211011550091804 26.418677363448580 210
1 22 98 31.807141847317599 70.286816952979109 210
3 30 105 -16.230216999908571 -39.402543138759285 210
3 30 105 -75.068600529868718 -27.653303862052272 210
1 22 98 -37.332216047045222 8.123298634055686 210
2 19 60 -23.960383283124067 -87.788951656377520 210
2 19 60 -5.164910589071234 33.545030667365246 210
2 19 60 -9.179524553786283 71.332368159100696 210
3 30 105 -56.059004017496818 57.073532119243112 210
2 19 60 -88.662167896044764 20.494389085151312 210
2 19 60 76.750000000000000 -48.892100588949951 315
3 30 105 33.813549088274357 -72.502716487417629 315
3 30 105 80.000000000000000 0.000000000000000 315
1 22 98 71.500000000000000 51.300584791988491 315
1 22 98 35.211011550091804 26.418677363448580 315
2 19 60 76.750000000000000 48.892100588949951 420
3 30 105 33.813549088274357 72.502716487417629 420
2 19 60 42.619619818730598 80.402537313861345 315
3 30 105 -2.768080464883077 61.937525454540605 315
3 30 105 -61.739398905225883 50.874813246059134 315
3 30 105 -10.961226595946009 2.499554792050375 315
2 19 60 -7.647714002582809 -46.388282491814252 315
3 30 105 -55.297563238531609 -57.811586207961781 315
2 19 60 -17.719476130886022 -89.258165820539688 315
2 19 60 30.500036494911157 -23.614879203553006 315
3 30 105 80.000000000000000 0.000000000000000 420
3 30 105 21.598930090355267 13.759179968616905 420
3 30 105 38.883665657113418 -43.697220165634860 420
3 30 105 -23.167155344105502 53.709118577763221 420
3 30 105 -19.517404252531311 -29.938040197017951 420
3 30 105 -78.139446592915377 -17.153043058096912 420
2 19 60 19.786878011172369 -88.822741787061403 420
2 19 60 -72.135318681099264 55.475181827338361 420
2 19 60 76.750000000000000 48.892100588949944 525