3 30 104 80.000000000000000 0.000000000000000 0
2 25 60 66.250000000000000 53.253521010351982 0
2 25 60 66.250000000000000 -53.253521010351982 104
3 30 104 23.126624350844203 19.115939481752200 0
3 30 104 35.008422967018760 -39.695818370268114 0
2 25 60 -16.117277685088961 -19.418670325459821 0
1 29 82 18.208035054956277 77.910560658679401 0
3 30 104 -30.901518506911930 45.211145542289358 0
1 29 82 -80.024655411356179 12.532139733249984 0
2 25 60 -74.363987988781815 -41.170344793362069 0
1 29 82 80.989502048587454 -1.304054416750787 104
2 25 60 67.930138281991404 51.093016283925969 104
2 25 60 30.524962943861055 17.913913554591566 104
3 30 104 -30.274307352803355 -74.050430885363511 0
3 30 104 14.476522089892995 -34.692621649284852 104
1 29 82 -23.013045091749621 10.865389199885302 104
3 30 104 -79.844669718218697 -4.982842320259593 104
2 25 60 -69.438290837815046 49.023706158582200 104
3 30 104 1.407594549680194 64.574162780217847 104
2 25 60 -69.438290837815046 49.023706158582200 208
1 29 82 -80.913474240602113 -3.742951551305019 208
1 29 82 -26.485447402911738 16.296756394562273 208
3 30 104 -20.980202921513328 75.039349827266904 208
3 30 104 27.612291437496296 39.843192480624381 208
1 29 82 79.998109124992425 12.700493550480786 208
1 29 82 67.980871740487572 -44.040902322765575 208
2 25 60 22.506355172165765 -14.919289337262420 208
1 29 82 -24.404400033196094 -41.665897459837801 208
1 29 82 20.513057896996855 -78.359520517384837 208
2 25 60 -69.438290837815046 49.023706158582208 312
1 29 82 -23.556314189439327 77.499032650791321 312
2 25 60 -26.399820341307912 23.573950613169103 312
1 29 82 23.662025082549604 43.817755412608271 312
1 29 82 77.722749560032639 22.807327787981794 312
1 29 82 73.046098518870963 -35.003821093866257 312
2 25 60 -69.959190411993120 -0.973580404126587 312
2 25 60 11.674657359916175 -8.834908480896360 312
1 29 82 -32.510264039553995 -39.878309082677134 312
2 25 60 -2.776058334823283 -84.954655552957533 312
2 25 60 -69.438290837815046 49.023706158582208 394
1 29 82 -23.556314189439327 77.499032650791321 394
2 25 60 -26.399820341307912 23.573950613169103 394
1 29 82 23.662025082549604 43.817755412608271 394
1 29 82 77.722749560032639 22.807327787981794 394
1 29 82 73.046098518870963 -35.003821093866257 394
2 25 60 -69.959190411993120 -0.973580404126587 394
2 25 60 11.674657359916175 -8.834908480896360 394
1 29 82 -32.510264039553995 -39.878309082677134 394
2 25 60 -2.776058334823283 -84.954655552957533 394
2 25 60 -12.294054021392071 84.106219958568417 476
3 30 104 -58.612411688106675 54.448004519026192 476
1 29 82 -80.999879786199557 -0.139551500243194 476
3 30 104 -22.388041393965324 6.617104498297643 476
3 30 104 -46.779189115349183 -48.201431717417123 476
3 30 104 12.890629706428996 -41.915517163737086 476
3 30 104 24.880793427621580 43.571904654833929 476
3 30 104 78.322644075543835 16.296116869232335 476
2 25 60 75.708759651094923 -38.641735365958148 476