3 14 112 96.000000000000000 0.000000000000000 0
1 28 91 73.833333333333329 -35.674064653314872 0
1 28 91 73.833333333333329 35.674064653314872 0
2 26 92 76.416666666666671 34.878260500712400 112
2 26 92 82.305462622296389 -16.787222001563325 112
2 26 92 34.617444298730348 3.945672354296144 112
1 28 91 27.363261733166190 57.456202489078635 112
1 28 91 -16.185686123798387 22.249823229754323 112
2 26 92 -23.439868689362534 75.760353364536826 112
3 14 112 -63.280333416344988 72.191408094843325 112
1 28 91 -75.495405316278664 32.006933250950553 112
1 28 91 -78.434886138428254 -23.915865789299701 112
3 14 112 -70.499935050276846 -65.159490159966310 112
2 26 92 -32.578623741920786 -52.432583675877304 112
1 28 91 39.591075438384081 -49.824793454423300 112
3 14 112 3.072538691593274 -70.570792439126109 112
3 14 112 -9.649294286136961 -95.513826851296884 112
3 14 112 6.262131206801040 -24.267378162417966 112
3 14 112 -86.302913606934268 -42.045298226484732 224
1 28 91 -81.999567450814240 -0.266341659085782 224
3 14 112 -70.499935050276832 -65.159490159966325 224
3 14 112 -58.383946926261132 -39.916613307699450 224
3 14 112 -42.580968369603703 -63.030805241181049 224
2 26 92 -19.550725713820498 -30.325944391213451 224
2 26 92 -6.701675485523452 -80.713461776283140 224
1 28 91 32.734810619157436 -43.824932885646810 224
1 28 91 80.646939072671358 -14.834797545259356 224
1 28 91 71.362667544128385 40.390217639747938 224
1 28 91 -30.828699959017747 22.483214823118562 224
1 28 91 16.625708252312656 52.216683193162780 224
3 14 112 32.970476230976232 -85.824271710435539 224
3 14 112 -86.574223243562869 41.483778393171221 224
3 14 112 50.605383125969333 76.902340880990039 224
3 14 112 72.896853170420741 -56.113559257642834 224
3 14 112 -23.723009973917225 63.877769656280392 224
3 14 112 -36.520672242671289 88.781982963568552 224
3 14 112 -60.585184373477674 74.467680468990821 224
3 14 112 -8.554159722916236 87.412976943719087 224
3 14 112 45.133081305366261 7.587644482397299 224
3 14 112 17.257228546503793 10.221431293477442 224
3 14 112 -70.499935050276832 -65.159490159966325 336
1 28 91 -30.007722289601734 -76.312099977592936 336
3 14 112 -48.699566185522933 -82.730600465256330 448
1 28 91 -78.434886138428254 -23.915865789299705 336
1 28 91 -75.495405316278664 32.006933250950553 336
1 28 91 -28.534581107764716 1.499868664906709 336
1 28 91 -68.197792637182900 -45.530880503410003 448
3 14 112 -29.651017180769944 -62.208593233664089 448
1 28 91 -81.519782078439306 8.861440621240057 448
2 26 92 -18.804130000886744 -23.707358987124856 448
2 26 92 10.066176756438171 -66.956698724720383 448
2 26 92 61.204988457803395 -57.532159596873754 448
2 26 92 83.343648871321037 -10.480276371067077 448
2 26 92 73.543359944128341 40.587857890363949 448
3 14 112 -21.934799681209643 -90.955396752678254 448
3 14 112 44.769445126880484 -21.064736937500697 448
3 14 112 47.279631863860423 6.822517544529081 448
2 26 92 21.633970502512891 37.519423794818962 448
3 14 112 45.794966736234635 69.398041409045646 448
3 14 112 -11.883994847972222 15.689490245591672 448
1 28 91 -29.908250201358836 53.625307344422083 448
3 14 112 -39.633906719766031 11.955539106693733 448
3 14 112 14.713835349598373 -1.877425437897566 448
3 14 112 -18.824186948541229 94.136337222808763 448
3 14 112 6.508523172252126 74.549423025976225 448
3 14 112 28.714547880069521 91.604992986426211 448
3 14 112 -70.199664308921896 65.482876623699710 448
3 14 112 -63.280333416345002 72.191408094843325 336
2 26 92 -26.902236793847621 55.559087567501244 336
2 26 92 17.870984160797970 29.113696941789453 336
2 26 92 22.623631294163957 80.896052481352427 336
2 26 92 65.907955702920944 52.078223616611680 336
2 26 92 83.935036316227496 3.302980259337211 336
2 26 92 69.796536119006944 -46.738031043125446 336
2 26 92 28.910610515636339 -78.868096208880161 336
2 26 92 21.528120658528589 -27.394813396243258 336