2 11 120 99.000000000000000 0.000000000000000 0
2 11 120 96.555555555555557 21.863775779997951 0
2 11 120 78.843192529652626 8.814936902970350 0
2 11 120 81.287636974097069 -13.048838877027592 0
2 11 120 76.398748085208183 30.678712682968296 0
3 28 97 40.436080239249272 15.589427696553834 0
2 11 120 84.861216147439819 50.986017632067515 0
2 11 120 63.043340148006621 48.161077478124973 0
3 28 97 31.316698238136389 70.841910644542509 0
3 28 97 52.300026335311770 -39.139420117279442 0
3 28 97 -11.973664616431869 35.318052690769846 0
1 15 63 14.474487146111827 -18.688782351031183 0
1 15 63 -13.423731408039046 -7.657490427379088 0
1 15 63 -41.170330611013028 3.749798149207551 0
2 11 120 70.270304111175847 68.940177359377131 0
3 28 97 -77.528630627578949 26.707890837960750 0
1 15 63 -66.157881901459746 68.177229793476542 0
3 28 97 -76.592627434195421 -29.284286276543163 0
2 11 120 -41.095171465907448 61.259098136471273 0
2 11 120 -22.422485334195752 72.892274513823324 0
1 15 63 -5.668999743154465 92.774948392121786 0
2 11 120 96.555555555555557 21.863775779997951 120
2 11 120 99.000000000000000 0.000000000000000 120
2 11 120 78.843192529652626 8.814936902970350 120
2 11 120 76.398748085208183 30.678712682968296 120
2 11 120 84.861216147439819 50.986017632067515 120
3 28 97 48.818915878585905 65.884091042068363 120
2 11 120 81.287636974097069 -13.048838877027592 120
2 11 120 61.130829503749695 -4.233901974057249 120
2 11 120 58.686385059305252 17.629873805940697 120
3 28 97 22.723717213346333 2.540588819526236 120
1 15 63 11.737407631491770 44.113428532151723 120
3 28 97 56.217199703948303 -42.923128409726701 120
3 28 97 0.534468035224563 -48.875723970396997 120
3 28 97 -32.898740420714809 -3.951114096278957 120
3 28 97 -65.253654943510014 -49.658438522705588 120
1 15 63 -41.460036039713387 -85.475525219712253 120
3 28 97 -75.156288348953325 32.795309445239006 120
1 15 63 -94.844540727883100 -5.432595523037335 120
1 15 63 6.527389804012206 73.657560170048029 120
1 15 63 -32.613314442978677 39.047938591091182 120
1 15 63 -22.813178859509247 67.402080132418376 120
2 11 120 -68.723079093725204 71.261058088394890 120
2 11 120 -8.234566753138978 26.259455863515893 120
2 11 120 -48.406425098881080 62.821059838763304 120
2 11 120 99.000000000000000 0.000000000000000 240
2 11 120 96.555555555555557 21.863775779997951 240
2 11 120 78.843192529652626 8.814936902970350 240
2 11 120 81.287636974097069 -13.048838877027592 240
2 11 120 76.398748085208183 30.678712682968296 240
2 11 120 84.861216147439819 50.986017632067515 240
3 28 97 48.818915878585905 65.884091042068363 240
2 11 120 61.130829503749695 -4.233901974057249 240
2 11 120 58.686385059305252 17.629873805940697 240
3 28 97 22.723717213346333 2.540588819526236 240
1 15 63 11.737407631491770 44.113428532151723 240
3 28 97 56.217199703948303 -42.923128409726701 240
3 28 97 0.534468035224563 -48.875723970396997 240
3 28 97 -32.898740420714809 -3.951114096278957 240
3 28 97 -65.253654943510014 -49.658438522705588 240
1 15 63 -41.460036039713387 -85.475525219712253 240
3 28 97 -75.156288348953325 32.795309445239006 240
1 15 63 -94.844540727883100 -5.432595523037335 240
1 15 63 6.527389804012206 73.657560170048029 240
1 15 63 -32.613314442978677 39.047938591091182 240
1 15 63 -22.813178859509247 67.402080132418376 240
2 11 120 -68.723079093725204 71.261058088394890 240
2 11 120 -8.234566753138978 26.259455863515893 240
2 11 120 -48.406425098881080 62.821059838763304 240
2 11 120 96.555555555555557 21.863775779997951 360
2 11 120 99.000000000000000 0.000000000000000 360
2 11 120 78.843192529652626 8.814936902970350 360
2 11 120 76.398748085208183 30.678712682968296 360
2 11 120 84.861216147439819 50.986017632067515 360
2 11 120 81.287636974097069 -13.048838877027592 360
2 11 120 61.130829503749695 -4.233901974057249 360
3 28 97 48.818915878585905 65.884091042068363 360
3 28 97 56.217199703948303 -42.923128409726701 360
3 28 97 26.854754241157817 14.371222712252631 360
3 28 97 -6.774617535551435 59.149178828000835 360
3 28 97 0.755781407960349 -35.175155733119354 360
1 15 63 -15.068183035910724 4.807367314821276 360
3 28 97 -52.229808210264117 26.440989628268110 360
1 15 63 -67.833947004559178 66.509816070882778 360
1 15 63 -93.760461725939990 15.296268072263256 360
3 28 97 -76.433610645350669 -24.058277175154871 360
1 15 63 -42.663924292147883 82.833723588897570 360
1 15 63 83.894419578376471 44.572708730873913 480
1 15 63 65.812291035012947 68.510892190386443 480
3 28 97 23.969278228203869 78.418580076528755 480
3 28 97 81.984091414983823 1.615164034881929 480
3 28 97 30.128859680326510 22.758364874513351 480
3 28 97 63.902590766863433 -51.385395719822753 480
3 28 97 -21.154091390788953 45.254118461303399 480
3 28 97 -75.539311945796541 31.903171484284137 480
3 28 97 -78.401951425339533 -24.023613647798697 480
3 28 97 12.047359032206124 -30.242194880191342 480
3 28 97 -35.432508969433961 -59.934990884387943 480
1 15 63 -17.919196607266503 88.132265060002595 480
1 15 63 -47.357560613091358 82.354486537027100 480
1 15 63 -44.378960347254861 2.271558496543139 480