3 24 79 86.000000000000000 0.000000000000000 0
2 36 105 53.906976744186046 50.695540812795208 0
3 24 79 38.559648050722387 -7.308420275864826 0
2 36 105 -12.826902560221420 23.666124374685090 0
3 24 79 -23.672554112484136 82.677749012606228 0
2 36 105 -71.902770657926652 -17.492614776344947 0
3 24 79 -74.800189093021203 42.437385777734605 0
2 36 105 -6.720322916544873 -48.074447724061343 0
1 22 91 87.921478127217057 3.716676462283488 105
1 22 91 78.730621616523052 -39.312710665583367 105
3 24 79 43.819185527089608 -9.359553400056180 105
3 24 79 56.189091945844780 37.019163865422819 105
2 36 105 27.876427657952767 -67.202690171207138 105
2 36 105 -16.174197976573623 -10.250584141607083 105
2 36 105 -53.055346681453109 51.586143376984694 105
1 22 91 4.441363176181930 43.961947973734993 105
1 22 91 3.159372637567198 87.943267875016971 105
3 24 79 -85.988076477772651 1.432027811434068 105
1 22 91 78.730621616523052 -39.312710665583367 210
1 22 91 49.857109701698278 -72.513920127054377 210
3 24 79 33.810613030408831 -29.403481198898042 210
3 24 79 67.087281095277433 5.189341214148200 210
2 36 105 -8.142488280969097 -72.297971408682088 210
1 22 91 -64.737194629477557 -59.607848740792043 210
1 22 91 -39.544356525568745 -23.534022934949931 210
2 36 105 -69.154069640357434 26.338463360199935 210
2 36 105 2.709396130380382 21.906501332159060 210
3 24 79 54.845512813868140 51.602045394623204 210
3 24 79 19.260475703775690 83.815476349325053 210
1 22 91 -64.737194629477557 -59.607848740792043 315
2 36 105 -73.962794789430617 -2.346270857461981 315
2 36 105 -40.947884396588123 61.638224856363735 315
2 36 105 -2.043140856499768 1.054225895582398 315
2 36 105 -7.810537506634617 -70.714410261725291 315
3 24 79 14.407771787279877 84.784527551468159 315
2 36 105 59.010196458737781 44.651950840933821 315
2 36 105 69.035919171511821 -26.646610744041837 315
1 22 91 -64.737194629477557 -59.607848740792043 420
2 36 105 -73.962794789430617 -2.346270857461981 420
2 36 105 -40.947884396588123 61.638224856363735 420
2 36 105 -2.043140856499768 1.054225895582398 420
2 36 105 -7.810537506634617 -70.714410261725291 420
3 24 79 14.407771787279877 84.784527551468159 420
2 36 105 59.010196458737781 44.651950840933821 420
2 36 105 69.035919171511821 -26.646610744041837 420