1 21 114 89.000000000000000 0.000000000000000 0
1 21 114 79.089887640449433 -40.814086698358011 0
2 37 105 55.539325842696627 47.374922532271967 0
1 21 114 51.566524201773390 -72.538910811701044 0
2 37 105 24.490217631249756 -21.246868324595710 0
1 21 114 9.845002383072469 -77.367432027525098 0
1 21 114 -0.173502232579658 31.247902105215172 0
2 37 105 -56.061978442043475 46.755262518393089 0
1 21 114 -4.359219659051556 73.038807451064400 0
1 21 114 -88.994512493878403 -0.988304597237608 0
1 21 114 -48.132801451716944 -10.700182412928051 0
1 21 114 -76.974389879636121 -41.231523309693763 0
3 25 76 -36.152901785508362 -76.928328283457361 0
1 21 114 51.566524201773390 -72.538910811701044 114
1 21 114 79.089887640449433 -40.814086698357997 114
1 21 114 89.000000000000000 0.000000000000007 114
2 37 105 31.506742546228558 -7.650186099328264 114
3 25 76 69.244592131592370 41.541832650388201 114
2 37 105 -6.417863920371559 -71.193275608365454 114
3 25 76 -65.896121198604561 -53.690792608964337 114
3 25 76 -30.174868644121137 -13.925442346090367 114
1 21 114 -13.492592636268743 28.942980382041732 114
1 21 114 41.890562808708054 78.525032617437901 114
1 21 114 1.215645129173133 88.991697404420364 114
1 21 114 -87.993654345032880 -13.346040424293498 114
1 21 114 -84.315895350315742 28.492626963384836 114
1 21 114 -49.047838680358289 51.299735037945055 114
1 21 114 79.089887640449433 -40.814086698357997 228
1 21 114 89.000000000000000 0.000000000000007 228
1 21 114 89.000000000000000 0.000000000000007 342
1 21 114 79.089887640449433 -40.814086698358004 342
2 37 105 31.506742546228558 -7.650186099328264 228
2 37 105 -3.357142778555746 -72.922764568853196 228
2 37 105 -65.355342034951519 -32.521981297185725 228
3 25 76 69.244592131592370 41.541832650388201 228
2 37 105 -60.195377849164046 41.297899287934364 228
2 37 105 10.460015803886492 63.293702245145667 228
2 37 105 31.506742546228566 -7.650186099328270 342
2 37 105 30.457977418519128 66.342381714654920 342
2 37 105 -33.097083435778401 28.437840564463720 342
2 37 105 -32.048318308068971 -45.554727249519473 342
3 25 76 42.483764629154692 -68.670715318525907 342
1 21 114 -77.233637770836708 -9.191464125211937 342
1 21 114 79.089887640449433 -40.814086698358004 456
1 21 114 89.000000000000000 0.000000000000000 456
2 37 105 55.539325842696627 47.374922532271967 456
1 21 114 48.248654377867069 -10.165029758218511 456
2 37 105 25.766165841443879 -63.630324194980005 456
1 21 114 6.264617563834932 -9.007164136483869 456
2 37 105 -18.359476770164044 43.506205382433123 456
1 21 114 -76.314324035096504 45.794365887806428 456
1 21 114 -88.817376774538133 5.698559720642976 456
1 21 114 -81.540874832716597 -35.666310876164999 456
1 21 114 -49.356097042535701 -8.682240045456769 456
3 25 76 -39.153945583990421 -53.536627853305646 456