1 34 109 76.000000000000000 0.000000000000000 0
3 17 66 77.789473684210520 -50.968596056135574 0
2 15 90 47.721893604717650 -40.016855182498929 0
2 15 90 29.697912790624745 -16.034859527149244 0
3 17 66 77.789473684210520 50.968596056135574 0
3 17 66 27.539332587872277 15.892253269160500 0
1 34 109 29.328806272082797 66.860849325296073 0
1 34 109 -22.914835002436252 23.333823853994112 0
3 17 66 -21.125361318225728 74.302419910129686 0
1 34 109 -72.306533496823903 -23.404384496770732 0
2 15 90 -23.358669523990589 -25.664166012096079 0
2 15 90 -71.862698975269581 25.593605369319459 0
2 15 90 -33.849690491032838 -53.770010227651682 0
2 15 90 -52.780337523814822 78.988834469639983 0
2 15 90 -74.779576586659545 58.591935669680005 0
2 15 90 81.578947368421055 48.681365492972638 109
2 15 90 62.331076712845700 71.692655661632074 109
1 34 109 76.000000000000000 -0.000000000000021 109
1 34 109 22.948119073265595 42.538193780831747 109
1 34 109 12.634903091327267 -24.675179710683263 109
1 34 109 -40.416977835407131 17.863014070148502 109
3 17 66 -22.528274178598600 65.622769947653623 109
1 34 109 -59.374737368630448 -47.440916542644473 109
2 15 90 -83.781450198502611 -4.951948929390399 109
2 15 90 -91.939973037317330 23.917386100854745 109
2 15 90 1.599488848791328 86.643023307071431 109
2 15 90 -51.060336533630590 80.111435095574151 109
2 15 90 -73.495395945096291 60.194906552577386 109
2 15 90 81.578947368421069 48.681365492972617 218
1 34 109 36.086309957719791 66.886308267352987 218
2 15 90 62.441837093280206 25.577880684028795 218
1 34 109 20.184855002432030 0.771682576020858 218
1 34 109 41.087743301947462 -63.935884684215260 218
1 34 109 -25.402097912264960 -49.684533333946071 218
1 34 109 -75.887694058216965 -4.130119916716815 218
1 34 109 -48.816548595147438 58.248987830327231 218
2 15 90 -8.803038334955259 86.531827091219967 218
2 15 90 -29.984191681197437 13.012472347085158 218
3 17 66 92.030733899094628 13.391938545036560 218
2 15 90 93.163761108456299 -18.587996560320462 218
2 15 90 85.057644983494754 -42.310720034782790 327
2 15 90 94.010219010508678 -13.677672374939853 327
1 34 109 45.011819061706561 -14.073655275112090 327
2 15 90 84.596045868042410 14.806943543897230 327
1 34 109 54.169942633205139 53.306822406848298 327
1 34 109 -8.762324544252252 27.547751229782946 327
1 34 109 -75.011623575779126 12.217050729436181 327
1 34 109 -54.762373139105719 -52.698031160313306 327
1 34 109 9.327115073749276 -75.425492536681787 327
2 15 90 56.376448259445176 -61.737532616322042 327
2 15 90 9.337670385146303 73.082245665932632 327
2 15 90 -49.841929703553838 54.258536316632849 327
2 15 90 -2.037514123989340 -27.761615195471837 327
3 17 66 -25.962019644628416 75.559942269706298 327
2 15 90 -88.343578993607480 -34.934396382365563 436
2 15 90 -94.832165748614258 -5.644496383854957 436
2 15 90 -91.863805226750912 24.208289680635648 436
2 15 90 -67.494714382091672 6.711221028865857 436
1 34 109 -52.472708975281193 53.351754404436910 436
3 17 66 -35.528142682264992 5.248930442203893 436
2 15 90 -54.657860577173693 -20.403630702079731 436
2 15 90 -62.098157327872713 -49.466355699256752 436
1 34 109 -19.388739084596185 -73.485214817059983 436
1 34 109 12.026864382790023 -13.177173406482295 436
2 15 90 27.612335540244693 -59.632453933028991 436
1 34 109 74.945832360290964 12.614365296088582 436
2 15 90 56.869334123098803 -32.929462073608725 436
2 15 90 88.527455803203182 -34.465773878035968 436
2 15 90 71.463710856256213 -59.140226422835056 436
2 15 90 49.767832621185384 -79.859513756355483 436
1 34 109 34.852626792923822 67.537355631037030 436
3 17 66 -12.879937850871841 85.498487903972091 436
3 17 66 -4.740144331485539 35.390622131501857 436