2 27 73 83.000000000000000 0.000000000000000 0
1 20 85 76.987951807228910 46.613895745022205 0
2 27 73 35.194533956627033 25.112495224009798 0
2 27 73 83.000000000000000 0.000000000000014 85
2 27 73 65.433734939759049 -51.062964385485458 85
1 20 85 76.987951807228896 46.613895745022219 85
1 20 85 43.264871167018839 25.102181909674513 85
2 27 73 37.252822974247735 71.716077654696704 85
2 27 73 -15.858800329431141 81.470844184353666 85
1 20 85 -60.465180633146034 66.663047717615044 85
1 20 85 -83.380514381827624 33.877571067327693 85
1 20 85 -32.906324146586826 37.671507069466756 85
1 20 85 -55.821657895268402 4.886030419179438 85
2 27 73 -73.430446784682218 -38.690689900826939 85
2 27 73 -20.827083741165573 -26.488796748041707 85
1 20 85 5.268518832642314 12.601093585775695 85
3 20 90 18.450061811176479 -52.301697345613803 85
3 20 90 -15.654528357642803 -73.203298466505856 85
3 20 90 34.511397263491432 -15.667921898791356 85
3 20 90 4.731266858579332 -89.875553483207597 175
3 20 90 43.209896359574095 -78.948748290234889 175
3 20 90 14.507690729758622 -51.088680236050429 175
3 20 90 52.986320230753392 -40.161875043077728 175
3 20 90 -23.970938771236149 -62.015485429023144 175
3 20 90 -63.949388901520024 -63.328316408397804 175
3 20 90 -45.097108815391749 -28.049547501955345 175
3 20 90 -6.618479314396982 -17.122742308982637 175
2 27 73 -82.999600742461951 -0.257442405032982 175
2 27 73 -33.535559052019721 21.406088693248137 175
3 20 90 13.306912623164603 17.561241835497590 175
3 20 90 49.070642263311981 -0.353993084157915 175
3 20 90 85.503118294309502 -16.866857470774544 175
3 20 90 86.983474179121544 23.105739973653602 175
3 20 90 -77.132164522993449 46.374876776093643 175
3 20 90 -43.115570103316450 67.419384470197571 175
2 27 73 3.726901571867877 63.574537612447024 175
3 20 90 45.275277471636905 41.603364223401712 175
3 20 90 43.209896359574095 -78.948748290234889 265
3 20 90 4.731266858579332 -89.875553483207597 265
3 20 90 14.507690729758622 -51.088680236050429 265
3 20 90 52.986320230753392 -40.161875043077728 265
3 20 90 -23.970938771236149 -62.015485429023144 265
3 20 90 -63.949388901520024 -63.328316408397804 265
3 20 90 -45.097108815391749 -28.049547501955345 265
3 20 90 -6.618479314396982 -17.122742308982637 265
2 27 73 -82.999600742461951 -0.257442405032982 265
2 27 73 -33.535559052019721 21.406088693248137 265
3 20 90 13.306912623164603 17.561241835497590 265
3 20 90 49.070642263311981 -0.353993084157915 265
3 20 90 85.503118294309502 -16.866857470774544 265
3 20 90 86.983474179121544 23.105739973653602 265
3 20 90 -77.132164522993449 46.374876776093643 265
3 20 90 -43.115570103316450 67.419384470197571 265
2 27 73 3.726901571867877 63.574537612447024 265
3 20 90 45.275277471636905 41.603364223401712 265
3 20 90 73.153237690776450 -52.427128620178735 355
3 20 90 88.646556762072336 -15.549532926383581 355
3 20 90 88.646556762072336 -15.549532926383581 445
3 20 90 73.153237690776450 -52.427128620178735 445
2 27 73 77.359495699620197 30.075046551924778 355
2 27 73 41.902299532107342 -10.653165291200764 355
2 27 73 27.274997397264677 -62.634335268953549 355
2 27 73 -10.428365254484888 -23.976135042473057 355
2 27 73 -24.042849848690629 -79.441433592007371 355
2 27 73 -67.828054920918433 -47.836753293308618 355
2 27 73 -82.902763818171906 4.016435149284447 355
2 27 73 -33.150874776495797 25.010470892436580 355
2 27 73 19.179790010096436 38.333440643708869 355
3 20 90 -74.642075857880855 50.284794039812482 355
3 20 90 -40.672270174568695 71.404744367358546 355
3 20 90 -5.179432178530959 89.850840186989899 355
3 20 90 34.206117436541341 82.866680859005015 355
2 27 73 77.359495699620197 30.075046551924778 445
2 27 73 41.902299532107342 -10.653165291200764 445
2 27 73 27.274997397264677 -62.634335268953549 445
2 27 73 -10.428365254484888 -23.976135042473057 445
2 27 73 -24.042849848690629 -79.441433592007371 445
2 27 73 -67.828054920918433 -47.836753293308618 445
2 27 73 -82.902763818171906 4.016435149284447 445
2 27 73 -33.150874776495797 25.010470892436580 445
2 27 73 19.179790010096436 38.333440643708869 445
3 20 90 -74.642075857880855 50.284794039812482 445
3 20 90 -40.672270174568695 71.404744367358546 445
1 20 85 -5.179432178530959 89.850840186989899 445
1 20 85 34.206117436541341 82.866680859005015 445