1 10 49 100.000000000000000 0.000000000000000 0
1 10 49 98.000000000000000 19.899748742132399 0
1 10 49 81.766312060385914 8.217823563497323 0
1 10 49 83.766312060385914 -11.681925178635078 0
1 10 49 98.000000000000000 19.899748742132399 49
1 10 49 65.532624120771828 -3.464101615137756 0
1 10 49 63.532624120771821 16.435647126994645 0
1 10 49 100.000000000000000 0.000000000000000 49
1 10 49 81.766312060385914 8.217823563497323 49
1 10 49 83.766312060385914 -11.681925178635078 49
3 32 103 57.888331006764687 -44.762585640427872 0
1 10 49 65.532624120771828 -3.464101615137756 49
2 20 60 36.124093348832190 2.463656631946844 0
1 10 49 63.532624120771821 16.435647126994645 49
3 32 103 44.364570464000749 53.806567894499764 0
2 20 60 89.919769597160354 -3.799346732478817 103
1 10 49 96.714916615266048 25.420954036033642 103
1 10 49 89.721912301937067 44.158560357913771 103
2 20 60 64.856247114173613 27.374678364463961 103
2 20 60 50.390510683500892 -9.917981362596379 103
2 20 60 25.326988200514144 21.256043734346399 103
2 20 60 39.792724631186864 58.548703461406745 103
1 10 49 49.302369463851996 87.001588291535427 103
3 32 103 -12.191335256621905 57.261257314683839 103
1 10 49 -29.353231046464103 95.594915278653261 103
1 10 49 -47.789314376241165 87.841797747136241 103
1 10 49 -64.313825130968567 76.575008305733760 103
2 20 60 -75.627535282110358 48.790120999574839 103
1 10 49 -96.277978184129964 27.028705421758485 103
2 20 60 -72.356815853407682 8.924065332896365 103
2 20 60 -85.215871317516260 -28.952638491103173 103
1 10 49 -99.960064713984252 -2.825856043056689 103
2 20 60 -45.984155862259193 -21.150555279694519 103
2 20 60 -58.843211326367758 -59.027259103694036 103
3 32 103 -6.961639005514051 -55.519773748624552 103
2 20 60 38.047057975242403 -81.562377230120902 103
2 20 60 69.632877214495153 -57.019842255403006 103
2 20 60 -6.070147229034205 -3.527416210112520 103
1 10 49 -27.005078765243347 17.960455754654866 103
1 10 49 -29.353231046464103 95.594915278653261 206
1 10 49 -47.789314376241165 87.841797747136241 206
1 10 49 -64.313825130968567 76.575008305733760 206
1 10 49 -46.294243878260033 67.897756927731905 206
1 10 49 -27.858160548482974 75.650874459248925 206
2 20 60 -75.627535282110358 48.790120999574839 206
1 10 49 -96.277978184129964 27.028705421758485 206
2 20 60 -72.356815853407682 8.924065332896365 206
1 10 49 -99.960064713984252 -2.825856043056689 206
2 20 60 -85.215871317516260 -28.952638491103173 206
2 20 60 -39.467158611730881 31.689619280143443 206
1 10 49 -43.185655689698500 1.920964969255515 206
2 20 60 -45.226991656589711 -28.009503578200885 206
2 20 60 -0.400562782149308 87.737243843899904 206
1 10 49 -14.159713265464660 61.078553366356132 206
1 10 49 -11.055239416464051 41.320966415494155 206
3 32 103 -0.061552834961297 -2.239693023023320 206
3 32 103 -9.269745077897802 -65.573800702986134 206
2 20 60 40.594060017912895 -80.325103742616392 206
1 10 49 16.787942205622983 -98.580753681946774 206
2 20 60 -61.268556099900550 -65.925442990042455 206
1 10 49 69.411790178093284 -71.986133277683095 206
1 10 49 -43.355572045134423 -90.112675982012419 206
2 20 60 36.315752976286234 -40.554560763451924 206
3 32 103 77.500972308914044 -8.809045985402705 206
1 10 49 65.119270401702082 -48.942491612223037 206
1 10 49 -43.355572045134423 -90.112675982012419 309
1 10 49 -24.556264498999372 -96.938072365068109 309
1 10 49 -4.774706372904351 -99.885945853521093 309
1 10 49 -12.112552107808924 -81.280677245657813 309
1 10 49 7.669006018286103 -84.228550734110797 309
2 20 60 -34.596839012399492 -61.419739644626546 309
2 20 60 4.776720302145300 -54.368298167593409 309
2 20 60 -21.016786807537059 -23.795516302300776 309
2 20 60 18.356772507007733 -16.744074825267646 309
2 20 60 44.150279616690099 -47.316856690560272 309
3 32 103 -73.293619193041593 -26.684178563062513 309
1 10 49 -40.243811640147491 -0.766805611378850 309
3 32 103 77.635381903983642 -7.533092102358090 309
3 32 103 -68.588797881523860 37.142654794285619 309
3 32 103 57.138596308248765 53.095958527207898 309
3 32 103 -5.022584080418671 29.703806564069822 309
2 20 60 11.964658393833972 78.850867443851314 309
2 20 60 -51.424114258083137 -73.861765973821733 412
2 20 60 -14.338554034560019 -88.850469150128873 412
2 20 60 -14.338554034560019 -88.850469150128873 472
2 20 60 25.579313158752736 -86.288462370855001 472
3 32 103 -54.491646107423371 -55.809143556440020 472
3 32 103 -77.909680711647695 3.752552652410110 472
3 32 103 61.179041082373551 -48.385172648666348 472
3 32 103 76.790727361815456 13.681527372458397 472
3 32 103 1.604532872791237 -24.999750446225576 472
3 32 103 17.216219152233140 37.066949574899169 472
2 20 60 13.714592561064030 88.948917648749429 472
2 20 60 63.360690866367293 63.917312622924328 472
2 20 60 -26.184309650638628 86.106805353116386 472