3 13 67 97.000000000000000 0.000000000000000 0
2 17 90 88.443298969072160 28.753832222285070 0
2 17 90 72.197729258507948 58.621565058561728 0
1 19 119 52.444024983664320 28.525200370745619 0
2 17 90 46.302422581492671 80.654111259655437 0
1 19 119 23.325303191276685 52.940360439390048 0
2 17 90 12.982979237334213 87.422766608793424 0
1 19 119 -13.352297681689976 62.877844738917524 0
2 17 90 -43.843224422281438 82.016898699337958 0
2 17 90 -46.178071691629206 48.097162730011490 0
2 17 90 -80.164726305952968 47.144635498555424 0
2 17 90 -91.752703045906856 15.180299198949761 0
2 17 90 -91.077282315509450 -18.812991416066460 0
2 17 90 -61.975939449876968 -1.231414597791556 0
2 17 90 -61.300518719479555 -35.224705212807770 0
3 13 67 -74.435095540193075 -62.196595983400321 0
3 13 67 -16.659157969297503 94.706521667722541 0
1 19 119 -29.911227858265946 -17.597668614725489 0
3 13 67 -34.768654614493052 -49.226854587619087 0
1 19 119 -43.185219997408126 -80.100167127013293 0
1 19 119 -18.387573758421688 25.212927444025006 0
2 17 90 3.241359300420790 -3.565350036326578 0
2 17 90 0.137738521213285 -37.423399862902109 0
3 13 67 -13.480769643238357 -64.154210463681949 0
3 13 67 -12.802759149534491 -90.145368609682833 0
3 13 67 -71.618999225186528 -65.419560912488024 119
1 19 119 -83.672282509442624 -35.776376838076018 119
1 19 119 -46.849080286994294 -45.159967733073337 119
2 17 90 -92.994576773922134 -1.004335919452153 119
2 17 90 -87.140875422169714 32.487964396956279 119
2 17 90 -69.640179968436911 61.638018575905875 119
2 17 90 -42.831582093208780 82.549715780205545 119
2 17 90 -38.125820015651314 48.876940378266639 119
2 17 90 -61.062543192858634 10.672360161967161 119
3 13 67 -43.128534808611981 -13.376992080323497 119
2 17 90 -16.111809322488806 -26.419098658919705 119
2 17 90 -14.218320818561406 -60.366332733075069 119
2 17 90 -41.430664062711493 -80.749864693031356 119
1 19 119 -9.050846700074175 70.105362992735124 119
2 17 90 -7.485899641174733 34.139393789850544 119
2 17 90 2.904193161690182 1.765855652231813 119
3 13 67 13.886997053432363 -26.151486962629164 119
1 19 119 21.641950897698209 -57.197592851666307 119
2 17 90 4.412920377492296 -88.807093121898561 119
3 13 67 34.352292683812820 -90.713394751633345 119
2 17 90 58.212245619689767 -72.528163218937976 119
2 17 90 80.390914419699058 -46.757896432203012 119
1 19 119 90.189665604593145 -12.117104362497997 119
1 19 119 53.672884338938303 -22.630176510843601 119
2 17 90 89.881423711228265 23.881575987414479 119
2 17 90 75.290988691873451 54.591821931496156 119
3 13 67 60.259483287430491 28.629274959440384 119
3 13 67 45.626102182009575 50.120300003014044 119
2 17 90 25.868500562299324 27.545154859807923 119
3 13 67 53.274346943997529 74.969934850647604 119
3 13 67 20.573273985457860 57.074133431711019 119
2 17 90 25.638678817784026 86.643402511021165 119
3 13 67 -71.618999225186542 -65.419560912488009 238
2 17 90 -84.693645761568661 -38.418568005769345 238
3 13 67 -55.439610737998407 -45.066983970472926 238
2 17 90 -42.364964201616296 -72.067976877191583 238
2 17 90 -25.548083099588634 -42.518145913203561 238
2 17 90 -8.365619358252832 -71.856907641975965 238
1 19 119 -90.951629543070737 -2.966662006367031 238
2 17 90 -57.061836719730152 -15.110876365108130 238
1 19 119 -22.061190620217452 -6.687410770908411 238
2 17 90 -87.017231702067136 32.817699293350280 238
2 17 90 -69.406282062238958 61.901276322034974 238
2 17 90 -56.008524916323758 18.872804045418405 238
2 17 90 -23.639825154651049 29.277960254658584 238
2 17 90 5.836417706405641 -29.440947850983012 238
2 17 90 23.018881447741446 -58.779709579755419 238
2 17 90 51.395989821943928 -77.507755935923186 238
2 17 90 75.820001587570630 -53.854687440006430 238
2 17 90 7.005701677260550 14.552075384995025 238
3 13 67 16.833913342642575 -88.135223023381471 238
1 19 119 -39.519560721676513 81.970752835177279 238
2 17 90 -10.517053601160796 60.643432780270359 238
1 19 119 47.157966799415028 -32.071947442417560 238
2 17 90 81.171403056285186 -20.278468142404751 238
2 17 90 92.239429810653064 11.869607752811703 238
2 17 90 58.864366025421518 5.380762144251886 238
2 17 90 69.932392779789396 37.528838039468340 238
1 19 119 56.840946408753837 71.064103535872277 238
2 17 90 25.826185481548766 89.342084951452975 238
1 19 119 24.290796069325840 51.455745295554550 238
3 13 67 -68.588005176404266 68.590710347112903 357
2 17 90 -82.870053864301326 42.208460911620513 357
2 17 90 -92.503020795189883 9.601621934062322 357
2 17 90 -89.772304983652788 -24.288541700193299 357
2 17 90 -59.448186438071602 17.562647346876510 357
2 17 90 -56.717470626534507 -16.327516287379098 357
2 17 90 -66.350437557423049 -48.934355264937288 357
3 13 67 -53.345344759169862 47.527441289227426 357
3 13 67 -32.878484836457886 31.492864746515536 357
3 13 67 -95.810698049827906 15.142989771003062 447
2 17 90 -91.847764940985869 -14.594110981673625 447
3 13 67 -71.095662236163733 7.070381473228567 447
1 19 119 -56.498135910001793 -21.406139121061202 447
3 13 67 -80.632456207294624 -42.418863451515818 447
1 19 119 -53.436610083376223 -59.282610176492234 447
2 17 90 -24.489004336444143 -37.880831710201520 447
3 13 67 -22.596794475428737 -67.821097938842115 447
1 19 119 -39.580608443716997 12.620280973146475 447
1 19 119 -6.767494934591486 -6.544780514812403 447
2 17 90 9.502097511000279 -38.658646081796753 447
1 19 119 8.666291427619772 -74.648942387759334 447
3 13 67 36.902386255434401 -89.706264489469888 447
2 17 90 41.583835251606423 -60.073781716400731 447
2 17 90 75.166515943015213 -54.763079542593651 447
2 17 90 53.775972602860641 -28.334976023556024 447
2 17 90 89.826824677186465 -24.086128132474975 447
2 17 90 92.481143201295566 9.810104595847083 447
3 13 67 -17.346741180898512 -93.285522935385671 447
1 19 119 56.551665261560998 7.557857944583592 447
2 17 90 74.582025243266870 38.717224416482523 447
1 19 119 38.659790638377004 41.082189742074569 447
2 17 90 60.530005713526435 69.677533638707573 447
1 19 119 -74.374481730925851 38.901959233697305 447
1 19 119 -38.218532851106957 50.595861944081150 447
1 19 119 -5.405419341981432 31.430800456122277 447
2 17 90 10.623984093760566 63.665226548333422 447
3 13 67 -67.085654942096170 70.060794321717538 447
3 13 67 -44.022754388097972 82.065069311752964 447
2 17 90 -14.383110693326024 86.700964225031925 447
3 13 67 14.867698612951186 93.363557933776804 447
3 13 67 19.645782915539176 11.520068037328773 447
3 13 67 26.097441162479633 -13.666756015431142 447