3 23 67 87.000000000000000 0.000000000000000 0
3 23 67 74.839080459770116 -44.363408750185719 0
3 23 67 74.839080459770116 44.363408750185719 0
3 23 67 42.499701253751368 11.650039119875204 0
3 23 67 30.338781713521481 56.013447870060929 0
3 23 67 30.338781713521474 -32.713369630310524 0
3 23 67 -2.000597492497270 0.000000000000009 0
3 23 67 -14.161517032727161 44.363408750185734 0
3 23 67 -53.024274858203526 68.974098586075669 0
3 23 67 -80.784070128548748 32.294488902376486 0
3 23 67 -85.959760181294669 -13.413412301659417 0
1 19 43 -14.791095704176627 86.358689802899931 0
2 20 97 -44.999351418171052 -0.327354302482316 0
1 19 43 -52.368339858011318 -38.624847815419955 0
3 23 67 -86.145807898618685 12.161405407858425 97
1 19 43 -74.349317298267664 52.470744394200430 97
1 19 43 -46.652419677952665 26.453791032790292 97
3 23 67 -34.855929077601644 66.763130019132291 97
1 19 43 -0.553513249501968 90.998316594773470 97
1 19 43 4.961717070388787 53.400680571765875 97
1 19 43 -9.542444626742297 18.277621287821436 97
1 19 43 -35.178202857144242 -9.772474967849043 97
1 19 43 -69.374177582081089 -26.344599533259483 97
1 19 43 -74.349317298267664 52.470744394200430 164
3 23 67 -86.145807898618671 12.161405407858439 164
1 19 43 -85.969066908357064 -29.838222716951940 164
1 19 43 -52.152364136111210 -12.505288354485209 164
1 19 43 -46.652419677952651 26.453791032790317 164
1 19 43 -17.210289101280203 2.429616809600683 164
3 23 67 -51.975623145849596 -54.504916479295566 164
3 23 67 -17.697626561477819 -85.180948656906111 164
1 19 43 -11.401092040695637 -43.655611174489437 164
1 19 43 19.528097327871134 -65.732414498416048 164
3 23 67 61.334245549814518 -61.701785410432464 164
1 19 43 86.548711613884578 -28.112639825826413 164
1 19 43 49.125789371263920 -21.515300148140490 164
1 19 43 73.550714250845289 7.595231358975745 164
3 23 67 32.643969035616195 17.115640798507819 164
1 19 43 -85.969066908357064 -29.838222716951940 231
3 23 67 -86.145807898618685 12.161405407858425 231
1 19 43 -74.349317298267664 52.470744394200430 231
1 19 43 -46.652419677952665 26.453791032790292 231
3 23 67 -34.855929077601644 66.763130019132291 231
1 19 43 -0.553513249501968 90.998316594773470 231
1 19 43 4.961717070388787 53.400680571765875 231
1 19 43 -9.542444626742297 18.277621287821436 231
1 19 43 -35.178202857144242 -9.772474967849043 231
1 19 43 -50.863335235815285 -44.384273855852037 231
1 19 43 -74.349317298267664 52.470744394200430 298
3 23 67 -86.145807898618671 12.161405407858439 298
1 19 43 -85.969066908357064 -29.838222716951940 298
1 19 43 -52.152364136111210 -12.505288354485209 298
1 19 43 -46.652419677952651 26.453791032790317 298
1 19 43 -17.210289101280203 2.429616809600683 298
3 23 67 -51.975623145849596 -54.504916479295566 298
3 23 67 -17.697626561477819 -85.180948656906111 298
1 19 43 -11.401092040695637 -43.655611174489437 298
1 19 43 19.528097327871134 -65.732414498416048 298
3 23 67 61.334245549814518 -61.701785410432464 298
1 19 43 86.548711613884578 -28.112639825826413 298
1 19 43 49.125789371263920 -21.515300148140490 298
1 19 43 73.550714250845289 7.595231358975745 298
3 23 67 32.643969035616195 17.115640798507819 298
1 19 43 -85.969066908357064 -29.838222716951940 365
3 23 67 -86.145807898618685 12.161405407858425 365
1 19 43 -74.349317298267664 52.470744394200430 365
1 19 43 -46.652419677952665 26.453791032790292 365
3 23 67 -34.855929077601644 66.763130019132291 365
1 19 43 -0.553513249501968 90.998316594773470 365
1 19 43 4.961717070388787 53.400680571765875 365
1 19 43 -9.542444626742297 18.277621287821436 365
1 19 43 -35.178202857144242 -9.772474967849043 365
1 19 43 -50.863335235815285 -44.384273855852037 365
1 19 43 -74.349317298267664 52.470744394200430 432
3 23 67 -86.145807898618671 12.161405407858439 432
1 19 43 -85.969066908357064 -29.838222716951940 432
1 19 43 -52.152364136111210 -12.505288354485209 432
1 19 43 -46.652419677952651 26.453791032790317 432
3 23 67 -51.975623145849596 -54.504916479295566 432
3 23 67 -17.697626561477819 -85.180948656906111 432
3 23 67 -8.270401700544102 -40.157316735198663 432
3 23 67 26.007594883827668 -70.833348912809200 432
3 23 67 68.613095503867569 -53.490589129090225 432
3 23 67 86.298457986550659 -11.026157496768718 432
3 23 67 79.858105434283118 34.520761817302379 432
3 23 67 43.633492520311243 6.169793240675196 432
3 23 67 37.193139968043695 51.716712554746280 432
3 23 67 -7.907805751981664 42.666591276038098 432
3 23 67 6.805032173339627 86.250216643637202 432
3 23 67 -17.697626561477819 -85.180948656906111 499
3 23 67 28.211990170270180 -82.298746106077331 499
3 23 67 66.234624315112157 -56.408993448172367 499
3 23 67 2.761121176526149 -43.980953013790838 499
3 23 67 40.783755321368119 -18.091200355885874 499