2 27 108 83.000000000000000 0.000000000000000 0
2 27 108 65.433734939759034 -51.062964385485472 0
2 27 108 65.433734939759034 51.062964385485472 0
1 10 101 51.878468792414829 -85.490493481757611 0
1 10 101 51.878468792414829 85.490493481757611 0
1 10 101 35.941871106099001 -73.406419078456651 0
1 10 101 35.941871106099001 73.406419078456651 0
1 10 101 33.445054534777015 93.249954726348946 0
1 10 101 28.622326402591082 -54.793943011760170 0
1 10 101 32.058489087590964 -35.091334402689782 0
1 10 101 45.246367142106720 -20.055381741843114 0
1 10 101 46.000065439702041 -0.069588315606513 0
1 10 101 45.451358959171330 19.922883297433827 0
2 27 108 13.078079766445388 37.838541094729962 0
3 16 74 10.636504430373403 80.769167806650728 0
3 16 74 -19.331416891133252 91.990740408919464 0
2 27 108 -38.587730386125926 53.543446738459863 0
2 27 108 -80.637122425280850 19.663531904779195 0
1 10 101 -99.238073001073687 -12.320911777687947 0
1 10 101 -75.484677932659778 56.303023109631624 0
1 10 101 -79.875148486748344 -17.328621259331126 0
1 10 101 -93.893414369786214 -31.593551039475742 0
2 27 108 -30.271559481682694 0.187647602020228 0
1 10 101 93.493975903614455 35.480649229324420 108
1 10 101 84.563536336829259 53.376102538587020 108
3 16 74 93.520677019684044 9.480662939897243 108
1 10 101 73.530838942162148 36.694388352158050 108
1 10 101 64.600399375376952 54.589841661420650 108
3 16 74 47.591075187654440 34.925587526647121 108
3 16 74 41.397082244074632 66.320403203998751 108
2 27 108 5.336498417433980 42.897459450451827 108
1 10 101 18.001374031831165 77.662397616251113 108
2 27 108 30.864091888683610 -4.687642961612120 108
2 27 108 -23.109612377472743 -3.002636199164108 108
1 10 101 -30.390089879630082 33.274004319778392 108
1 10 101 -30.178997284626270 53.272890286660015 108
2 27 108 56.175979286223274 61.100403854915832 216
2 27 108 6.696824007394959 82.729393495987736 216
1 10 101 21.303531905479488 48.734627952156799 216
2 27 108 -11.669723359954553 31.948787574012890 216
2 27 108 -58.442190477469737 58.936494400287714 216
2 27 108 -82.332083320107472 10.508475444653293 216
2 27 108 -71.372164149182495 -42.367607728807954 216
2 27 108 37.809431918873770 10.319797932940979 216
2 27 108 -5.661400207899131 -21.715912675783301 216
2 27 108 -26.046514230848253 -71.720383738592915 216
1 10 101 -30.302453916296244 82.960549558977220 216
1 10 101 -52.080441278846223 -10.795002060378488 216
1 10 101 -46.302498295290228 18.926848383616360 216
1 10 101 -36.362332828427540 1.571932351223964 216
3 16 74 88.226989753538987 32.434522950537207 216
1 10 101 37.159441648214141 92.839516890131264 324
2 27 108 56.175979286223281 61.100403854915832 324
1 10 101 23.419808620049857 78.306021637736634 324
3 16 74 88.226989753538987 32.434522950537207 324
3 16 74 13.737127401264683 54.176254038039680 324
1 10 101 3.421547241926230 78.042313745839436 324
2 27 108 -33.518171001471323 75.931101748335820 324
1 10 101 -70.214841670766674 71.203061796169749 324
1 10 101 -82.979775231494386 55.806423488077698 324
1 10 101 -3.073776978144274 96.958200277434130 324
1 10 101 16.924484399979352 97.221908169331329 324
3 16 74 -88.916583179568107 30.493298209130227 324
1 10 101 -63.263428543442160 52.449985900912978 324
3 16 74 -57.087097084778350 27.194235472293364 324
3 16 74 -75.858912270952572 1.278623293220321 324
3 16 74 -89.893729308315031 -27.479400121607089 324
2 27 108 -47.007512937303595 -30.605491191744122 324
1 10 101 -78.105422868159607 -50.653433678003573 324
2 27 108 -16.236433376668550 13.769509232741154 324
2 27 108 6.807904503563428 -35.066527580883530 324
2 27 108 -23.963175057071613 -79.441528005368809 324
1 10 101 -60.962771814879716 -79.268786118161970 324
1 10 101 37.159441648214141 92.839516890131264 432
3 16 74 56.317388923509554 75.261887465291238 432
3 16 74 24.754720852410706 69.989508094111912 432
3 16 74 45.102069361790456 45.291625418913981 432
3 16 74 13.539401290691607 40.019246047734654 432
3 16 74 -6.807947218688142 64.717128722932586 432
3 16 74 -25.979116316575602 90.338726554063371 432
1 10 101 5.596773577115308 87.567137518951938 432
2 27 108 -56.884521901423575 60.441303493939145 432
1 10 101 -89.913937447854465 43.766241015459769 432
2 27 108 -75.421424137953807 9.722635772149360 432
2 27 108 -70.353159985320232 -44.038992723266688 432
1 10 101 -98.073839730574193 -19.532587143070579 432
2 27 108 35.896777075060086 3.288499417199986 432
2 27 108 76.407920032198788 -32.416504382075431 432
1 10 101 99.925769344059873 -3.852352657499480 432
1 10 101 81.624527267659317 4.213906603210292 432
3 16 74 89.407757574117539 29.021593436057703 432
2 27 108 25.230908221237033 -49.647681419662881 432
2 27 108 -21.097798092111546 -21.905097341543986 432
1 10 101 -0.668500583219656 8.943627158719938 432
2 27 108 -26.556963353436963 -75.628439704520048 432
1 10 101 -9.030385259075555 27.111700382584001 432
1 10 101 -21.143453142764312 43.026271895670618 432
1 10 101 -36.145558759350507 29.799903268235759 432