3 21 89 89.000000000000000 0.000000000000000 0
3 21 89 79.089887640449433 -40.814086698358011 0
3 21 89 79.089887640449433 40.814086698358011 0
3 21 89 51.566524201773390 -72.538910811701044 0
3 21 89 51.566524201773390 72.538910811701044 0
2 24 84 35.265537885689056 -30.595164613693989 0
2 24 84 35.265537885689056 30.595164613693989 0
2 24 84 6.693194032059004 69.164856947311705 0
2 24 84 6.693194032059004 -69.164856947311705 0
3 21 89 -9.607792284025329 -27.221110749304646 0
3 21 89 -6.828705634985777 14.686844073105028 0
3 21 89 -32.838118271065831 47.664267476489947 0
3 21 89 -74.835026931978106 48.173838793375317 0
3 21 89 -88.593989940738183 8.491463147207497 0
3 21 89 79.089887640449433 -40.814086698358011 89
3 21 89 51.566524201773390 -72.538910811701044 89
1 24 70 35.265537885689056 -30.595164613693989 89
2 24 84 69.417245141806717 3.134064424225642 89
2 24 84 6.693194032059004 -69.164856947311705 89
2 24 84 -12.422967418188819 -25.135635157595051 89
3 21 89 79.089887640449433 -40.814086698357997 178
3 21 89 89.000000000000000 0.000000000000007 178
1 24 70 45.369226180370802 -11.016150684352466 178
2 24 84 60.250428555577997 34.618811963469739 178
2 24 84 37.665892493015527 -58.393979360868002 178
2 24 84 0.487156126683843 -28.033782355532107 178
2 24 84 8.190489814039120 19.344046320983423 178
2 24 84 23.071692189246313 64.979008968805630 178
3 21 89 51.566524201773404 -72.538910811701044 267
3 21 89 79.089887640449433 -40.814086698357997 267
3 21 89 89.000000000000000 0.000000000000007 267
1 24 70 45.369226180370802 -11.016150684352466 267
2 24 84 60.250428555577997 34.618811963469739 267
2 24 84 14.176503214525070 -47.499215714253680 267
3 21 89 -82.623146327169977 -33.081954159315586 0
3 21 89 -44.470653886404662 -50.642914285611255 0
3 21 89 -49.604932624373475 -7.124343254679904 0
3 21 89 79.089887640449433 -40.814086698357997 356
3 21 89 89.000000000000000 0.000000000000007 356
1 24 70 45.369226180370802 -11.016150684352466 356
2 24 84 60.250428555577997 34.618811963469739 356
2 24 84 37.665892493015527 -58.393979360868002 356
2 24 84 0.487156126683843 -28.033782355532107 356
2 24 84 8.190489814039120 19.344046320983423 356
2 24 84 23.071692189246313 64.979008968805630 356
3 21 89 89.000000000000000 0.000000000000007 445
3 21 89 79.089887640449433 -40.814086698358004 445
2 24 84 45.369226180370802 -11.016150684352471 445
3 21 89 60.902860498895784 31.217795435544293 445
1 24 70 37.665892493015527 -58.393979360868009 445
2 24 84 16.098497246448858 27.026252337497560 445
2 24 84 37.805177168644299 69.837699950902987 445
2 24 84 0.487156126683843 -28.033782355532114 445
3 21 89 -25.120038500502190 8.969887507407352 445
3 21 89 -22.072082860825731 50.859145872990339 445
3 21 89 -4.265701077863532 88.897715349238950 445
2 24 84 -66.965125254586226 53.959911041787102 445
3 21 89 -87.873991897054566 14.112460737815645 445
3 21 89 -84.561026311642593 -27.756671794753945 445