1 15 104 95.000000000000000 0.000000000000000 0
1 15 104 90.263157894736835 29.623678483095365 0
1 15 104 66.976720827465385 10.709613644674024 0
2 36 92 46.617825497826935 57.469803774279214 0
2 36 92 -24.301810492962609 69.895793913254423 0
2 36 92 62.214096138057577 -40.067521032933016 0
2 36 92 2.682252559852174 0.428893625405358 0
1 15 104 -43.268655049178435 22.553858933995855 0
2 36 92 -71.215925031437536 -20.107014246691843 0
3 21 88 -50.570539744047885 -73.236742895869384 0
3 21 88 -81.405210295949928 35.974876465002168 0
1 15 104 -27.194741316096362 -45.858429436932965 0
3 21 88 -8.718183375806145 -76.755303173269112 0
1 15 104 90.263157894736835 29.623678483095365 104
1 15 104 95.000000000000000 0.000000000000000 104
1 15 104 66.976720827465385 10.709613644674024 104
2 36 92 46.617825497826935 57.469803774279214 104
2 36 92 -24.301810492962609 69.895793913254423 104
2 36 92 62.214096138057577 -40.067521032933016 104
2 36 92 2.682252559852174 0.428893625405358 104
1 15 104 -43.268655049178435 22.553858933995855 104
2 36 92 -71.215925031437536 -20.107014246691843 104
3 21 88 -50.570539744047885 -73.236742895869384 104
3 21 88 -81.405210295949928 35.974876465002168 104
1 15 104 -27.194741316096362 -45.858429436932965 104
3 21 88 -8.718183375806145 -76.755303173269112 104
1 15 104 95.000000000000000 0.000000000000000 208
1 15 104 90.263157894736835 29.623678483095365 208
1 15 104 66.976720827465385 10.709613644674024 208
2 36 92 46.617825497826935 57.469803774279214 208
2 36 92 -24.301810492962609 69.895793913254423 208
2 36 92 62.214096138057577 -40.067521032933016 208
2 36 92 2.682252559852174 0.428893625405358 208
1 15 104 -43.268655049178435 22.553858933995855 208
2 36 92 -71.215925031437536 -20.107014246691843 208
3 21 88 -50.570539744047885 -73.236742895869384 208
3 21 88 -81.405210295949928 35.974876465002168 208
1 15 104 -27.194741316096362 -45.858429436932965 208
3 21 88 -8.718183375806145 -76.755303173269112 208
1 15 104 90.263157894736835 29.623678483095365 312
1 15 104 95.000000000000000 0.000000000000000 312
1 15 104 66.976720827465385 10.709613644674024 312
2 36 92 46.617825497826935 57.469803774279214 312
2 36 92 -24.301810492962609 69.895793913254423 312
2 36 92 62.214096138057577 -40.067521032933016 312
2 36 92 2.682252559852174 0.428893625405358 312
1 15 104 -43.268655049178435 22.553858933995855 312
2 36 92 -71.215925031437536 -20.107014246691843 312
3 21 88 -50.570539744047885 -73.236742895869384 312
3 21 88 -81.405210295949928 35.974876465002168 312
1 15 104 -27.194741316096362 -45.858429436932965 312
3 21 88 -8.718183375806145 -76.755303173269112 312
1 15 104 95.000000000000000 0.000000000000000 416
1 15 104 90.263157894736835 29.623678483095365 416
1 15 104 66.976720827465385 10.709613644674024 416
2 36 92 62.214096138057577 -40.067521032933016 416
3 21 88 57.987130537111895 45.569149878129316 416
1 15 104 37.604959310387770 4.602271720078788 416
1 15 104 24.760341854248633 31.713446582217198 416
2 36 92 -12.867794572644499 -2.712173950158366 416
2 36 92 -2.477475937402694 -73.958516162640734 416
2 36 92 -9.795273752007546 69.222237952676807 416
3 21 88 -65.996258918544115 59.711756034774979 416
3 21 88 -86.030533598563721 22.797966767815041 416
3 21 88 -86.905881215350590 -19.192910414613365 416
3 21 88 -59.004331243215972 -66.629489676425152 416