3 11 78 99.000000000000000 0.000000000000000 0
3 11 78 96.555555555555557 21.863775779997951 0
3 11 78 78.843192529652626 8.814936902970350 0
3 11 78 81.287636974097069 -13.048838877027592 0
3 11 78 76.398748085208183 30.678712682968296 0
3 11 78 84.861216147439819 50.986017632067515 0
3 11 78 63.043340148006621 48.161077478124973 0
3 11 78 61.130829503749695 -4.233901974057249 0
3 11 78 58.686385059305252 17.629873805940697 0
2 23 75 43.004411673530228 75.628173167236682 0
3 11 78 42.031369059010231 41.642099724275845 0
2 23 75 27.936397126109341 3.123384151020523 0
3 11 78 20.679845432286609 36.339983277283864 0
2 23 75 -1.073566562916817 62.470216084645912 0
3 11 78 13.802926360398244 93.042915643280850 0
2 23 75 -45.577629284560345 74.105868248062421 0
3 11 78 -77.295129074440993 61.858411080187842 0
3 11 78 -63.156693272753081 45.003007404168997 0
3 11 78 -16.991764044920387 92.513701051006507 0
1 17 72 -31.603640079178724 36.626172068825881 0
3 11 78 96.555555555555557 21.863775779997951 78
3 11 78 99.000000000000000 0.000000000000000 78
3 11 78 78.843192529652626 8.814936902970350 78
3 11 78 76.398748085208183 30.678712682968296 78
3 11 78 84.861216147439819 50.986017632067515 78
3 11 78 81.287636974097069 -13.048838877027592 78
3 11 78 63.043340148006621 48.161077478124973 78
3 11 78 61.130829503749695 -4.233901974057249 78
3 11 78 58.686385059305252 17.629873805940697 78
2 23 75 43.004411673530228 75.628173167236682 78
3 11 78 42.031369059010231 41.642099724275845 78
2 23 75 27.936397126109341 3.123384151020523 78
3 11 78 20.679845432286609 36.339983277283864 78
2 23 75 -1.073566562916817 62.470216084645912 78
3 11 78 13.802926360398244 93.042915643280850 78
2 23 75 -45.577629284560345 74.105868248062421 78
3 11 78 -77.295129074440993 61.858411080187842 78
3 11 78 -63.156693272753081 45.003007404168997 78
3 11 78 -16.991764044920387 92.513701051006507 78
1 17 72 -31.603640079178724 36.626172068825881 78
3 11 78 99.000000000000000 0.000000000000000 156
3 11 78 96.555555555555557 21.863775779997951 156
3 11 78 78.843192529652626 8.814936902970350 156
3 11 78 81.287636974097069 -13.048838877027592 156
3 11 78 76.398748085208183 30.678712682968296 156
3 11 78 84.861216147439819 50.986017632067515 156
3 11 78 63.043340148006621 48.161077478124973 156
3 11 78 61.130829503749695 -4.233901974057249 156
3 11 78 58.686385059305252 17.629873805940697 156
2 23 75 43.004411673530228 75.628173167236682 156
3 11 78 42.031369059010231 41.642099724275845 156
2 23 75 27.936397126109341 3.123384151020523 156
3 11 78 20.679845432286609 36.339983277283864 156
2 23 75 -1.073566562916817 62.470216084645912 156
3 11 78 13.802926360398244 93.042915643280850 156
2 23 75 -45.577629284560345 74.105868248062421 156
3 11 78 -77.295129074440993 61.858411080187842 156
3 11 78 -63.156693272753081 45.003007404168997 156
3 11 78 -16.991764044920387 92.513701051006507 156
1 17 72 -31.603640079178724 36.626172068825881 156
3 11 78 96.555555555555557 21.863775779997951 234
3 11 78 99.000000000000000 0.000000000000000 234
3 11 78 78.843192529652626 8.814936902970350 234
3 11 78 76.398748085208183 30.678712682968296 234
3 11 78 84.861216147439819 50.986017632067515 234
3 11 78 81.287636974097069 -13.048838877027592 234
3 11 78 63.043340148006621 48.161077478124973 234
3 11 78 61.130829503749695 -4.233901974057249 234
3 11 78 58.686385059305252 17.629873805940697 234
2 23 75 43.004411673530228 75.628173167236682 234
3 11 78 42.031369059010231 41.642099724275845 234
2 23 75 27.936397126109341 3.123384151020523 234
3 11 78 20.679845432286609 36.339983277283864 234
3 11 78 89.342935528120705 42.647858928884894 312
2 23 75 61.244253883482898 61.791110738159489 312
2 23 75 86.557639459334055 8.762137366415516 312
2 23 75 41.958793804046564 20.029034286856593 312
2 23 75 78.926579602487834 -36.600478579550717 312
3 11 78 28.868457320109741 51.408057387286490 312
2 23 75 34.327733947200343 -25.333581659109644 312
3 11 78 13.450254006031813 1.501671857600535 312
2 23 75 -2.593598080109992 31.478242879617099 312
2 23 75 6.091336321019760 76.650932797841733 312
2 23 75 -39.903957018745842 77.308953001874784 312
3 11 78 36.395431019222976 92.067217840689537 312
3 11 78 -72.449077126215798 67.469483646754227 312
2 23 75 -79.950071807339526 34.307229821150727 312
2 23 75 -86.268684096507485 -11.256737727112402 312
2 23 75 -43.649824557917867 6.053167287935165 312
2 23 75 -49.968436847085826 -39.510800260327969 312
3 11 78 -88.074800674975890 -45.208732409383771 312
3 11 78 -75.915936574953776 -63.543454217941260 312
2 23 75 -1.073566562916817 62.470216084645912 234
3 11 78 13.802926360398244 93.042915643280850 234
2 23 75 -45.577629284560345 74.105868248062421 234
3 11 78 -77.295129074440993 61.858411080187842 234
2 23 75 -82.293324986737076 28.227799464840924 234
2 23 75 -85.184346847832629 -17.681262740770180 234
2 23 75 -64.261116108847062 -58.647326933503777 234
2 23 75 -33.402368286856635 29.746393277794844 234
2 23 75 -39.219458336272943 -15.884314182828440 234
2 23 75 -18.296227597287377 -56.850378375562045 234
1 17 72 59.434626732047462 -71.529889872850987 312
2 23 75 21.526117075633309 -84.294876971534450 312
1 17 72 -48.296872860856070 -79.475858421676108 312
1 17 72 -15.725477997038691 -69.723718316791903 312
1 17 72 -3.631328960770222 -37.947444792532849 312
1 17 72 91.821608346294980 14.757785765473457 390
1 17 72 80.380891411382763 46.775124755702073 390
1 17 72 58.196700031845900 72.540637613708270 390
1 17 72 90.989718130286050 -19.232035632534938 390
1 17 72 46.975207045046375 40.445807887610499 390
2 23 75 18.407098924598628 68.443364895649751 390
2 23 75 55.208768790568499 -1.351217296995402 390
1 17 72 20.697132933030531 18.871220499588375 390
1 17 72 -7.458095361370329 37.931207899641116 390
1 17 72 -21.590785278798347 68.854776188210735 390
2 23 75 62.045281201258561 -46.840359936294305 390
1 17 72 26.264331861541017 -28.959541600754768 390
2 23 75 -61.003977740131091 62.028337877792517 390
1 17 72 -87.347521058304466 31.928209548439430 390
1 17 72 -92.986219049263156 -1.600958126388996 390
1 17 72 -54.671445448915058 22.532780725364518 390
1 17 72 -60.310143439873741 -10.996386949463894 390
1 17 72 -84.784861284799845 -34.596984111638754 390
2 23 75 -47.414439308568987 -48.860628853374365 390
2 23 75 -2.159084256527757 -57.103980059873265 390
1 17 72 19.026433961149063 -91.032932561365016 390
1 17 72 -25.846140754142841 -89.336314050429877 390
2 23 75 -17.647810225403223 -13.790017324271673 390
1 17 72 58.196700031845900 72.540637613708270 465
1 17 72 28.234108231819505 88.610581379166561 465
2 23 75 78.285992842835554 37.951328364254920 465
1 17 72 38.840446267531931 44.588259535779351 465
1 17 72 92.996937618645603 0.754714219912863 465
1 17 72 87.053356588378620 -32.721752805994321 465
1 17 72 61.033676230124399 -10.836227131378235 465
1 17 72 8.877854467505543 60.658203301237634 465
1 17 72 34.827705821476222 10.825885298877868 465
1 17 72 4.865114021449845 26.895829064336159 465
1 17 72 -22.367589536756242 47.252151347864427 465
1 17 72 -18.354849090700540 81.014525584765906 465
1 17 72 -52.119731171785872 77.022942183357102 465
2 23 75 -61.304547725748968 38.091731762024892 465
1 17 72 -92.140638426339109 12.613593872748552 465
1 17 72 -90.516737747719787 -21.347603788493913 465
2 23 75 -53.112476779243529 -7.172934077981280 465
2 23 75 50.736890184277982 -49.488215400108515 465
1 17 72 22.715480991682750 -20.943502634674367 465
1 17 72 -7.247110808343631 -4.873558869216077 465
2 23 75 -22.763978174300895 -41.741252411764819 465
1 17 72 -62.531433976141457 -46.048160705269318 465
1 17 72 -50.740754064636363 -77.938282486542448 465
2 23 75 -11.231014466989141 -86.272036686531749 465