3 27 108 83.000000000000000 0.000000000000000 0
2 11 71 91.843373493975903 36.956660363810535 0
2 11 71 69.881398293585008 35.663739137511172 0
2 11 71 91.843373493975903 -36.956660363810535 108
2 11 71 97.737374622011316 -15.760888363179902 108
2 11 71 76.434297052624558 -21.254419656682416 108
3 27 108 34.092146708192679 22.891524335156284 0
1 18 86 56.980217868290865 61.636023281074813 0
3 27 108 38.721431748501317 -30.909681227689379 0
2 11 71 9.765743474374183 -6.301387573484574 0
3 27 108 13.376838955381587 72.760111889911883 0
2 11 71 -15.180889198325062 97.829139846715293 0
1 18 86 -40.009591232158286 82.844629333684637 0
3 27 108 -28.948275494114835 39.225283922006206 0
2 11 71 -2.427298233188673 12.010623073018250 0
3 27 108 -29.383551392823275 -14.772961742941124 0
2 11 71 -55.904528653749438 12.441699106046830 0
1 18 86 -73.775099851639609 35.281197460019897 0
1 18 86 -91.905008286545666 4.179647335598077 0
2 11 71 -95.909670506009121 -24.542516240776216 0
2 11 71 -74.596410393562650 -19.088623742825945 0
1 18 86 -78.601072613026105 -47.810787319200237 0
1 18 86 71.621874847794444 -57.743458878793099 108
3 27 108 38.855846491541129 -26.898890706143902 108
2 11 71 67.008581712430697 -1.375891282438154 108
2 11 71 88.311659281817441 4.117640011064355 108
3 27 108 41.759730837285048 27.022973650594945 108
3 27 108 -6.389915687941411 2.576879085291711 108
3 27 108 -3.486031342197482 56.498743442030566 108
1 18 86 -39.944892396470564 82.875844318078521 108
1 18 86 38.787362941834203 71.924699999301112 108
2 11 71 -67.126103048734947 72.767343564889174 108
1 18 86 -51.049603986339783 48.631350154697678 108
1 18 86 -84.715330710658122 35.879140772652633 108
1 18 86 -56.838730069269680 13.099870883550793 108
2 11 71 67.786467594780731 72.152580071829320 108
3 27 108 -78.755611635594150 -26.202168534368823 108
2 11 71 -98.813562620655176 6.072877589237095 108
2 11 71 -98.813562620655176 6.072877589237095 216
2 11 71 -95.032549508187714 27.745531783944060 216
1 18 86 -89.480261776974601 -21.384170601734777 216
2 11 71 -76.854993149398467 4.723349236073297 216
2 11 71 -62.162333328256921 -11.651196479158406 216
3 27 108 -58.430553629781571 37.957970166482284 216
2 11 71 -63.191287501383329 -33.627120880866876 216
2 11 71 -45.185374570942798 2.341046777462580 216
2 11 71 -41.556215833434585 -19.357552413682637 216
1 18 86 -38.089544395413448 -48.149603211442923 216
2 11 71 -66.161939343668820 -55.425635225471325 216
3 27 108 -9.028634110816249 -82.507477031436409 216
1 18 86 -3.598443904684483 -37.836311450882874 216
1 18 86 27.417334854120149 -56.112565661877071 216
1 18 86 61.122175288418973 -68.761033209309659 216
1 18 86 55.223649286289231 -33.247551388989649 216
2 11 71 80.603260947358592 -47.278777705078788 216
2 11 71 94.320101811094460 -30.078537104466605 216
2 11 71 28.884498503495323 -85.075428621639048 216
3 27 108 79.246344177165440 4.803862910348425 216
3 27 108 25.420646128370009 0.468631710066173 216
2 11 71 50.186794320462788 29.289421146292582 216
2 11 71 89.996110180249701 41.251668480491254 216
2 11 71 89.996110180249701 41.251668480491254 324
1 18 86 91.177334492464041 12.275735206061011 324
2 11 71 97.701654020682895 -15.980826061964899 324
2 11 71 69.996974584638650 32.084631040382085 324
1 18 86 55.577405283362438 6.923629049887094 324
2 11 71 48.186478234155913 34.965993382327170 324
2 11 71 61.587059395029549 52.413756120020466 324
3 27 108 26.040012344505062 65.845340017230768 324
2 11 71 62.412032472448828 76.848800918804145 324
3 27 108 11.128549791152572 13.944971188869179 324
1 18 86 -16.015964817745569 49.836130638618300 324
1 18 86 -14.296198332847540 85.795029443189918 324
1 18 86 -49.359819515643593 77.637672668512479 324
2 11 71 -75.172878863170212 64.420790769930306 324
2 11 71 -58.467794671354604 50.105059487723572 324
1 18 86 -84.280854018881215 36.888177589141392 324
1 18 86 -51.527459376338534 21.947791403039748 324
1 18 86 -80.842910677123996 1.052712675471483 324
1 18 86 -85.212807914140683 -34.681080827848540 324
3 27 108 -42.025518677236107 -22.037582563208861 324
1 18 86 -62.122509302850553 -62.300604901254530 324
3 27 108 -17.842850483154656 -70.320069647191616 324
1 18 86 -11.044997277426237 91.334593857648741 432
3 27 108 31.534888842671826 76.775977920703369 432
3 27 108 72.094633543516238 41.126193772656642 432
3 27 108 82.137909756496910 -11.931629429108611 432
3 27 108 57.413564420639553 -59.938990819975210 432
3 27 108 20.941142481453781 23.825316564737477 432
3 27 108 -26.745644431562063 49.162450457753508 432
3 27 108 -77.308734532514279 30.205290347573797 432
3 27 108 -79.529769990363178 -23.749014406495441 432
1 18 86 37.770829494657171 -19.452413233970343 432
3 27 108 4.403680791367556 -49.645680486994792 432
3 27 108 -28.300056681163362 -6.675160879620044 432
1 18 86 -42.532344317846345 -49.365229849190953 432