3 21 65 89.000000000000000 0.000000000000000 0
3 21 65 79.089887640449433 40.814086698358011 0
3 21 65 51.566524201773390 72.538910811701044 0
1 18 100 83.505617977528090 38.611031664423798 65
3 21 65 57.647862194940629 67.806518745273550 65
1 18 100 52.109521036421540 12.652768939555305 0
1 18 100 62.295801000843682 67.699580335946564 165
3 21 65 20.133728190185781 86.692750499472098 65
3 21 65 22.534838711666929 44.761441573281488 65
2 27 90 78.867902412633853 25.862211216971819 165
1 18 100 36.923207714134975 42.160756754832562 165
1 18 100 27.492234353475535 76.903478891569804 165
2 27 90 -7.595067476298823 48.727580497617694 165
2 27 90 18.153939867739783 1.261923219995950 165
2 27 90 -35.827028814025674 2.695457376637307 165
2 27 90 -75.975965329686531 -33.416353664370234 165
2 27 90 -61.576036158064284 50.161114654259052 165
1 18 100 -55.410135593921282 -73.441928579410671 165
3 21 65 86.351382440589916 -21.550841064769990 165
2 27 90 44.854219619929850 -45.675216244981996 165
2 27 90 -9.144675413809217 -45.329767066040894 165
1 18 100 -22.605446552345505 -88.269348344343427 165
1 18 100 -33.629862379420651 85.431660030448683 165
1 18 100 -18.719293482000758 90.075457542744260 65
3 21 65 -53.007496894871423 71.492693843078797 65
3 21 65 -79.890628969971203 39.223556732943010 65
3 21 65 -88.982185549170296 -1.780633284264049 65
1 18 100 -18.110228506534895 54.080610135710273 65
1 18 100 -42.626270286369383 27.718446046823146 65
1 18 100 -82.716407923068417 -40.274009737106439 65
2 27 90 -43.550744922939579 -17.272056802626519 65
1 18 100 -53.408124533884248 -61.179141278889944 65
2 27 90 9.358236301897062 -1.394567233100883 0
3 21 65 -14.794266303387971 -55.704659334894245 65
3 21 65 11.797061490305584 -88.214677578019575 65
1 18 100 23.939212360121957 -51.152996932714004 65
1 18 100 49.115300882260712 -76.885555428235463 65
2 27 90 66.007605903842844 -35.176443341572302 65
1 18 100 91.986652004461192 1.567116144437577 65
1 18 100 83.505617977528090 38.611031664423791 265
3 21 65 26.153092663168913 -46.360474316181580 0
3 21 65 17.024769439413369 -87.356495039205967 0
2 27 90 48.739501880330891 67.182296451202234 265
2 27 90 46.342691275005564 13.235514351412441 265
2 27 90 76.868567384155156 -31.308518781756476 265
2 27 90 23.029365049240340 -35.472686398472042 265
2 27 90 -7.496511059909260 9.071346734696867 265
1 18 100 6.427334730693637 51.863010857508328 265
3 21 65 -6.120557217794254 88.789294283397183 265
2 27 90 -38.546485207232124 53.397781260868882 265
2 27 90 -80.654756940358567 19.591074061717038 265
3 21 65 -84.393101141335819 -28.263129333962009 265
1 18 100 -48.839642180095275 -12.233420793524211 265
3 21 65 -49.229833647878706 -51.231468829528126 265
2 27 90 -12.440500715842241 -82.062378359021068 265
1 18 100 62.295801000843682 67.699580335946564 365
2 27 90 78.867902412633853 25.862211216971819 365
1 18 100 36.923207714134975 42.160756754832562 365
1 18 100 27.492234353475535 76.903478891569804 365
2 27 90 -7.595067476298823 48.727580497617694 365
2 27 90 18.153939867739783 1.261923219995950 365
2 27 90 -35.827028814025674 2.695457376637307 365
2 27 90 -75.975965329686531 -33.416353664370234 365
2 27 90 -61.576036158064284 50.161114654259052 365
1 18 100 -55.410135593921282 -73.441928579410671 365
3 21 65 86.351382440589916 -21.550841064769990 365
2 27 90 44.854219619929850 -45.675216244981996 365
2 27 90 -9.144675413809217 -45.329767066040894 365
1 18 100 -22.605446552345505 -88.269348344343427 365
1 18 100 58.892916759426633 70.679730867959918 465
2 27 90 15.235472832807570 81.589707485446851 465
2 27 90 36.195254907185841 31.823378151301945 465
2 27 90 82.868801225172888 4.664952679586584 465
2 27 90 68.200258875677662 -47.304594801039684 465
2 27 90 -17.383541586475491 38.554839084177118 465
2 27 90 -71.231545407182892 42.603602416983961 465
2 27 90 -82.366413185962045 -10.235916123111636 465
2 27 90 21.526712557690619 -20.146169329324302 465
2 27 90 -31.739051967100863 -29.020758310762588 465
1 18 100 -33.629862379420651 85.431660030448683 365
1 18 100 -69.575960701632084 -53.379911362844567 465
1 18 100 -29.763946644347111 81.818282897667359 465
3 21 65 7.695970983138395 46.576641569784755 0
3 21 65 -35.280776137446509 -19.039922668459241 0
3 21 65 -32.076054098759755 22.837634049367026 0
3 21 65 -30.147808359625490 64.793347228498078 0
3 21 65 4.550211185465930 88.458668685187703 0