3 32 102 78.000000000000000 0.000000000000000 0
3 32 102 51.743589743589745 -58.366093928299456 0
1 26 62 62.666666666666664 55.936471902408087 0
1 26 62 24.000377235519395 21.166972889239233 0
3 32 102 8.667043902186066 77.103444791647320 0
2 25 54 64.487179487179489 55.375117894125488 102
1 26 62 20.641572233396523 81.424354438542977 102
1 26 62 83.608982287054175 8.095559333551918 102
1 26 62 72.354095731666973 -42.671827132814116 102
2 25 54 21.156025792227521 30.426949234593565 102
3 32 102 -30.613693359953945 54.278493815694716 102
3 32 102 -77.291070903733086 10.492395272486917 102
1 26 62 -69.621555769004658 -46.998286908177569 102
2 25 54 -27.807722386192523 -17.798914691733842 102
3 32 102 -18.289460292977587 -73.998582722113412 102
2 25 54 -80.622361288375046 26.926471367164389 204
1 26 62 -80.476550962412034 -24.073320194653224 204
2 25 54 -36.971855881995069 2.541365712941924 204
2 25 54 -35.136705224189640 -47.424945158115555 204
3 32 102 15.136198837879249 -20.561678097573257 204
2 25 54 5.381812671280372 -76.720844317459964 204
3 32 102 -16.388879758572841 -76.258800280748190 306
3 32 102 46.191138839243123 -62.852038095305758 306
3 32 102 77.673375601828994 -7.130688789815252 306
3 32 102 56.862688882315666 53.391334625320759 306
3 32 102 13.676153188834896 -7.726946638204780 306
3 32 102 -7.134533530678439 52.795076776931239 306
1 26 62 -65.134003579942600 53.043016294777445 306
3 32 102 -48.903865408981062 -21.133708823647204 306
2 25 54 69.279482643751194 49.247875940127379 408
2 25 54 29.605410526538737 79.677598279284936 408
2 25 54 84.981415437866360 1.777366078434397 408
2 25 54 23.089534009327686 30.103982784624293 408
1 26 62 38.228130470336268 -18.597381643805619 408
1 26 62 -12.359756657411477 -6.561365859907097 408
1 26 62 -26.094555756376945 43.591952013500418 408
3 32 102 22.947120364720909 -74.548170111458887 408
2 25 54 -30.331439062312150 -54.289959297566497 408
3 32 102 -75.513063598836737 -19.539120397756896 408
2 25 54 71.896266389577264 -45.342329883222178 510
2 25 54 33.965228652489870 -77.918953038295385 510
1 26 62 83.893606005859681 4.226449021765802 510
1 26 62 23.968682129581939 -27.908263604781901 510
1 26 62 35.336801661792734 22.833887101523086 510
1 26 62 -14.702442046008471 -62.672385267727272 510
1 26 62 -65.672605922734618 -52.374696479475681 510
1 26 62 -31.269463893479475 -13.382084121300721 510
1 26 62 -83.919299834061903 -3.681183961827777 510
1 26 62 -70.006443468843912 46.423031706724643 510
1 26 62 -18.846798518223874 37.112246104719958 510
1 26 62 3.817485814142444 83.913209937761422 510