2 24 69 86.000000000000000 0.000000000000000 0
1 19 106 80.395348837209298 42.633178222405959 0
3 28 106 42.343925125064501 70.221022528890387 0
1 19 106 48.785482387837078 21.542508649041231 0
1 19 106 12.777859819083353 33.685453800287590 0
3 28 106 -13.606318863895325 72.581149130550727 0
1 19 106 0.186576490025303 90.999808731740586 106
3 28 106 -42.055622653579938 70.394066534188056 106
3 28 106 42.343925125064509 70.221022528890387 106
1 19 106 0.101725981459271 49.615280331337857 106
3 28 106 -77.432993914810879 26.983911009875179 106
3 28 106 77.542992418210432 26.666164456654801 106
3 28 106 -76.696464385315025 -29.011245247181389 106
1 19 106 -29.043117750588301 25.231308467949248 106
1 19 106 -32.656054554173295 -12.596547506891588 106
3 28 106 24.296788613853131 9.321373295477727 106
1 19 106 0.480169659520605 -31.197371275203736 106
3 28 106 -33.065879311909413 -64.116402220941183 106
1 19 106 -60.389717985527085 68.074091706232167 0
1 19 106 -41.765836483795020 34.950821369361101 0
3 28 106 -81.421484354533590 9.723265166827566 0
3 28 106 -68.675604962710395 -44.806933425595489 0
1 19 106 -36.071268577517372 -2.620070240511467 0
3 28 106 -12.693443785754752 -43.393558048223596 0
2 24 69 42.860582971832812 -21.047344214172941 0
3 28 106 35.163598623895240 -72.474539665097581 0
1 19 106 -8.187834013776616 -90.630896355287376 0
2 24 69 82.249406194380811 -25.120413624615193 106
3 28 106 40.406643333922467 -55.994078716460834 106
1 19 106 6.860594362492451 -88.913109662198281 106
1 19 106 0.186576490025296 90.999808731740586 212
3 28 106 42.343925125064509 70.221022528890387 212
3 28 106 77.542992418210432 26.666164456654801 212
3 28 106 22.223845222855729 17.960307027390272 212
3 28 106 57.422912516001645 -25.594551044845311 212
3 28 106 -23.443315957456768 50.371885047155985 212
3 28 106 -75.951942683887211 30.907966651714773 212
1 19 106 -36.577150628957540 5.244261723722651 212
1 19 106 -89.921611590773907 -13.967955072880066 212
2 24 69 -68.893269796943656 -51.475405551443032 212
1 19 106 -38.885329289720524 -82.273514365377650 212
1 19 106 -26.187000360632993 -46.457980830210275 212
3 28 106 7.980977964189613 -78.731023097626789 212
1 19 106 54.604794758017675 -72.796403684761543 212
1 19 106 -36.992101666948528 83.141953394553724 318
2 24 69 5.925938983457335 85.795589905101423 318
1 19 106 0.186576490025296 90.999808731740586 424
3 28 106 42.343925125064509 70.221022528890387 424
3 28 106 77.542992418210432 26.666164456654801 424
3 28 106 22.223845222855729 17.960307027390272 424
3 28 106 57.422912516001645 -25.594551044845311 424
3 28 106 -23.443315957456768 50.371885047155985 424
3 28 106 -75.951942683887211 30.907966651714773 424
1 19 106 -36.577150628957540 5.244261723722651 424
1 19 106 -89.921611590773907 -13.967955072880066 424
3 28 106 -67.136355058073832 47.081948021680709 318
1 19 106 -20.178175824841606 49.064220227922334 318
2 24 69 -85.988923841881615 -1.380208866470660 318
2 24 69 -38.272360256920045 3.828395518805669 318
2 24 69 -57.619858333488502 -40.099662919704677 318
3 28 106 -5.729185661497837 -36.729486418641059 318
2 24 69 -68.893269796943656 -51.475405551443032 424
1 19 106 -38.885329289720524 -82.273514365377650 424
1 19 106 -26.187000360632993 -46.457980830210275 424
3 28 106 7.980977964189613 -78.731023097626789 424
1 19 106 54.604794758017675 -72.796403684761543 424
1 19 106 -32.755406645872952 -75.181838483290136 318
3 28 106 25.396804037016299 37.578524315560443 318
3 28 106 79.087135005098645 21.661603742227857 318
1 19 106 32.168673133752918 -8.931063824270078 318
3 28 106 47.773946648473427 -53.264746713589822 318
1 19 106 86.854080151554825 -27.154534815151788 318
1 19 106 9.876087853222677 -81.063169307960806 318