3 18 73 92.000000000000000 0.000000000000000 0
2 21 118 80.782608695652172 37.351976284062154 0
1 13 68 62.282832213993323 8.825527677047258 0
3 18 73 42.103611472163699 32.358463113420541 0
3 18 73 54.493148523041341 66.159341381076999 0
2 21 118 21.182563525270972 86.442460645783683 0
2 21 118 6.062170627308635 47.258615522936807 0
1 13 68 68.227758573092885 68.949060617906540 118
2 21 118 36.500393447105225 81.170938630808735 118
3 18 73 49.360095010447395 44.352083736858333 118
1 13 68 19.281409572067705 51.853595737715608 118
2 21 118 -5.119182472537098 75.530823359900793 118
3 18 73 -43.742867487360222 80.935539437154816 118
3 18 73 -31.713621313046623 47.004768203984156 118
2 21 118 -70.337306327869740 52.409484281238171 118
2 21 118 -87.853960495498185 14.236629701423148 118
1 13 68 -95.125634245651156 -18.976662229238244 118
1 13 68 -86.667790973124028 -43.562529860407352 118
1 13 68 -69.604726666713631 -23.944888909587004 118
1 13 68 -61.146883394186489 -48.530756540756087 118
1 13 68 -54.792718387930194 22.171002411648786 118
2 21 118 -35.667986153392732 -26.017964723811833 118
2 21 118 84.598709290035160 27.641606075988388 118
1 13 68 96.915453764500072 -4.049051941016231 118
1 13 68 -37.789615783617322 -59.951704389698250 118
1 13 68 -59.359080561383053 -74.469217578971524 118
3 18 73 66.024879325113929 -6.651437539797524 118
3 18 73 34.874769211846626 11.394909457069247 118
1 13 68 8.749434663050668 28.082236825868865 118
3 18 73 -18.595910371409381 13.479767687181010 118
3 18 73 2.030181432771947 -16.025559575628392 118
3 18 73 -5.847993786701556 -51.152961347055694 118
1 13 68 -19.877053803957882 -78.796866191202085 118
2 21 118 12.833996602546691 -88.069793523124716 118
2 21 118 51.792444243063244 -72.377777800435297 118
2 21 118 37.249542272043882 -32.975950402948747 118
1 13 68 69.606339207239898 -43.418061879776104 118
1 13 68 92.112962640216381 -30.400692650696296 118
1 13 68 -84.264588839084041 48.046634302312100 236
2 21 118 -87.853960495498185 14.236629701423169 236
1 13 68 -95.125634245651170 -18.976662229238226 236
3 18 73 -55.620876548494678 36.191772590173059 236
1 13 68 -69.530950642203919 -14.403679478403813 236
3 18 73 -77.378479283024220 -44.393949471044849 236
2 21 118 -48.605222616898921 74.555565415076146 236
3 18 73 -21.216609160677990 46.791130377681377 236
3 18 73 -29.239429746803708 11.696481927485479 236
2 21 118 -9.002969492287043 88.543472601434317 236
3 18 73 13.413043805782928 56.629175682643357 236
3 18 73 35.994171156148859 84.666520200028657 236
2 21 118 -50.887964980246814 -73.016539360402277 236
2 21 118 9.272109952530581 17.849636401948075 236
3 18 73 -7.793450291601978 -17.218392535445631 236
1 13 68 -46.806144003372935 -39.262447200891415 236
1 13 68 -24.148950986571805 -52.015941020210818 236
3 18 73 -12.675520816036059 -80.814559044724433 236
1 13 68 -84.264588839084027 48.046634302312114 354
2 21 118 -56.996231861111987 68.355172105952320 354
2 21 118 -87.853960495498185 14.236629701423180 354
3 18 73 22.322018240679625 -89.250924374276181 236
3 18 73 12.129355403319865 -54.723983816446463 236
2 21 118 -47.950578419250903 27.340831274850974 354
2 21 118 -16.953944060974315 55.681767364883484 354
2 21 118 -7.908290619113231 14.667426533782141 354
1 13 68 -95.125634245651170 -18.976662229238215 354
3 18 73 -37.845876886433949 -10.327391498896752 354
1 13 68 -69.530950642203919 -14.403679478403802 354
3 18 73 -77.378479283024220 -44.393949471044834 354
3 18 73 -55.757733870345611 -73.178378730631323 354
1 13 68 -46.387935759661730 -43.628304562111460 354
2 21 118 55.836187776006753 -69.305989168631839 236
2 21 118 42.000824477800194 -29.650186032058759 236
1 13 68 83.442920285602440 -49.459873172204901 236
3 18 73 89.983243412860304 -19.157659170732039 236
2 21 118 86.789756225978735 19.711372713111210 236
2 21 118 68.086408914585235 57.317021216353247 236
3 18 73 48.013136891944768 23.879560931441059 236
2 21 118 -18.206048539495018 -62.648852206956079 354
1 13 68 -95.125634245651170 -18.976662229238215 472