3 24 65 86.000000000000000 0.000000000000000 0
1 18 60 81.953488372093020 41.804613903793133 0
1 18 60 51.064991425627156 23.314055329532351 0
3 24 65 41.319332949739788 -17.539612080767121 0
3 24 65 9.367689214924305 18.280667966203847 0
2 20 76 31.854462477315582 56.100570507667449 0
3 24 65 74.070463841358773 43.698585633015213 76
2 20 76 89.960445448278179 2.668005762243652 76
2 20 76 82.231594320006010 -36.578202465265484 76
2 20 76 52.107806556905331 -10.261716932359196 76
3 24 65 29.001316325128215 27.182776777247682 76
2 20 76 44.378955428633169 -49.507925159868336 76
2 20 76 14.255167665532475 -23.191439626962055 76
2 20 76 -10.649757021654139 8.109434583282663 76
3 24 65 -12.032134886817058 52.087713670099006 76
2 20 76 11.507793351368267 89.261249667379204 76
2 20 76 -49.491159117776590 75.170640340354410 76
2 20 76 -77.176955351283695 46.300297652455370 76
3 24 65 -85.941113670397428 3.181977544205438 76
2 20 76 -80.389499674485521 -40.466385335064111 76
1 18 60 -48.233103153874730 21.678083698902277 76
2 20 76 -46.480061260897095 -16.281458502255326 76
2 20 76 -43.604358409004369 -56.177953750680544 76
1 18 60 33.163036635740681 -85.814992868941744 76
1 18 60 47.955929099624541 78.512603218794013 76
1 18 60 -24.096322379254463 -88.788328330896292 76
2 20 76 3.239895045798815 -62.392661699984814 76
1 18 60 47.955929099624541 78.512603218794013 152
3 24 65 73.282330790463760 45.007777038163603 152
1 18 60 91.712504489123035 7.267497528901245 152
3 24 65 49.922215664884000 3.075629211947259 152
1 18 60 31.312183596953520 46.591047247282880 152
1 18 60 11.989177948633539 76.965731652474560 152
3 24 65 -10.367047870273971 41.410153086882161 152
3 24 65 -47.737372620798965 71.534210384004325 152
3 24 65 -78.641646868401153 34.806484709399939 152
3 24 65 -85.047495698913508 -12.764148046120805 152
1 18 60 -74.841147313460496 -53.505164879709554 152
1 18 60 -47.685511283714469 6.421318342748245 152
3 24 65 -37.479162898261457 -34.319698490840494 152
2 20 76 -45.450007609575067 -77.591694453450359 152
3 24 65 -2.255137113113207 -85.970427221231489 152
3 24 65 10.227100300947075 -39.621816140218137 152
3 24 65 44.125056220199433 -73.606056377369597 152
3 24 65 76.887822326113252 -38.526131105368449 152
1 18 60 7.929098921882140 2.315269949087302 152
1 18 60 -74.841147313460496 -53.505164879709554 228
3 24 65 -85.047495698913494 -12.764148046120802 228
3 24 65 -78.641646868401139 34.806484709399960 228
1 18 60 -47.039134707610202 -30.634920126665449 228
1 18 60 -41.133928063631387 -66.147291696189058 228
1 18 60 -47.685511283714462 6.421318342748254 228
1 18 60 -16.502728162732286 -11.568513141448298 228
1 18 60 -10.597521518753471 -47.080884710971908 228
3 24 65 5.640801981950304 -85.814808471501152 228
1 18 60 47.089980639722157 -79.035015805341573 228
3 24 65 72.783154433163531 -45.810614826241618 228
1 18 60 91.627075186382896 -8.275209531421787 228
1 18 60 26.613240670229672 -49.425842898592066 228
1 18 60 55.636074020912602 -7.470327485954238 228
1 18 60 74.328622902072624 23.296352808244606 228
3 24 65 32.551419870863384 27.616689240644444 228
1 18 60 -9.265225470608678 23.696463177578252 228
1 18 60 3.060029560451904 57.520834397444496 228
1 18 60 -8.531724128602018 91.603546238087475 228
1 18 60 26.780646999786448 84.600943486898657 228
1 18 60 19.489826081546369 -12.300659965970913 228
3 24 65 -46.014221121303976 72.654603808703982 228
1 18 60 -58.021926018221080 71.396471209269720 293
3 24 65 -17.988441642095584 84.097657323429189 293
1 18 60 -33.479500629494005 45.058867748841422 293
1 18 60 -68.559746995389389 36.973305621933747 293
3 24 65 8.508952056947916 44.074062692788004 293
1 18 60 -18.817838914893773 12.179760769383698 293
3 24 65 -57.737411318793022 -3.608427343811684 293
2 20 76 -84.326535985447180 31.448932075590157 358
2 20 76 -89.625804479961900 -8.198485916292285 358
2 20 76 -52.640499057274120 7.035921941924671 358
2 20 76 -47.341230562759407 46.683339933807119 358
2 20 76 -57.939767551788847 -32.611496049957779 358
1 18 60 -17.964682800471259 22.579015807833304 358
2 20 76 -19.517810480539119 -15.389231378590871 358
2 20 76 -24.817078975053853 -55.036649370473320 358
1 18 60 -38.380648096564833 83.611756659501268 358
2 20 76 -9.004100334276696 59.507432533527442 358
2 20 76 19.084044028120545 31.028385037567666 358
2 20 76 19.962441527311345 -8.961969022298010 358
2 20 76 14.663173032796621 -48.609387014180463 358
2 20 76 15.860394210082516 -88.591466267924361 358
3 24 65 55.049311900621248 -66.072484887948008 358
3 24 65 81.887385107922626 -26.276532499300071 358
2 20 76 88.331602301501476 17.249000981198297 358
2 20 76 72.132956675273832 53.822268265868061 358
1 18 60 -65.592894329798284 64.510248902324946 434
2 20 76 -32.847916078181143 83.791493657296556 434
2 20 76 6.705822438635273 89.749829779345518 434
2 20 76 44.934954053992868 77.979804463499065 434
2 20 76 74.288045362388914 50.806360982023179 434
2 20 76 36.078607344932109 38.972559970085939 434
2 20 76 88.966954870806902 13.597093109036535 434
2 20 76 -7.910976373792076 52.516119348110990 434
2 20 76 -43.248353470442275 33.773926842186228 434
2 20 76 50.757516853350097 1.763292097099299 434
2 20 76 11.193890864914501 7.655617499449693 434
2 20 76 -27.376595483711185 -2.942381501799527 434
2 20 76 -67.109730236150952 1.670427050965666 434
2 20 76 -82.877246817421764 -35.090767446212332 434
1 18 60 88.704804084434130 -24.402002629746569 434
2 20 76 53.281642615295830 -38.156988326989435 434
1 18 60 16.163490452830587 -30.018021559390696 434
2 20 76 -19.823239989433986 -42.222743271735823 434
2 20 76 -54.087941136403138 -62.860821072463565 434
3 24 65 35.418643784180667 -78.367848461529945 434
2 20 76 -8.525007033757413 -80.593955554894976 434
1 18 60 -65.592894329798284 64.510248902324932 510
3 24 65 -27.217825979593506 81.579347563856899 510
1 18 60 -38.277017129337949 41.061520732776557 510
1 18 60 -72.242150010832788 29.129641235295942 510
1 18 60 -91.994914275405392 -0.967340405862416 510
3 24 65 3.561019723874686 44.746445734621432 510
3 24 65 39.778044198691092 76.247670126548641 510
1 18 60 74.970394109374183 53.323915901639417 510
3 24 65 46.207848321075538 22.718100118098803 510
1 18 60 9.066532598261910 3.108850607261392 510
1 18 60 -26.726360526289273 6.964859136097505 510
1 18 60 -57.590521691866812 -11.566291814268613 510
1 18 60 -83.971679156792717 -36.061894089182864 510
3 24 65 85.893275193540518 -4.283138630340765 510
1 18 60 79.769750849732461 -45.834341375998932 510
1 18 60 49.840488724015785 -25.828360555000881 510
3 24 65 -44.960468475552744 -51.622274585298896 510
3 24 65 9.920689001814342 -38.882462980649507 510
3 24 65 -8.731801237737393 -83.110108270257996 510
3 24 65 40.549526738115929 -75.840199639207313 510