1 33 97 77.000000000000000 0.000000000000000 0
1 33 97 48.714285714285715 -59.631521591746584 0
1 33 97 48.714285714285715 59.631521591746584 0
1 33 97 11.214730292370049 -5.319613660256312 0
2 34 81 -16.695194933546681 74.143580073603658 0
1 33 97 -69.571717611874504 32.996607530677927 0
1 33 97 -69.568499270109953 -33.003392390854472 0
3 12 109 -24.570272361464085 -32.603923896454035 0
3 12 109 -24.762570026516670 28.856523875288801 0
1 33 97 -69.571717611874504 32.996607530677935 109
1 33 97 -69.568499270109953 -33.003392390854472 109
1 33 97 -12.412431859174227 -0.000605264362107 109
1 33 97 -12.409213517409668 -66.000605185894500 109
2 34 81 45.898696190836688 -32.997761892399467 109
1 33 97 71.336059663011511 28.985627330717932 109
2 34 81 20.885780547001751 73.073826853001776 109
3 12 109 -54.731241756163271 -81.292626823275981 109
3 12 109 87.356278565260311 -13.066157248821971 109
3 12 109 31.318387283167716 -76.625901804123288 109
3 12 109 -15.473049764348339 44.895192067220371 109
3 12 109 -24.717229275104927 67.043445839762086 109
3 12 109 -21.547735034664232 90.833240001541071 109
3 12 109 26.363962021227437 27.401192511030096 109
3 12 109 -72.848572273253680 -65.552158757347826 218
1 33 97 -28.260423879293519 -71.626450715937736 218
1 33 97 -74.200895806994538 -20.572483113118327 218
1 33 97 -9.333373252143083 -8.398555332987620 218
1 33 97 35.960065063741318 -56.403809686289144 218
1 33 97 76.862120353016209 -4.605915200961853 218
1 33 97 52.194039262838402 56.610796368089389 218
2 34 81 -52.522526538245017 42.823481315603289 218
3 12 109 80.945113811507341 -55.243900568679294 218
3 12 109 10.906233652096294 -93.784359864113839 218
3 12 109 36.151242821693344 14.567619961590511 218
3 12 109 16.821821855118891 28.793423457244177 218
3 12 109 7.553831617851319 50.931724136427150 218
3 12 109 10.983500444046747 74.685405361505161 218
3 12 109 23.561336310694536 95.125514091931947 218
3 12 109 -94.823204544694221 24.749947068126811 218
3 12 109 -86.596808909732474 -45.880199287397161 327
2 34 81 -43.606335400940310 -62.245381458391748 327
1 33 97 -74.179184496339332 -2.627423608512657 327
1 33 97 -49.818413374371119 58.712227762709546 327
1 33 97 -8.877102588595839 6.945355429695638 327
1 33 97 22.466415592175494 -51.137205361402891 327
2 34 81 75.340879364232364 -9.987587127238847 327
3 12 109 -23.424894450742592 95.159205124735934 327
1 33 97 14.912079629441202 71.594901222958640 327
3 12 109 57.541563113140612 -79.328232770536715 327
3 12 109 30.194995203533271 29.269583840153643 327
3 12 109 54.143730096779656 30.837415786825090 327
3 12 109 67.275770275688842 -55.275046930035174 327
3 12 109 -95.151401030175663 -23.456574387465160 436
1 33 97 -75.134549427682771 16.846349227624820 436
1 33 97 -34.487694417208417 68.844745142859324 436
1 33 97 -56.476063886363725 -46.461319480868838 436
1 33 97 -9.779190103811530 7.644338162228486 436
2 34 81 31.935743959037438 60.073950750270399 436
1 33 97 55.408319060948713 -2.679839717598028 436
1 33 97 13.873564161449464 -53.971789723798054 436
3 12 109 -0.209652019777828 97.999775744797518 436
3 12 109 -24.253894758227062 -77.873607151106370 436
3 12 109 77.931096274498998 59.420065915940953 436