3 10 68 100.000000000000000 0.000000000000000 0
3 10 68 98.000000000000000 -19.899748742132399 0
3 10 68 98.000000000000000 19.899748742132399 0
3 10 68 81.766312060385914 -8.217823563497323 0
3 10 68 79.766312060385914 11.681925178635076 0
3 10 68 81.766312060385914 31.581673920767479 0
3 10 68 85.932538594452652 51.142925324162931 0
1 18 78 58.269769904441176 46.810347753833568 0
2 29 115 43.259112751453237 -2.037564557425276 0
1 18 78 22.862255969072123 40.305891057333348 0
1 18 78 34.932988199771650 74.221925958464581 0
3 10 68 62.688922984474573 77.910839650504428 0
2 29 115 -12.005668736137292 71.821408294907727 0
1 18 78 -58.989767319691289 70.598918912180807 0
3 10 68 -82.866803366843627 55.974037729655279 0
1 18 78 -64.321711355152871 34.995964360589085 0
2 29 115 -21.940084747463537 14.678540161483539 0
3 10 68 -60.234932682783388 7.295815623026936 0
1 18 78 -88.224057710423779 8.076123374567864 0
3 10 68 -92.310836382793255 35.776272112130016 0
2 29 115 -56.947248386792417 -31.565362073613898 0
3 10 68 -93.977097226912548 -19.326477529757234 0
3 10 68 -47.489751739981514 88.004110583966025 115
3 10 68 -64.052553594139482 76.793687097767943 115
1 18 78 -19.553873818128551 89.897975609602611 115
3 10 68 -39.099706414081879 69.849024810845862 115
3 10 68 -55.662508268239847 58.638601324647780 115
1 18 78 -15.964108896707682 54.077400686676874 115
3 10 68 -42.073814544377484 43.963881467728413 115
2 29 115 -26.402188916159226 8.251136541456319 115
3 10 68 -61.576841595820781 39.533087427077120 115
3 10 68 -75.165535319683144 54.207807283996488 115
2 29 115 26.048734127801769 33.007967353102671 115
1 18 78 15.610654108350229 -12.818296792117877 115
2 29 115 -57.071401625000505 57.479171154061447 230
2 29 115 -80.870038757955740 4.586592557306268 230
2 29 115 -63.204446294544091 -50.657654590398209 230
3 10 68 -45.190208080765260 20.333010653083385 230
3 10 68 -42.076715783556466 0.576842863878369 230
3 10 68 -39.996326231742053 -19.314662340924546 230
3 10 68 -91.782422086621438 39.698702698114268 345
3 10 68 -97.846715735699888 20.640257259470882 345
1 18 78 -69.892417604751586 22.239387024706030 345
3 10 68 -27.512052056106747 -34.939735086597310 230
3 10 68 -24.414337837982906 -54.698382981198641 230
3 10 68 -31.517835574247282 -73.394380411421167 230
3 10 68 -46.954432776730428 -86.110962767081432 230
1 18 78 -70.790556852490951 58.228181751560534 345
1 18 78 -43.126810075968251 81.265480080236799 345
1 18 78 -37.007797877035166 45.789323443570133 345
1 18 78 -36.109658629295794 9.800528716715629 345
1 18 78 -63.773405405818494 -13.236769611960636 345
3 10 68 -87.968433526293325 0.855803405392597 345
2 29 115 6.844344696993474 28.878096649896495 345
2 29 115 57.596925697276077 56.952560523847033 345
1 18 78 14.317605725021604 75.280148001177906 345
3 10 68 35.633638574884458 93.435773673227018 345
2 29 115 -22.158174794204434 -35.081049896332118 345
1 18 78 -67.021878813100898 -49.089906441562860 345
3 10 68 -92.611410626953941 -37.724350513769231 345
2 29 115 7.272272882313906 -77.435108802221592 230
3 10 68 44.311147190610839 -89.646652110672932 230
2 29 115 60.342415012967017 -54.035108498113082 230
1 18 78 90.263627054270813 -17.789818183655171 230
1 18 78 18.885210546524107 -31.892385137434388 230
1 18 78 46.713767068160152 -9.054446484348642 230
1 18 78 74.060892000485524 14.357831447022923 230
3 10 68 -28.320838387430147 -93.376577684969462 230
2 29 115 32.151740799075085 35.632770825956953 230
2 29 115 57.596925697276077 56.952560523847033 460
2 29 115 4.753614407382805 80.860392962598965 460
2 29 115 10.470479810948603 23.142826746086399 460
2 29 115 -42.372831478944661 47.050659184838324 460
2 29 115 -80.915037109095039 3.709011948453728 460
1 18 78 -14.832034450659307 36.867624372919884 230
1 18 78 -0.175828520153577 69.749163687900392 230
3 10 68 27.443992078587407 74.347588428326546 230
3 10 68 -78.319861173799737 62.177160965395771 460
1 18 78 -81.178533521677934 -43.290249424897191 460
1 18 78 -34.005052521360106 0.801548108872712 460
3 10 68 -34.010470450487027 85.143583961359923 460
3 10 68 -57.879519864713878 -27.761052323546384 460
1 18 78 -14.078308781954451 0.875515548674326 230
2 29 115 -37.696943068124227 -61.132650934487415 460