2 15 57 95.000000000000000 0.000000000000000 0
2 15 57 90.263157894736835 29.623678483095365 0
3 17 79 64.719568406922349 10.348693759936342 0
2 15 57 63.075895341199221 42.306452424351725 0
1 28 75 22.902808122422954 26.972729350271024 0
2 15 57 43.272841378409623 64.841737063043183 0
1 28 75 3.806157151215693 81.911618026628247 0
2 15 57 -38.931245619249331 86.656552634718167 0
2 15 57 -64.012031832351639 70.195867262211394 0
2 15 57 -37.216267029506717 56.705611941031691 0
1 28 75 69.232603990014042 -34.424428867659657 0
3 17 79 27.415843705514654 -17.800393277324964 0
1 28 75 -17.220706600416975 -12.092646192350442 0
2 15 57 -19.924532445432959 30.822261774460156 0
2 15 57 -49.896123356347090 29.516988519999749 0
2 15 57 -76.691888159192018 43.007243841179452 0
1 28 75 -81.999311424754737 0.336044440645075 0
1 28 75 -63.093220834172840 -52.376001038360108 0
2 15 57 -37.804854665756480 -87.153846522692447 0
1 28 75 4.867461293561746 -81.855408010440456 0
2 15 57 95.000000000000000 -0.000000000000046 79
2 15 57 90.263157894736850 29.623678483095322 79
1 28 75 52.838206818658833 8.448857658512953 79
1 28 75 50.748127866904845 64.409840226507910 79
2 15 57 18.747379190742201 93.131819339463817 79
2 15 57 7.755722252237337 65.217961172843104 79
2 15 57 -10.922559568439487 88.693944394582161 79
1 28 75 68.302554489792996 -45.373572155703798 79
1 28 75 13.958789141709254 -31.854875184752323 79
2 15 57 9.911254588084560 10.954206375556979 79
1 28 75 -47.819963439327928 66.612694711003400 79
2 15 57 -84.286459046400537 43.826850462010668 79
2 15 57 -93.750257771650794 15.358683789603525 79
2 15 57 -64.364202871551583 21.396877013437592 79
1 28 75 -70.946148840677182 -21.096392892036988 79
2 15 57 -27.962552918675701 -22.284029879545500 79
2 15 57 -19.767389196349093 6.574925256846081 79
1 28 75 -35.668785618448467 -64.587859228399410 79
2 15 57 46.853733901731133 -82.642166110683291 154
2 15 57 70.287694096204035 -63.911188837624074 154
2 15 57 86.712355156429425 -38.806796611228371 154
2 15 57 42.349211842789344 -52.982272634466845 154
2 15 57 58.773872903014727 -27.877880408071157 154
1 28 75 4.759453284095905 -73.863126340652656 154
2 15 57 19.547890052736633 -33.486126229947118 154
2 15 57 35.972551112962009 -8.381734003551429 154
1 28 75 73.562309671655441 12.499119702634388 154
1 28 75 51.370693026193280 63.914410722532814 154
2 15 57 32.503930413965151 25.274466771566338 154
2 15 57 46.853733901731147 -82.642166110683291 229
2 15 57 70.287694096204049 -63.911188837624067 229
2 15 57 42.349211842789359 -52.982272634466838 229
1 28 75 79.045646038906838 -21.812515725882065 229
3 17 79 90.427042725963076 21.724408941024134 229
2 15 57 79.608924423839454 51.840323610867031 229
2 15 57 59.423307845839716 29.647061494495262 229
1 28 75 27.723383753965265 0.593407463213797 229
1 28 75 39.703993421897700 67.858952819705962 229
1 28 75 4.759453284095912 -73.863126340652656 229
2 15 57 -1.149686426493840 -31.271084033659072 229
1 28 75 -28.256098336913485 2.109186087217118 229
1 28 75 -79.265114710957889 -21.000990211384973 229
1 28 75 -73.774606284462124 34.729201939894921 229
1 28 75 -22.765589910417720 57.839378238497019 229
2 15 57 -70.939220344674098 -63.187237769107909 229
2 15 57 3.856692445448225 91.607026693261361 229
3 17 79 -40.206073155539727 -72.102038038940265 229
2 15 57 -29.135596743307516 -42.077971825214142 229
2 15 57 79.608924423839454 51.840323610867031 308
2 15 57 91.804778886390892 24.431180356685125 308
2 15 57 94.845586146975350 -5.414313293177294 308
2 15 57 61.969837301026786 27.573832198348729 308
2 15 57 49.773982838475348 54.982975452530610 308
1 28 75 52.803007643712540 -14.437704717524561 308
2 15 57 84.405315440276695 -43.597508247919279 308
2 15 57 66.601807870950580 -67.743628396484539 308
2 15 57 32.269667412859448 23.343003838086592 308
1 28 75 6.883465985385364 58.049498577309578 308
2 15 57 41.340554578780399 83.773204485808179 308
1 28 75 23.932384791473567 -62.421943131026310 308
2 15 57 10.404591882189809 -21.605294334199151 308
1 28 75 -30.352372310727279 -76.175675219265344 308
2 15 57 -16.134170326543000 -35.594365083478223 308
2 15 57 -14.979679866390084 -5.616587451081656 308
1 28 75 -72.169973926773608 -38.929357346465622 308
1 28 75 -40.835070992011552 28.741799439765462 308
2 15 57 -34.055040934721731 71.203914229566578 308
3 17 79 -84.863618477111487 38.041638489571660 308
3 17 79 -92.995024767800359 0.961960724872291 308
2 15 57 -89.840369931782433 -30.882162011758229 387
2 15 57 -94.990723523928764 -1.327570864596900 387
1 28 75 -52.714979348892847 -9.186416482556121 387
2 15 57 -90.668317983494930 28.359409620862177 387
2 15 57 -66.619247532388599 -49.876357822909853 387
2 15 57 -61.029726910112508 33.002029483053846 387
2 15 57 -31.421260552732999 28.171013030595194 387
2 15 57 -12.177503182126813 5.156282915704862 387
1 28 75 -4.162045642167254 -37.090047580861409 387
1 28 75 39.919765166202303 -71.626896827066730 387
2 15 57 78.744719692503622 -53.143853083390859 387
2 15 57 38.005416957014880 -28.669531091561243 387
2 15 57 91.390141937647101 -25.939197300932747 387
2 15 57 94.921865817817448 3.852192838405092 387
2 15 57 -2.247697432979834 -80.047413316366899 387
2 15 57 67.355903203012502 -7.984939631884162 387
1 28 75 65.238110486154326 34.962877006548382 387
3 17 79 -33.539695203893302 -86.741505899021234 387
3 17 79 -0.120655252821948 -92.999921732816347 466
1 28 75 39.580639675339867 -71.814851965947213 466
2 15 57 -31.925897097489514 -89.474784685521939 466
1 28 75 76.447136546301593 -29.662018034367119 466
1 28 75 77.659525712147044 26.324856431980269 466
1 28 75 28.567275562877150 -0.618620984298240 466
3 17 79 36.164110645719575 43.735500545995812 466
1 28 75 -14.250128378966421 -50.275713265279336 466
1 28 75 -27.224986385475422 4.200456384494402 466
1 28 75 -74.569332401246555 34.108864906830327 466
1 28 75 -35.286389075857471 74.019394390843317 466
1 28 75 -79.073955320581305 -21.709665818678783 466
3 17 79 8.450389038191618 63.431937651737499 466
3 17 79 33.009571167359731 86.944627271309940 466
3 17 79 62.054229358922996 69.269564880040775 466