1 11 55 99.000000000000000 0.000000000000000 0
1 11 55 96.555555555555557 21.863775779997951 0
1 11 55 78.843192529652626 8.814936902970350 0
2 15 72 73.726180343534025 34.306429332546031 0
3 18 61 49.959714758959727 11.411995213807781 0
3 18 61 43.168561733357286 46.765640578647478 0
1 11 55 69.034088870382448 59.879545638690232 0
1 11 55 59.032216483539216 79.474507969792185 0
3 18 61 30.043623274776351 80.287812203684894 0
1 11 55 81.287636974097069 -13.048838877027592 0
2 15 72 10.851163203897276 53.442896922989512 0
2 15 72 -2.955702758862362 80.076906239770750 0
2 15 72 56.511245762080591 -20.931125252763565 0
1 11 55 32.259012415728542 -11.559403014343898 0
3 18 61 81.762818342438024 -42.176314878157385 0
3 18 61 47.311869013140786 -52.622945450269825 0
3 18 61 13.962801615577572 10.940567438002017 0
1 11 55 96.555555555555543 21.863775779997969 72
3 18 61 -14.764115538983756 32.637669336526848 0
3 18 61 79.901234567901213 45.604744429995733 72
2 15 72 71.907996388723987 13.587434371045687 72
3 18 61 45.870380759654864 33.861619246222673 72
3 18 61 52.715962934809767 69.204765748524949 72
2 15 72 94.824411645806649 -5.773296807423520 72
3 18 61 64.396639043488207 -18.546340863622468 72
3 18 61 33.560622440718348 0.031605203521281 72
3 18 61 10.417850028822905 27.607175643517827 72
1 11 55 24.193802907482549 53.126249339186117 72
3 18 61 18.933795743989208 81.645231169539016 72
3 18 61 -15.932139361708359 90.609971500707928 72
2 15 72 -27.637146815834782 63.023275562916602 0
3 18 61 -59.934025549418614 69.799087253642767 0
1 11 55 -83.596754392726510 53.033787862099388 0
1 11 55 -93.244948581938942 33.262284406690441 0
3 18 61 -61.848569659552417 33.850032734081999 0
3 18 61 -84.271074948008760 5.685671271603443 0
3 18 61 -48.668769795906712 0.349392806548607 0
3 18 61 -71.091275084363048 -27.814968655929952 0
1 11 55 -27.368553845058592 89.021888176209060 0
2 15 72 -5.386740311467769 59.340264772451185 72
2 15 72 -35.064946825022730 63.722508277641644 72
2 15 72 -64.442766126519842 69.800643936590347 72
3 18 61 -81.943792458601578 41.823616265235017 72
3 18 61 -47.048176390022007 32.975114742700711 72
3 18 61 -72.159011528251781 7.178875507869506 72
1 11 55 -98.919304537305734 -3.996397109368022 72
1 11 55 -45.451192750052932 87.557899937624782 72
1 11 55 -18.048668625856134 33.144080526465537 72
3 18 61 -24.539271766262079 4.879755470420900 72
2 15 72 -49.449645172231961 -16.764488493625251 72
3 18 61 -80.538255567869115 -27.832383671493599 72
2 15 72 -73.580703268725983 -60.090599152277534 72
2 15 72 -73.030634710494610 -60.757932764226759 0
2 15 72 -50.443181542328894 -80.501462321424015 0
1 11 55 -47.760621118350144 -54.640219706814342 0
2 15 72 -24.284272188392663 -65.814343427217850 0
2 15 72 -13.934474263709490 -93.972498248125859 0
3 18 61 8.479871337754851 -69.752731295115836 0
3 18 61 -7.415142128566139 -37.451825008983946 0
2 15 72 36.044376935293506 -87.896546526848724 0
1 11 55 21.521947556015188 -39.360971568705565 0
2 15 72 -14.773986235973551 -5.282780674361962 0
1 11 55 97.876084944684834 14.875214146385876 144
1 11 55 92.174256673340977 36.123488296634036 144
1 11 55 98.744526305180045 -7.107638480227020 144
1 11 55 79.272596802636201 3.131695553193455 144
3 18 61 76.519917766787060 -25.737366747574068 144
2 15 72 53.753898023334372 -1.847863926445235 144
2 15 72 66.048162929486466 25.517279055409563 144
2 15 72 93.905045725256400 14.382016108234083 216
3 18 61 80.501159869489740 44.537212077844011 216
2 15 72 93.707517795161323 -15.617333596665086 216
3 18 61 64.413042003282456 -0.424121688743067 216
3 18 61 67.952780395062405 -36.249674749620709 216
3 18 61 35.157072143825033 -21.402401589214399 216
3 18 61 58.517164638680612 -70.991136366799680 216
3 18 61 25.721456387443247 -56.143863206393370 216
3 18 61 47.089422347304840 31.133638086231862 216
3 18 61 52.187455530156782 66.770838560827798 216
2 15 72 3.747560108057812 -31.523792485479291 216
3 18 61 7.212772750202852 1.293768382822883 216
3 18 61 11.575325386629713 37.028459293678750 216
3 18 61 16.673358569481653 72.665659768274679 216
3 18 61 -14.385665044051034 90.868325841518441 216
1 11 55 -43.326437277960423 89.015840347653636 216
1 11 55 -61.915460564096918 77.249438464857207 216
3 18 61 -34.881811857439750 61.272583482117895 216
1 11 55 -63.258105547308602 55.290447038813596 216
3 18 61 -50.923585540143137 29.044311776782450 216
1 11 55 -84.839935985440263 51.021419639073144 216
1 11 55 -94.013010417553872 31.025052332412066 216
3 18 61 -78.838502580544187 6.312013023081214 216
1 11 55 -97.751686616154430 -15.671878116458629 216
1 11 55 -76.878245550660012 -22.621659270231120 216
3 18 61 -49.166631487832987 -14.073767949389024 216
2 15 72 -62.478295929326194 -44.269787385683692 216
1 11 55 -71.233947766564270 -68.751179521448165 216
1 11 55 -88.320739677964127 -41.411798390168769 216
2 15 72 -45.234034719290307 -68.818421875611065 216
2 15 72 -25.010902935392981 8.409576510473588 216
1 11 55 -17.170767030162324 33.199337884627909 216
1 11 55 -20.331957559063817 -17.165948316308132 216
2 15 72 -30.327495466341322 -41.167807034836130 216
1 11 55 -19.542478446200207 -64.825435992009048 216
1 11 55 -25.678350327457959 -85.952458410153795 216
2 15 72 -1.300022326580411 -94.991104541164233 216
1 11 55 89.953331227264670 -41.344869102683226 288
1 11 55 78.601403262697104 -60.189861315132376 288
1 11 55 96.863119378140155 -20.458154959237373 288
1 11 55 98.989543609107486 1.438838441454777 288
3 18 61 71.219150177180964 -6.916115097375482 288
3 18 61 84.484581116349048 26.550709400896867 288
3 18 61 48.868745447265752 21.305497337228321 288
3 18 61 62.134176386433843 54.772321835500676 288
3 18 61 57.566310488604628 -40.226773578378754 288
3 18 61 35.215905758689416 -12.005161143774949 288
2 15 72 16.449900872368421 15.139581636486874 288
3 18 61 23.940480848360959 47.278206554539288 288
2 15 72 37.905912613600464 77.177482726554544 288
2 15 72 56.086899059117542 -73.193595412190746 288
3 18 61 26.543280926018909 -58.490717203974313 288
3 18 61 4.192876196103700 -30.269104769370507 288
3 18 61 -13.426205679727747 1.124651836883998 288
3 18 61 -10.564280796270888 37.010713002209044 288
3 18 61 -2.203810223465887 72.026459914152284 288
1 11 55 9.548368286553615 98.538462861282426 288
3 18 61 -35.896178513348517 84.708112764585991 288
1 11 55 -63.533821844570255 75.923998062683765 288
1 11 55 -78.732613482158470 60.018127047326615 288
1 11 55 -90.043374824331451 41.148397906175546 288
3 18 61 -48.641616580232906 51.039821918699346 288
1 11 55 -96.907549755426331 20.246649115336805 288
3 18 61 -67.910090443011399 20.630515530696641 288
3 18 61 -91.627666498376428 -8.268659629124024 288
2 15 72 -58.746936242192120 -11.071796768124843 288
3 18 61 -74.625279649034383 -40.000644146725826 288
1 11 55 -71.190197528383464 -68.796480839282367 288
1 11 55 -54.238972130705136 -82.819888325236178 288
3 18 61 -42.522494253022757 -56.292088828448293 288
3 18 61 -25.730365138652633 -88.135838604602540 288
1 11 55 -24.629954543254630 -33.469796596194961 288
1 11 55 -41.502293205767799 8.386422229160143 288
2 15 72 7.137130411202929 -85.181564365432251 288
1 11 55 33.090259804462129 -86.742036953062467 288
1 11 55 -8.768016357644861 -64.613961047072308 288
1 11 55 63.860948783570045 75.649053004398169 360
1 11 55 78.990942635957850 59.677726007973988 360
2 15 72 88.176368053065858 35.354322465156457 360
3 18 61 91.964029348458922 2.572412485544504 360
3 18 61 59.736567111331908 18.615812304615027 360
3 18 61 61.956306423509673 -17.315688601775907 360
3 18 61 29.728844186382659 -1.272288782705383 360
3 18 61 46.788740270085526 52.206789963639778 360
1 11 55 78.990942635957893 59.677726007973945 432
1 11 55 63.860948783570095 75.649053004398127 432
1 11 55 95.465986015380921 -26.215367899594614 360
2 15 72 78.466854810995784 -45.888434216163049 360
3 18 61 45.655703963954693 -49.413824987796048 360
3 18 61 13.428241726827675 -33.370425168725525 360
3 18 61 -6.219258567825911 -3.204621148749737 360
3 18 61 10.081343891729073 28.893515237270407 360
3 18 61 13.052294239757284 64.770714877564956 360
1 11 55 69.655564888298528 -70.349856290486017 360
1 11 55 42.493580414327639 80.886950385323019 360
3 18 61 51.946142334373818 49.209737822680751 432
3 18 61 82.973077914341857 30.952430559107800 432
3 18 61 35.392950410605422 81.178344879211835 432
3 18 61 51.648318229405511 13.210969777058683 432
3 18 61 15.983920537931230 50.858556631243459 432
3 18 61 -0.569271385837158 82.827163687774544 432
3 18 61 -36.533336570176807 84.435272955383894 432
1 11 55 -64.104017498988895 75.443190153182982 432
3 18 61 -49.024761642397031 50.671915603587436 432
3 18 61 -83.182336949060726 39.302656649302051 432
1 11 55 -97.954869200573626 14.347250604158020 432
3 18 61 -70.275360604504385 5.695961458595436 432
1 11 55 -96.062603759535605 -7.571219495295846 432
3 18 61 -77.231625280972764 -29.625567128810268 432
3 18 61 -66.195149564591532 -63.892113551841106 432
3 18 61 -42.037687720478658 -37.200972001689479 432
1 11 55 -37.258268429821342 -65.804418494098272 432
1 11 55 -46.927234909711572 -85.565771869076400 432
3 18 61 -17.990353774941383 -87.478076811333565 432
1 11 55 -19.566987310279501 60.916280783286410 432
2 15 72 -0.184061043892715 94.999821692106991 360
3 18 61 -32.004017433954175 86.253944072646078 360
3 18 61 -20.641926190389768 52.093983847655814 360
3 18 61 -55.906365159279531 59.334104303107438 360
3 18 61 -84.199271052561528 37.074017238724942 360
3 18 61 -50.775017217711913 23.701685520451520 360
3 18 61 -79.067923110993917 1.441598456069027 360
1 11 55 -35.111261689092231 -0.704190057770139 360
1 11 55 -53.658729896186195 -12.535987178530730 360
1 11 55 -21.883014096445592 21.201254429471923 360
2 15 72 46.616510754710298 -82.399834905802777 360
2 15 72 18.612192070805257 -93.158930362684245 360
3 18 61 -0.771395865279032 -66.451693165173765 360
1 11 55 -14.565737180860028 -40.942554652294596 360
3 18 61 -30.461692976403452 -86.810628732957184 360
3 18 61 -61.442421922233791 -68.475023098427684 360
1 11 55 -27.365817361207160 -23.049596613538554 360
2 15 72 -48.660407720051047 -38.051017561102405 360
3 18 61 -81.466451077866481 -34.478410781014006 360
2 15 72 -13.722889356531809 -54.755168208374556 432
3 18 61 14.468664123971326 -71.908486031930778 432
1 11 55 34.643378921949235 -92.740693855881005 432
3 18 61 50.289733564289627 -68.323659097210708 432
1 11 55 78.253658040182785 -60.641281346374399 432
1 11 55 89.713866714072893 -41.861941178229671 432
1 11 55 64.814483358366545 -43.223227957099539 432
1 11 55 76.274692032256652 -24.443887788954815 432
1 11 55 76.059225562107102 -2.444942946071069 432
1 11 55 95.218603887571874 -13.257815930699669 432
2 15 72 29.624992902767747 -42.594910713504895 432
2 15 72 -20.026692273961505 34.920345113525144 432
1 11 55 -42.786467731527878 22.350833543016144 432
2 15 72 -38.524483695617690 -3.297470340041048 432
2 15 72 -13.747125091224429 -20.211443870506901 432
1 11 55 12.052625641187866 -23.432136675695141 432
2 15 72 13.307441174946518 -67.769054305887110 504
2 15 72 35.263051762265519 -88.212908241434732 504
2 15 72 41.990143328048731 -58.976864749444090 504
1 11 55 59.595948073640756 -79.052659494819750 504
1 11 55 9.813205422128364 -93.533182789182007 504
2 15 72 -13.300258432396657 -81.626554859933279 504
2 15 72 -43.148982700846986 -84.635484826885730 504
1 11 55 -30.354618077120378 -62.001346144905071 504
1 11 55 -9.439845767413441 -55.176956118454633 504
1 11 55 8.357709042971710 -42.244553295648018 504
2 15 72 31.701592416385392 -30.796273553762770 504
2 15 72 61.250975741341179 -35.976422693973433 504
2 15 72 90.444250522401603 -29.066089304222832 504
2 15 72 94.998191051409520 0.586256735479665 504