3 18 89 92.000000000000000 0.000000000000000 0
2 12 92 93.304347826086953 29.971631199328868 0
3 18 89 64.166364483426918 22.831748376560252 0
3 18 89 58.310308134798163 -12.688761248748973 0
1 12 114 97.791139690756836 6.394763325009109 92
1 12 114 37.557996558906396 8.975531129658142 0
3 18 89 31.706371020746122 38.399305166330436 0
3 18 89 89.241149521032909 -22.361065094593499 92
3 18 89 67.791547160415647 6.551121930455338 92
3 18 89 53.477659898065149 -26.480872127438289 92
1 12 114 26.915700828569452 -12.535897032787330 0
1 12 114 96.412906934240169 -17.565630546312448 206
3 18 89 81.130060170333735 -43.381025077308017 206
2 12 92 89.252309080459611 -40.472525542719808 320
3 18 89 68.153194616166004 -61.799207629313514 320
3 18 89 62.870942227327447 -26.188846641244190 320
3 18 89 91.871595514183923 -4.859005832284989 320
3 18 89 34.672591168144372 -48.568591893214084 320
3 18 89 58.899084871518994 9.591376235997791 320
2 12 92 33.851936529755982 -18.579818561107086 320
3 18 89 22.899896717638342 9.349607210895291 320
3 18 89 40.690112676991703 40.646703180323016 320
3 18 89 55.222392473098196 73.583200321453177 320
3 18 89 19.432409339152695 69.700275229219670 320
2 12 92 79.977150626082306 56.636166693491376 320
2 12 92 94.757082978191519 25.001904436744926 320
1 12 114 63.813128773336658 74.376640124151564 412
3 18 89 35.681641862439029 84.798705379272377 412
3 18 89 78.389973587440551 48.156121531539156 412
3 18 89 42.412645253429758 49.433558789013894 412
2 12 92 15.470379164428735 62.628796490149313 412
3 18 89 -0.153579813686520 88.239183169193652 412
3 18 89 59.295016303721312 17.637559862729500 412
1 12 114 29.656498161052614 22.280645292343998 412
3 18 89 2.714232072051590 35.475882993479416 412
3 18 89 -23.136700602253079 60.530409128861962 412
3 18 89 -57.256858732005554 72.011472198137696 412
2 12 92 -47.850821713313138 43.524168576998193 412
2 12 92 -34.608832344748521 91.685488075993192 412
1 12 114 -81.528425536994320 54.379369520607469 412
3 18 89 -88.482417571526128 25.196463654610007 412
3 18 89 -54.201694917059463 14.204100201396866 412
3 18 89 -80.861722242407012 -9.987694750853414 412
3 18 89 -79.692400434653180 -45.968699274211460 412