2 17 110 93.000000000000000 0.000000000000000 0
2 17 110 86.784946236559136 33.427131296561186 0
2 17 110 60.943728239819734 11.331171203254726 0
2 17 110 54.728674476378870 44.758302499815898 0
2 17 110 49.984183053155206 78.425642773959282 0
2 17 110 23.199656809503921 57.483122536338513 0
3 26 94 63.808764032988293 -31.573275767937702 0
2 17 110 30.678684914957401 -4.161638501385870 0
2 17 110 13.183744307096367 24.991869917454824 0
2 17 110 -9.946549610430800 49.911530896063773 0
2 17 110 0.069362891976749 82.402783514947458 0
3 26 94 -48.774019324273794 68.389290382013513 0
3 26 94 -38.180873784881570 17.479711051780832 0
3 26 94 -83.640015334532279 -7.768386887842684 0
1 13 41 -83.144713840145883 49.959549241764122 0
1 13 41 92.247311827956992 29.990556188834940 110
3 26 94 83.614159342670135 -8.041912547309259 110
1 13 41 66.423929899143971 26.965172616681858 110
1 13 41 76.715561833873807 50.841569164738459 110
3 26 94 33.543634450287549 5.991709116441559 110
3 26 94 38.335993813668992 57.770404462425418 110
2 17 110 12.514360169829935 92.154168595564755 110
3 26 94 -8.901851412458839 36.031361742186036 110
3 26 94 -50.685600010439174 66.984848671783752 110
3 26 94 -56.600231728190209 15.322317455791506 110
1 13 41 -90.866189065348323 33.946070240020035 110
1 13 41 -12.728335764471215 75.942866921472813 110
2 17 110 -92.644307885163244 -8.126020949953318 110
3 26 94 -60.370492837341644 -36.540821006596403 110
3 26 94 -29.737453389428399 -78.560065338004733 110
1 13 41 -21.564501441334592 -40.426053531558907 110
1 13 41 0.588014429920751 -54.037300372821484 110
2 17 110 13.177193695346300 -81.268028703569072 110
2 17 110 -2.762175421934981 -17.049301484702426 110
2 17 110 25.027406768038919 -36.638561851206447 110
2 17 110 43.225290284344680 -65.358538096443269 110
1 13 41 -17.304717057924584 95.443945683029966 220
2 17 110 12.514360169829962 92.154168595564755 220
2 17 110 44.801156641860310 81.497585016683132 220
3 26 94 16.278307622048668 49.319221419492081 220
3 26 94 68.128513522732774 45.375093118249382 220
3 26 94 83.896095928934443 -4.176731722654715 220
3 26 94 -34.516944206369580 60.447671072861333 220
3 26 94 -18.756838396714354 10.893467771138553 220
2 17 110 -76.773525926069013 52.486433646030946 220
2 17 110 -90.508142243646247 21.384017106331946 220
2 17 110 -92.145705441365109 -12.576524508510971 220
2 17 110 -81.467343619981392 -44.856124704480180 220
2 17 110 -61.916232077773124 2.985574969383475 220
2 17 110 -51.237870256389400 -29.294025226585727 220
2 17 110 -52.875433454108261 -63.254566841428641 220
1 13 41 48.311992537477536 11.784834172523178 220
3 26 94 23.996195851477125 -18.706837338318799 220
3 26 94 -10.214052052287142 -57.868795133646046 220
1 13 41 -7.070947026882166 -96.741933555945778 220
1 13 41 -35.404217218005179 -87.642199019057699 220
2 17 110 21.333315347229849 -87.088028699225632 220
2 17 110 53.499031226777106 -76.071372130364026 220
2 17 110 77.266218202527895 -51.758395692673346 220
1 13 41 29.406929756330989 -58.194833127029838 220
1 13 41 42.130869421659376 87.372706503662158 330
2 17 110 12.514360169829928 92.154168595564769 330
2 17 110 27.069778940333951 61.427310890695900 330
3 26 94 -28.437079293028628 79.040069087027007 330
2 17 110 -2.538767292799898 44.714023064526700 330
3 26 94 -69.514969563020770 47.155795048459254 330
3 26 94 -83.953336349678423 -2.799520629994248 330
3 26 94 -33.471580524737817 9.674144782829485 330
3 26 94 -47.909947311395463 -40.281170895624008 330
3 26 94 -17.174453826334705 -82.225532140370476 330
1 13 41 -86.791766721805331 -43.315000049725562 330
1 13 41 -55.989811322880271 -78.435014706646683 330
2 17 110 60.970331706851496 64.025872439814790 330
3 26 94 47.038730546084551 23.345281378507472 330
3 26 94 12.174054615392190 -15.235210741834909 330
2 17 110 90.038683473216111 23.281655405275622 330
3 26 94 78.419272199922688 -18.118698236475574 330
3 26 94 43.554596269230323 -56.699190356817958 330
1 13 41 21.282050085488152 -88.713775884247042 330
1 13 41 42.130869421659362 87.372706503662158 440
3 26 94 63.632449252085515 54.835311635667402 440
1 13 41 92.637175026068235 28.763758502490571 440
1 13 41 96.949684059635942 3.123901524820070 440
1 13 41 26.457964892150990 66.627585062491562 440
1 13 41 16.328614984258195 90.573279256719303 440
1 13 41 69.804683061596762 16.326825170983724 440
2 17 110 24.652242909212628 36.681978237444028 440
3 26 94 -21.526946712816091 81.194769321820090 440
3 26 94 -17.715395139326777 29.334649050048334 440
3 26 94 -64.533352524742114 51.963808695457914 440
3 26 94 67.648042861978269 -22.613499725572929 440
3 26 94 -83.917942681267249 3.711993553812221 440
3 26 94 -70.023482341302355 -46.397326655717094 440
3 26 94 17.475709721370571 -8.948325477584749 440
2 17 110 65.941731104008525 -65.579631738876316 440
2 17 110 35.269668381290131 -50.909097722228232 440
2 17 110 1.334899561775686 -48.803993172304388 440
2 17 110 -29.976057983229293 -62.056311370072507 440
2 17 110 -2.843734992424807 -82.546236921978803 440
2 17 110 -25.797423429028804 -28.314067620398095 440