2 30 115 80.000000000000000 0.000000000000000 0
1 23 105 69.750000000000000 51.999399034988855 0
3 11 72 48.113116220115884 25.772594801613653 0
2 30 115 16.750309209986742 52.180440916838464 0
2 30 115 20.496457878817601 -7.702497973558508 0
3 11 72 90.750000000000000 39.565610067329935 115
3 11 72 97.247174684622195 18.546886958694039 115
1 23 105 63.262129047552946 19.555189019745320 115
3 11 72 72.744062736671594 52.206267616250472 115
1 23 105 84.344979605407332 -21.328957202906551 115
3 11 72 51.548386604488513 -12.363273317553304 115
1 23 105 20.737860661390307 2.014191379314235 115
3 11 72 32.451603104454733 33.932653716612862 115
1 23 105 41.933536793573388 66.583732313118020 115
1 23 105 0.711035056557982 86.997094371871668 115
3 11 72 10.210330843181255 54.351062766816796 115
3 11 72 -11.766095536228024 55.369239367610575 115
1 23 105 -42.222344003489077 70.482707841142997 115
2 30 115 -74.710206100463381 28.607430930202092 115
3 11 72 -98.897770760368772 -4.497881571311858 115
1 23 105 -71.244526187231031 -24.279136955594936 115
3 11 72 -81.063572887057006 -56.830424517020774 115
2 30 115 -41.693613493310082 -68.276222756318845 115
3 11 72 -34.650235232099632 37.336619553771179 115
3 11 72 -35.905116724622260 15.372437974670067 115
1 23 105 -25.809141508866116 -17.094026021934770 115
3 11 72 6.149704153275916 -28.697136981646636 115
3 11 72 -11.220985000751721 13.617302339026098 115
3 11 72 -98.897770760368772 -4.497881571311858 230
3 11 72 -97.449190637712448 17.454376071769989 230
1 23 105 -66.071880233827528 4.359934815333903 230
1 23 105 -71.140801748299708 50.079799586351356 230
1 23 105 -77.104591219903199 -40.297419431169843 230
1 23 105 -29.011776641773316 31.609682002165023 230
1 23 105 -32.913832483592245 -27.523350294471157 230
1 23 105 -43.946543469667908 -72.180704540974901 230
2 30 115 7.925452002784958 -61.304304138919520 230
3 11 72 -17.460692153992412 -93.499702643229398 230
2 30 115 13.282143335840917 -1.543900375538172 230
3 11 72 38.438577447440061 -33.919104201750152 230
3 11 72 48.201608825704419 -53.634154754742042 230
3 11 72 46.368173873038955 -75.557624285688661 230
3 11 72 68.060935590578595 -71.893734403876323 230
2 30 115 77.263876419917892 -20.743514662844795 230
2 30 115 69.955725744906886 38.809746656006055 230
1 23 105 35.766604598684651 79.307944088100982 230
3 11 72 33.926155642485156 -93.005462008001828 345
3 11 72 53.628377510934044 -83.216567614536601 345
3 11 72 35.299835357005655 -71.048390162195176 345
3 11 72 55.002057225454529 -61.259495768729948 345
3 11 72 76.979726796436211 -62.250475197752827 345
1 23 105 82.148790357050302 -28.645701996519460 345
3 11 72 98.996027840796387 0.886832421749869 345
3 11 72 77.387630520219744 5.019285111871831 345
3 11 72 91.770638190091034 21.666479781497820 345
1 23 105 36.340294196434996 -32.838753332109476 345
3 11 72 56.962066809790755 -5.806504178865669 345
2 30 115 24.116253932398273 18.732293192303906 345
1 23 105 69.001229864183159 46.916312345063020 345
1 23 105 2.504355047350003 -80.018143294750644 345
3 11 72 -28.043807450368689 -94.944957020826777 345
1 23 105 -40.327163211858952 -63.241342538615697 345
1 23 105 -9.506939493984223 -29.092933937625933 345
3 11 72 -14.356218906203669 4.559472947799430 345
2 30 115 -31.216994112310481 41.932113467959809 345
2 30 115 16.524006618079373 78.274882339647547 345
2 30 115 -79.725592356935891 6.620417157225525 345
1 23 105 -82.361078013162398 28.029499255423346 460
2 30 115 -45.312913990058355 65.929809841448616 460
2 30 115 -33.682453073601813 7.067832480245592 460
2 30 115 11.478284179956248 46.571095772220509 460
2 30 115 70.761008079773418 37.321304043860003 460
2 30 115 33.109091513389465 -9.394144994740294 460
1 23 105 85.953321188087685 -13.454611727487261 460
2 30 115 -12.051645740168595 -48.897408286715219 460
1 23 105 29.447032437026543 -81.864963694200142 460
1 23 105 -80.417213590362863 -17.929410556557340 460