3 21 70 89.000000000000000 0.000000000000000 0
3 21 70 79.089887640449433 40.814086698358011 0
3 21 70 51.566524201773390 72.538910811701044 0
1 17 75 53.269008625699939 12.934305370204275 0
2 24 107 53.821515909836499 -28.061971725417180 0
1 17 75 63.562785949539439 -67.887938857598499 0
1 17 75 30.159673908946299 -61.545060488625815 0
1 17 75 13.028477009952841 -32.176334046917162 0
1 17 75 21.529601398773778 0.743734059418740 0
1 17 75 26.841960570450823 34.326152674388965 0
1 17 75 14.156133173427381 65.870879385091811 0
1 17 75 -6.649356000711322 92.761986097624089 0
2 24 107 -43.268757263628657 74.322369747345803 0
3 21 70 -77.033356641774660 44.574229825103558 0
2 24 107 -14.122881540502613 36.184227050931078 0
3 21 70 -88.896809010774589 4.284547549259401 0
1 17 75 -86.698080321112485 -33.651788490865201 0
1 17 75 -57.221233362766512 -16.707305807872203 0
1 17 75 -50.110934794210863 16.540906990201549 0
3 21 70 -55.022504673104407 -54.643641847996804 0
1 17 75 -18.001398812423531 -46.074060711659939 0
1 17 75 -14.522245247754968 -12.252536640834062 0
2 24 107 -7.403643805250983 -85.680721626308497 0
1 17 75 63.562785949539439 -67.887938857598499 107
1 17 75 34.913913071299284 -86.197556079332998 107
1 17 75 83.716043085188801 -40.504618627494949 107
1 17 75 92.680059174881620 -7.707569742820446 107
1 17 75 59.794973626747016 -16.343028531551273 107
1 17 75 68.758989716439828 16.454020353123219 107
3 21 70 33.892086452505531 -44.146633262566205 107
1 17 75 5.409540389702915 -69.301047781300824 107
1 17 75 -3.318307000142358 -36.440361849026509 107
3 21 70 31.494121430838270 9.015633992038723 107
1 17 75 47.890465821260491 43.296239159256380 107
1 17 75 63.562785949539432 -67.887938857598499 182
1 17 75 34.913913071299277 -86.197556079332998 182
1 17 75 1.598548863376852 -92.986260498696240 182
1 17 75 83.716043085188801 -40.504618627494949 182
1 17 75 92.680059174881620 -7.707569742820446 182
1 17 75 59.794973626747016 -16.343028531551273 182
1 17 75 68.758989716439828 16.454020353123219 182
1 17 75 12.377040481385809 -60.739956548622963 182
1 17 75 29.213365595531464 -31.201199691727506 182
1 17 75 31.636615932649313 2.712335331971492 182
1 17 75 40.600632022342126 35.509384216645984 182
1 17 75 71.182240053557678 50.367555376822210 182
1 17 75 52.102988501026552 77.034268927938143 107
1 17 75 20.778736307829490 63.813405698292769 107
3 21 70 -25.244558896788103 -66.089279891643486 182
1 17 75 -6.962590394489624 -32.776074887006565 182
1 17 75 -63.183590326967135 -68.240998771955148 182
1 17 75 -83.489089412013300 -40.970378923715721 182
1 17 75 -92.635681414126466 -8.223778264305587 182
1 17 75 -49.719290303966709 -37.020610803663800 182
1 17 75 -89.400859644158430 25.621988503734134 182
1 17 75 -30.944220050315124 -8.674592794595089 182
1 17 75 -61.571386022954528 6.089441358860370 182
1 17 75 -33.471774397401319 25.231328060360703 182
1 17 75 -2.844608424761915 10.467293906905244 182
1 17 75 7.410042945581033 42.883989069625400 182
3 21 70 31.376751938845338 72.372916822803958 182
3 21 70 -7.320507143507673 88.698422619355824 182
3 21 70 -47.181159530844013 75.464814220436836 182
3 21 70 81.978540602868890 -34.648504738643140 257
3 21 70 56.960971784690706 -68.384557418642913 257
3 21 70 88.739557770565966 6.803740639117837 257
3 21 70 75.738350483361089 46.740798731510324 257
2 24 107 37.501233723144679 -27.809705668131034 257
3 21 70 46.911732870819016 16.195322519470672 257
3 21 70 34.871883306770457 56.432643783131844 257
2 24 107 11.961020522344981 -68.450787219409875 257
2 24 107 -10.465081937937729 -26.011772993807259 257
2 24 107 2.762637460065271 24.904936426651801 257
3 21 70 -5.138687083741281 69.205828860703747 257
3 21 70 -46.615310110090029 75.815650517159966 257
3 21 70 -76.192653620578710 45.996516544783191 257
3 21 70 -88.801957617533617 5.933997244165340 257
3 21 70 -81.635140766447961 -35.450018223439969 257
2 24 107 -44.533778568621649 14.016591115780534 257
3 21 70 81.978540602868890 -34.648504738643162 364
3 21 70 88.739557770565980 6.803740639117816 364
3 21 70 49.460351645670364 -8.067169427114283 364
2 24 107 55.008174999315024 36.589539542947037 364
3 21 70 40.575824228476165 79.212388476675841 364
3 21 70 11.677986542379408 48.734281956289671 364
3 21 70 -0.267909120474865 88.999596767081854 364
3 21 70 -41.051979334907770 78.966670138016497 364
3 21 70 -72.693808475388209 51.347932863393609 364
3 21 70 -88.146787956660859 12.294054372885554 364
3 21 70 -83.969552319192218 -29.497699627503845 364
3 21 70 -32.954365804876389 37.754673642842263 364
2 24 107 -46.026026599734145 -5.304955757144201 364
2 24 107 -45.782591879049448 -53.304338456682800 364
2 24 107 -4.335624455620078 -29.093826454637384 364
2 24 107 -4.092189734935385 -77.093209154175980 364
2 24 107 40.530784508565034 -52.172303263708969 364
3 21 70 40.575824228476165 79.212388476675841 471
3 21 70 -0.267909120474798 88.999596767081854 471
2 24 107 10.879529655619979 45.402181605937038 471
3 21 70 -41.051979334907706 78.966670138016525 471
2 24 107 58.280332366436525 37.841500262946425 471
2 24 107 -35.812393538066196 34.272747277323965 471
3 21 70 -80.693296137775235 37.544533003105897 471
2 24 107 -64.296768839398979 -4.361956858890444 471
2 24 107 -16.595945939075179 -9.712797412667456 471