3 14 90 96.000000000000000 0.000000000000000 0
2 19 92 85.458333333333329 31.270965189595433 0
3 14 90 68.178518945623338 3.156769225166876 0
2 19 92 47.532346010755077 28.900419765513970 0
2 19 92 78.720185612290010 -28.114195964428550 0
2 19 92 42.289441285210231 -17.306750948378514 0
2 19 92 15.046699584369243 9.185380423431864 0
3 14 90 17.291079544255602 42.108970121331765 0
2 19 92 39.918461879174664 66.129827072518850 0
3 14 90 21.555364228518332 93.548737420533428 0
3 14 90 72.615626861731187 61.669400848100445 0
3 14 90 7.098241059238578 69.569755172150266 0
1 14 56 -6.439605140117457 94.079482226578719 0
3 14 90 96.000000000000000 0.000000000000032 92
2 19 92 85.458333333333314 31.270965189595461 92
2 19 92 63.005703484368027 0.613512378486815 92
3 14 90 52.464036817701356 31.884477568082239 92
2 19 92 84.303086646029513 -30.857449959283823 92
2 19 92 46.399742199146090 -33.566043642528292 92
3 14 90 30.433911246635876 -4.685388490751235 92
2 19 92 64.160950171671828 62.741927527366094 92
2 19 92 33.174090208297116 84.737711432701346 92
2 19 92 19.892244579969205 26.585576698844189 92
2 19 92 3.576912556115545 60.904812426806075 92
3 14 90 1.453217915914387 93.836406999118864 92
3 14 90 96.000000000000000 0.000000000000110 184
2 19 92 85.458333333333371 -31.270965189595334 184
2 19 92 63.005703484368041 -0.613512378486730 184
2 19 92 84.303086646029470 30.857449959283944 184
2 19 92 46.399742199146047 33.566043642528349 184
3 14 90 67.274621082907672 59.124592732574193 184
2 19 92 -25.828780671558228 67.376301288514824 0
1 14 56 -57.412483917259507 76.940280025812328 0
3 14 90 -53.391939518817246 49.230440207795425 0
2 19 92 -27.018607035753170 29.394933313900395 0
2 19 92 -63.179133221384774 17.715192478665600 0
2 19 92 -90.592702564053994 -8.600130356037891 0
3 14 90 -58.201017142471372 -14.907167342550034 0
3 14 90 -74.706810116319929 -37.524832967111109 0
3 14 90 -70.461436878878615 -65.201118954844674 0
3 14 90 -48.615756749818715 -47.686374888807130 0
2 19 92 -41.485573320637663 -80.993501012476287 0
3 14 90 73.327416173570100 -61.960390874396921 276
2 19 92 45.092474454854361 -79.042195993901302 276
2 19 92 47.729499728432160 -41.133805132424314 276
3 14 90 80.115095199269348 -34.795571466860217 276
2 19 92 63.233479488033012 -6.440482841039653 276
2 19 92 25.436191162212527 -10.360303655157894 276
2 19 92 88.262543559049419 22.152277636552505 276
2 19 92 50.985954585622721 29.531702716204990 276
2 19 92 63.133029646481788 65.537932280904712 276
2 19 92 25.877182618527989 58.054493082935210 276
1 14 56 32.172727629260692 90.448414009828866 276
2 19 92 -16.013525942124001 -52.794657022930274 0
2 19 92 -14.403602746382592 -14.828775664744821 0
3 14 90 11.748685222066896 -34.954824308611606 0
2 19 92 -0.447864055742677 85.458724829099353 276
1 14 56 -33.118961493011028 90.106239460008837 276
3 14 90 -24.929457891303350 63.330652991032707 276
2 19 92 -57.600555328571701 67.978167621942205 276
2 19 92 -40.315473662837292 34.136980411548834 276
3 14 90 -72.986571100105635 38.784495042458325 276
2 19 92 -90.365047469648758 10.731178677485875 276
3 14 90 73.327416173569688 -61.960390874397412 368
2 19 92 85.458333333333172 -31.270965189595870 368
3 14 90 73.327416173569702 -61.960390874397390 460
3 14 90 52.329876512554193 -80.483439440550924 460
3 14 90 46.787215729240089 -53.037512394063462 460
3 14 90 88.087033278153058 -38.166406278998238 460
2 19 92 48.521446952959458 -40.196570184405076 368
2 19 92 59.260089473496265 -3.745485744897394 368
2 19 92 44.476956857765884 -77.980721622142582 368
2 19 92 13.777166899843671 -55.586014735481655 368
2 19 92 17.821656995037241 -17.801863297744152 368
2 19 92 28.560299515574048 18.649221141763526 368
3 14 90 91.903370323970776 1.093544665943622 368
3 14 90 59.811305726821878 29.249910307310703 368
3 14 90 87.807567050849855 28.792360444743480 368
3 14 90 78.534195972566508 55.212136917008742 368
2 19 92 45.765379956374517 59.111456972731148 368
2 19 92 59.088371795005408 -22.415925899472995 460
3 14 90 89.750372316247763 -10.215855242491813 460
2 19 92 22.102488870968966 -31.136273617853824 460
2 19 92 33.043387679035717 5.254614434949222 460
3 14 90 65.713037520416208 9.912294033374646 460
3 14 90 92.626678727219485 17.636018328781685 460
2 19 92 20.266776975112521 -72.675901541052284 460
2 19 92 -10.592722410863423 -50.501788308569900 460
2 19 92 -11.016144449468097 -12.504147411045434 460
2 19 92 -0.075245641401343 23.886740641757612 460
2 19 92 32.619965640431047 43.252255332473688 460
2 19 92 44.629203108501173 79.304692357389229 460
2 19 92 7.402258042550585 71.678778572360102 460
2 19 92 69.846910706381635 50.878169117502814 460