3 22 62 88.000000000000000 0.000000000000000 0
2 15 66 87.500000000000000 36.996621467371853 0
2 15 66 71.600529436623845 62.436881603705686 0
2 15 66 57.518353161362278 35.947406120932150 0
3 22 62 44.025418946145592 1.495399992640646 0
2 15 66 27.547573129887372 34.623644697961538 0
2 15 66 41.386552124782440 61.240982287939488 0
2 15 66 87.499999999999986 36.996621467371902 66
2 15 66 71.600529436623816 62.436881603705729 66
3 22 62 50.868008876451157 31.791121844450000 66
2 15 66 42.071206057940572 67.730184995459439 66
2 15 66 18.325025511002782 49.396638981874581 66
3 22 62 9.528222692492196 85.335702132884023 66
3 22 62 -34.263125768884109 81.055772234589384 66
3 22 62 -69.221192045091868 54.336236268778407 66
3 22 62 -86.873960310026661 14.032641235772829 66
3 22 62 -82.808238497454767 -29.779114106175946 66
3 22 62 81.747136575087950 0.446593253780748 66
3 22 62 -28.602361983263712 37.421430789307905 66
1 23 76 -45.753473184784141 -4.245912825825264 66
2 15 66 -69.818116548948041 -64.423835663188413 66
2 15 66 -48.409665557716615 -43.407693625315659 66
2 15 66 -40.913378158992458 -72.456027058332594 66
2 15 66 87.898998037541247 -36.038398188547738 66
2 15 66 45.115145451539121 -4.758906369141155 66
3 22 62 -11.911395608052089 -49.480278798157251 66
2 15 66 -14.350776446282673 -86.399777997443181 66
3 22 62 21.663912943390038 -77.917906260297215 66
2 15 66 58.534384410999110 -74.824633922428148 66
2 15 66 59.216850726311762 -44.832397598198114 66
3 22 62 11.853348971364625 11.447663129412552 66
2 15 66 16.100880128217792 -25.307723946110972 66
3 22 62 -86.873960310026661 14.032641235772832 142
3 22 62 -69.221192045091868 54.336236268778400 142
3 22 62 -82.808238497454767 -29.779114106175946 142
3 22 62 -43.143639015136124 18.896692987722332 142
3 22 62 -39.077917202564230 -24.915062354226443 142
3 22 62 -56.730685467499029 -65.218657387232014 142
3 22 62 -18.020239110829330 -86.135190151229921 142
1 23 76 1.010812731280794 -45.357511627521426 142
1 23 76 28.602256765992045 -82.163927047654326 142
1 23 76 66.501591673294399 -56.094013093363372 142
2 15 66 91.055100911555471 -27.091854827354478 142
3 22 62 57.248087255669759 -12.055704134083367 142
2 15 66 91.087173044099274 2.908128028945860 142
3 22 62 79.370610934313902 38.004027680152149 142
1 23 76 35.634473216768548 27.413925813224381 142
3 22 62 49.430717607781389 70.246899568305253 142
3 22 62 -2.134958536087746 2.950278802479414 142
1 23 76 5.208892949604909 61.914419511233724 142
2 15 66 -32.238115883427497 55.455199011917060 142
2 15 66 64.512563148112264 -69.736139813305030 218
2 15 66 83.041564822250237 -46.142155474923491 218
2 15 66 93.289413217715051 -17.946737349568970 218
2 15 66 63.747540653101431 -23.169549367642112 218
3 22 62 86.067337709305761 18.341575167698004 218
3 22 62 66.429343599679299 57.716048971804611 218
2 15 66 49.626767127206506 24.751318973112006 218
2 15 66 30.716693528398626 48.040997298234259 218
2 15 66 35.284622167832232 77.691191698019267 218
3 22 62 -0.428027903448438 68.016140024448916 218
3 22 62 -43.615935611180426 76.430688605830071 218
3 22 62 -75.165791673475979 45.761378498681701 218
2 15 66 -38.654960018304848 39.764781809912790 218
2 15 66 -55.100959551546275 14.674363332880112 218
3 22 62 -87.969530182414246 -2.315547340329562 218
3 22 62 35.380812379912044 -46.925153486987050 218
2 15 66 36.815728471262545 -9.952988067434148 218
3 22 62 2.494946351185973 24.113335768835078 218
3 22 62 -26.587543975722767 -8.904973642539389 218
2 15 66 -59.456114606590731 -25.894884315749060 218
2 15 66 0.788711820572274 -33.795546528188730 218
2 15 66 -26.658754995296086 -45.904905115323110 218
3 22 62 -57.061079417090163 -66.992784803712482 218
2 15 66 -84.591213527108920 -42.272515470948690 218
2 15 66 83.041564822250237 -46.142155474923491 284
2 15 66 93.289413217715051 -17.946737349568970 284
2 15 66 63.747540653101431 -23.169549367642112 284
2 15 66 93.289413217715051 -17.946737349568970 350
2 15 66 83.041564822250237 -46.142155474923499 350
2 15 66 64.512563148112264 -69.736139813305044 350
3 22 62 86.067337709305761 18.341575167698004 284
3 22 62 66.429343599679299 57.716048971804611 284
2 15 66 49.626767127206506 24.751318973112006 284
2 15 66 30.716693528398626 48.040997298234259 284
2 15 66 35.284622167832232 77.691191698019267 284
3 22 62 -0.428027903448438 68.016140024448916 284
3 22 62 -43.615935611180426 76.430688605830071 284
3 22 62 -75.165791673475979 45.761378498681701 284
2 15 66 -38.654960018304848 39.764781809912790 284
2 15 66 -55.100959551546275 14.674363332880112 284
1 23 76 -86.769558243906843 -6.328014076885186 284
1 23 76 -43.328292649514239 -21.456016045335659 284
1 23 76 -4.456948522222039 23.196860705749227 284
2 15 66 -5.920226291866690 -14.774955397366826 284
1 23 76 -9.481954280955303 -52.607667350539614 284
1 23 76 24.663849583498376 -83.430776837582940 284
1 23 76 -52.240489766640920 -69.569614264716776 284
2 15 66 -11.757568156773868 -94.269611174751404 284
2 15 66 -80.112513615413022 -43.740361728619661 284
3 22 62 30.318898532105180 -7.309981720749734 284
2 15 66 27.578147892272174 -44.208332441754258 284
3 22 62 86.067337709305761 18.341575167698004 350
3 22 62 66.429343599679299 57.716048971804611 350
3 22 62 42.149046079491299 21.021810291445629 350
3 22 62 22.511051969864855 60.396284095552232 350
2 15 66 64.018852970238257 -11.371457674997600 350
3 22 62 41.521631532478054 -40.746192185804382 350
2 15 66 21.462876190346059 -9.655255658827725 350
3 22 62 86.067337709305761 18.341575167698004 416
3 22 62 66.429343599679299 57.716048971804611 416
3 22 62 42.149046079491299 21.021810291445629 416
3 22 62 22.511051969864855 60.396284095552232 416
1 23 76 82.851962556799322 -26.543404086264502 416
3 22 62 38.009354536047340 -22.783017683620528 416
1 23 76 0.997754492343169 2.812713644178592 416
3 22 62 -18.133533933211304 43.543461282519900 416
1 23 76 -57.558785448467688 65.237920090214885 416
3 22 62 -83.312956933454245 28.336393683819367 416
1 23 76 -85.398674744164012 -16.615244564570293 416
3 22 62 -43.963155861119894 0.937469609963930 416
3 22 62 -48.798583454659649 -42.796026019674855 416
3 22 62 86.067337709305761 18.341575167697997 492
3 22 62 66.429343599679299 57.716048971804597 492
3 22 62 42.149046079491313 21.021810291445615 492
1 23 76 61.716960867969973 -19.500982194152400 492
3 22 62 22.511051969864855 60.396284095552211 492
1 23 76 15.889397045123260 -15.521736780394761 492
3 22 62 -12.447478549488778 87.115212665527125 492
3 22 62 -53.066014712665684 70.199701441780718 492
1 23 76 -5.519397210114331 25.192677479629975 492
3 22 62 -50.506398407355988 26.274214940552380 492
1 23 76 -86.999982725882916 -0.054824228900152 492
1 23 76 -44.800123181328125 -18.362523549673597 492
3 22 62 -66.250742404126058 -57.920973152236783 492
1 23 76 -21.250763473001498 -57.877427792602525 492