1 23 95 87.000000000000000 0.000000000000000 0
1 23 95 74.839080459770116 44.363408750185719 0
2 20 65 79.425287356321846 42.327576452777222 95
1 23 95 42.499701253751368 11.650039119875204 0
1 23 95 30.338781713521481 56.013447870060929 0
3 29 103 52.938510316615989 -39.291410264187832 0
1 23 95 6.168233859951528 -16.563866618488277 0
1 23 95 -5.992685680278356 27.799542131697450 0
2 20 65 89.922689887931426 3.729590234719723 95
1 23 95 -12.260911092780756 73.370468720675859 0
3 29 103 11.764463944367485 -80.141109226798676 0
2 20 65 89.922689887931426 3.729590234719723 160
2 20 65 79.425287356321846 42.327576452777222 160
2 20 65 82.657585775011327 -35.605105165504639 160
2 20 65 52.225292364754175 -9.645992742464843 160
2 20 65 41.727889833144587 28.951993475592658 160
2 20 65 48.992993946064686 68.286688875817021 160
1 23 95 -28.314358172213250 -47.009734100681754 0
1 23 95 -40.475277712443130 -2.646325350496030 0
1 23 95 -49.600876376194869 42.439409078790277 0
1 23 95 -85.847157057858311 14.116147671493401 0
1 23 95 -81.045548545103728 -31.632563301497335 0
1 23 95 42.737623255308733 -51.586237554216652 160
2 20 65 13.583009460114809 -19.979141919642949 160
2 20 65 3.085606928505221 18.618844298414555 160
2 20 65 10.350711041425317 57.953539698638927 160
2 20 65 82.657585775011327 -35.605105165504632 255
1 23 95 86.701195958334381 7.204347256657076 255
2 20 65 49.154049465614058 -13.753033072339203 255
2 20 65 48.141283512275479 26.234143686263781 255
3 29 103 41.468351218998663 -62.146524808955739 255
2 20 65 10.528848352141551 -24.149851765757063 255
2 20 65 9.516082398802979 15.837324992845922 255
2 20 65 19.824773848498427 54.486139730105023 255
2 20 65 1.398240599922566 89.989137806874936 255
2 20 65 58.449974961970923 64.882958423522879 255
2 20 65 -20.134991020782316 56.279792871544679 255
3 29 103 -67.693384396201736 44.481520983303504 255
1 23 95 -86.915422262583590 -3.835280031078476 255
2 20 65 -44.242424156468218 1.457661744104172 255
3 29 103 -56.471536968143212 -45.991772392029915 255
2 20 65 1.149708306804023 -89.992656204877434 358
1 23 95 41.894119074809240 -76.248821544635717 358
1 23 95 74.919252702706672 -44.227882319504950 358
1 23 95 86.999857499988778 0.157464223378824 358
1 23 95 74.758663054309295 44.498789852447103 358
1 23 95 30.675739066757110 -31.637747246935412 358
1 23 95 41.074953081286985 13.171362852239799 358
1 23 95 30.786460450416083 58.006024882688024 358
3 29 103 -9.524715785791855 25.157751405176533 358
1 23 95 -11.047316542812812 77.135455153367644 358
1 23 95 -55.849622968761622 66.706968258549821 358
3 29 103 -66.775895855836495 15.867843946685710 358
1 23 95 -79.887835826022467 -34.451903968205912 358
1 23 95 -34.834860271357975 -25.165925631444409 358
1 23 95 -49.319454910062788 -68.825936146243919 358
1 23 95 -79.887835826022467 -34.451903968205912 461
1 23 95 -86.288920357520283 11.100550595962410 461
1 23 95 -43.638795234465206 -6.132174870073031 461
1 23 95 -37.237710702967391 -51.684629434241359 461
3 29 103 -47.492535780826529 45.724827393857836 461
3 29 103 5.855068447298784 -80.788106633819851 461
1 23 95 2.713386918986298 -28.883098810155474 461
3 29 103 58.367677797627614 -56.162391228582223 461
2 20 65 88.307302953661832 -17.372974559648370 461
2 20 65 49.424477841245960 -7.985434345232115 461
2 20 65 76.995738702186387 20.994309865819421 461
3 29 103 30.801670185986794 37.337749954144080 461