2 13 66 97.000000000000000 0.000000000000000 0
3 15 77 90.979381443298962 -27.345057180315223 0
3 15 77 69.695649803919792 -6.202617219353049 0
3 15 77 62.027625519428859 -35.206089486867114 0
3 15 77 40.743893880049683 -14.063649525904939 0
3 15 77 48.411918164540623 14.939822741609124 0
3 15 77 77.363674088410733 22.800855048161015 0
3 15 77 79.005148761471318 52.755914068261468 0
1 35 82 29.744829486240292 61.324516340645346 0
3 15 77 -7.480736486761160 94.705008218233317 0
3 15 77 -36.639427503887255 87.650170291833376 0
3 15 77 -62.144325196525976 71.854595161815681 0
3 15 77 -35.712507020225615 57.664493404076296 0
1 35 82 -18.587427854431922 10.688630840784285 0
1 35 82 -58.708300053873046 -46.672641930625808 0
3 15 77 -94.295217634463143 -11.550408272837366 0
1 35 82 17.771422545795978 -58.473846111789271 0
2 13 66 63.382583152922763 -73.427843171802550 0
2 13 66 -65.565161887875050 0.835077924039989 0
2 13 66 -63.811327790447372 26.775857903807371 0
3 15 77 -91.733957264285792 24.695770581907041 0
2 13 66 -79.497887352932068 49.880658771542990 0
2 13 66 -95.664322979485576 -16.041736466999673 82
3 15 77 -94.248898266260014 11.922465164393138 82
2 13 66 -72.055720416608935 -5.149818131456805 82
2 13 66 -74.427343723521616 -31.041426866529807 82
1 35 82 -58.523643927289257 46.903977458973131 82
1 35 82 -24.982582852096016 -14.537028570796251 82
1 35 82 11.456358666160526 45.230885405091179 82
1 35 82 73.795138303484649 13.389457149921096 82
3 15 77 70.836947046296771 63.301871482288327 82
1 35 82 37.356196785228100 -46.378456825966346 82
3 15 77 86.762311335674468 -38.694978119796019 82
2 13 66 -56.979068812308768 -50.317258952920795 82
2 13 66 -95.600267409172233 16.419161711085053 164
3 15 77 -94.295217634463157 -11.550408272837362 164
2 13 66 -72.034834907611341 5.434154154675374 164
1 35 82 -51.971257439960326 -38.171497534062937 164
1 35 82 7.807587701422023 -74.592503472430820 164
3 15 77 57.801188025818789 -75.392457598913325 164
3 15 77 78.428628265668010 -53.609236782159670 164
3 15 77 91.234931060741474 -26.479942491284813 164
3 15 77 94.943013583829611 3.290010884593514 164
3 15 77 67.307436429296615 -8.383672139022227 164
1 35 82 62.545551823518664 41.389055885481866 164
1 35 82 9.459681504741326 -4.612002001913808 164
1 35 82 -3.650919221550517 64.149267246084776 164
3 15 77 -51.027506913852299 80.132350134990773 164
3 15 77 -73.470725158248584 60.225015937906555 164
3 15 77 -63.249116861888950 32.020074458871505 164
3 15 77 -42.015497197099194 10.827306920603782 164
2 13 66 44.850431502683712 86.008364674740079 164
2 13 66 -39.172722510408704 -84.433766216619432 164
2 13 66 50.947420514381733 -48.244237198688737 164
2 13 66 44.850431502683712 86.008364674740079 246
3 15 77 17.820215108897344 93.313664237734372 246
1 35 82 -26.497487998227619 70.163260541281744 246
1 35 82 -72.874100869529684 17.730353139675838 246
1 35 82 -55.769274761152566 -50.147661885825457 246
1 35 82 36.090479188521627 38.814474864155422 246
1 35 82 71.902596942506264 -21.331117010683901 246
3 15 77 91.772788730281775 24.551074287433266 246
1 35 82 13.537216220475756 -59.976716154343578 246
3 15 77 -25.193393356796971 -91.598542189107462 246
3 15 77 62.095563225174359 -71.896738644728345 246
2 13 66 25.772673118394941 -8.063482406818498 246
2 13 66 13.962191812309509 95.989880715606049 328
1 35 82 45.387774082901871 59.707201942474761 328
1 35 82 74.905444140168612 -3.764895505067791 328
3 15 77 -2.680074957890394 73.472443988715924 328
1 35 82 -49.617273847647418 56.241676147920437 328
3 15 77 -90.810167558083265 27.901854204924120 328
3 15 77 -94.982821587280554 -1.806544579807188 328
1 35 82 -0.241578840467959 6.622720671631008 328
1 35 82 -57.009312933405695 -34.333650822356510 328
3 15 77 -46.017779024666737 -83.110552961925009 328
1 35 82 2.529536080565869 -71.145679537051066 328
2 13 66 13.962191812309513 95.989880715606049 410
1 35 82 45.387774082901871 59.707201942474761 410
3 15 77 88.535963498674448 34.443913357244782 410
3 15 77 94.862011238296020 5.118478663177076 410
2 13 66 94.264139952895292 -22.875137572066524 410
3 15 77 81.964651549311768 -48.029115090743701 410
2 13 66 68.274363991454862 -23.604209224329630 410
2 13 66 68.587435517185611 14.795599654238179 410
2 13 66 42.763023745999185 11.779019359896798 410
2 13 66 18.157242874167512 20.178754337109027 410
2 13 66 1.540975499342963 40.176245642978905 410
1 35 82 32.551037473823030 -55.664214566104960 410
2 13 66 26.018102769336156 -8.110868057715965 410
2 13 66 1.412321897504480 0.288866919496266 410
3 15 77 1.666640251998295 -94.985379455316277 410
1 35 82 -42.183691263492790 20.373379272703964 410
1 35 82 -57.728943553076817 -47.878691254520206 410
3 15 77 -30.658782607149501 -89.916845190695753 410
3 15 77 -10.771966333111083 -30.701896141239594 410
3 15 77 -15.310375544800475 62.537640232472782 410
2 13 66 -95.311515286183266 -18.019851660090069 410
2 13 66 -11.399283810194694 90.263140434335668 410
2 13 66 -35.335498301491008 -90.334946503472977 492
3 15 77 -94.475634836973711 9.967668842352285 410
2 13 66 -87.209008186688777 37.008307465087675 410
3 15 77 -58.608412948232761 -74.766663237631661 492
2 13 66 -79.283724805025116 -55.884622044360682 492
2 13 66 -32.565271946692292 -64.482947626342039 492
2 13 66 -54.841123212151935 -47.021257707266450 492
3 15 77 -90.117035325621345 -30.065261417800986 492
1 35 82 -50.786486661486265 0.807184902147526 492
3 15 77 -89.116063179740479 32.913937524162975 492
2 13 66 -77.467701685245032 58.375981324564329 492
3 15 77 -50.510295044095635 50.806422078233354 492
1 35 82 -0.526582547977625 49.530300961169416 492
3 15 77 -29.438431048242087 90.323744261505766 492
2 13 66 8.943651341875823 96.586806038272968 492
2 13 66 -55.332434936634627 79.670079979770918 492
2 13 66 -2.792770119476181 1.583826701941707 492
1 35 82 14.566366883694670 -73.571876119952279 492
3 15 77 -2.027391765168510 -26.405710557090597 492
1 35 82 67.445636417844710 32.803751739578516 492
3 15 77 51.130148480484323 80.066896507630588 492
3 15 77 24.927280211898506 6.494259430826602 492
2 13 66 25.539339705581732 -21.499050183725807 492
3 15 77 48.782010387777440 -37.112450183693788 492
3 15 77 63.491239954095363 -63.258933036371289 492
3 15 77 85.026671769263089 -42.372928714475208 492
2 13 66 96.864559677030798 -5.124166134595924 492
2 13 66 73.631853521340858 -16.796413762339558 492