3 22 68 88.000000000000000 0.000000000000000 0
1 18 73 83.000000000000000 39.686269665968858 0
2 13 87 96.294044872250595 11.681477737897218 73
3 22 68 85.319675245631899 -21.553491967194283 73
3 22 68 48.515973339925814 19.416787548576391 0
3 22 68 50.757618938541391 63.359648459197672 0
3 22 68 51.442555393010380 -24.485776357038091 0
3 22 68 11.581162275669385 43.329540038569696 0
2 13 87 18.777438462558507 77.581745938949496 0
1 18 73 16.646655627757021 -4.756474303330238 0
2 13 87 1.475214056291779 96.988781534196619 0
3 22 68 85.319675245631899 -21.553491967194283 160
3 22 68 64.220176409733057 -60.164515637564691 160
3 22 68 85.089255270122749 22.445904694974697 160
3 22 68 41.331798463019425 -22.586301803370905 160
1 18 73 45.434377187101177 17.202752568562989 160
2 13 87 -7.861424022714246 14.226518923401853 0
2 13 87 -22.569626634244070 35.666406421665165 0
3 22 68 56.281269162769988 55.703985463993391 160
1 18 73 -20.936494814449027 66.623358475431260 0
3 22 68 78.617626031413621 39.538195168530336 233
3 22 68 49.649076349134845 72.656515314717495 233
3 22 68 35.452044613010180 31.009855305978871 233
3 22 68 87.931769205838975 -3.464673769789421 233
3 22 68 6.483494930731410 64.128175452166033 233
3 22 68 44.766187787435534 -11.993013632340880 233
1 18 73 7.459592403737382 2.436745231792362 233
3 22 68 -21.422803549714306 30.109967017266449 233
3 22 68 -36.930287005348561 71.286634644373308 233
2 13 87 -45.325682774676395 85.758862405056448 0
2 13 87 -51.317353602165241 60.458667135157455 0
1 18 73 81.373146210820025 -42.923316225013494 233
3 22 68 43.562924251828576 -55.976557792218202 233
3 22 68 3.683843771969144 -37.384652562229142 233
3 22 68 -32.571751955778005 -12.454113490115944 233
3 22 68 -63.858852760865346 18.483199308708443 233
3 22 68 -78.917609630732571 38.935984515243803 0
3 22 68 -87.902710876357133 -4.136837026952335 0
1 18 73 -50.707525600475272 10.577720128899177 0
3 22 68 -51.881637938164644 -29.405044410568149 0
1 18 73 65.326116891923903 13.091242471921761 73
2 13 87 -85.524761615515075 -39.055962979828948 0
2 13 87 -66.981071940404433 53.343660398529366 233
1 18 73 45.578644604897718 -17.009211648790991 73
2 13 87 34.349571992053370 11.885561723835917 73
3 22 68 42.483355264848647 45.927323864935424 73
2 13 87 77.228955833186603 41.715051183174012 73
1 18 73 -48.459870063529294 78.202563854555677 320
3 22 68 -9.550673868884452 87.480195636785183 320
3 22 68 -9.550673868884452 87.480195636785183 393
2 13 87 -26.157628255113359 56.670958937157060 320
3 22 68 -56.364076605683309 38.991296099751196 320
1 18 73 -90.268280017959356 17.766193250082573 320
1 18 73 -59.477917001663656 -0.887319698548037 320
2 13 87 -87.950692449443011 -13.147052905283550 320
3 22 68 -65.942225361351731 -40.361522887857213 320
3 22 68 -25.767113611930213 -22.418268001368716 320
3 22 68 7.450026235422555 46.897241136608443 320
1 18 73 -32.231421971618296 -61.892471190677895 320
1 18 73 0.842700581115214 7.446724692613286 320
1 18 73 -11.445319738355714 -91.285292660355779 320
1 18 73 3.616559226654690 -58.587589345850986 320
2 13 87 19.009306445052012 -85.496014291776788 320
3 22 68 51.139220515793042 -71.615501988306221 320
1 18 73 32.026545167819272 -36.477123524823355 320
1 18 73 80.530766215709917 -44.483656467411436 320
3 22 68 87.848661440621228 -5.158748209702559 320
1 18 73 85.183754229098312 34.752381435472522 320
3 22 68 36.190301793633942 80.213852021241905 320
1 18 73 50.071968024086118 42.699863394779854 320
2 13 87 29.378237306246945 19.618063010547264 320
2 13 87 35.439439145030491 -5.665564740816410 320
2 13 87 56.258258233388418 9.909311559373709 320
2 13 87 -60.363903672284707 -74.914125208569388 320
2 13 87 -22.157201858069655 28.231442342559316 320
2 13 87 69.040182084929882 68.135550615517360 320