3 22 84 88.000000000000000 0.000000000000000 0
2 23 84 75.500000000000000 43.229041164476456 0
2 23 84 44.049181289195865 9.660514202154545 0
2 23 84 30.703393527604291 53.681985656690834 0
1 16 87 21.349059816906834 91.543528689548197 0
1 16 87 50.820985620367281 79.077350869730211 87
2 23 84 12.459069807594535 86.103261143405518 87
1 16 87 32.650201790018940 52.736838061685802 87
2 23 84 -33.188607368326700 80.420870058406180 87
2 23 84 -69.558032041753648 52.255910464543376 87
2 23 84 -86.481718070663376 9.482217016410026 87
2 23 84 -40.976769916437036 16.212721713769092 87
2 23 84 -79.228456624672361 -35.942337999529322 87
3 22 84 -5.586846452358757 44.880149830226429 87
2 23 84 -33.723508470446006 -29.211833302170259 87
1 16 87 -51.867630635987126 -63.734156961534794 87
2 23 84 2.283146825458992 0.573680711066146 87
2 23 84 9.536408271450025 -44.850874304873201 87
3 22 84 38.940846539560368 -78.915210642704409 87
3 22 84 72.277902794820903 -50.198653045499341 87
3 22 84 87.545483351376191 -8.932432186919442 87
3 22 84 44.117708574846034 -16.005506338868571 87
3 22 84 80.926693070087424 34.566896718390325 87
2 23 84 -17.460415369370097 -82.095625791578755 87
1 16 87 44.700502595715626 23.092441449640788 87
1 16 87 21.349059816906838 91.543528689548197 174
2 23 84 53.108786623553300 68.909047180859247 174
3 22 84 10.247388656084670 55.201364507472171 174
2 23 84 -24.838579111287586 83.378924121940486 174
3 22 84 -30.558918280323912 38.743985791175554 174
3 22 84 -73.482069617866458 48.418854227201905 174
3 22 84 -87.737487923682849 6.792143464445317 174
3 22 84 -80.058534248578525 -36.532603164422603 174
3 22 84 42.428308364202920 25.194891760085710 174
2 23 84 85.922379613054048 13.650812489747079 174
2 23 84 -45.244880458453309 -8.019281544847995 174
2 23 84 80.872970751851184 -32.071211417254304 174
3 22 84 37.944194724009890 -18.576020097697594 174
3 22 84 1.622001427794335 8.737513043789086 174
2 23 84 -8.129195532555585 -35.193275224126872 174
1 16 87 65.149330391797875 -67.761085805205056 174
2 23 84 26.197950195868767 -65.814298494741422 174
2 23 84 -17.484206710570067 -80.231967099660125 174
1 16 87 -43.644528466183743 -51.307279276923538 174
1 16 87 50.820985620367281 79.077350869730211 261
2 23 84 12.459069807594535 86.103261143405518 261
1 16 87 32.650201790018940 52.736838061685802 261
2 23 84 -33.188607368326700 80.420870058406180 261
2 23 84 -69.558032041753648 52.255910464543376 261
2 23 84 -86.481718070663376 9.482217016410026 261
2 23 84 -40.976769916437036 16.212721713769092 261
2 23 84 -79.228456624672361 -35.942337999529322 261
3 22 84 -5.586846452358757 44.880149830226429 261
2 23 84 -33.723508470446006 -29.211833302170259 261
1 16 87 -51.867630635987126 -63.734156961534794 261
2 23 84 2.283146825458992 0.573680711066146 261
2 23 84 9.536408271450025 -44.850874304873201 261
3 22 84 38.940846539560368 -78.915210642704409 261
3 22 84 72.277902794820903 -50.198653045499341 261
3 22 84 87.545483351376191 -8.932432186919442 261
3 22 84 44.117708574846034 -16.005506338868571 261
3 22 84 80.926693070087424 34.566896718390325 261
2 23 84 -17.460415369370097 -82.095625791578755 261
1 16 87 44.700502595715626 23.092441449640788 261
1 16 87 21.349059816906838 91.543528689548197 348
2 23 84 53.108786623553300 68.909047180859247 348
3 22 84 10.247388656084670 55.201364507472171 348
2 23 84 -24.838579111287586 83.378924121940486 348
3 22 84 -30.558918280323912 38.743985791175554 348
3 22 84 -73.482069617866458 48.418854227201905 348
3 22 84 -87.737487923682849 6.792143464445317 348
3 22 84 -80.058534248578525 -36.532603164422603 348
3 22 84 42.428308364202920 25.194891760085710 348
2 23 84 85.922379613054048 13.650812489747079 348
2 23 84 -45.244880458453309 -8.019281544847995 348
2 23 84 80.872970751851184 -32.071211417254304 348
3 22 84 37.944194724009890 -18.576020097697594 348
3 22 84 1.622001427794335 8.737513043789086 348
2 23 84 -8.129195532555585 -35.193275224126872 348
1 16 87 65.149330391797875 -67.761085805205056 348
2 23 84 26.197950195868767 -65.814298494741422 348
2 23 84 -17.484206710570067 -80.231967099660125 348
1 16 87 -43.644528466183743 -51.307279276923538 348
1 16 87 50.820985620367281 79.077350869730211 435
2 23 84 12.459069807594535 86.103261143405518 435
1 16 87 32.650201790018940 52.736838061685802 435
2 23 84 -33.188607368326700 80.420870058406180 435
2 23 84 -69.558032041753648 52.255910464543376 435
2 23 84 -86.481718070663376 9.482217016410026 435
2 23 84 -40.976769916437036 16.212721713769092 435
2 23 84 -79.228456624672361 -35.942337999529322 435
3 22 84 -5.586846452358757 44.880149830226429 435
2 23 84 -33.723508470446006 -29.211833302170259 435
1 16 87 -51.867630635987126 -63.734156961534794 435
2 23 84 2.283146825458992 0.573680711066146 435
2 23 84 9.536408271450025 -44.850874304873201 435
3 22 84 38.940846539560368 -78.915210642704409 435
3 22 84 72.277902794820903 -50.198653045499341 435
3 22 84 87.545483351376191 -8.932432186919442 435
3 22 84 44.117708574846034 -16.005506338868571 435
3 22 84 80.926693070087424 34.566896718390325 435
2 23 84 -17.460415369370097 -82.095625791578755 435
1 16 87 44.700502595715626 23.092441449640788 435