1 13 64 97.000000000000000 0.000000000000000 0
3 10 92 97.319587628865975 -22.997779539500709 0
1 13 64 75.757776485903960 -14.992262677033963 0
3 10 92 97.319587628865975 22.997779539500709 0
2 26 92 61.361867882452188 21.253534534243695 0
2 26 92 38.136868213036358 -25.271720869199658 0
3 10 92 27.471108103757640 9.112018911273884 0
3 10 92 26.221335493500678 29.072932428010827 0
2 26 92 32.515012137333812 64.518519379038594 0
3 10 92 67.238465739776231 74.020191332912233 0
3 10 92 19.494547491294451 98.081408116470598 92
3 10 92 -0.413297236454543 99.999145923324463 92
3 10 92 -20.304610074745355 97.916917893245326 92
3 10 92 -39.383738510046356 91.918013147436398 92
2 26 92 43.899179755126575 71.616073732278039 92
2 26 92 -57.778579112100303 60.972418319981095 92
2 26 92 77.644262942960523 32.052588538906001 92
2 26 92 -82.598872539280450 15.278293597116793 92
2 26 92 -75.765629777938159 -36.270778105141474 92
2 26 92 81.634515207074870 -19.794088180713469 92
3 10 92 9.136360747739001 80.972697838204965 92
3 10 92 -10.852041321614244 80.291681895752149 92
3 10 92 41.827051410428339 35.675758150426255 92
3 10 92 -54.498375502354023 -7.224196626804849 92
3 10 92 -42.278434910137584 -23.056854392407597 92
3 10 92 22.965770207423180 42.327981190971755 92
2 26 92 -21.011180634553444 5.989727085929026 92
2 26 92 -14.177937873211150 -45.559344616329234 92
2 26 92 29.679896447638107 -17.622086900423454 92
2 26 92 31.945354181260704 -69.572714435200837 92
3 10 92 67.721825982983077 -73.578218825482310 92
3 10 92 81.009270138530752 -58.630181234774895 92
3 10 92 -2.614908894218466 -79.651812418337570 92
3 10 92 -22.594199712107546 -80.561723630606764 92
3 10 92 -14.658245911866594 -98.919845464837053 92
3 10 92 -38.919234419512406 -92.115651179368214 92
3 10 92 -39.975878851324900 -70.668431443407584 92
3 10 92 -59.865395417670697 -68.569114707644246 92
3 10 92 46.327144780216770 14.297642468000978 92
3 10 92 27.682831453763903 21.535707166872641 92
1 13 64 -18.843409714595325 58.724622958389759 92
3 10 92 -0.413297236454543 99.999145923324463 184
3 10 92 19.494547491294448 98.081408116470598 184
3 10 92 -20.304610074745355 97.916917893245326 184
3 10 92 -39.383738510046356 91.918013147436398 184
2 26 92 43.899179755126568 71.616073732278053 184
2 26 92 -57.778579112100303 60.972418319981095 184
2 26 92 -82.598872539280450 15.278293597116793 184
2 26 92 -75.765629777938159 -36.270778105141474 184
3 10 92 7.879815468886650 81.799577751070800 184
3 10 92 -12.011497369404157 79.717349720991663 184
2 26 92 -1.028340377503858 45.433676310878909 184
3 10 92 -54.498375502354023 -7.224196626804849 184
3 10 92 -42.278434910137584 -23.056854392407597 184
3 10 92 -34.882833847006502 33.191402342232266 184
1 13 64 0.256872979355522 38.680243990314210 92
3 10 92 9.992909359112103 59.517940494775949 92
1 13 64 79.468490280918815 55.621570028825253 184
2 26 92 59.620879090367410 22.049672107666574 184
1 13 64 -40.241943169357512 10.824463631914963 184
3 10 92 23.726386264360762 19.295514384558267 184
3 10 92 5.956487981645035 10.117785089033330 184
2 26 92 -6.284861264476046 -23.737042759214418 184
2 26 92 -34.247020386787099 -67.579005046714244 184
3 10 92 22.135437130924689 -1.639833905687635 184
2 26 92 45.440045154729347 -29.078770562504701 184
2 26 92 17.477886032418301 -72.920732850004541 184
3 10 92 -13.969221523030232 11.840022220003949 184
3 10 92 19.494547491294448 98.081408116470598 276
2 26 92 -13.175772908846522 82.960225459279613 276
2 26 92 36.013287733914055 66.094985671988638 276
3 10 92 -0.413297236454543 99.999145923324463 368
3 10 92 -20.304610074745355 97.916917893245326 368
2 26 92 -59.485470971547805 59.308336204054342 276
2 26 92 -82.999149546286318 12.928309038431820 276
3 10 92 -49.033591737225123 24.858978873747954 276
3 10 92 -47.907888714788164 4.890684186787915 276
2 26 92 -54.421717514170673 -30.515106785485742 276
3 10 92 -89.512978345668827 -22.477481933841844 276
3 10 92 -39.383738510046356 91.918013147436398 368
2 26 92 -57.778579112100303 60.972418319981095 368
2 26 92 -82.598872539280450 15.278293597116793 368
2 26 92 -75.765629777938159 -36.270778105141474 368
3 10 92 -8.555691285079389 81.731649675701505 368
3 10 92 -22.326133139550226 67.227342345372421 368
2 26 92 27.102959629649511 76.785882299297313 368
2 26 92 69.672652251176288 46.922505562753784 368
2 26 92 83.943480250031200 -3.080929001554892 368
3 10 92 -4.141028910417756 58.902561016377149 368
3 10 92 52.864307024440578 15.087312289602904 368
3 10 92 -54.498375502354023 -7.224196626804849 368
3 10 92 -24.458987540569503 47.341394238629988 368
3 10 92 -36.875666500703232 31.662552329835425 368
3 10 92 -46.615197728584832 14.194251569282912 368
2 26 92 -24.559967602105495 -27.216488451364054 368
3 10 92 -45.827221877689638 -56.263069929700677 368
3 10 92 38.468003750984934 28.970627889944581 368
2 26 92 2.539423182602823 23.527830489730636 368
2 26 92 27.202447364552569 -22.251370444761033 368
2 26 92 44.331800230088234 -71.349081902709514 368
3 10 92 59.277184495108074 -38.597967583179894 368
3 10 92 12.257063099532729 -55.002484764290642 368
2 26 92 -15.140119981442467 -78.356164543450220 368
3 10 92 14.380312542049158 -98.960631622847799 368
3 10 92 -50.211503366914243 -86.480084005708264 368
1 13 64 -23.108813897452016 45.246372610244379 276
2 26 92 -12.029980475883548 7.853065053715797 276
3 10 92 -18.543809275266057 -27.552725918557861 276
2 26 92 -14.033915235712682 -63.269120693954797 276
1 13 64 -46.234029570540422 -85.272589439223637 276
3 10 92 -59.102545332902601 -66.209502016829632 276
3 10 92 -78.612051540238994 -61.807324425466021 276
3 10 92 -87.786301485278074 -44.035629572527810 276
3 10 92 19.494547491294448 98.081408116470598 460
3 10 92 -0.413297236454543 99.999145923324463 460
2 26 92 -29.421133872972788 78.679075246399620 460
2 26 92 43.899179755126568 71.616073732278053 460
2 26 92 -70.097971439862818 46.284710218561131 460
2 26 92 -83.911867570614916 -3.846879360154531 460
3 10 92 7.879815468886650 81.799577751070800 460
2 26 92 3.719097077832779 38.607575492493865 460
2 26 92 52.395336432906703 20.314852287690478 460
1 13 64 4.436093510719789 43.206543064623084 276
1 13 64 -48.980508975706798 13.496712733582552 460
2 26 92 -35.625570643752589 -23.145416327782048 460
1 13 64 22.998018438178640 25.000638995135574 276
1 13 64 25.991943848276513 -0.826409048316282 276
1 13 64 79.468490280918815 55.621570028825253 460
1 13 64 89.691696725661558 31.715795622038709 460
1 13 64 88.569558299397102 5.740022190775857 460
1 13 64 95.031158138037213 -19.444253211254001 460
1 13 64 -70.556929238660700 -40.489008421519131 460
1 13 64 17.831273610487692 2.250368868343216 460
1 13 64 3.177026898539978 -19.226433810486103 460
1 13 64 -2.982537787897049 -44.486278680825237 460
1 13 64 -23.650117076936539 -60.261295838700725 460
2 26 92 32.133073704308806 -39.339868047623909 276
2 26 92 81.106318207779609 -21.857839481028247 276
2 26 92 78.432095262331700 30.073350873498008 276
1 13 64 66.392447020919491 -57.975729711445744 276
1 13 64 47.065880367679036 -75.367791734042555 276
2 26 92 57.906441159548024 -31.392281888281719 460
2 26 92 24.997852101633367 -71.654233731396573 460
1 13 64 -4.741983416298346 -96.884021351714907 460
1 13 64 63.977630743570479 -72.909963409943813 460
1 13 64 -30.306272420397047 -92.144071171077968 460