1 12 101 98.000000000000000 0.000000000000000 0
2 14 94 92.571428571428569 25.426966241470851 0
3 23 79 63.130254527808823 3.016761625419454 0
3 23 79 76.780686449185978 -40.911198813916307 0
3 23 79 64.058909076759448 49.007386764992340 0
3 23 79 23.765532095486769 26.816312625937112 0
3 23 79 24.694186644437394 72.806937765510000 0
3 23 79 31.912740811594794 -30.768839410791067 0
2 14 94 5.186935633507801 -5.181120919629361 0
1 12 101 64.576746171687631 -73.714610857532364 0
3 23 79 29.705662207229143 -76.715861120953662 0
3 23 79 -15.423966139228739 -85.621850415276157 0
3 23 79 -56.928650469226028 -65.788515378846256 0
3 23 79 -21.753347804739988 20.180683595563806 0
3 23 79 -20.824693255789359 66.171308735136691 0
3 23 79 -65.867686347864492 56.837029260679557 0
2 14 94 -91.226829315099152 29.894240467249976 0
1 12 101 -97.884281703314542 4.761028820135607 0
3 23 79 -82.767366900972874 -26.806024999610433 0
2 14 94 -72.279745201346472 9.278518224593014 0
2 14 94 -50.627544824867300 -8.474853817269771 0
2 14 94 1.529541679149898 -52.734488516635295 0
2 14 94 -11.272514569381364 -27.832533657439161 0
1 12 101 -37.115251911941712 -30.687866675396446 0
1 12 101 -25.016239837786522 -51.414996405039361 0
1 12 101 -1.870903675834243 95.595004297706410 0
1 12 101 80.556959483666034 -55.808388963909259 101
2 14 94 61.614640802014897 -73.618177366997344 101
2 14 94 90.574600438263772 -31.815746972982826 101
2 14 94 95.902421309192277 -4.327307134256070 101
2 14 94 62.992967546714205 -36.637938076183865 101
3 23 79 30.284805152748334 -53.934646225712108 101
2 14 94 30.781427553289404 -90.931313186281415 101
3 23 79 -5.360758261340195 -83.010302863046945 101
3 23 79 -12.718233833941525 -37.602511095569689 101
3 23 79 59.176106644824458 0.164664723830498 101
2 14 94 88.532787199286574 22.685439728773510 101
2 14 94 19.073508408993380 -18.674090000328061 101
1 12 101 24.789726479635718 6.689759292885736 101
2 14 94 36.891991115590109 29.701390931718471 101
3 23 79 66.248671670052232 52.222165936661490 101
1 12 101 91.705768311826077 -34.555058361080448 202
2 14 94 95.591472278422785 -8.847057569809749 202
2 14 94 70.009001672425327 -20.228498502014954 202
2 14 94 72.943619996462303 7.617291400450130 202
3 23 79 74.713279285911739 44.574946980847344 202
3 23 79 64.724847882288060 -56.849226494808576 202
3 23 79 37.354263865889394 17.736467760769820 202
3 23 79 32.790966772372670 63.509563784922506 202
1 12 101 45.147146568515772 -27.836925461131170 202
3 23 79 11.037661521747729 -19.991988887499243 202
3 23 79 -8.477839209162344 21.663085607955079 202
3 23 79 -13.041136302679060 67.436181632107761 202
1 12 101 -40.374648468528257 89.296627937692975 202
2 14 94 -61.306951335202072 73.874608073296486 202
2 14 94 -80.015685177261304 53.042342761358157 202
2 14 94 -91.917529134449339 27.697794818679270 202
2 14 94 -52.620047277715756 47.256236637462401 202
1 12 101 -97.970309451157050 2.412149672911767 202
2 14 94 -93.169236242663672 -23.140730713586493 202
2 14 94 -72.481478053757940 7.542400543479525 202
3 23 79 -56.258651022429333 -25.711469654011683 202
2 14 94 -78.470572540252249 -55.302524763386799 202
3 23 79 -44.607242109641490 -70.211409770229906 202
2 14 94 -43.211130944826579 8.911676069976963 202
1 12 101 -25.109241153402728 -9.751699454808071 202
1 12 101 12.126899876424924 91.758392775162022 202
1 12 101 80.556959483666034 -55.808388963909259 303
2 14 94 61.614640802014897 -73.618177366997344 303
2 14 94 90.574600438263772 -31.815746972982826 303
2 14 94 95.902421309192277 -4.327307134256070 303
2 14 94 62.992967546714205 -36.637938076183865 303
3 23 79 30.284805152748334 -53.934646225712108 303
2 14 94 30.781427553289404 -90.931313186281415 303
3 23 79 -5.360758261340195 -83.010302863046945 303
3 23 79 -12.718233833941525 -37.602511095569689 303
3 23 79 59.176106644824458 0.164664723830498 303
2 14 94 88.532787199286574 22.685439728773510 303
2 14 94 19.073508408993380 -18.674090000328061 303
1 12 101 24.789726479635718 6.689759292885736 303
2 14 94 36.891991115590109 29.701390931718471 303
3 23 79 66.248671670052232 52.222165936661490 303
1 12 101 91.705768311826077 -34.555058361080448 404
2 14 94 95.591472278422785 -8.847057569809749 404
2 14 94 70.009001672425327 -20.228498502014954 404
2 14 94 72.943619996462303 7.617291400450130 404
3 23 79 74.713279285911739 44.574946980847344 404
3 23 79 64.724847882288060 -56.849226494808576 404
3 23 79 37.354263865889394 17.736467760769820 404
3 23 79 32.790966772372670 63.509563784922506 404
1 12 101 45.147146568515772 -27.836925461131170 404
3 23 79 11.037661521747729 -19.991988887499243 404
3 23 79 -8.477839209162344 21.663085607955079 404
3 23 79 -13.041136302679060 67.436181632107761 404
1 12 101 -40.374648468528257 89.296627937692975 404
2 14 94 -61.306951335202072 73.874608073296486 404
2 14 94 -45.925859726287754 50.477556530031762 404
2 14 94 -80.015685177261304 53.042342761358157 404
2 14 94 -91.917529134449339 27.697794818679270 404
1 12 101 -97.970309451157050 2.412149672911767 404
2 14 94 -93.169236242663672 -23.140730713586493 404
2 14 94 -72.481478053757940 7.542400543479525 404
3 23 79 -56.258651022429333 -25.711469654011683 404
1 12 101 -53.903185422680750 25.731601815499772 404
1 12 101 -40.742969778463781 5.661506544233449 404
1 12 101 12.126899876424924 91.758392775162022 404
1 12 101 -21.831476069019082 -32.017785910534343 404
3 23 79 -32.772253610282739 -65.263829085513549 404
1 12 101 -17.008288234137858 -96.512787398067033 404
1 12 101 -0.585366335915445 -79.011712107534535 404
1 12 101 -67.199428563693004 -58.957512828990879 404
3 23 79 86.999907100339399 0.127139814038507 505
3 23 79 74.903832218545276 -44.253993254575562 505
3 23 79 42.516680973284934 -11.587918586555963 505