2 35 80 75.000000000000000 0.000000000000000 0
3 25 110 61.666666666666664 -58.499762582614153 0
1 27 110 57.799999999999997 59.566433500756112 0
2 35 80 8.525827370769143 21.935915145241040 0
1 27 110 -2.402249784691328 82.965228836976948 0
1 27 110 -52.935406036226404 63.928419249812876 0
2 35 80 -74.767612167364518 5.899505978517716 0
1 27 110 -62.306406851071429 -54.835314034924245 0
3 25 110 -18.561239031776338 -82.948661264695900 0
1 27 110 12.589465157862657 -41.311735003387810 0
3 25 110 83.887265366775765 -13.708636302861940 110
3 25 110 61.666666666666657 -58.499762582614153 110
3 25 110 77.081128645855188 35.825962746046656 110
1 27 110 40.284427261215477 72.568346544728712 110
3 25 110 77.081128645855188 35.825962746046656 220
1 27 110 40.284427261215477 72.568346544728712 220
2 35 80 71.098407419706348 -23.875017536777744 220
3 25 110 29.777349965464992 19.628662892161664 220
1 27 110 -10.063210308098121 53.046169637707251 220
2 35 80 -23.781242795339580 -7.417171195222160 220
1 27 110 -58.796913320922698 -58.582616738516414 220
3 25 110 -83.985912646079186 -13.090701929428995 220
2 35 80 1.583794095170845 -72.659909515613379 220
3 25 110 -67.189814063837446 34.003788962984494 220
3 25 110 43.603321113220026 72.964034893209003 330
2 35 80 -16.396269027755014 73.185807107454124 330
3 25 110 77.081128645855188 35.825962746046649 330
1 27 110 81.445078323449948 -15.990597765158842 330
2 35 80 21.149959033278016 14.107208965750587 330
2 35 80 33.140703336764766 -54.858159524879547 330
1 27 110 -23.737621108521427 -79.533171344466567 330
3 25 110 -67.574296107447012 -51.562723993046291 330
2 35 80 -74.569086903100029 8.028155357111380 330
3 25 110 -24.860004891433455 -25.572546503971928 330
3 25 110 77.081128645855188 35.825962746046649 440
3 25 110 43.603321113220026 72.964034893209003 440
1 27 110 81.445078323449948 -15.990597765158842 440
2 35 80 -16.396269027755014 73.185807107454124 440
2 35 80 24.120039339897495 7.628036944201316 440
3 25 110 -70.566074625528273 47.385959016826661 440
2 35 80 -73.947840354409209 -12.518662345426907 440
3 25 110 -51.037040623944648 -67.972203762639808 440
1 27 110 41.184121551115737 -51.977475370422624 440
3 25 110 -2.537165374741672 -80.127947294474808 440