2 17 89 93.000000000000000 0.000000000000000 0
3 19 92 84.053763440860209 34.870687567467201 0
3 19 92 57.773674205231103 7.423339612384702 0
1 20 100 46.313113925828823 44.701423764902344 0
1 20 100 19.517349741618624 15.003157455499737 0
3 19 92 8.056789462216340 52.281241608017382 0
3 19 92 32.666335423355804 81.235865549394418 0
1 20 100 70.562334514035214 -29.420250976834733 0
3 19 92 32.306010050422728 -21.840433133719692 0
3 19 92 -5.115171360553909 -15.233226325485461 0
3 19 92 -19.150842928310858 20.079659759371140 0
1 20 100 -30.611403207713145 57.357743911888775 0
1 20 100 -7.101338871242572 89.719401392540391 0
1 20 100 -70.582595645268839 55.839924713205647 0
1 20 100 -87.808677594034236 19.739203104151617 0
1 20 100 -87.689835573607667 -20.260620352636046 0
1 20 100 -53.108393323350150 -0.157788415515738 0
1 20 100 -70.249544550986982 -56.258345961989463 0
2 17 89 93.000000000000000 0.000000000000028 100
2 17 89 86.784946236559151 -33.427131296561157 100
2 17 89 60.943728239819741 -11.331171203254709 100
3 19 92 53.241486661040142 -46.497568156342169 100
2 17 89 28.232300933613342 -20.602768886004664 100
2 17 89 36.558575459786141 12.361956996593026 100
1 20 100 69.725155924801271 28.762503946547980 100
2 17 89 93.000000000000000 0.000000000000007 200
2 17 89 86.784946236559136 -33.427131296561178 200
2 17 89 60.943728239819734 -11.331171203254719 200
3 19 92 66.396127668448386 24.253535349851632 200
3 19 92 31.454407806886117 9.317799240904574 200
1 20 100 35.538614008257902 48.103354022352221 200
2 17 89 70.570234629323110 60.010728067949302 200
1 20 100 24.589650233830632 86.575684238577480 200
3 19 92 -2.138495251680496 58.174870185009382 200
2 17 89 -15.075667077240700 91.769952937637498 200
3 19 92 -48.034923776269679 77.289366007284343 200
1 20 100 -36.639988490008449 39.991169672583133 200
3 19 92 -74.363278036388493 49.888311977307978 200
1 20 100 -65.195816458793601 11.981087755224380 200
3 19 92 -89.015784332848966 -18.899474585493628 200
3 19 92 -51.432174287055155 -24.509488482598215 200
2 17 89 -74.738234914567940 -51.947191338826883 200
1 20 100 52.507062344946078 -47.356477150300826 200
3 19 92 19.411999272917171 -26.723571386486832 200
3 19 92 -16.438453196862490 -39.322978424600578 200
3 19 92 12.398179605654292 -64.070677481539448 200
3 19 92 -9.424633529599610 -1.975872329547958 200
3 19 92 -42.169414643647556 -67.285768396705663 200
2 17 89 -9.696230514569329 -92.493151713023252 200
2 17 89 70.232074054560513 60.962740866817398 300
2 17 89 43.626636857567021 82.132311281845560 300
2 17 89 87.450498000649631 31.645069117294963 300
2 17 89 92.980544598056696 -1.902189856136943 300
2 17 89 11.190191196317830 92.324317603705310 300
2 17 89 53.451437512705283 31.392312441612717 300
2 17 89 18.581877636680286 59.137528491660106 300
1 20 100 -17.191294420855058 68.586346456991677 300
2 17 89 -53.413875085881514 76.131189064074434 300
2 17 89 -77.208253013146788 51.844822949431602 300
3 19 92 -43.337149140702216 39.648580804325150 300
3 19 92 -4.667588188593259 31.651853334599878 300
2 17 89 -90.683202048841054 20.629029695287912 300
2 17 89 -92.037699984008043 -13.343979228615620 300
2 17 89 -61.938962245328668 2.469495612107965 300
2 17 89 -63.293460180495650 -31.503513311795558 300
3 19 92 -30.908139523098519 -15.781204132875100 300
2 17 89 -35.761051726811488 -51.452610653266944 300
2 17 89 -36.731725888821124 -85.438751823914828 300
2 17 89 -6.813527177431034 -69.286309721688397 300
1 20 100 56.156728811505104 -5.508655011675522 300
2 17 89 21.198759626965241 6.613242137399823 300
2 17 89 4.374448047620223 -22.932358886798639 300
2 17 89 22.342986682508510 -51.796378345746604 300
2 17 89 22.911454634550854 -85.791625722218228 300
2 17 89 55.121179101580182 -74.904309718810708 300
2 17 89 78.360481295433900 -50.086275277244908 300
2 17 89 -53.413875085881514 76.131189064074434 400
2 17 89 -77.208253013146788 51.844822949431602 400
2 17 89 -90.683202048841054 20.629029695287912 400
2 17 89 -92.037699984008043 -13.343979228615620 400
2 17 89 -56.912057573622583 24.567278142747902 400
2 17 89 -58.266555508789565 -9.405730781155626 400
2 17 89 -71.741504544483831 -40.621524035299316 400
3 19 92 -19.730003364894905 88.835392537103331 400
2 17 89 -27.814927395223066 53.754999103964323 400
2 17 89 4.995572902734263 62.669653903660304 400
3 19 92 -21.458144509878363 18.320675188464140 400
3 19 92 -35.869353949700589 -37.590218754534568 400
3 19 92 -34.738043904947006 53.924667549670701 492
3 19 92 -53.135906147241265 -71.440863877037089 400
1 20 100 36.333754395929070 82.339894896072735 400
3 19 92 68.352922693405958 60.073937437704792 400
1 20 100 34.619671069933496 40.501821177384528 400
1 20 100 15.355559839602730 5.446236479572910 400
1 20 100 2.801311096937431 -32.532584440872839 400
1 20 100 -13.084998871869679 -69.242598818083039 400
3 19 92 20.773533030444298 -88.597180121226430 400
1 20 100 86.323464686791922 25.460939583373367 400
1 20 100 55.501202743125113 -70.849251894896682 400
1 20 100 80.720820361142003 -39.801371335975887 400
3 19 92 42.122896906295765 -34.215648018998017 400
3 19 92 55.739946035145415 1.260766301258410 400