2 29 74 81.000000000000000 0.000000000000000 0
2 29 74 60.234567901234570 54.155302877479713 0
3 21 86 21.905108023566967 86.262194746458078 0
1 31 96 2.438290869955566 38.043494744198981 0
1 31 96 24.407991214517324 -19.933502994302128 0
3 21 86 -20.073378117215572 84.918058842567277 0
2 29 74 -56.270327189235530 50.424858383961030 0
2 29 74 -39.318149383542270 -5.042462334135323 0
3 21 86 -86.746473834148574 10.786436547594286 0
3 21 86 -83.396924144587388 -31.079785121875254 0
1 31 96 -43.871497441773585 -64.869438034571672 0
3 21 86 21.905108023566871 86.262194746458121 96
3 21 86 59.024553118071864 66.611576540507684 96
3 21 86 82.999280159265552 32.126616582574457 96
3 21 86 88.490137714164007 -9.512913713909626 96
3 21 86 23.446896004397317 44.290503217259932 96
3 21 86 -13.672549090107669 63.941121423210348 96
3 21 86 49.683817898307794 6.551629303228648 96
1 31 96 -63.041646294689897 47.610406766328012 96
3 21 86 -17.709187440118150 22.135553004263755 96
1 31 96 -77.995288531502325 -12.559258214070702 96
1 31 96 50.891588069437944 -45.434342758604807 96
3 21 86 11.665407321310163 -11.297753240681228 96
2 29 74 -26.586542511513542 -43.496950963406221 96
3 21 86 -26.775687994570511 84.876749068383930 192
2 29 74 -63.217075075339643 50.641893911255643 192
2 29 74 -6.348908525022239 39.239629521873972 192
1 31 96 -78.658548958988789 -7.337075416428867 192
1 31 96 49.265654329745544 61.756742979710523 192
3 21 86 85.557038722184586 24.515161127159828 192
1 31 96 39.447595522487831 0.475210049548661 192
1 31 96 50.837194802343234 -60.469658711031322 192
3 21 86 7.174148225095777 -88.710380436814461 192
3 21 86 0.549279111613846 -47.236158211084501 192
2 29 74 -48.059652420315501 -58.948193701305897 192
3 21 86 -27.035068317333113 -13.583374035659467 192
3 21 86 85.557038722184586 24.515161127159828 288
1 31 96 49.265654329745544 61.756742979710516 288
3 21 86 46.201635411160552 9.847092739446389 288
2 29 74 -0.368786129455529 28.045879444315528 288
1 31 96 70.165225076551323 -36.302082446560760 288
3 21 86 40.700276625907215 -79.148515352940336 288
3 21 86 -0.128023172842873 -88.999907921678300 288
3 21 86 -40.927812319289600 -79.031096277079484 288
2 29 74 9.642821705492931 -39.963894723585824 288
2 29 74 -47.396510390457237 -29.451302557620828 288
2 29 74 -78.638765225899022 19.415061260421890 288
2 29 74 -7.687257419590722 80.634397581707944 384
2 29 74 -59.627393239445901 54.823115338956079 384
2 29 74 -44.171772550195840 66.062959561342410 288
1 31 96 49.265654329745551 61.756742979710516 384
1 31 96 78.673508136325651 7.174894948603942 384
2 29 74 2.947095467136181 23.617640933503523 384
2 29 74 -48.993040352718992 -2.193641309248342 384
1 31 96 59.624229227630025 -51.826164135608479 384
2 29 74 2.217317949543748 -34.377767719033940 384
2 29 74 -49.722817870311424 -60.189049961785798 384
2 29 74 80.326666351223238 10.422412048046290 480
2 29 74 66.702110120844580 -45.954635298593374 480
1 31 96 22.457988937757470 -5.427388405468468 480
1 31 96 39.330699248597391 54.232578463165275 480
1 31 96 -20.772702803997340 39.014790788731403 480
1 31 96 -77.676690425544948 14.399019568500300 480
1 31 96 -64.149219456886058 -46.107240679445042 480
1 31 96 -11.110516379227015 -78.214809504255200 480