1 36 109 74.000000000000000 0.000000000000000 0
3 18 119 74.486486486486484 53.997808574964097 0
2 16 95 42.821227321307859 41.615912031943274 0
2 16 95 51.238345027132766 78.807563081727750 119
1 36 109 2.532457742639018 8.740160392825899 0
1 36 109 30.697027937981705 -57.522626944499521 0
1 36 109 -40.770514319379274 -48.782466551673629 0
2 16 95 -89.165400757880860 -29.757878077687238 0
1 36 109 -71.481162385712992 19.142712033234190 0
1 36 109 67.851423880040429 29.532766166600094 119
2 16 95 92.592796024640279 -16.204139111330750 119
2 16 95 61.127718489599530 -22.030707201885821 119
1 36 109 2.693950515352086 60.167773343519926 119
1 36 109 8.741992737365084 -11.577757425168024 119
1 36 109 -56.415480627323255 19.057249751751808 119
1 36 109 -51.849671959029109 -52.797836297911573 119
2 16 95 -91.580379407710609 -19.249797821313805 119
3 18 119 -49.842246391436163 72.655688084227165 119
3 18 119 15.073067819262384 61.263803630001405 0
3 18 119 -3.797548562984545 91.921589547351573 0
3 18 119 46.014211390033289 79.666130508223688 0
3 18 119 -20.912661800071131 60.250263416579855 0
3 18 119 -53.969299959439908 74.507145039170567 0
3 18 119 -18.376568163667077 90.146002365751627 238
2 16 95 15.526707115867335 92.708798752535216 238
1 36 109 -54.525100496738851 50.030125082999035 238
1 36 109 -71.245641454506256 -20.001464289794889 238
1 36 109 -2.236235511382688 0.533917162157316 238
1 36 109 -18.956776469150089 -69.497672210636608 238
1 36 109 50.425770401185076 54.159409888282276 238
2 16 95 -1.548674997489087 52.529371391731409 238
1 36 109 72.596882307049981 -14.341990074474804 238
3 18 119 30.815375822233410 -48.551721377997652 238
3 18 119 59.778825830704626 -69.932052610389476 238
2 16 95 30.148204853819692 -86.606173292577992 238
2 16 95 -50.577666051859921 79.233198198397474 357
1 36 109 1.157416946648631 73.990948000492665 357
2 16 95 -43.851167677970949 47.948150338020632 357
1 36 109 -15.966458556866833 4.056887002005652 357
2 16 95 -64.270865090711879 23.310050622902555 357
2 16 95 -78.240836734743652 52.099630200675975 357
2 16 95 -93.448295647239860 10.169367759406182 357
1 36 109 53.160152609391176 24.194206303962723 357
2 16 95 55.099496430786374 76.158029734715171 357
2 16 95 93.617242937087369 -8.474185793240828 357
1 36 109 56.553049317908382 -47.725806570934154 357
1 36 109 -12.573561848349627 -67.863125872891231 357
2 16 95 -51.751650406510493 -33.671352345785252 357
2 16 95 -64.571625958023844 -68.311822703958512 357
2 16 95 -82.669871993194477 -41.921417431389649 357
2 16 95 -50.577666051859900 79.233198198397488 466
1 36 109 -67.602137128856612 30.099020841403885 466
1 36 109 -61.189885432594352 -41.614876195249906 466
1 36 109 -2.289954642601714 -0.204754812500036 466
1 36 109 4.122297053660542 -71.918651849153832 466
2 16 95 55.998879950815713 -75.499175123004690 466
3 18 119 -22.589210767803511 59.929147566149972 466
1 36 109 69.542890697113648 -25.293998368966996 466
1 36 109 58.127377151161141 45.795283878655788 466
3 18 119 -5.872210640919530 91.812401897503321 466
2 16 95 28.062928580091469 89.713276829623638 466