1 13 60 97.000000000000000 0.000000000000000 0
2 19 71 85.907216494845358 30.015831724404535 0
1 13 60 71.053812832594701 1.671936444358094 0
1 13 60 54.913192926597063 22.055272507184341 0
2 19 71 56.447524025601169 54.018467405045058 0
3 32 99 10.847733455036092 31.178609701447066 0
2 19 71 27.996826372266707 79.208898188152943 0
3 32 99 65.119722610415124 -42.935087366192555 0
3 32 99 2.024722505415284 -32.210304769325120 0
2 19 71 -32.896057914904127 4.958756220103127 0
1 13 60 -33.781083077501371 36.946515292310266 0
1 13 60 28.270395440849512 -68.763890806350489 0
2 19 71 -0.310073737819000 -83.156832879713363 0
2 19 71 -38.305151637485665 -82.545232194411014 0
2 19 71 -47.186822125703607 -45.597756917489612 0
2 19 71 -66.464315287807807 -12.850569902647774 0
1 13 60 -91.126357585129554 -33.241344035208648 0
2 19 71 -89.296501163757739 17.525264046827136 0
1 13 60 -58.104359476860836 24.670213100847661 0
2 19 71 -58.989384639458088 56.657972173054794 0
1 13 60 -27.467383511674051 62.168275694638893 0
2 19 71 -8.914198751411725 88.240853918734231 0
1 13 60 -45.490630796189436 85.671480142254936 0
1 13 60 96.418765647389250 -10.602906725696933 99
3 32 99 72.893661993585141 27.758134684538188 99
3 32 99 27.585203138869574 72.959280203325065 99
3 32 99 11.094092266800786 11.120431069425948 99
3 32 99 -34.214366587914782 56.321576588212821 99
3 32 99 -77.462058344398812 9.144917552879008 99
1 13 60 -13.176218874952212 96.100922244062531 99
3 32 99 -58.229719032365068 -51.897011680941915 99
3 32 99 0.205271357342461 -77.999729894851910 99
2 19 71 51.132484484586890 -75.275952537536725 99
2 19 71 35.112442400126056 -40.817887420468651 99
2 19 71 72.964023198995832 -44.173156564163790 99
1 13 60 -79.213105435530537 55.984675825260631 99
1 13 60 59.424290435913520 -15.178749574119738 99
1 13 60 -16.108270027197705 -36.060865252435860 99
1 13 60 -37.669635438791047 -11.868484820398461 99
1 13 60 71.896196193677667 65.114798416951345 198
2 19 71 83.823473439359574 35.420690289165464 198
2 19 71 62.050045058475533 66.564193890117508 269
1 13 60 96.803478765912544 6.171425995466443 198
1 13 60 70.803484842698211 6.189202182283049 198
2 19 71 47.040456297105507 44.960588082781683 198
1 13 60 48.728737538250854 76.916021211606534 198
2 19 71 17.696727241604940 69.104853760523298 198
1 13 60 1.980846329716037 96.979772364230939 198
1 13 60 -13.526905598462207 76.110904878569812 198
2 19 71 11.459044336710274 31.620306117821450 198
3 32 99 -39.001858153423981 39.016069762041170 198
2 19 71 -87.760703202737005 24.063644224454180 198
2 19 71 -63.886943946798851 -5.500584481695210 198
3 32 99 -15.097241579920627 -20.352013468544857 198
2 19 71 -60.612801493897322 -43.359268970172991 198
3 32 99 15.848953941643945 -76.372839798947169 198
2 19 71 65.194404502519177 -63.487712366739963 198
2 19 71 -34.902186448478858 -71.340767750372422 198
2 19 71 42.587266615601727 -32.944017165243764 198
2 19 71 80.342451529005018 -28.637509049063706 198
3 32 99 76.008829811318563 17.511647287277444 269
1 13 60 94.057561801919988 -23.710231291111501 269
2 19 71 32.006913068664701 43.295970489032385 269
2 19 71 63.104551188675984 -31.828798527785981 269
1 13 60 40.089582019579659 -9.595688215786307 269
1 13 60 94.057561801919988 -23.710231291111501 368
2 19 71 90.638202446139701 8.106556441091104 368
1 13 60 69.307117438800006 -15.746846092083231 368
1 13 60 58.638522162556612 7.963511872985904 368
1 13 60 69.094715823522378 31.768301603718236 368
1 13 60 79.481016180946597 55.603669544771108 368
3 32 99 34.793286124923789 60.895813008438317 368
3 32 99 14.301949310752669 0.264920589076748 368
2 19 71 -13.073338795224736 43.295068173238391 368
2 19 71 -11.956472073389749 81.278651584044411 368
3 32 99 -64.059052988219520 44.502109278690178 368
1 13 60 -96.133190932569278 12.938686220871766 368
1 13 60 -43.776070345449284 84.671757212336317 368
3 32 99 -73.545561261949786 -25.981732403071000 368
1 13 60 79.481016180946582 55.603669544771108 467
3 32 99 77.268395383493285 10.658099026569019 467
2 19 71 81.662709075300583 -40.152234638719932 467
2 19 71 45.309582290413061 -29.086514013207381 467
2 19 71 26.699064542975691 4.044266677448235 467
2 19 71 36.163177219877966 40.846855869499628 467
1 13 60 68.058288981021761 -69.116346119971737 467
1 13 60 55.725411944347378 66.171132218188518 467
1 13 60 43.348925429636495 -61.026392295290577 467
2 19 71 13.407929788229893 -49.733173976260744 467
2 19 71 -5.202587959207470 -16.602393285605132 467
1 13 60 -3.241931098430909 15.337484996478064 467
2 19 71 -1.288694921169521 47.277817938321945 467
2 19 71 23.006617671728478 76.496609597344602 467
3 32 99 -50.898457842537489 59.104542881672252 467
2 19 71 -87.803957103433461 23.905336579484029 467
1 13 60 -22.827337160077306 94.275726876965280 467
1 13 60 -57.202552743113074 14.548304401695773 467
3 32 99 -72.951476460758656 -27.605834205750362 467
1 13 60 -65.094464273193083 -71.914607146156271 467
1 13 60 -41.896825174285311 -60.172821070910921 467
1 13 60 -43.326959696774345 -86.133458876010877 467