3 18 98 92.000000000000000 0.000000000000000 0
1 23 78 78.000000000000000 -38.535697735995385 0
1 23 78 78.000000000000000 38.535697735995385 0
2 21 46 53.066815744764632 -2.281921065219645 0
1 23 78 32.063146583975460 -40.945157890194785 0
1 23 78 32.050792554476359 36.374601919462584 0
3 18 98 53.430830531153781 71.358798010209497 0
3 18 98 84.956521739130437 35.304240736612037 98
1 23 78 57.240599411166059 65.517278477134681 98
1 23 78 86.816111363881205 -5.653565923749053 98
1 23 78 47.604610830749515 18.397592591803022 98
1 23 78 46.381446832400826 -27.586142248172120 98
1 23 78 46.412080002677506 -73.586132048267515 98
1 23 78 6.559603676831507 -50.612666251877876 98
1 23 78 7.169946299269142 -3.534983732620037 98
2 21 46 -17.913512743192690 -87.178587171389012 98
2 21 46 -55.897664327621371 -69.256415751297482 98
3 18 98 -32.475693358432551 -38.072906072005821 98
3 18 98 14.108543230853680 -4.085529318652341 0
2 21 46 -10.708519626931796 25.999573159363663 0
1 23 78 -0.563385532385546 68.814012945534813 0
3 18 98 -38.890274595367288 83.375935028621598 0
1 23 78 -67.895557056060866 54.398468103864673 0
1 23 78 -86.144167048909679 12.173022773721613 0
1 23 78 -80.310195792519082 -33.455529464757412 0
3 18 98 -60.469891038495383 -69.335360948022014 0
1 23 78 -34.498221886405105 -37.610411752564467 0
3 18 98 -25.430235365300675 -77.595054059993814 0
3 18 98 -41.983912530892063 2.700435864113609 0
3 18 98 64.904577956768321 65.202728165727720 196
2 21 46 83.463172605874789 30.901437160137899 196
3 18 98 44.722550664081169 35.391894994592917 196
1 23 78 24.309231034425373 70.948840612819311 196
2 21 46 88.340526728896677 -10.814404156544697 196
1 23 78 44.649637815222761 -5.608040172629863 196
3 18 98 12.349389822087133 19.644563249234146 196
3 18 98 -9.723123435063656 48.084045637507366 196
1 23 78 -36.890092841512228 78.791630584374943 196
3 18 98 -71.880305004710607 57.421439832433464 196
1 23 78 -84.993902601257915 18.575158696707888 196
1 23 78 -82.585320381919814 -27.361740759967333 196
3 18 98 -49.895044765502242 -2.616117306058263 196
3 18 98 -42.200060989960626 32.551868486337519 196
3 18 98 78.373620567664673 48.182731337230443 294
1 23 78 46.265078623604992 73.678643445381425 294
1 23 78 2.227588117964530 86.971477227748082 294
1 23 78 12.734401626971257 42.187474839764107 294
1 23 78 -31.303088878669190 55.480308622130750 294
1 23 78 -75.595223632469470 43.062305604286095 294
1 23 78 -42.694850177844046 10.913193228573782 294
1 23 78 -86.986984931644315 -1.504809789270872 294
1 23 78 -74.060545660683161 -45.651238498444542 294
2 21 46 88.379845223790667 10.488229508301384 294
1 23 78 44.411029811286369 8.831947158843608 294
1 23 78 0.505362935772896 -4.890021220963977 294
1 23 78 -28.324003339404417 -40.735071648765981 294
1 23 78 80.574478466587053 -32.813921128653611 294
1 23 78 52.579108979748355 -69.314048351656282 294
1 23 78 6.599230285053557 -70.674472999018931 294
3 18 98 -48.832324148562805 -77.970533653744411 294
3 18 98 36.827413928642706 -31.460592723180643 294
3 18 98 53.883646228848690 74.569113371987200 392
1 23 78 14.449473831588342 85.791682032643720 392
2 21 46 29.231224950696799 44.348952466980016 392
1 23 78 76.918448034720313 40.651597163334571 392
1 23 78 86.895969455356109 -4.253291950221360 392
1 23 78 -14.408313839491299 49.969508861116502 392
3 18 98 -36.779566044724774 84.328307949120671 392
2 21 46 -66.532372286712416 59.113817656300128 392
2 21 46 -86.232745252851643 22.020754895252590 392
3 18 98 -82.492479378834787 -40.730711335950389 98
1 23 78 -59.206657361712772 -6.985037643061759 98
1 23 78 -27.669256481834733 26.502159100497835 98
1 23 78 12.765408049645647 48.434735424920902 98
3 18 98 -89.706301949857803 20.415175494737660 98
1 23 78 -65.113978449834278 53.220931466368476 98
2 21 46 -24.926224909751419 71.135854446988787 98
3 18 98 9.579882597790792 89.310797216580639 98
2 21 46 17.038671241369883 87.353784590757797 490
2 21 46 55.200579008307635 69.813294415516495 490
2 21 46 55.200579008307635 69.813294415516495 536
1 23 78 19.971837399742277 43.451660083083013 490
2 21 46 17.038671241369883 87.353784590757797 536
1 23 78 -20.758868621241554 64.829442639564206 490
1 23 78 62.718713732741726 26.460351605768754 490
1 23 78 26.630370781349960 -2.063874992383433 490
1 23 78 -18.907218381242195 18.866725233075819 490
1 23 78 -59.637924402226027 40.244507789557019 490
1 23 78 -86.940274717979392 3.223140077978854 490
1 23 78 -76.431260868412167 -41.560346029174575 490
2 21 46 88.525630467739347 -9.176750529967528 490
1 23 78 55.307521525956396 -38.030818498485232 490
1 23 78 9.820659380889271 -44.882487798419341 490
1 23 78 -9.916489882934481 -86.432998492483520 490
2 21 46 -28.899358530421935 -23.983678910165935 490
3 18 98 -90.462502772733060 -16.749196759643844 392
1 23 78 -51.273751429458756 -4.697567485764864 392
2 21 46 -65.178304789589333 -46.442787521779543 392
2 21 46 -23.827305694954539 -39.087865776749709 392
1 23 78 -25.961740280155418 -83.036064704595418 392
1 23 78 20.009311606834828 -84.667747395455052 392
3 18 98 58.628358631203938 -70.899334018105804 392
3 18 98 59.676785996938072 -34.914603922428000 392
1 23 78 41.286718874568976 1.729705748171050 392
1 23 78 -4.594846846938161 5.028482330939529 392
3 18 98 14.389546751022316 -31.311479140114866 392