2 21 100 89.000000000000000 0.000000000000000 0
2 21 100 79.089887640449433 -40.814086698358011 0
2 21 100 79.089887640449433 40.814086698358011 0
2 21 100 51.566524201773390 -72.538910811701044 0
2 21 100 51.566524201773390 72.538910811701044 0
1 16 74 54.442008218533985 -13.219122664992845 0
1 16 74 86.449438202247194 36.911984971223688 100
2 21 100 61.552733709391106 64.282664637527176 100
1 16 74 33.128073010997397 87.968919389623210 200
2 21 100 61.552733709391113 64.282664637527176 200
2 21 100 84.177944278154541 28.897641722187458 200
2 21 100 88.056797858322497 -12.922861561532351 200
2 21 100 42.221010235594143 26.996146061336031 200
1 16 74 21.984721826714534 57.971824123852194 200
2 21 100 -3.717125466037224 84.587891559520997 200
2 21 100 -44.987410449794957 76.792791986108170 200
2 21 100 -75.194122557742190 47.611384487024175 200
2 21 100 -88.655167175239058 7.826961934902599 200
2 21 100 -82.372781052031243 -33.700518419664142 200
1 16 74 -53.068536742226541 17.955719727652273 200
2 21 100 -43.504372988320661 -17.786786783342070 200
1 16 74 -51.396160885905736 -53.935364677631767 200
2 21 100 -14.804784392353007 -48.451646385534993 200
1 16 74 -33.434835780289617 -80.419148403722801 200
1 16 74 86.449438202247194 36.911984971223688 300
3 21 95 61.552733709391106 64.282664637527176 300
1 16 74 33.128073010997397 87.968919389623210 395
3 21 95 61.552733709391113 64.282664637527176 395
3 21 95 84.177944278154541 28.897641722187458 395
3 21 95 88.056797858322497 -12.922861561532351 395
3 21 95 42.221010235594143 26.996146061336031 395
3 21 95 12.851252324922122 57.019758773142030 395
1 16 74 86.449438202247194 36.911984971223688 490
1 16 74 1.409870791231892 92.206329913287703 395
2 21 100 -27.404958630810867 68.996297483784744 395
2 21 100 -17.648839925768691 28.145126780693182 395
2 21 100 -57.905050881501680 40.121665491335904 395
3 21 95 61.552733709391106 64.282664637527176 490