1 23 64 87.000000000000000 0.000000000000000 0
2 11 79 93.183908045977006 33.432907161640948 0
3 16 89 76.482782761973795 54.647817348771810 0
1 23 64 49.435774431833778 26.550498252649188 0
1 23 64 45.224481245988343 -19.256324489196292 0
2 11 79 22.395315274169494 5.939492247538967 0
1 23 64 4.150863830812757 34.629908618358655 0
1 23 64 33.790293755626990 69.808086424095364 0
3 16 89 53.718967948078955 77.138009324802169 89
1 23 64 74.844094480213613 44.354949232716493 89
1 23 64 86.999999444230824 -0.009833810884452 89
1 23 64 28.922297400616699 47.036096931058509 89
3 16 89 22.847139729080265 85.560017542361464 89
1 23 64 -11.999231327211913 68.046296515486489 89
1 23 64 -9.733833541993491 22.102113283278221 89
1 23 64 -50.655362269822106 43.112312867706194 89
1 23 64 -85.931997724670282 13.590134916448115 89
1 23 64 -80.850303471884374 -32.128311946073396 89
2 11 79 -66.885836972673673 72.988251194729415 89
2 11 79 -84.363992881992431 47.553959212503756 89
2 11 79 -44.900039275191233 76.621658686857501 89
2 11 79 -58.504445189943588 -6.502882824916845 89
2 11 79 56.772204570794955 15.555525712412271 89
3 16 89 30.826956649829722 8.082634015107281 89
1 23 64 5.274676619137841 -21.380580087110161 89
1 23 64 -35.898644093680637 -41.892958337312969 89
3 16 89 -65.060291397700894 -67.788871654203888 89
2 11 79 -4.146129475595043 -54.049348238441546 89
1 23 64 -18.950579917338978 -84.656998378854937 89
2 11 79 -26.477837998947749 -9.224190185981577 89
2 11 79 -40.533129536971757 7.700607590687744 89
3 16 89 76.482782761973795 54.647817348771795 178
2 11 79 61.824429855949958 77.322311611763936 178
1 23 64 85.386484929627784 16.677775372106645 178
1 23 64 28.191624521124726 82.305724629942475 178
1 23 64 41.137158490386071 38.164891490425262 178
1 23 64 -17.718704004715921 85.176566779797270 178
1 23 64 -58.675567386683014 64.235331336039835 178
2 11 79 97.864745698045752 -14.949633756612112 178
1 23 64 65.293346039808426 -24.701757848489606 178
2 11 79 3.673725568810731 58.749990063512143 178
1 23 64 -22.004269855147147 36.464556457517432 178
1 23 64 -64.390115148494189 18.591668644730987 178
1 23 64 -83.884594736877276 -23.073247838782049 178
1 23 64 -27.718817616958312 -9.179106233791423 178
2 11 79 -98.713794429273008 7.522419117227457 178
3 16 89 69.314696918797907 -63.493879949607653 178
1 23 64 31.139424838747253 -55.515872578458797 178
1 23 64 21.530579287996254 -10.530651814503297 178
2 11 79 -86.378838126837721 44.524197672607691 178
2 11 79 -51.512088895385091 -33.466556529596275 178
2 11 79 -3.736982625334231 -33.280384009762450 178
2 11 79 11.285841278416640 21.889177659370787 178
3 16 89 -64.698476417462643 -57.027523914608238 178
2 11 79 -55.086450315284686 -82.258634754423639 178
1 23 64 -21.153271267631787 -84.389212075229054 178
2 11 79 -37.795497418851554 -54.740665589243321 178
2 11 79 12.846054691468058 -84.175122545173465 178
2 11 79 32.817451890972904 -93.402434932841430 178
2 11 79 -55.086450315284686 -82.258634754423639 267
2 11 79 -71.892799596114003 -68.061923027732547 267
2 11 79 -85.148887168493246 -50.504128682388000 267
2 11 79 -94.200091423909839 -30.452303290999595 267
2 11 79 -98.599439312713628 -8.896660453142083 267
2 11 79 -63.315347444812488 -47.802917262588664 267
2 11 79 -77.732031075823045 -15.864534840281321 267
2 11 79 -46.508998163983179 -61.999628989279756 267
2 11 79 -58.396833378089227 -26.359778048018295 267
2 11 79 -41.590484097259917 -40.556489774709391 267
1 23 64 -84.197841129201350 21.902592293647999 267
2 11 79 -60.370934822587685 -2.351861644873348 267
1 23 64 -12.692643424408438 -58.470584908053148 267
1 23 64 -27.187357153808740 -9.757951915732535 267
2 11 79 1.710483519042743 -27.672047049076291 267
2 11 79 17.551971254032068 -42.937932753554193 267
2 11 79 -2.859901120352593 -55.729962108514393 178
3 16 89 24.880184870686911 -68.924415493407139 267
2 11 79 42.419996197673520 -89.451349473271563 267
2 11 79 21.617596479081556 -96.610969990304937 267
2 11 79 -0.252338868107035 -98.999678409051626 267
2 11 79 -22.109813036623670 -96.499513819943914 267
2 11 79 61.127581289219890 -77.874378364965537 267
1 23 64 55.200292045504405 -44.395022901914359 267
2 11 79 42.419996197673520 -89.451349473271563 356
2 11 79 21.617596479081556 -96.610969990304937 356
2 11 79 -0.252338868107035 -98.999678409051626 356
2 11 79 -22.109813036623670 -96.499513819943914 356
2 11 79 61.127581289219890 -77.874378364965537 356
2 11 79 76.816520391175146 -62.451758942340220 356
2 11 79 88.712051078751387 -43.945102041080816 356
2 11 79 8.613946632618871 -78.865404609889723 356
2 11 79 41.747837664775204 -67.461619986380370 356
2 11 79 89.171843311035246 -43.004445822637649 267
1 23 64 86.521943762241634 -9.107867346612913 267
1 23 64 41.327515518869859 -0.536773148395259 267
2 11 79 68.590380181562708 19.779137128619013 267
2 11 79 90.030541728494839 24.710614882949134 267
1 23 64 86.420782272476160 -10.022394494993193 356
2 11 79 96.414988657796172 22.475541419886550 356
1 23 64 -21.194786341704095 -62.511828901026817 356
2 11 79 12.386330453869100 -57.191246718401310 356
1 23 64 37.049627423260674 -33.787790080553975 356
1 23 64 45.708236695567464 11.389953172839313 356
3 16 89 79.790690405038887 49.693517934306442 267
3 16 89 49.629801652620159 39.001427883047917 267
3 16 89 55.450624424888773 70.467568768988144 267
1 23 64 17.566739578849315 61.204131557454723 267
3 16 89 -58.619914584601275 -73.482689213814510 356
1 23 64 -77.569200270314269 -39.395674501445924 356
1 23 64 -36.305993628262328 -19.064718360247820 356
1 23 64 -86.815333691114787 5.665495221107392 356
1 23 64 -71.791253597527813 49.142811345052806 356
3 16 89 -79.873539465203592 -49.560243071443509 445
1 23 64 -0.253098217510106 9.504298642466175 356
1 23 64 21.094544512964333 50.250809534222569 356
1 23 64 67.055879426041912 52.136464064595700 356
1 23 64 -86.290057617910051 -11.091706644956101 445
1 23 64 -45.183836046078440 -31.738220832282867 445
1 23 64 -47.856541046173440 14.184068396178596 445
1 23 64 -6.750319474341822 -6.462445791148177 445
1 23 64 -4.077614474246833 -52.384735019609643 445
3 16 89 -48.572571569163451 80.477980163262643 356
1 23 64 -24.899080169216411 49.484984100657897 356
3 16 89 -48.117762197580774 18.149815282448056 356
3 16 89 -2.426625697170099 81.359563156730246 356
3 16 89 28.769245208878029 88.488212286346595 356
3 16 89 -89.810859740104007 27.749044537485702 445
3 16 89 -65.744648232663138 48.839740677706416 445
1 23 64 -27.288411329739702 55.329566812991530 445
3 16 89 3.355217001429651 31.205552994782195 445
1 23 64 6.287498691398859 86.772503480109748 445
1 23 64 36.367642711111223 51.970421132161619 445
3 16 89 75.099794512018079 56.533360631158843 445
1 23 64 84.945218141617232 18.796539970778205 445
1 23 64 82.656328746966139 -27.146478925883926 445
1 23 64 41.726095057997803 -48.139715221568338 445
1 23 64 44.012951953233760 -2.192733115332228 445
3 16 89 21.730789797537504 -81.623857252401521 445
3 16 89 -8.835997449173011 -91.093361854773050 445
3 16 89 -36.199244810068663 -74.502620645699920 445