2 14 113 96.000000000000000 0.000000000000000 0
1 25 65 77.708333333333329 34.444374439893032 0
1 25 65 58.847691723208435 -11.861955559950676 0
1 25 65 28.175554392380761 27.625004206013173 0
3 16 120 48.509877808819340 63.227185195324452 0
1 25 65 13.148202368009251 83.976930013485699 0
1 25 65 -18.582694077737422 45.335628136487536 0
1 25 65 -68.305887645295400 50.589581071484290 0
2 14 113 -93.680894568792041 20.973554605523368 0
1 25 65 -60.017622672953991 1.281319453898760 0
1 25 65 -70.402746106829198 -47.628282990439061 0
2 14 113 -50.894664399275598 -81.398606472624010 0
1 25 65 -11.991827768734158 -84.149842939633672 0
1 25 65 37.393371207563689 -76.333058301979150 0
1 25 65 5.931237647294016 -37.472613736383231 0
2 14 113 -30.908934409656304 -24.674109026289269 0
3 16 120 -12.607404252945871 -0.903244634706482 0
2 14 113 73.544915663501499 -61.702069495669690 0
2 14 113 88.220743239110234 -37.856313374904673 0
3 16 120 -40.029625627911329 80.278855335505014 0
3 16 120 -68.058272691826303 64.838811819812136 120
2 14 113 -45.450554766908965 84.559133577516079 120
3 16 120 -37.403369570434023 55.658565928875774 120
3 16 120 -60.681147285668757 33.700764020667357 120
3 16 120 -91.013642118293404 23.505679066200340 120
3 16 120 -67.018192137672116 2.334510458220695 120
3 16 120 -92.428644873565275 -17.115653853603007 120
3 16 120 -62.879082103797899 -29.396669288638421 120
1 25 65 -6.451045841197793 84.754846513664134 120
2 14 113 -9.054956834337592 45.841871202852886 120
2 14 113 32.128810275466591 90.464023513676821 120
1 25 65 -26.848103891171434 10.542068576708061 120
1 25 65 -23.097352439994623 -39.317051587525640 120
1 25 65 -2.678644097912901 -84.957782844167468 120
3 16 120 57.460788196361904 74.392592506598646 120
3 16 120 26.910126864220562 60.921421335581783 120
2 14 113 52.242104785115849 44.849990328503608 120
3 16 120 16.767690120142216 30.571281683639988 120
1 25 65 18.559691197489279 -10.389537792278549 120
2 14 113 14.435518410114749 -49.913447472401309 120
2 14 113 33.507822188753316 -70.413379876566182 120
2 14 113 61.291464588675069 -73.887457451012523 120
2 14 113 80.004564823973126 -53.059114271976668 120
2 14 113 91.911721176676238 -27.717061719109459 120
2 14 113 95.999998470946792 -0.017134124165221 120
3 16 120 61.943834504516502 -29.104782297825096 120
2 14 113 91.921609228626380 27.684251061202797 120
2 14 113 79.147961102705352 52.600790017389201 120
3 16 120 66.116310160981087 2.622027294319690 120
2 14 113 -86.660750485490837 41.302715713273614 240
1 25 65 -55.329336252405220 64.526463949826649 240
2 14 113 -63.023724931380208 26.293018082930718 240
1 25 65 -84.782791240910456 -6.072751386332122 240
1 25 65 -35.052691929780458 -0.884570346203645 240
2 14 113 -27.597200640583328 91.947781467544871 240
2 14 113 -56.811758239310699 -33.250339815466475 240
2 14 113 -82.232179789074181 -44.989256640809458 240
2 14 113 -67.166434176554716 -68.590597898010358 240
1 25 65 -28.996457482992341 -60.587293629590604 240
2 14 113 -94.892496558695143 14.540085861439447 353
2 14 113 -95.051790667704893 -13.459461016801898 353
2 14 113 -70.723824722189732 0.402359677243123 353
2 14 113 -70.883118831199482 -27.597187200998228 353
1 25 65 -34.403511397469913 -13.804499229432198 353
1 25 65 -50.811469424590697 -61.035621525861302 353
1 25 65 -50.273013190693469 33.610254938810357 353
2 14 113 -66.824390524869614 68.923877074492225 353
2 14 113 -95.051790667704893 -13.459461016801898 466
1 25 65 -29.362210248962917 79.767541075901903 353
1 25 65 -0.553724907617116 38.901036792595946 353
1 25 65 15.315776885606443 -8.513717375646612 353
1 25 65 -81.769989043313558 23.209241518334487 466
3 16 120 -65.061735021319251 -14.231835489899550 466
3 16 120 -82.819657052483592 -40.852432874914939 466
3 16 120 -50.886582437560492 -42.920945779818922 466
1 25 65 -24.130716106922115 -11.854507025159393 466
3 16 120 -20.412793849891145 -52.685586536858246 466
3 16 120 -44.106115098150781 -74.194341224816554 466
2 14 113 -21.244550954806375 -93.619811229934854 466
1 25 65 13.448104299209291 -75.803535765460822 466
1 25 65 60.711927888782490 -59.490014389200439 466
2 14 113 89.913388212002317 -33.639004447779996 466
2 14 113 95.795431786560741 -6.263804660618700 466
3 16 120 91.051466482858942 23.358733940879901 466
1 25 65 57.312153303925570 0.063696997061742 466
2 14 113 65.032265028253278 38.291957158412238 466
2 14 113 27.313678852111217 -39.351569531553508 466
3 16 120 17.804790328635384 -10.898431935708132 466
1 25 65 17.338592918207887 30.098917490498813 466
1 25 65 44.997153947955930 71.752296726326762 466
1 25 65 -3.232753391707995 84.938503080219164 466
1 25 65 -43.930732937488699 55.892428287035557 466
2 14 113 -6.376460375127516 -40.924315065661915 353
1 25 65 -4.498134930759010 -79.879056670825179 353