2 17 81 93.000000000000000 0.000000000000000 0
2 17 81 86.784946236559136 33.427131296561186 0
2 17 81 60.943728239819734 11.331171203254726 0
1 22 86 51.053600423600997 49.056300384993207 0
1 22 86 22.204525388243837 15.833855116706102 0
1 22 86 7.857581327747663 57.429109607152412 0
3 18 70 66.775770635688133 -23.179512381583081 0
2 17 81 -9.088985419647006 92.554796439954657 0
2 17 81 -41.748692943159071 83.102627139807183 0
3 18 70 -31.383199957828918 49.672751950523690 0
2 17 81 -68.828392483980437 62.543204171765510 0
2 17 81 -86.708690740088940 33.624439774360773 0
2 17 81 -92.999759432601323 0.211531270219876 0
2 17 81 -86.860752751765673 -33.229649883750390 0
2 17 81 -60.969343680287849 -11.192523567159197 0
2 17 81 -54.830336999452200 -44.633704721129455 0
2 17 81 -52.449712235808491 21.722759813821110 0
2 17 81 31.796740759041043 -21.968121078728998 0
2 17 81 -1.508318931351543 -15.129042265073814 0
2 17 81 -20.865830401095501 -43.080549374686548 0
2 17 81 -36.503011714230666 -73.271252589089102 0
2 17 81 -16.790993326903717 15.242652836114297 0
2 17 81 86.784946236559136 33.427131296561186 86
2 17 81 68.970470823278703 62.386490159450872 86
2 17 81 93.000000000000000 0.000000000000000 86
2 17 81 60.943728239819734 11.331171203254726 86
2 17 81 43.129252826539300 40.290530066144406 86
2 17 81 36.914199063098422 73.717661362705584 86
1 22 86 5.513268685994746 50.587992721493102 86
1 22 86 22.140332568054177 7.420099183922108 86
2 17 81 -15.475651572490371 17.717561839270807 86
2 17 81 -33.290126985770804 46.676920702160487 86
2 17 81 -21.613001217880310 78.608797155022884 86
2 17 81 -55.388370779070186 74.706950027693168 86
2 17 81 -78.538879650898323 49.806067734581390 86
2 17 81 -91.192111973248075 18.248252350802940 86
2 17 81 -91.656873785588019 -15.748570978116941 86
2 17 81 -61.982380228601983 0.847345150147712 86
2 17 81 -62.447142040941920 -33.149478178772164 86
3 18 70 66.775770635688133 -23.179512381583081 86
2 17 81 32.483685995859204 -30.183292150736978 86
2 17 81 -0.951003928530355 -24.009030279069755 86
3 18 70 -29.334530945705389 -44.487687316710065 86
3 18 70 -56.852113717555639 -67.699379163586940 86
1 22 86 39.352941252876263 78.710520356224748 172
1 22 86 -3.671743217605567 87.923366073780230 172
1 22 86 -45.778491883685994 75.155370272890650 172
1 22 86 -76.440617578844922 43.598531903778408 172
2 17 81 -92.644475929910428 8.124104853597530 172
1 22 86 9.862040585085627 46.056473473755396 172
1 22 86 -32.244708080994805 33.288477672865824 172
1 22 86 -82.862035448051586 -29.629091808657304 172
2 17 81 72.530082398920911 58.209854382275715 172
1 22 86 49.421344453684760 26.793517380989218 172
1 22 86 87.837728161590817 5.341676835084293 172
1 22 86 79.444040319279893 -37.850290061618175 172
1 22 86 41.027656611373843 -16.398449515713249 172
1 22 86 1.468352742774698 2.864506577052929 172
1 22 86 -40.638395923305737 -9.903489223836644 172
1 22 86 -45.952840231085410 -53.581363275803831 172
3 18 70 57.860437820223993 -71.527405483856285 172
2 17 81 28.056066170444289 -53.178034089669289 172
3 18 70 -6.381963947741676 -59.424799779121415 172
2 17 81 -27.031775551824609 -87.684051020367747 172
2 17 81 72.530082398920911 58.209854382275715 258
1 22 86 39.352941252876263 78.710520356224748 258
1 22 86 -3.671743217605567 87.923366073780230 258
1 22 86 -45.778491883685994 75.155370272890650 258
1 22 86 -76.440617578844922 43.598531903778408 258
1 22 86 9.862040585085627 46.056473473755396 258
1 22 86 -32.244708080994805 33.288477672865824 258
1 22 86 -62.906833776153732 1.731639303753582 258
1 22 86 -78.723321507744359 -39.327327023182171 258
2 17 81 -40.765061240893374 -30.373530202056386 258
1 22 86 -46.224758695861283 -68.989481617245133 258
1 22 86 -6.776837387713989 -49.499445586846946 258
3 18 70 -11.703171490834348 -89.194926844849519 258
1 22 86 85.362908606847611 21.381623749822701 258
1 22 86 85.043879118233690 -22.617219646173456 258
1 22 86 47.099277744474797 -0.341510306479365 258
1 22 86 36.756572342751781 -43.108652424853020 258
1 22 86 3.195344754957986 2.564460796614789 258
2 17 81 45.480584518155091 -81.120382345542183 258
2 17 81 72.530082398920911 58.209854382275715 344
1 22 86 39.352941252876263 78.710520356224748 344
1 22 86 41.369961698201834 34.756776163913450 344
1 22 86 -3.671743217605567 87.923366073780230 344
1 22 86 -45.778491883685994 75.155370272890650 344
1 22 86 -76.440617578844922 43.598531903778408 344
1 22 86 85.362908606847611 21.381623749822701 344
1 22 86 52.453747440033531 -7.824319331965569 344
1 22 86 10.035544148715310 3.867388393443941 344
1 22 86 -7.749610181004876 44.112739497242700 344
2 17 81 -92.644475929910428 8.124104853597530 344
1 22 86 -53.706422206682369 5.926840134223609 344
1 22 86 -82.862035448051586 -29.629091808657304 344
1 22 86 -39.274407510454012 -35.638974567377623 344
2 17 81 91.405503448320516 -17.147417862729839 344
1 22 86 68.573257403039463 -48.765269474244299 344
1 22 86 37.291419956554293 -79.707904235551851 344
1 22 86 21.171909993548358 -38.766954093273121 344
2 17 81 -66.488296691915906 -65.025428895223484 344
2 17 81 -38.672792521209416 -84.577864235339320 344
2 17 81 -10.322502254950752 -61.769171315132176 344
2 17 81 72.530082398920911 58.209854382275722 430
2 17 81 46.760546842295895 80.389372798955534 430
2 17 81 40.437288228058875 46.982541154851994 430
1 22 86 9.111416597222942 70.213765112456741 430
3 18 70 66.586324589699061 23.718235935103447 430
2 17 81 33.020645921732395 13.801320307812500 430
3 18 70 91.982444514140880 -1.797192589288827 430
3 18 70 57.291361392433416 -11.416379241120868 430
3 18 70 2.413842904697688 30.778469923588261 430
2 17 81 -25.392364516339228 52.034406244020524 430
3 18 70 -27.201640210786898 86.987610982091127 430
3 18 70 22.207552774494566 -19.486470495861425 430
3 18 70 -9.833605188105675 -3.074152060743875 430
3 18 70 -37.976702641251705 19.375036471199216 430
1 22 86 -64.308951737799362 49.485045729207840 430
1 22 86 -87.191257577180878 11.903134129702849 430
2 17 81 -88.977389938861265 -27.055943518344186 430
2 17 81 -57.730868519296351 -13.652402972030654 430
2 17 81 -61.746322615316537 -47.414454574425235 430
3 18 70 -46.936045338365552 -79.126529356435782 430
1 22 86 -22.746592000286476 -47.269499563862603 430
3 18 70 -11.535003183143914 -85.666117594560617 430
1 22 86 73.875461977674632 -47.816483743424186 430
2 17 81 35.103113123014978 -52.024210480342035 430
3 18 70 24.463761924809553 -85.367938617448189 430
3 18 70 48.283108958839676 78.311821516734085 516