1 14 100 96.000000000000000 0.000000000000000 0
3 10 111 97.083333333333329 23.975537301359704 0
3 10 111 90.370594984119847 42.815365959152714 0
3 10 111 77.411193938131760 27.582049690879320 0
1 14 100 68.505335364949644 5.295603516702531 0
2 33 81 64.821174704992430 -41.559779954480632 0
1 14 100 53.447518938997348 28.902004438535606 0
2 33 81 15.054773251200871 1.791174894750241 0
1 14 100 31.216537780599239 45.925032275408469 0
2 33 81 2.394945800350513 -62.983270443783503 0
2 33 81 -47.371455653441039 -19.632315594552622 0
2 33 81 -62.813781867321183 44.535702616267244 0
2 33 81 -4.837846417035166 76.076008712820425 0
3 10 111 70.090404448607941 46.194036184805150 0
1 14 100 41.965374721930047 71.779674110264395 0
1 14 100 -95.405066121926865 10.671146061729409 0
3 10 111 -99.146753088072742 -13.035388451931075 0
3 10 111 -23.717518334168247 -97.146689722647750 0
3 10 111 -42.575115133590742 -90.484029371826111 0
1 14 100 -60.506278229769407 -74.531807268989084 0
3 10 111 -47.000151017655071 84.522313867415903 0
3 10 111 -20.651477266701281 36.089397461671766 0
3 10 111 90.370594984119847 42.815365959152714 111
1 14 100 94.079999999999998 19.103758792447138 111
1 14 100 95.590694442694740 -8.855457975924811 111
1 14 100 69.086306163200405 31.725774019514731 111
1 14 100 70.597000605895147 3.766557251142777 111
1 14 100 73.062894332652277 59.441956053311799 111
1 14 100 47.071682510744232 49.027691411547245 111
1 14 100 51.048270680196097 76.743873445344320 111
2 33 81 4.048508836280710 76.893495018776179 111
2 33 81 62.868660052794532 -42.593692449385159 111
2 33 81 22.030146919828862 9.254314697356648 111
2 33 81 -2.452287838363837 -52.036878701946954 111
2 33 81 -66.950032937994933 -38.035418882949010 111
2 33 81 -42.467598179802224 23.255774516354606 111
1 14 100 18.191000760751436 -94.260742047378031 111
1 14 100 -50.078912207731918 -81.903006978317222 111
3 10 111 -5.800314401009611 -94.906340071735798 111
3 10 111 -24.830768781159097 -88.754770671570554 111
3 10 111 -80.310051858589219 2.836452794787535 111
3 10 111 -99.997656175015024 -0.684660137206126 111
3 10 111 -93.203227265502534 18.125861806471594 111
3 10 111 -28.852772365588471 -18.095540827199400 111
3 10 111 -99.700187174293447 7.737743689917203 222
1 14 100 -91.139615446768175 30.159086461881046 222
2 33 81 -58.144089955784054 -3.311726160070888 222
2 33 81 -38.908493680245435 -66.446437974765061 222
2 33 81 -46.201595616764230 61.598803255136303 222
2 33 81 6.149972474119949 -18.220567035860196 222
2 33 81 71.217506388488374 -29.275702960059167 222
2 33 81 67.728112561611937 36.631991057566395 222
1 14 100 51.774809863934003 80.841629520646620 222
1 14 100 29.463739133121365 63.923706396200288 222
1 14 100 8.074471796557287 -65.181149467916327 222
3 10 111 -1.291494767848099 -87.278178008297971 222
3 10 111 -98.176808458750585 -19.008268749515274 222
3 10 111 -22.454074166668121 97.446470194244426 222
3 10 111 69.161613390615798 -72.226527212700688 222
3 10 111 82.151278563298803 -57.019009377709125 333
2 33 81 40.050052624861308 -65.764681134677758 333
3 10 111 97.002350913740941 5.135658431326567 222
3 10 111 69.161613390615813 -72.226527212700688 444
3 10 111 53.405483682308173 -84.544983959184208 444
3 10 111 82.151278563298817 -57.019009377709125 444
1 14 100 89.688780928724171 -34.233354721956808 444
3 10 111 99.250509252610328 -12.220327863748629 444
3 10 111 99.697313607908896 7.774680660082668 444
1 14 100 91.128435679320162 30.192850323214067 444
3 10 111 84.616275917104957 53.292455844334697 444
1 14 100 75.336413817813678 -10.191525375718305 444
1 14 100 66.731174127878646 16.453358746355992 444
3 10 111 69.364376417751501 40.308468171814688 444
2 33 81 76.268281941513479 -10.590050504591996 333
2 33 81 56.452671464400652 52.365025394173593 333
2 33 81 -4.838371109006538 76.847837738036134 333
2 33 81 -62.574692051306876 44.871014192729270 333
2 33 81 -74.337769853871549 -20.072268759480725 333
2 33 81 -25.944935997332944 -64.951368921287113 333
2 33 81 10.376535513110120 -6.811459151323792 333
1 14 100 -17.492149740222228 31.583261231100938 333
2 33 81 28.338727707222837 -10.657894596805287 444
2 33 81 11.595500631962715 -74.498824626890823 444
1 14 100 44.500005060943089 33.476141183940271 444
1 14 100 54.911297168443966 59.468543855726693 444
1 14 100 52.338722783490610 -51.068292223395446 444
1 14 100 -12.404494444305058 -34.088427000300669 444
2 33 81 0.143516078130148 49.016472104406347 444
1 14 100 35.659414933180472 79.799924290895035 444
2 33 81 -55.057286029786027 -53.830244798201761 444
2 33 81 -76.520204769884685 8.582439162319609 444
1 14 100 -46.675018378191545 44.890356332615880 444
3 10 111 -69.867218885996365 51.064644599758743 444
1 14 100 -61.628779340177140 73.606341826229595 444
1 14 100 -34.548848373791444 80.725143611346638 444
1 14 100 -10.359722966057969 94.827845905905065 444
3 10 111 13.150124644252543 90.002178559311716 444
3 10 111 -36.128854295296080 23.331635982450244 444
3 10 111 -30.613272651619262 -18.453837264818663 444
1 14 100 -17.094452060578341 1.376480176595340 444
1 14 100 -35.525655899252243 6.434707876372056 333
3 10 111 -31.432888619181785 -17.213743573800844 333
3 10 111 -93.692340966611809 -34.953472562767701 444
3 10 111 -46.171948525662984 88.702599563617795 333
3 10 111 -98.826796267071529 15.272993799079988 333