3 15 49 95.000000000000000 0.000000000000000 0
3 15 49 90.263157894736835 29.623678483095365 0
3 15 49 66.976720827465385 10.709613644674024 0
1 16 64 61.515748820247723 41.224819440086662 0
2 14 51 64.534418533409664 71.072560278596342 64
3 15 49 39.823323570080774 86.250234201610425 64
3 15 49 39.608096374011538 56.251006257310380 64
1 16 64 81.707694516001467 46.474214967869912 64
2 14 51 55.451646944174151 31.961463130057034 64
2 14 51 27.528635418804154 29.886510756132658 64
2 14 51 10.866381787468150 52.389161798288342 64
1 16 64 9.071506787214357 82.335420725464274 64
1 16 64 -21.592114267126171 91.486505023830517 64
2 14 51 -50.030221308105553 81.932758746803955 64
2 14 51 -29.757504740850059 62.619111680966682 64
3 15 49 -57.411927357186677 53.887965721984543 64
3 15 49 -34.884542705890262 34.075925423909872 64
3 15 49 -85.074140908485901 42.277541894995323 64
3 15 49 -94.015546544575670 13.641004652323971 64
3 15 49 -64.744874997958235 20.215788847264555 64
3 15 49 -93.581440613893335 -16.355854383930932 64
2 14 51 38.546905968250698 87.921192213679845 128
3 15 49 10.289336411543371 94.441143344466596 128
3 15 49 19.636873102703820 65.934590452062906 128
1 16 64 62.658417031986716 70.070841118439816 128
2 14 51 42.389538885975071 47.953594935830836 128
1 16 64 15.210989553908583 35.252159733286661 128
2 14 51 -7.269951849155674 55.116884086571588 128
2 14 51 -15.803188957455037 81.784914843519928 128
2 14 51 -43.548304381763273 85.554340541396826 128
3 15 49 -66.506799055487136 67.836904995681039 128
2 14 51 -39.268461731796130 57.883363925246783 128
3 15 49 -84.344130179992746 43.715760363745666 128
3 15 49 -93.770412311479674 15.235149324345343 128
3 15 49 -93.845628395284407 -14.764756384518781 128
2 14 51 -68.988751069548599 0.172969333050198 128
2 14 51 -67.944164631711942 -27.807538867729285 128
3 15 49 -77.269078189648610 -55.267436666829141 128
2 14 51 -49.071761076933775 -48.491648325610143 128
1 16 64 -41.951930094788040 -12.827427260082946 128
1 16 64 -21.262053893765241 -37.239084778292373 128
1 16 64 -26.929512195373846 -68.733209887581054 128
2 14 51 -12.718466527191676 -95.153773489004124 128
2 14 51 -55.306148778341822 -78.468018372505867 128
3 15 49 3.953389924144815 -71.425115657891340 128
1 16 64 -57.653169219756876 27.948940677481566 128
1 16 64 -27.982857988426023 15.962588795613494 128
2 14 51 -11.271109786611365 -8.951613419973205 128
2 14 51 7.727767938958515 -29.519613934579500 128
2 14 51 25.045240002991942 -51.522003834574953 128
2 14 51 32.043257308506590 -78.633399110209837 128
2 14 51 59.817589531491066 -75.085657636076220 128
3 15 49 78.757552517498667 -53.124833378124009 128
1 16 64 90.741596365972498 -24.534927938653649 128
2 14 51 61.245327882989571 -30.009427512111344 128
1 16 64 69.021862307530597 -1.034860865758748 128
3 15 49 93.210148185105965 18.353971649498277 128
3 15 49 64.917837905648227 29.692276711776103 128
2 14 51 38.911580973547821 16.859716547039682 128
3 15 49 16.884534256514549 -2.003189192152090 128
1 16 64 -63.094314445522315 -10.740238834961447 64
2 14 51 -74.729311904097756 -38.392125463886849 64
3 15 49 -67.793923042294750 -66.550612307742270 64
3 15 49 -43.661259347501080 -84.372355853029546 64
3 15 49 -40.293508544947798 -54.561984259708169 64
2 14 51 -17.314918430302125 -72.253349281749522 64
2 14 51 -2.430138436488651 -95.969236879218229 64
3 15 49 11.638501732141012 -70.610345661232770 64
1 16 64 -5.407560271420913 -44.717648424932293 64
2 14 51 24.592392313717497 -44.664310919859588 64
3 15 49 41.541189216788261 -68.195955221490081 64
3 15 49 71.090733576027745 -63.016724761147664 64
3 15 49 87.196434768501206 -37.706521500431634 64
3 15 49 94.606646621179507 -8.636111109478655 64
2 14 51 77.639579200244214 14.882362972260498 64
2 14 51 58.204160013652519 -37.037190088226907 64
3 15 49 59.938996216294754 -8.089127228166614 64
3 15 49 31.395664522501605 1.145493273949517 64
2 14 51 5.028990440682996 13.220198150804887 64
3 15 49 -23.171364659811406 6.457064838055565 64
3 15 49 -34.025435011213482 -21.510579982465423 64
3 15 49 5.690386165588283 -15.772258724994325 64
2 14 51 -12.718466527191676 -95.153773489004124 192
1 16 64 17.156808012612899 -92.421014595265845 192
2 14 51 46.022401682503613 -84.249264349157897 192
2 14 51 68.374851194592267 -67.386049922200982 192
2 14 51 -1.961938105454784 -69.302330660559008 192
3 15 49 84.550073506436917 -43.316106358444898 192
2 14 51 55.561850147039770 -42.489724808734564 192
3 15 49 26.299677994945554 -62.799942222946832 192
2 14 51 69.772353396475822 -18.363772031740083 192
2 14 51 28.906379760407603 -33.917333166527825 192
1 16 64 -40.827287382664068 -84.670730509269603 192
2 14 51 -27.489678898592803 -57.798659507472394 192
2 14 51 -4.763337046668561 -41.442823055933857 192
1 16 64 6.717714086487222 -13.726664143164896 192
2 14 51 35.908796095045815 -6.807073752859502 192
2 14 51 59.797261114582184 7.799131743791143 192
1 16 64 89.576960183988930 4.170147955514459 192
2 14 51 46.022401682503613 -84.249264349157897 256
2 14 51 68.374851194592267 -67.386049922200982 256
3 15 49 84.550073506436917 -43.316106358444898 256
2 14 51 55.561850147039770 -42.489724808734564 256
2 14 51 69.772353396475822 -18.363772031740083 256
3 15 49 31.731032649385384 -59.015224419744506 256
3 15 49 29.851489787755828 -29.074160333254564 256
3 15 49 45.047935513486571 -3.207810816847729 256
3 15 49 71.695759527079574 10.572373337965882 256
2 14 51 90.179716425149934 32.918364866431958 256
1 16 64 60.944315236535999 39.648247282996977 256
2 14 51 95.843055289502757 -5.487144318615846 256
2 14 51 90.179716425149934 32.918364866431972 320
1 16 64 73.887462527774218 58.108888142923206 320
1 16 64 60.426564629160765 29.077797433769611 320
3 15 49 43.068614760970107 54.762453872456504 320
2 14 51 47.507799027234853 83.420675084704655 320
3 15 49 20.071328873577063 74.027054616139537 320
1 16 64 14.148787919031083 43.598063363688759 320
1 16 64 93.947009707921481 3.155846469602956 320
1 16 64 62.516402279297097 -2.853888688263982 320
3 15 49 34.976330449861599 11.377922286785308 320
1 16 64 -9.599305583220872 65.046327978997354 320
3 15 49 -1.565023597498985 94.987108078619130 320
3 15 49 -31.106647598421930 89.762890300990151 320
1 16 64 -41.271357195323780 60.476738645119553 320
1 16 64 4.032262221372999 13.239277027462737 320
1 16 64 -21.477950941271743 35.332732026005452 320
3 15 49 -72.247729943972473 61.686834235052316 320
3 15 49 -87.881044205139830 36.082157216749934 320
2 14 51 -58.881341367347176 35.950873860147695 320
2 14 51 -72.509451542338240 11.491221101813103 320
1 16 64 -42.517256254334896 10.806953751817533 320
1 16 64 -60.196896548225986 -15.865697392727933 320
1 16 64 -92.027151759741045 -19.157331207388761 320
2 14 51 -83.231245561204076 -47.838893824278017 320
3 15 49 -64.370220663413932 -69.867551064449074 320
2 14 51 90.179716425149934 32.918364866431986 384
1 16 64 73.887462527774204 58.108888142923220 384
2 14 51 53.246919753707381 79.879694145272282 384
3 15 49 43.379028489594241 52.610210798504596 384
2 14 51 25.589529843112590 75.512912340174907 384
3 15 49 4.035233730765995 94.914260723761046 384
2 14 51 -0.862089604328059 66.330765063650759 384
2 14 51 -22.748308939148327 83.794825394173543 384
1 16 64 -52.215100665850642 78.163823233354478 384
2 14 51 -75.518314643726413 59.270432370374500 384
2 14 51 -30.934504463567244 57.018227349687308 384
3 15 49 -88.884462025188853 33.534346728283836 384
3 15 49 -94.909504587238771 4.145592720577277 384
2 14 51 -59.987155838331056 35.972726342492905 384
3 15 49 -65.089293790085961 7.425078657941691 384
2 14 51 -77.286242508041781 -18.885269913895133 384
2 14 51 -84.259890639965391 -46.002943702996561 384
1 16 64 -47.300421326759050 -17.963029118800748 384
1 16 64 -54.426417598385115 -49.159506117602575 384
3 15 49 -51.241789172352398 -79.995493888194659 384
1 16 64 -25.466379374216416 -62.772594894757006 384
2 14 51 -54.312126258237484 -79.159288408305386 448
1 16 64 -74.659198626213424 -57.113956792465459 448
2 14 51 -44.976623433946045 -52.761402375184346 448
2 14 51 -26.783134935202526 -74.045127994682630 448
2 14 51 -61.497941666029725 -30.155074856672641 448
2 14 51 -33.659628632685518 -27.150357322937019 448
1 16 64 -12.020409530910296 -47.928812430701079 448
3 15 49 2.181121962385156 -75.484510629892796 448
1 16 64 30.046379574582740 -89.068597577710278 448
2 14 51 26.251282835551564 -59.309611695436082 448
3 15 49 53.610527549211653 -68.925833858950327 448
3 15 49 78.940942757535069 -52.851939950692170 448
3 15 49 91.485554281999342 -25.600651509587607 448
3 15 49 94.906952637067548 4.203610489259766 448
2 14 51 68.538842481846586 -7.867958043542163 448
3 15 49 70.110397199390363 21.089428160495071 448
3 15 49 52.355334691085872 -38.952103846005485 448
1 16 64 38.715008848576332 -11.114332546740766 448
3 15 49 40.135883655586625 19.853087668427364 448
2 14 51 54.100301626029562 45.269519966190373 448
2 14 51 81.591004951708115 50.585649259155922 448
2 14 51 0.857191519038462 -95.996172958611680 512
1 16 64 -90.870680008106120 -24.052432618435507 448
2 14 51 -69.253846482114540 -3.250689703247694 448
2 14 51 -95.840415169729809 5.533066066280323 448
1 16 64 -74.223581643738214 26.334808981468122 448
1 16 64 -44.701393168938331 13.988133815319422 448
3 15 49 -18.431336447143483 -2.470423832107683 448
2 14 51 10.523653109454324 -0.855313997665393 448
3 15 49 13.084205702236698 -29.742050926913659 448
3 15 49 11.301489132893609 28.134252593103781 448
2 14 51 27.046682213929863 52.487669085269481 448
1 16 64 47.413461151071076 74.514795900304193 448
3 15 49 22.090292073268948 92.395990151725044 448
1 16 64 -28.451050914150063 -89.590946539705897 512
2 14 51 -56.084944493178540 -77.913278721903879 512
2 14 51 -76.181147338330462 -58.416031962258316 512
2 14 51 -34.409271803774018 -60.188572420760181 512
2 14 51 -6.620847261586738 -69.013235090479796 512
1 16 64 -88.689352388501149 -31.148013948055574 512
2 14 51 20.486081791265200 -76.028532470039110 512
2 14 51 47.489883781989477 -83.430875210398781 512
3 15 49 40.702132418560652 -55.236435485015512 512
2 14 51 -59.120205832775056 -36.214133959069109 512
2 14 51 -31.387833852770079 -32.352069179364477 512
2 14 51 -4.780839630111549 -41.073758146268524 512
2 14 51 68.165984144975113 -64.549697445763826 512
2 14 51 63.239635336130853 -36.986477615460998 512
3 15 49 36.603814986992688 -25.517690655697667 512
1 16 64 61.493117135437657 -7.037359528701792 512
2 14 51 87.201059852123620 -22.500272620211863 512