2 27 84 83.000000000000000 0.000000000000000 0
2 27 84 65.433734939759034 51.062964385485472 0
1 32 109 12.441300713815437 77.001389835173853 0
2 27 84 65.433734939759034 51.062964385485472 109
3 12 96 29.310020087363814 36.363398906776894 0
2 27 84 83.000000000000000 0.000000000000000 109
2 27 84 29.064367865471016 -2.635827431522181 0
3 12 96 6.428297132660713 29.122766708949605 0
2 27 84 -31.605990164902117 37.747903795770355 0
2 27 84 -81.313190130637935 16.648276510760013 0
2 27 84 -74.346217839313809 -36.900405051832394 0
2 27 84 -35.909718589151069 -74.829754181394833 0
2 27 84 14.129216063679742 -54.529384263343324 0
3 12 96 -80.671291398396122 55.642993666004891 0
3 12 96 -58.856234824150093 65.648157665782492 0
3 12 96 -0.310565152305202 -90.757725633525979 0
3 12 96 48.641498275382787 -36.366169334819091 0
3 12 96 -35.360810778994136 -35.833617190457531 0
3 12 96 -13.174410686608111 -26.681368781428546 0
3 12 96 -9.934730420807867 -2.901030857517860 0
1 32 109 12.441300713815437 77.001389835173853 109
3 12 96 29.310020087363814 36.363398906776894 109
2 27 84 29.064367865471016 -2.635827431522181 109
3 12 96 6.428297132660713 29.122766708949605 109
2 27 84 -31.605990164902117 37.747903795770355 109
2 27 84 -81.313190130637935 16.648276510760013 109
2 27 84 -74.346217839313809 -36.900405051832394 109
2 27 84 -35.909718589151069 -74.829754181394833 109
2 27 84 14.129216063679742 -54.529384263343324 109
3 12 96 -80.671291398396122 55.642993666004891 109
3 12 96 -58.856234824150093 65.648157665782492 109
3 12 96 -0.310565152305202 -90.757725633525979 109
3 12 96 48.641498275382787 -36.366169334819091 109
3 12 96 -35.360810778994136 -35.833617190457531 109
3 12 96 -13.174410686608111 -26.681368781428546 109
3 12 96 -9.934730420807867 -2.901030857517860 109
3 12 96 56.325139049808044 80.196500615798627 218
2 27 84 17.337267932968945 81.169077490263788 218
2 27 84 70.469893859380704 43.851956164436025 218
3 12 96 96.828475533244330 15.107823334547760 218
2 27 84 80.479287282199266 -20.299860062306813 218
2 27 84 32.838512273152936 5.123683289032471 218
3 12 96 31.470680683429592 44.099689199620016 218
1 32 109 31.960629763404370 -53.869785182477813 218
3 12 96 74.981246826717609 -63.101605560483563 218
1 32 109 -29.336387000391376 -72.272929909913486 218
3 12 96 9.995914867785570 -91.995253042612745 218
3 12 96 -7.371672104772577 -34.147462049778554 218
2 27 84 -75.191087055372591 -35.146840931033616 218
2 27 84 -80.900428276352883 18.550490686304833 218
3 12 96 -50.061000946037268 -5.322710228909335 218
3 12 96 -37.356443369994011 -25.684297023582339 218
3 12 96 -17.404765198270759 -12.345236407032832 218
3 12 96 -5.990942608772254 8.766955660477677 218
1 32 109 -36.825776618100839 57.773252970516040 218
3 12 96 -29.315947585128164 14.418870632677102 218
3 12 96 -0.991726730715207 32.240511858987148 218
3 12 96 74.981246826717609 -63.101605560483563 327
2 27 84 79.348767644908747 -24.346931495247667 327
2 27 84 36.440734528734403 -57.132609681023951 327
1 32 109 70.226975133143014 33.943658666220891 327
3 12 96 60.738068408064478 76.908302842133224 436
2 27 84 -11.379924113127771 -82.216162201719527 327
3 12 96 25.602881880628786 -94.596471601252489 327
3 12 96 -0.542071465022152 -44.752300281490989 327
2 27 84 13.359445584933106 -8.314026122170496 327
1 32 109 8.399434197748846 50.477115107091272 327
1 32 109 70.226975133143029 33.943658666220863 436
1 32 109 71.986596925710444 -30.032147160256404 436
1 32 109 25.281869440219012 -73.789071532359856 436
1 32 109 15.702112956116913 0.431878579566134 436
1 32 109 13.942491163549509 64.407684406043401 436
1 32 109 -49.901957243892909 59.948266557329951 436
1 32 109 -77.962212304538511 2.427643421523150 436
1 32 109 -53.535087089150302 -56.727369499714101 436
3 12 96 -20.083974692389063 92.303913924647645 436
3 12 96 -10.400318302643413 -48.044528850791025 436
3 12 96 -37.835490098616717 -15.623566094982454 436
3 12 96 -36.790135943656608 17.947312494467646 436
3 12 96 -16.368909153592732 30.555781727042152 436
1 32 109 -60.389494795661861 -49.367083348368162 327
1 32 109 -42.887493762509209 12.193293192354227 327
3 12 96 -80.686659945046756 -10.328319447616959 327
3 12 96 -22.590328613124314 -26.845470708396977 327