2 28 97 82.000000000000000 0.000000000000000 0
2 28 97 62.878048780487802 -52.634123736969308 0
2 28 97 62.878048780487802 52.634123736969308 0
1 14 87 43.015654737244240 15.627566171168583 0
1 14 87 43.015654737244240 -15.627566171168583 0
2 28 97 4.031309474488481 0.000000000000000 0
2 28 97 6.974686068800821 55.922594129958370 0
1 14 87 -6.211958035423020 95.798807807645204 0
1 14 87 -28.345362545183164 78.649102130656757 0
1 14 87 -56.330468544292380 77.735952516068693 0
1 14 87 36.764678259824059 85.529288732003607 0
3 19 71 -75.466523154073059 50.850800220210431 0
1 14 87 -42.561691452652468 53.355206477427217 0
3 19 71 -51.292926878976104 21.531229228659093 0
1 14 87 -84.197758580396695 19.026822971442311 0
2 28 97 -78.816363027041518 -22.626995363715494 0
1 14 87 86.439024390243901 -41.764758618514968 97
1 14 87 -71.558518614840551 -63.995143672387513 0
2 28 97 -31.254552758980569 -75.809979104575021 0
1 14 87 -9.992150076156834 -39.589677723257800 0
1 14 87 8.048756637304454 -61.002890582522696 0
1 14 87 8.621525841305731 -88.997031673810866 0
1 14 87 36.620354445828973 -88.740913001060875 0
1 14 87 -31.759496472107294 -21.977675256794676 0
3 19 71 63.342819233730786 -65.335191524345476 97
1 14 87 60.015030805499904 -32.503410820628950 97
3 19 71 83.111235962013012 -8.932977914798450 97
3 19 71 30.225318340299172 -46.701052569900696 97
3 19 71 45.606982526373528 -2.814892083811454 97
1 14 87 68.703187682886636 20.755540822019043 97
2 28 97 32.696080193637229 42.377016494545188 97
1 14 87 74.291556745100721 48.192197528412564 97
2 28 97 -0.630292733294823 -11.247826126104298 97
1 14 87 -7.496062325021246 30.187197801888367 97
1 14 87 -6.226255951107957 58.158389978353952 97
3 19 71 -16.684146958510183 89.457471684967913 97
3 19 71 21.286775305181159 87.971180177655469 97
2 28 97 -48.063737807625401 54.467169054923041 97
1 14 87 -28.547196148524467 91.657283355212257 194
3 19 71 -55.268828347566469 72.293544753921381 194
3 19 71 -79.973240900435485 43.419819666609776 194
3 19 71 -19.321552643342923 59.973099573468701 194
3 19 71 4.392638376324005 89.665474761094714 194
3 19 71 18.249894077673400 54.282195314053347 194
3 19 71 -5.464296941993526 24.589820126427341 194
3 19 71 -44.025965196211942 31.099374486157085 194
3 19 71 -72.669421560529301 6.128343119682693 194
1 14 87 -94.109483542546229 -18.957982681583463 194
2 28 97 -56.715541828619216 -38.081087113014817 194
2 28 97 65.047753422924970 49.927845683850144 194
3 19 71 90.408657803150476 10.357344941288666 194
1 14 87 37.156167211940989 81.329428743231858 194
3 19 71 31.725073467688951 16.782725370281931 194
2 28 97 74.653875033676115 -33.923427634251091 194
2 28 97 35.470245223617454 -73.931466262860255 194
2 28 97 9.207150512741713 -24.471888260135945 194
1 14 87 -18.674535440535301 -55.882262157987512 194
3 19 71 -19.573455219631263 -88.870016601579906 194
1 14 87 -51.281904873643235 -79.728122895186871 194
1 14 87 -25.858111696052223 -1.354202687645611 194
1 14 87 -94.109483542546229 -18.957982681583481 291
1 14 87 -84.636265171613800 -45.306761281295238 291
1 14 87 -66.554162731037849 -23.928324216614442 291
1 14 87 -67.963086742679494 -67.801318869230144 291
1 14 87 -45.508326281815854 -84.528055928359009 291
1 14 87 -42.249927296619461 -56.718294403792292 291
1 14 87 -19.795166835755825 -73.445031462921165 291
3 19 71 -89.950771155286589 13.778924797285896 291
1 14 87 -58.771730975574513 2.968399672579869 291
1 14 87 -39.369700686688120 -17.219745875467257 291
3 19 71 -13.170873859144411 -41.116735149010388 291
3 19 71 12.874429299833391 -68.786975179717402 291
2 28 97 -54.608488594657416 44.761549983100096 291
3 19 71 -22.047188589251494 10.868162103486281 291
1 14 87 1.949659996560083 -11.784680057038152 291
2 28 97 39.699950011240453 -30.194340667911000 291
1 14 87 45.740442471245188 -71.757695330890570 291
2 28 97 81.715149337159701 6.828936140109050 291
1 14 87 82.660596549930034 48.818293477032718 291
1 14 87 81.404190597331137 -35.169912709140661 291
3 19 71 50.399073230784794 41.876095472924234 291
1 14 87 82.660596549930034 48.818293477032718 388
3 19 71 89.485749681581751 16.531805827715623 388
1 14 87 60.310261816764523 31.952276243688761 388
1 14 87 56.879029798605274 59.741242522367770 388
1 14 87 58.964135059739235 3.984653127770944 388
1 14 87 35.416526336398150 19.134244654027718 388
1 14 87 31.985294318238900 46.923210932706723 388
1 14 87 33.331421075264188 74.890834048624541 388
2 28 97 74.055599060739382 -35.210342908796235 388
1 14 87 60.131003182736094 -74.834901324434057 388
1 14 87 38.319763193652392 -57.277287302631535 388
1 14 87 32.391116923274026 -29.912142439124434 388
1 14 87 20.500793288272902 -4.562187728022206 388
3 19 71 2.668552987449317 23.204900809555568 388
2 28 97 -8.242133662441482 68.920947410589378 388
3 19 71 -55.112226159720521 72.412999714967043 388
1 14 87 -40.969263266862612 42.597289080953232 388
3 19 71 -73.807094181426095 39.329742474317200 388
1 14 87 -94.972072854456925 14.010902102567346 388
3 19 71 -89.107182200812602 -18.463750437849409 388
1 14 87 -67.909213051947106 6.827475391749020 388
1 14 87 -56.107333793707753 -18.563775975088731 388
3 19 71 -67.322669105111586 -49.599501419369531 388
3 19 71 -44.041475819005662 -79.632583831519241 388
2 28 97 -19.667050990547594 -39.446922031794614 388
1 14 87 -11.054352125838601 -80.554359537261192 388
1 14 87 12.848969609170071 -95.136239046867018 388
1 14 87 -22.965917073110688 2.423323758853841 388
1 14 87 60.131003182736094 -74.834901324434057 485
2 28 97 18.437575973816479 -79.900286558996427 485
2 28 97 50.464379840987164 -33.962460815348294 485
2 28 97 -5.332346181220238 -29.195347936180848 485
2 28 97 80.962259268863278 13.004329051564376 485
2 28 97 -45.491549169612718 -68.224035018083683 485
2 28 97 -78.674782302000139 -23.114467974255543 485
1 14 87 78.721659021904813 54.944521117568677 485
2 28 97 37.290116627574442 48.057773349078438 485
3 19 71 -88.061443790344867 22.938659890236199 485
2 28 97 -41.266048868233668 18.557904922921821 485
1 14 87 -1.314331721387985 31.513996039398155 485
2 28 97 -13.466286646642704 71.717602736989079 485
3 19 71 -60.329001839901487 68.127905714187065 485