1 13 78 97.000000000000000 0.000000000000000 0
2 12 89 94.783505154639172 24.901549160654437 0
3 20 90 65.918550909622041 11.087990009115412 0
2 12 89 94.783505154639144 24.901549160654497 90
3 20 90 74.867494869307279 49.948555654735898 90
3 20 90 65.986486432627487 10.946918648738027 90
3 20 90 36.650582214593967 38.138916069125585 90
3 20 90 45.531590651273760 77.140553075123464 90
3 20 90 27.769573777914182 -0.862720936872286 90
3 20 90 -1.566330440119344 26.329276483515265 90
3 20 90 7.314677996560444 65.330913489513151 90
2 12 89 19.048016766522817 95.102187585683410 90
1 13 78 76.781488456534589 42.248808160310958 0
1 13 78 96.999434402028342 -0.331248677881817 90
2 12 89 59.388076872526938 77.955476557986813 180
3 20 90 74.867494869307279 49.948555654735898 180
3 20 90 89.117460663547590 12.572915528271430 180
3 20 90 77.895411823201883 -27.239171698949214 90
2 12 89 45.895412212152628 -27.234182425684097 90
2 12 89 22.462270827914217 -32.419535341956362 90
2 12 89 2.014487353050789 -19.854180155368834 90
1 13 78 -16.526920638732882 -3.084678383335748 90
2 12 89 -32.028671872611838 16.528982893512392 90
2 12 89 -30.274974828655132 40.464825194923421 90
3 20 90 -32.052950144765816 72.415393324071005 90
2 12 89 -64.002371608305566 74.213856041256619 90
1 13 78 -7.720157035069563 94.706987692368642 90
2 12 89 -56.267011491899680 51.494608609408942 90
3 20 90 -83.226166131091418 34.255003592467659 90
2 12 89 -97.829319637630519 5.781368284266236 90
2 12 89 -73.925357923779174 3.636464001383418 90
3 20 90 -86.186306510754221 -25.921430709633384 90
3 20 90 -47.765410222934577 -14.793325370421012 90
3 20 90 -57.338636447097230 -53.630850261446255 90
2 12 89 -49.409281064244638 -84.632871537686086 90
1 13 78 -28.889078143568906 -70.352770974514570 90
1 13 78 -20.227368411705765 -94.867558032960503 90
1 13 78 -25.609670929181668 -44.560417682846406 90
3 20 90 2.839887374346645 -61.282338395914714 90
1 13 78 5.762800671056556 -94.152637723117635 90
3 20 90 37.042215094810281 -82.023620383824863 90
1 13 78 43.124265584681226 58.968943372769921 180
2 12 89 46.973244201694996 34.267013010837253 180
3 20 90 15.630308693238373 40.718399971230276 180
3 20 90 18.231744905121516 80.633716951501185 180
3 20 90 43.855166943512756 44.452748182434043 0
3 20 90 50.418774676760108 2.453048785274326 180
3 20 90 10.443173500147875 1.056155600940262 180
2 12 89 -11.732322573751805 24.126642675912475 180
3 20 90 -21.936667468343281 54.456023567586229 180
2 12 89 -13.425697244582954 85.303444624301250 180
1 13 78 68.157955312995796 66.777050578435578 0
1 13 78 -38.120913492620588 89.195268677705869 180
2 12 89 -60.147774931990000 77.370828939146534 180
3 20 90 -60.893271183121655 45.379513940548108 180
3 20 90 -88.488902585837636 16.422975344137175 180
3 20 90 -49.613988854323182 7.002726814119001 180
1 13 78 -75.233203447007483 -13.797654039461337 180
1 13 78 -90.535924407582186 -34.817328899049151 180
3 20 90 -58.363090645030816 -42.159587930657523 180
3 20 90 -42.970460400475631 -79.079324307755414 180
3 20 90 -18.693345919161999 -47.289047296361005 180
2 12 89 -16.224365020921855 -96.647658945614864 180
2 12 89 8.791901621134032 -30.901211330357100 180
1 13 78 -18.771923229057638 -14.289140847912249 180
3 20 90 18.770441660096722 -61.305631053331894 180
3 20 90 58.069755689512540 -68.759751847722129 180
2 12 89 33.765001730725942 -89.575105195740207 180
1 13 78 8.454213447933904 -92.651690382609260 180
3 20 90 82.130242720162229 -36.805206570908410 180
1 13 78 49.130779916627866 -36.993500697613456 180
2 12 89 59.388076872526938 77.955476557986813 270
3 20 90 74.867494869307279 49.948555654735898 270
3 20 90 89.117460663547590 12.572915528271430 270
1 13 78 43.124265584681226 58.968943372769921 270
2 12 89 46.973244201694996 34.267013010837253 270
3 20 90 15.630308693238373 40.718399971230276 270
3 20 90 18.231744905121516 80.633716951501185 270
3 20 90 50.418774676760108 2.453048785274326 270
3 20 90 10.443173500147875 1.056155600940262 270
2 12 89 -11.732322573751805 24.126642675912475 270
3 20 90 -21.936667468343281 54.456023567586229 270
2 12 89 -13.425697244582954 85.303444624301250 270
1 13 78 -38.120913492620588 89.195268677705869 270
2 12 89 -60.147774931990000 77.370828939146534 270
3 20 90 -60.893271183121655 45.379513940548108 270
3 20 90 -88.488902585837636 16.422975344137175 270
3 20 90 -49.613988854323182 7.002726814119001 270
1 13 78 -75.233203447007483 -13.797654039461337 270
1 13 78 -90.535924407582186 -34.817328899049151 270
3 20 90 -58.363090645030816 -42.159587930657523 270
3 20 90 -42.970460400475631 -79.079324307755414 270
3 20 90 -18.693345919161999 -47.289047296361005 270
2 12 89 -16.224365020921855 -96.647658945614864 270
2 12 89 8.791901621134032 -30.901211330357100 270
1 13 78 -18.771923229057638 -14.289140847912249 270
3 20 90 18.770441660096722 -61.305631053331894 270
3 20 90 58.069755689512540 -68.759751847722129 270
2 12 89 33.765001730725942 -89.575105195740207 270
1 13 78 8.454213447933904 -92.651690382609260 270
3 20 90 82.130242720162229 -36.805206570908410 270
1 13 78 49.130779916627866 -36.993500697613456 270
2 12 89 59.388076872526938 77.955476557986813 360
3 20 90 74.867494869307279 49.948555654735898 360
3 20 90 89.117460663547590 12.572915528271430 360
1 13 78 43.124265584681226 58.968943372769921 360
2 12 89 46.973244201694996 34.267013010837253 360
2 12 89 24.396218760163826 42.408138376071122 360
2 12 89 19.078961272107890 65.811701626262604 360
3 20 90 50.418774676760108 2.453048785274326 360
2 12 89 22.714112769613646 18.467158458019412 360
2 12 89 2.821668964362864 31.894394936719710 360
2 12 89 -2.495588523693065 55.297958186911188 360
2 12 89 -0.813482533142892 79.238938104962898 360
1 13 78 35.342772559953602 84.798234811479503 360
1 13 78 94.186118666312311 23.194289180212809 450
2 12 89 97.988290684240965 -1.514889032469238 450
1 13 78 74.292357094168054 6.453971067623774 450
3 20 90 64.710046012307444 38.032117218568914 450
3 20 90 77.817533483965533 -26.357202812943413 450
1 13 78 76.732269848691217 -59.339352573714791 450
1 13 78 53.184489888518925 -48.316555335839602 450
2 12 89 45.876929313896063 -24.408406966544714 450
2 12 89 50.378328569652723 -0.834323638867398 450
2 12 89 38.328265290368819 19.921301501447068 450
2 12 89 33.156259482033988 43.357392385349847 450
2 12 89 45.733258596977976 63.798015987938349 450
2 12 89 59.745481334585811 -77.681899179272506 450
1 13 78 36.567285691847900 -68.313268182858707 450
3 20 90 18.380337856355041 -40.777202225117719 450
2 12 89 26.762803469693171 -9.894613761046191 450
1 13 78 14.628716940620819 11.963198208704693 450
2 12 89 10.139887682557474 36.556904962505648 450
1 13 78 15.433643041717591 60.990000431507596 450
1 13 78 29.530520587554136 82.836694539717413 450