1 34 86 76.000000000000000 0.000000000000000 0
3 18 96 75.894736842105260 51.999893458233068 0
2 15 53 45.758138748006701 38.554245265796425 0
2 15 53 92.108993114434980 23.257974706430602 96
1 34 86 72.811660368427880 -21.782151280181409 96
2 15 53 47.323682643933466 68.513368622629258 0
3 18 96 59.526746152189624 28.492206540353607 96
3 18 96 30.056827414186856 7.815555709633630 96
1 34 86 6.969976729012320 -38.778406618552815 96
1 34 86 -19.391826152915428 23.903770663465611 96
1 34 86 -74.230405175625194 -16.304813628573537 96
2 15 53 -69.235496386993518 -65.049566025044385 96
2 15 53 -67.674970158420876 32.254699051592560 96
2 15 53 -72.033957219116630 61.936330270322557 96
2 15 53 -41.760658998777039 -53.002437301109275 96
2 15 53 28.906011653042846 40.795483288145718 96
2 15 53 51.521769775447154 60.506583829437254 96
3 18 96 -40.436567506014654 71.454994216400138 96
2 15 53 -7.436583066549385 71.422947452903969 96
1 34 86 -0.043144532144183 55.968103249924219 0
1 34 86 -65.687508738106416 38.225007466071133 0
1 34 86 -17.499354944527962 -9.753131659643522 0
2 15 53 -46.024634982648209 83.106756492561999 0
2 15 53 -66.488834931080078 -10.768439813462635 0
2 15 53 -90.576695810069594 -28.650692419732540 0
2 15 53 30.686742729482042 -18.646949228650016 0
1 34 86 20.012880549503151 -66.470255954166362 0
2 15 53 -21.476065784546336 -92.540686178663265 0
2 15 53 -28.173217124506845 -57.576438385159868 0
2 15 53 68.998915000171266 -65.300457339892660 0
2 15 53 -49.262032114000093 -81.229626319460706 0
3 18 96 24.553340175537251 79.525095992976844 96
3 18 96 -71.980904684859695 -57.295282185788594 0
2 15 53 92.108993114434995 23.257974706430659 192
2 15 53 94.768793198786724 -6.623883728266538 192
2 15 53 67.560444639872813 6.013591047045472 192
2 15 53 64.900644555521069 35.895449481742645 192
1 34 86 61.514350256085699 -42.611965429999991 192
1 34 86 18.744190140858024 10.253083550567386 192
1 34 86 -5.653205191008134 -53.219486123431437 192
2 15 53 24.609951783363549 -91.757017569341912 192
1 34 86 -48.423365306235794 -0.354437142864057 192
1 34 86 -24.025969974369637 63.118132531134762 192
2 15 53 -72.972415961721055 60.827843202842217 192
2 15 53 -88.301738671309238 35.040019229786544 192
2 15 53 24.790284524645148 58.878640027612846 192
3 18 96 -52.670940259487274 -75.430577700170915 192
3 18 96 -73.372652496114924 -45.978258428645610 192
3 18 96 53.781503476477312 74.642815352916983 192
2 15 53 -77.982217540699565 -54.256554879894537 288
2 15 53 -57.175183973636500 -75.868295997609039 288
2 15 53 -91.012631076003117 -27.234187790777810 288
2 15 53 -48.862383929214587 -47.043005792279637 288
1 34 86 -73.688522864487481 18.601118193536273 288
2 15 53 -41.163662225638390 -18.047666785279134 288
3 18 96 -60.859406405471674 68.993714583095425 288
2 15 53 -34.930231319963376 48.581025407363192 288
2 15 53 -24.720525351140285 20.371773307561281 288
1 34 86 -8.197749140163907 -74.381394140408887 288
3 18 96 -9.460374430766915 -8.887888240163900 288
1 34 86 39.628516126189197 -26.042503475930182 288
2 15 53 69.115285112924809 -65.177276437107395 288
2 15 53 40.797252424213767 -75.081266776414722 288
1 34 86 66.766459822067802 36.307572802766728 288
2 15 53 48.410990658237736 81.739684263447089 288
2 15 53 85.550353464980333 -8.949087918189587 288
2 15 53 25.370995483597603 62.526183219843411 288
3 18 96 15.018695591844462 31.192018368180168 288
2 15 53 -4.279612869300820 57.960942338681647 288
3 18 96 6.072687022452322 89.295107190344893 288
2 15 53 38.965784486594828 86.641027460114103 384
2 15 53 64.040007352939497 70.170346003389881 384
2 15 53 82.727969098215397 46.702067715302675 384
2 15 53 37.238867360602711 56.690772749344852 384
3 18 96 8.757189240489645 73.357926419431195 384
1 34 86 2.954217469505998 21.682733931882900 384
1 34 86 67.452860107339944 0.143813395398503 384
1 34 86 42.400355665208806 -63.073051610523777 384
1 34 86 -22.098286972625154 -41.534131074039372 384
1 34 86 -75.999959959382849 -0.078013923145498 384
2 15 53 -56.718686068083606 -76.210174194199141 384
2 15 53 -30.019052151427115 -89.889704475481722 384
3 18 96 -75.948074694996350 51.921960191457103 384
3 18 96 -39.958614509347697 51.050894438708525 384
3 18 96 -25.612492399468472 84.068901350217203 384
2 15 53 -55.025548918454462 77.441519653366669 480
2 15 53 -28.133443482288161 90.738687216803498 480
1 34 86 -69.548507635484981 30.643189874373181 480
3 18 96 -25.243354264360342 57.865485603446487 480
1 34 86 -66.230754984238601 -37.275824527671475 480
1 34 86 -4.731571565434265 10.081944812583814 480
1 34 86 25.009002374500273 71.233381931618780 480
1 34 86 72.555856112348664 22.619631822913401 480
1 34 86 61.613818225566106 -44.494240117872536 480
1 34 86 -3.600023266176014 -63.759620412326498 480