2 18 94 92.000000000000000 0.000000000000000 0
1 19 88 83.565217391304344 36.025746936656930 0
4 36 100 38.222450465113845 4.896444222378772 0
4 36 100 13.934493523482473 72.676198925398026 0
4 36 100 -54.441447821230490 50.121140840250625 0
4 36 100 31.804101729371276 -66.816907390179338 0
2 18 94 75.102258372248599 -34.548197603005342 0
2 18 94 -5.075706177763472 -27.372265564795228 0
4 36 100 -58.782005189190592 -21.747903690308199 0
2 18 94 -16.435709243138291 11.760173241222123 0
3 21 87 -44.675382129339575 -76.974737619542992 0
2 18 94 89.029201432172030 23.190543166336980 100
3 21 87 87.589388697229211 -15.782870069974472 100
1 19 88 55.343167805368047 7.885278108395909 100
1 19 88 59.620805815620535 45.643744881468720 100
3 21 87 22.506287427212463 30.726891165067293 100
1 19 88 30.402590980334729 69.939751175489249 100
4 36 100 -24.206150823345499 63.391062862629290 100
1 19 88 -77.104255852362371 48.331498315833784 100
1 19 88 -54.714434369259735 17.628145177213966 100
3 21 87 -88.947286383014387 -3.062718579632314 100
3 21 87 -51.585884487592537 -22.249319331427003 100
4 36 100 38.297634821626517 -44.406688820571105 100
1 19 88 1.643132975446235 -3.401231934830062 100
2 18 94 88.601902425819134 -24.773027399282995 200
3 21 87 87.856677665845027 14.219851951402582 200
1 19 88 55.193897685162909 -8.870033365193331 200
1 19 88 50.630144611545518 28.854920682267725 200
1 19 88 64.434405697630666 64.258908817323857 200
1 19 88 26.871522034346633 58.511755530818498 200
3 21 87 11.279682374034419 21.675706122567412 200
1 19 88 -10.958735836284028 54.924055788422663 200
1 19 88 -35.841080742046174 83.644586981119858 200
1 19 88 1.472801333894051 90.833064178887597 200
3 21 87 -67.008793683046889 58.573215458457256 200
1 19 88 -87.686555334187958 24.332447752422976 200
1 19 88 -49.730895646409309 22.497264473964059 200
1 19 88 -70.298040830044471 -9.455709393819731 200
4 36 100 6.880996533113759 -35.154317305836031 200
2 18 94 -47.031624590110326 -38.225031168066138 200
3 21 87 -44.396529381164392 -77.135907195724400 200
1 19 88 -6.783457866886401 -90.746816469605022 200
3 21 87 -15.245351711119902 -87.684543969871058 300
3 21 87 -53.758626219819213 -70.929613751646542 300
3 21 87 -80.299900141249083 -38.378718546942459 300
3 21 87 -88.958454223117855 2.719084815419315 300
3 21 87 -77.806035795255539 43.211350289332707 300
3 21 87 -19.991793757851585 -45.953604753301562 300
3 21 87 18.521480750847722 -62.708534971526056 300
3 21 87 60.439566572499842 -65.330381848940391 300
3 21 87 83.669195483999587 -30.339178088080491 300
3 21 87 88.265765333035588 11.408534970516314 300
3 21 87 49.812900349869423 -5.484575299247313 300
3 21 87 54.409470198905417 36.263137759349483 300
1 19 88 -50.560285673959399 13.925362166547927 300
4 36 100 -33.224836216034959 66.121934775213973 388
4 36 100 38.710345771449397 63.067496622704397 388
4 36 100 -73.706849660070588 6.580297347973886 388
4 36 100 0.097533743345519 2.297020671940970 388
4 36 100 -40.384479700690115 -57.244616755299120 388
2 18 94 14.805922469957451 90.800796581382528 488
1 19 88 49.004637490962423 76.678194451743323 488
2 18 94 18.988211058881369 55.044559892394176 488
2 18 94 -14.068742551973692 69.300710072922456 488
2 18 94 76.184936853921073 51.573785943675475 488
2 18 94 46.266313405022295 31.551898646944331 488
2 18 94 12.282020790890098 19.674699670879310 488
2 18 94 -20.774932819964960 33.930849851407594 488
2 18 94 -48.053035166105886 57.423511096857432 488
1 19 88 89.395597512096458 17.012558462948792 488
2 18 94 57.957111233594290 -2.496966916117483 488
2 18 94 23.972818619462089 -14.374165892182504 488
2 18 94 89.803072727771394 -19.985197738591467 488
2 18 94 58.919571391578437 -38.484098928050486 488
2 18 94 24.935278777446243 -50.361297904115510 488
2 18 94 45.070165786697068 -80.203990897957439 488
2 18 94 -6.711721833224015 -33.201246845093664 488
1 19 88 -81.224153590972662 41.032144392294200 488
1 19 88 8.205260784526157 -83.362911470069676 488
1 19 88 -25.200518301145983 -65.250652536428348 488
1 19 88 -63.199864956938100 -65.473483712299810 488
2 18 94 -44.386367168739298 -33.613598260945167 488
2 18 94 -25.884792272181667 -2.731698605207200 488
2 18 94 -58.961068111181355 11.479563711082861 488
2 18 94 -91.953480011294900 -2.925322856094514 488