1 14 113 96.000000000000000 0.000000000000000 0
2 31 98 69.958333333333329 36.699204313203069 0
4 32 100 57.411681090004123 -25.038802760923982 0
2 31 98 21.921943850813339 75.897485978138874 0
5 11 99 28.024466194950140 34.343193527908042 0
4 32 100 -0.512928494748131 2.177729061739026 0
5 11 99 -6.294300974256208 44.787302308289931 0
4 32 100 -44.857306312512669 63.810830353360949 0
4 32 100 -77.505986831849242 8.764816325583304 0
4 32 100 -57.974436900289277 -52.182033939799403 0
5 11 99 -15.408585563938887 95.144084992362622 0
3 23 60 40.057918365166998 -77.229289626731756 0
5 11 99 21.523630914124944 -48.725251514875644 0
5 11 99 72.583368410379052 -67.324992611980207 0
3 23 60 -14.439622545588541 -85.793340654977015 0
1 14 113 -12.093987533968804 -48.867766910047010 0
5 11 99 95.791666666666671 -24.999131929373487 113
5 11 99 87.905476539335183 -45.537096903430189 113
5 11 99 98.947404119101037 -3.226641921767481 113
5 11 99 97.216850010098312 18.705188427654203 113
5 11 99 74.062172193432815 -28.438473427058735 113
2 31 98 56.219449692120705 9.583063282300742 113
3 23 60 55.979873143327438 -57.231362498191530 113
2 31 98 9.003661791640702 -30.599885501193071 113
2 31 98 -40.635328146112869 -67.747842079712967 113
2 31 98 -77.025756772839856 -17.550863043489194 113
5 11 99 -97.091381564615517 19.345894289854854 113
2 31 98 -62.140188053264190 42.635679006164985 113
5 11 99 1.162733025543655 -71.861487943233442 113
5 11 99 -35.887887997591832 -26.017016398494881 113
5 11 99 -25.485753536845902 -6.631568282432102 113
5 11 99 -8.637622065358078 7.515532689832909 113
4 32 100 6.193589945843714 47.876840278646029 113
5 11 99 -30.513960554377434 70.272280356342961 113
5 11 99 49.082038199115850 50.972160363289618 113
1 14 113 -14.121505714405911 89.147857812926759 113
1 14 113 74.081889753776196 50.886007911512898 113
1 14 113 -41.979835976512774 86.334774983114912 226
2 31 98 2.412272790793832 78.963161917332030 226
4 32 100 -47.623462057345847 40.682288909958487 226
4 32 100 11.693272238880279 16.650538402953991 226
4 32 100 75.650067929707319 19.001768923725731 226
4 32 100 64.403398831224209 -44.002297883022749 226
4 32 100 0.446603140397173 -46.353528403794485 226
4 32 100 -58.870131155828965 -22.321777896789992 226
5 11 99 -81.522641040808807 14.227692631671719 226
1 14 113 70.873389813421028 64.753089627869258 226
5 11 99 48.961453985295904 52.717016004626217 226
1 14 113 49.174402421509470 82.449245881860222 226
5 11 99 -64.370967546657454 75.215547176811612 339
5 11 99 -79.392630219796104 59.142288312025258 339
2 31 98 -77.103815098847974 17.204699857965107 339
2 31 98 -27.724252808445371 54.696816736160322 339
2 31 98 -65.778084129175255 -43.752070217249646 339
4 32 100 -14.657014007072505 -6.933105137130216 339
5 11 99 -24.092921695366314 -48.885025785629708 339
2 31 98 15.775484039128081 -62.095257584872840 339
2 31 98 71.180327332580134 -34.268950973537926 339
2 31 98 73.996856794614828 27.667041484720869 339
3 23 60 16.711666965745188 85.379858205703414 339
1 14 113 -31.402854604478282 -72.792448918712921 339
1 14 113 40.003254409888129 -1.819141667886448 339
1 14 113 29.147280438114738 23.990698105428276 339
1 14 113 46.243962313800282 63.089870958617702 339
1 14 113 -14.264143374884760 -94.934367927430429 452
2 31 98 -46.686577727585501 -63.728827543633010 452
4 32 100 16.230358992780623 -60.494778421333663 452
4 32 100 72.213949944810366 -29.481272587329443 452
4 32 100 17.363670556130948 3.495186455202848 452
2 31 98 -78.312266757914614 -10.401388139917771 452
4 32 100 -59.974308532371317 49.870655861577895 452
2 31 98 65.595604885572754 44.025181654319439 452
2 31 98 1.322915803398885 64.418861549230982 452
1 14 113 59.868525447681016 -75.045050874260653 452
1 14 113 95.454896224087676 10.215810631009742 452
1 14 113 42.473180631326208 82.630278424132513 452
1 14 113 -34.443157214803861 -20.426418209426235 452
1 14 113 -28.507373522258955 6.937179360252319 452