2 10 63 100.000000000000000 0.000000000000000 0
2 10 63 98.000000000000000 19.899748742132399 0
4 18 79 72.977701869358270 7.334535004941795 0
1 12 52 82.705472224912654 35.713585093159992 0
4 18 79 52.737808440667955 37.106110609791102 0
4 18 79 37.074814370524550 4.692060928230909 0
4 18 79 16.834920941834234 34.463636533080219 0
2 10 63 100.000000000000000 0.000000000000000 79
2 10 63 98.000000000000000 19.899748742132399 79
4 18 79 72.977701869358270 7.334535004941795 79
1 12 52 82.705472224912654 35.713585093159992 79
5 18 99 52.737808440667955 37.106110609791102 79
5 18 99 37.074814370524550 4.692060928230909 79
5 18 99 16.834920941834234 34.463636533080219 79
3 18 100 56.051991799194269 72.953233069844529 178
2 10 63 36.576650068757566 93.070664925891961 178
1 12 52 80.613281908098458 55.727002252098984 178
5 18 99 57.198939092569560 36.971508376519736 178
4 18 79 89.535904607240823 21.149983124415780 178
4 18 79 25.464377789484800 53.969085230317326 178
4 18 79 26.611325082860091 17.987360536992533 178
4 18 79 59.665579054966173 1.056112133461134 178
4 18 79 90.228314580123168 -17.968061888537996 178
4 18 79 58.471528828477446 -34.924080251469526 178
4 18 79 26.691028734844878 -18.012551231341853 178
4 18 79 -5.123236220224669 34.984937390790122 178
4 18 79 9.432165972902574 86.202114629805067 178
4 18 79 -26.518015817217595 88.095373528453791 178
2 10 63 -54.220522511885818 84.024609124577793 178
2 10 63 -44.437630397002380 66.580555069727140 178
4 18 79 -71.180913183436786 58.286169872209271 178
2 10 63 -9.670866022251261 65.730813533095827 178
2 10 63 5.203618884836537 -0.060080149683907 178
4 18 79 -22.569778991818538 3.494968427341682 178
4 18 79 -41.117620692751473 34.349102157477958 178
4 18 79 -75.112232282869172 22.501470206871321 178
5 18 99 -91.502912185341202 -9.550762357096826 178
2 10 63 -92.692163668772537 -37.525495258577010 178
2 10 63 -73.724645378597032 -31.182526717597309 178
2 10 63 -64.211911051967618 -3.289671626385251 178
2 10 63 -56.169063464753840 -21.601214507553120 178
2 10 63 -56.649194646187148 -41.595450528182056 178
2 10 63 -74.204776560030339 -51.176762738226245 178
4 18 79 -56.336197954841111 -72.733986553694109 178
5 18 99 -29.558363257521858 -48.672657227926486 178
4 18 79 -22.109558161243225 -83.893606997029167 178
2 10 63 -35.541033617265590 -21.319272512929260 178
2 10 63 80.507378169634990 59.317468424161333 278
4 18 79 86.285052804720394 31.920051104072716 278
2 10 63 67.093203429640468 74.151885030313835 278
2 10 63 99.728885250433095 7.358630762984866 278
2 10 63 60.953309168387925 55.117660631598817 278
1 12 52 45.373601328419895 70.650616036840887 278
1 12 52 78.156471351843152 3.042271349321135 278
2 10 63 62.003111755171375 17.977765105491770 278
1 12 52 49.698115205480143 36.214734697835965 278
2 10 63 34.118407365512113 51.747690103078035 278
2 10 63 23.462694727592272 68.672694923699964 278
5 18 99 88.505214059849493 -25.116271304081362 278
1 12 52 81.577670178633312 -54.305466835541722 278
4 18 79 55.495754755171916 -39.482049960765281 278
2 10 63 62.445941376269104 -12.358353569382309 278
2 10 63 49.192076296791988 2.619465379150118 278
5 18 99 25.825257426251436 18.046447451848262 278
1 12 52 13.109648304310596 45.218368338270977 278
4 18 79 -4.525439519820267 69.487766300214560 278
5 18 99 -37.457897696577120 84.029196712528218 278
2 10 63 -13.821699402648047 99.040197019305438 278
2 10 63 -64.422113366194509 76.483928438811134 278
2 10 63 5.860720999592560 95.490221370168825 278
2 10 63 24.650055431345454 88.637418176457132 278
1 12 52 -78.074041019561449 59.232120668399467 278
2 10 63 -52.509446832051843 60.418799243989277 278
2 10 63 -62.882644806460370 43.319186272236756 278
2 10 63 -82.045558805587163 37.593566038404383 278
4 18 79 -64.976881809513657 15.397614479534212 278
1 12 52 -94.683141451844847 19.585470501701820 278
1 12 52 -97.910104576330482 -4.196596460469724 278
4 18 79 -72.315534078452231 -19.846451444754418 278
4 18 79 -38.123951520895517 -8.579877777051220 278
4 18 79 -9.923013276760745 13.796607249656992 278
2 10 63 -8.617807281798362 41.766169943963000 278
2 10 63 -26.046753226482700 51.575952982199439 278
4 18 79 -4.644877918296707 -21.814364193673949 278
4 18 79 -32.845816162431483 -44.190849220382162 278
4 18 79 -67.037398719988204 -55.457422888085354 278
2 10 63 -13.821699402648047 99.040197019305438 377
2 10 63 6.163484945959599 99.809876531939111 377
2 10 63 -33.254015775149767 94.308909625899545 377
2 10 63 -3.162545217631038 82.117359430412890 377
2 10 63 -22.594861590132759 77.386072037006997 377
2 10 63 -42.580045938740412 76.616392524373325 377
1 12 52 27.406819262160152 94.089671366900248 377
2 10 63 15.698367968911164 75.464093031889647 377
2 10 63 0.506013656373533 62.456696273032811 377
4 18 79 42.772570816764357 68.323537020394582 377
2 10 63 70.666844296579441 70.754484784803552 377
2 10 63 18.666755417512501 54.078900698705212 377
2 10 63 2.331000741862474 42.540134769153710 377
2 10 63 -15.829741019276494 50.917930343481316 377
1 12 52 82.808993004323014 52.408688951451367 377
1 12 52 -37.402130950680991 55.234409539242371 377
2 10 63 -57.754444043655596 63.588052562830008 377
2 10 63 -77.742520299136999 62.897539995919324 377
2 10 63 -88.704122317324448 46.169022990671394 377
2 10 63 -67.150480746819241 45.932614469347257 377
4 18 79 -78.210737241320288 20.209653398042740 377
1 12 52 -97.971514178439975 -2.362712336221797 377
1 12 52 -75.097733623922522 -9.628396278135302 377
1 12 52 -92.826890770746999 -25.804829347981155 377
1 12 52 -50.458052383843544 31.602128247766196 377
4 18 79 -47.292028288202516 1.769657826665956 377
1 12 52 -57.845686464086057 -26.312726315472091 377
1 12 52 -75.574843610910534 -42.489159385317947 377
1 12 52 -72.212290774277818 -66.252434378905292 377
1 12 52 -53.313967371032049 -51.458740704020265 377
4 18 79 57.916944704736956 35.663960483928378 377
4 18 79 23.706554747119679 24.454624243643714 377
1 12 52 -6.213595519730405 22.267249559436443 377
1 12 52 -17.302356296481733 0.982527704641594 377
1 12 52 72.662682865800917 65.758151728466657 456
4 18 79 83.825212863380401 37.912183904504438 456
3 18 100 49.056062154119459 47.245251940080934 456
3 18 100 58.357963494692157 12.467750140062982 456
5 18 99 23.588812785431216 21.800818175639478 456
5 18 99 91.999339703579906 -0.348560045481111 456
5 18 99 64.079401395673599 -23.074691367875289 456
5 18 99 14.286911444858518 56.578319975657436 456
5 18 99 37.709566878886754 83.916557161306173 456
5 18 99 29.310250686412665 -13.741623332298788 456
3 18 100 -4.331125522475087 -0.925313146754705 456
3 18 100 -13.633026863047780 33.852188653263248 456