1 11 84 99.000000000000000 0.000000000000000 0
1 11 84 96.555555555555557 21.863775779997951 0
1 11 84 78.843192529652626 8.814936902970350 0
1 11 84 81.287636974097069 -13.048838877027592 0
1 11 84 76.398748085208183 30.678712682968296 0
1 11 84 84.861216147439819 50.986017632067515 0
1 11 84 63.043340148006621 48.161077478124973 0
1 11 84 61.130829503749695 -4.233901974057249 0
1 11 84 58.686385059305252 17.629873805940697 0
3 12 77 43.970973885323005 35.306317848242827 0
3 12 77 42.911153742540002 59.282906038912316 0
3 12 77 63.772201973195131 71.149525891181980 0
5 23 97 27.936397126109341 3.123384151020523 0
5 23 97 10.553786263904243 45.712641477406834 0
2 32 115 -27.010530349611777 5.538991937446877 0
1 11 84 -23.341253357546385 48.382152492610174 0
5 23 97 -45.564682544141490 74.113829375168635 0
1 11 84 -11.669642922690862 71.444318359965280 0
3 12 77 9.388783361218294 80.693247078750176 0
1 11 84 -4.678950074926348 98.889369631909091 0
1 11 84 27.258452127798183 95.173403782761341 0
2 32 115 52.113393196680732 -46.277758153622351 0
2 32 115 -3.516866464542090 -77.920675370985975 0
1 11 84 44.261236853579540 -88.554745283306715 0
1 11 84 10.097113344634787 -37.132692413314189 0
1 11 84 -11.764320270330080 -34.667389125991420 0
3 12 77 -34.548544233729849 -37.810498794081255 0
5 23 97 -57.123558169482131 -65.619350058178668 0
1 11 84 -56.700345201590068 -31.621984119273812 0
1 11 84 -66.339413115777418 -11.846029787164214 0
5 23 97 -80.298091330543400 19.156474990621359 0
1 11 84 -98.539683868308813 -9.535759179727609 0
1 11 84 -71.355848298878826 51.959467073092235 0
1 11 84 44.261236853579540 -88.554745283306715 115
3 12 77 22.311723408286962 -95.426343315418407 115
3 12 77 62.932140161569919 -75.123536489468577 115
3 12 77 28.144479784391944 -72.145901887966758 115
4 11 40 6.194966339099384 -79.017499920078436 115
4 11 40 46.815383092382312 -58.714693094128634 115
4 11 40 10.463763636512912 -57.435623967474243 115
4 11 40 29.074859471740400 -45.704165754107159 115
3 12 77 68.764896537674872 -51.843095062016921 115
3 12 77 89.541347037312249 -39.828974010682387 115
4 11 40 69.330868559199189 -28.850059688868559 115
4 11 40 87.799159987909832 -16.895051880246555 115
5 23 97 -27.626508995430061 -82.497127227106645 115
1 11 84 -61.292699649970686 -77.744485139580689 115
3 12 77 -76.853453201816137 -60.807456211851658 115
1 11 84 -51.335086248904560 -58.126994592752112 115
2 32 115 -20.770162651620161 -27.881574352785741 115
3 12 77 -65.238678687218467 -39.805146506129944 115
3 12 77 -63.107393053048625 -15.899966700372740 115
3 12 77 -50.521619111341934 4.535255204178650 115
3 12 77 -29.084172173354386 15.325800546327407 115
5 23 97 61.082762995776207 4.134311680230333 115
5 23 97 72.013351540390829 48.816771707273830 115
3 12 77 92.174236755084365 20.206656234596139 115
5 23 97 27.851911781081128 35.941709051703519 115
3 12 77 42.548555978279474 67.706605546749060 115
5 23 97 -27.840152659872750 -82.425274642399472 230
2 32 115 26.412925295208982 -73.391807290389778 230
2 32 115 72.439649849768202 -28.922260106066712 230
2 32 115 69.697011191860213 35.018946742038281 230
2 32 115 20.031466905770195 75.383952759211525 230
2 32 115 9.907118414031459 12.189826706089875 230
2 32 115 -39.758425872058567 52.554832723263111 230
5 23 97 -84.525277074400080 20.602852605789728 230
5 23 97 -83.216169924435263 -25.378515778262425 230
5 23 97 -38.919240160446947 -37.779403386989742 230
1 11 84 -20.109050593444355 90.802735295302071 230
1 11 84 -67.818092640871257 -55.691866235930249 230
1 11 84 -58.840897515017105 -1.675222864267158 230
1 11 84 -5.635919177879047 -44.723504795477119 230
1 11 84 29.468623536275885 -30.500517868648902 230
1 11 84 -36.947329957275358 -3.836634346284947 230
1 11 84 -8.391394061550120 -98.643725120778882 345
3 12 77 14.543534441146823 -96.914836872169246 345
4 11 40 0.648251344584963 -78.586686183504483 345
4 11 40 22.401161436421233 -75.298692488789143 345
5 23 97 -33.201723224776615 -75.396196933628474 345
4 11 40 -67.101679557497036 -72.789866056773207 345
4 11 40 -81.520214736427931 -56.173433127472983 345
4 11 40 -4.484583951331003 -57.193836868254323 345
4 11 40 17.268326140505266 -53.905843173538976 345
5 23 97 -55.004608582717189 -34.891454124069732 345
4 11 40 -22.054525341371129 -43.275487424836484 345
4 11 40 -1.514265223450449 -35.395277130170662 345
4 11 40 20.238644868385819 -32.107283435455315 345
5 23 97 -86.980896521035390 -1.823085405825310 345
4 11 40 -93.864033428660960 31.472896728823976 345
4 11 40 -84.595732698621802 51.425305144289915 345
4 11 40 -71.950590509165465 33.422517054429179 345
4 11 40 -52.992080895207522 -0.951069148247683 345
4 11 40 -32.633089903092454 -9.288423991540464 345
4 11 40 -11.638534519267287 -15.863273361335768 345
5 23 97 -51.947016934999674 60.915371476313709 345
5 23 97 -13.367015070729074 85.966987315474199 345
5 23 97 -10.961680280302769 40.029917703384605 345
4 11 40 -42.823285459973512 28.162394146433957 345
4 11 40 -17.479477948106975 6.660495868993076 345
4 11 40 3.515077435718196 0.085646499197771 345
2 32 115 37.727288460099281 65.610854414071184 345
5 23 97 51.118300709866844 -57.096332423414985 345
5 23 97 83.500819534355685 -24.425665540389357 345
5 23 97 37.396287742847427 -2.753999275204405 345
5 23 97 -13.367015070729053 85.966987315474199 460
2 32 115 38.548934749386788 67.808403827899681 460
2 32 115 76.312460662460694 16.137172851537240 460
2 32 115 62.699287220925939 -46.398269170173080 460
2 32 115 6.874364854849333 -77.696480665744531 460
2 32 115 12.682099035580478 9.268615562524531 460
2 32 115 -43.485910738504792 39.946859938926877 460
5 23 97 -86.790151711679798 6.039003714488402 460
5 23 97 -77.737999279262041 -39.061534379200381 460
5 23 97 -31.741046319626776 -38.532083315266298 460