2 19 71 91.000000000000000 0.000000000000000 0
4 20 61 81.648351648351650 37.862206395125902 0
5 21 83 52.123616936171636 9.414182910613080 0
2 19 71 44.159508169450248 48.613327946593536 0
5 21 83 65.141169462139487 -30.517550413069085 0
2 19 71 26.264786398311131 -21.103367502455999 0
2 19 71 12.421323350054038 14.285310500989402 0
4 20 61 5.368169250101893 52.642226660168937 0
2 19 71 20.102131060293576 88.751925764091339 0
1 13 60 51.432853087036804 82.241483591477660 0
1 13 60 73.306914498718569 -63.522407752521190 0
1 13 60 47.598095625510439 -59.642120115685827 0
4 20 61 14.624363868612708 -58.325680210428480 0
2 19 71 -10.933598908253181 -28.867395489550084 0
4 20 61 -25.918338410101214 7.138959255991084 0
2 19 71 -32.971492510053366 45.495875415170616 0
4 20 61 -21.089756780538536 82.641862493911319 0
3 32 99 -53.836967784934508 -56.440950556523447 0
2 19 71 -88.905570321102658 -19.411325711539376 0
2 19 71 -64.814976565714630 9.976482857880347 0
2 19 71 -70.919503683429838 47.482945616571413 0
1 13 60 -94.474880476719392 21.988564275768113 0
1 13 60 -52.922451743445123 73.942464158477890 0
1 13 60 -91.587661916998286 -31.948398779557344 99
2 19 71 -71.227663287926916 -56.635854213931552 99
4 20 61 -40.343548325394572 -80.451215705647058 99
4 20 61 -61.264020413272476 -18.930074542025174 99
4 20 61 -89.508390571519598 9.394041584765443 99
2 19 71 -30.379905450740139 -42.745436033740688 99
4 20 61 -1.902711652993169 -69.392188807869871 99
5 21 83 7.345420553113456 -29.448828274504962 99
4 20 61 36.516749882003616 -58.259131035590840 99
4 20 61 75.446755127519822 -49.069207663544582 99
1 13 60 33.306393336621952 -91.102602393708963 99
3 32 99 -58.742372181157457 51.316018069705869 99
2 19 71 -32.606113259281834 7.522228903105121 99
2 19 71 5.277217695659072 10.497667653678999 99
2 19 71 39.605225775970219 -5.799198954294818 99
2 19 71 77.359220667836951 -10.116127226214601 99
3 32 99 -0.569559949029554 77.997920494487943 99
2 19 71 31.304243526196146 38.185100297688379 99
1 13 60 43.590074536448192 86.653940486898179 99
2 19 71 65.419505836498985 63.255736942259048 99
2 19 71 79.192616547750603 27.839618841377270 99
1 13 60 -16.465690874626723 35.899072272757770 99
1 13 60 -94.111596161590882 23.494839176245335 198
2 19 71 -90.619406239539927 -8.314037093568512 198
4 20 61 -77.847663279091904 -45.163495458003759 198
4 20 61 -52.118950207147144 -14.536165772548980 198
4 20 61 -38.459261185434428 -52.131549742261299 198
1 13 60 -69.342985741397044 15.588137091768806 198
4 20 61 -72.503362169984996 48.436455478402024 198
4 20 61 -38.511193935157948 27.352516124115898 198
4 20 61 -13.556560843907565 -3.908742444295447 198
4 20 61 0.103128177805146 -41.504126414007757 198
4 20 61 -9.974447924775706 -80.213846897326817 198
1 13 60 -57.734346619943878 77.947066784890467 198
4 20 61 -27.095506167634493 65.688948832368965 198
4 20 61 0.396974564423601 36.634456869895857 198
4 20 61 25.351607655673980 5.373198301484518 198
4 20 61 39.011296677386696 -32.222185668227795 198
4 20 61 28.933720574805839 -70.931906151546855 198
1 13 60 -42.195503272457152 -87.341510769988730 198
1 13 60 61.700694986229934 -74.846671523964375 198
2 19 71 77.805361439789380 -47.194551923116450 198
4 20 61 89.445817325291699 -9.972249646421169 198
1 13 60 57.809486860873307 -0.583820877659454 198
1 13 60 74.427460632898956 19.412252429674353 198
3 32 99 44.634105192715907 63.967152927464042 198
1 13 60 85.668525861626961 45.496194090228613 198
1 13 60 85.668525861626961 45.496194090228613 297
2 19 71 89.950007256723666 13.783910711962683 297
4 20 61 86.441308742605216 -25.057935726344326 297
4 20 61 54.086199677878284 -1.538860119305153 297
4 20 61 49.895637261018912 -41.318744315094435 297
4 20 61 17.540528196291973 -17.799668708055261 297
4 20 61 21.731090613151345 21.980215487734021 297
1 13 60 63.537547909230753 31.849955968659970 297
2 19 71 59.256066514134034 63.562239346925892 297
1 13 60 95.361159072626947 -17.755262327691462 368
2 19 71 89.950007256723651 13.783910711962688 368
1 13 60 70.159377509386914 -11.362281329852117 368
5 21 83 50.012895068508186 16.026023569490697 368
2 19 71 73.802761474656350 48.182550999821601 368
5 21 83 34.390142226884080 55.012297995877304 368
3 32 99 30.937447860731993 -33.422205052203566 368
5 21 83 23.364551857659293 -85.878389112108707 368
5 21 83 -18.619643118485410 -87.030505514677088 368
5 21 83 -56.457259321620612 -68.801001954123336 368
5 21 83 -81.721891628361561 -35.249573453906194 368
5 21 83 -88.787127794156945 6.151905238545584 368
5 21 83 -21.751238038234590 -45.147416883839448 368
5 21 83 8.045205473226957 14.378895755954794 368
1 13 60 -58.896077008339226 -10.050720564689700 368
3 32 99 -42.419939305851500 31.824533302106886 368
5 21 83 -5.061627215462854 69.419167463874203 368
1 13 60 -84.654750882767331 47.355814352374971 368
1 13 60 -69.014170140893626 68.125316851398139 368
1 13 60 23.836454038903121 87.332874501114205 368
1 13 60 -84.654750882767331 47.355814352374971 467
5 21 83 -87.967465341286584 13.517582677000476 467
5 21 83 -84.371289226840517 -28.328175977299111 467
5 21 83 -49.929887248807603 -4.290916778556211 467
5 21 83 -46.333711134361522 -46.136675432855782 467
5 21 83 -11.892309156328601 -22.099416234112873 467
1 13 60 -61.713227656077649 35.121170424607470 467
3 32 99 -1.262926414834673 -74.022592394040061 467
3 32 99 -16.754223842356119 37.041580817667466 467
5 21 83 22.726204045307050 1.682058566836248 467
3 32 99 53.737912618134388 -41.297866181748731 467