2 14 84 96.000000000000000 0.000000000000000 0
4 27 80 75.125000000000000 35.287878584579154 0
1 31 90 55.312597888271078 -19.223301209690199 0
2 14 84 36.463598579839072 21.638847841365958 0
3 19 94 33.324159604565054 54.489173911597440 0
2 14 84 41.984452826796939 86.332529911004357 0
5 22 69 6.006841544870476 85.063086550078708 0
4 27 80 -9.885534514215820 38.711901201734264 0
4 27 80 -60.914044942968488 56.378002170048696 0
2 14 84 -91.493723514123857 29.067138791443806 0
2 14 84 -95.989342948658802 1.430398645402096 0
3 19 94 -64.246118085503795 10.450801922815906 0
4 27 80 -75.642449195255082 -34.164599803645501 0
4 27 80 -25.445603011466297 -14.257901604269231 0
2 14 84 11.918485355195358 -31.137620219468346 0
2 14 84 -7.629361880737102 -51.184606737163421 0
2 14 84 -35.486508965861525 -54.009382175626449 0
2 14 84 13.704922565906230 -2.082666616167366 0
4 27 80 21.323922730552550 -80.214028195705424 0
3 19 94 -24.416162707646890 -85.097119850202148 0
2 14 84 41.984452826796939 86.332529911004357 94
4 27 80 64.589310958460317 52.126969122627088 94
4 27 80 82.988884590717760 1.358320429253958 94
4 27 80 66.260633071787367 -49.985282883324359 94
4 27 80 30.159894040728879 -9.826390450745858 94
2 14 84 25.299931796184580 63.846383998930989 94
2 14 84 29.352631421931282 31.165661547956184 94
5 22 69 -4.444212475433339 43.566199543429136 94
4 27 80 -46.460370473105286 68.778150422222069 94
2 14 84 -82.460089113612952 49.156217342010876 94
4 27 80 -82.598258582314969 8.156450157331413 94
4 27 80 -70.135000993453929 -44.385601670454093 94
4 27 80 -30.863878138063605 -7.321078070698491 94
4 27 80 -18.400620549202557 -59.863129898483997 94
2 14 84 -6.882661531225768 79.483520799367824 94
2 14 84 65.109778542824188 70.545848482418805 178
2 14 84 82.696251570312583 48.757870915571914 178
5 22 69 87.031507476767288 13.019858152890908 178
4 27 80 75.448246108843264 -34.591359601776524 178
4 27 80 38.696776403955532 4.972885298521005 178
4 27 80 26.235523073602664 57.515412506838373 178
4 27 80 22.808870091192809 -46.636943542474725 178
4 27 80 -13.037013602658789 20.452386955600669 178
4 27 80 -25.498266933011664 72.994914163918025 178
2 14 84 9.213299203104837 94.814794465560610 178
1 31 90 -70.262160391735748 36.114108283135010 178
1 31 90 -74.693401556826444 -25.727334954687361 178
2 14 84 -95.996657087678372 -0.801141679536471 268
4 27 80 -75.416869312795484 34.659714699586424 268
2 14 84 -68.435964399667682 -5.741609122707670 268
4 27 80 -29.317799579578114 6.537201125370421 268
2 14 84 -51.432305162756705 -27.987408109370570 268
1 31 90 -25.634150602949227 64.420106462067039 268
2 14 84 3.945159478929401 30.507506811198731 268
1 31 90 -11.452942911958701 -48.642930228636104 268
2 14 84 -55.907599909186310 -55.627446765866324 268
3 19 94 17.704612682882704 -89.261115216812684 268
1 31 90 55.356311308430961 -56.362033305444882 268
1 31 90 78.994226778128819 0.955057969736025 268
2 14 84 37.019995858806979 -15.267270430695490 268
3 19 94 75.479605652048406 50.831379389224352 268
3 19 94 41.432086522402990 33.956355208014124 268
2 14 84 46.473923845020337 66.568927575312330 268
2 14 84 19.179090151426312 60.324565827379679 268
2 14 84 27.418731094093847 87.084766072069868 268
2 14 84 20.833871517921480 8.174316137584626 268
3 19 94 -83.676047644172073 -35.011728061662744 268
2 14 84 49.898761045331909 -82.012887073562212 362
5 22 69 14.224232592727486 -86.842795942714730 362
5 22 69 70.586335225640454 -52.550635385440479 362
5 22 69 -29.596384284391348 -82.873723442902175 362
5 22 69 -66.017905090412341 -58.186220082364066 362
5 22 69 87.204010282489037 -11.809343362420485 362
5 22 69 82.020682768715361 31.884284501204657 362
5 22 69 27.270523449780494 -44.821440718576909 362
5 22 69 46.772554812199260 5.548577266329250 362
5 22 69 41.589227298425577 49.242205129954357 362
1 31 90 -3.701618898959325 21.715141161473703 362
1 31 90 -54.647412443456531 57.049630263786568 362
5 22 69 -4.674965515085475 74.706202637583772 362
3 19 94 -88.679585884691789 20.418889473219934 362
3 19 94 -53.100059629450904 7.073579006519459 362
5 22 69 -33.262600763480478 -28.807826006954183 362
3 19 94 -82.447200642624310 -17.066539351784321 362
3 19 94 -72.609185452277302 54.853497499765716 456
1 31 90 -78.825927651291749 5.241481652483380 456
1 31 90 -25.778656243604516 37.334892131881944 456
1 31 90 -24.508583178207260 -24.652097748322372 456
3 19 94 -25.567450651422817 87.334446051870387 456
1 31 90 23.028596831550029 75.569065946125889 456
3 19 94 69.927295405291503 58.233781925108531 456
1 31 90 78.488846153888247 8.972236590241060 456
1 31 90 36.347949896967293 -36.504624148638300 456
3 19 94 -70.582220334417144 -44.074248998838293 456
3 19 94 31.590147580146773 26.307520611258422 456
5 22 69 -2.298394003518609 -72.773896310144053 456
3 19 94 -43.260119109620476 -71.002716948209226 456