3 14 57 96.000000000000000 0.000000000000000 0
5 16 92 89.333333333333329 -29.249881291307091 0
3 14 57 68.951365813099443 -7.236807902883316 0
5 16 92 75.618032479766100 22.013073388423763 0
5 16 92 45.433305713755303 11.388466569285869 0
4 15 99 51.709956008247623 41.746392405558836 0
4 15 99 66.491111406519650 67.852281493887830 0
5 16 92 40.539689827630873 84.808805843965771 0
3 14 57 84.664868745837026 45.253287176184088 99
3 14 57 68.005903545100310 67.758372789010465 99
3 14 57 68.005903545100310 67.758372789010465 156
4 15 99 84.312306864451472 43.777104874518258 156
5 16 92 53.391791556755820 41.558606935245166 156
1 16 113 38.065578957974189 69.649659022643874 156
5 16 92 21.401120530645837 42.331243524598506 156
1 16 113 6.074907931864210 70.422295611997214 156
3 14 57 68.005903545100324 67.758372789010451 269
3 14 57 84.664868745837026 45.253287176184102 269
5 16 92 92.573418950412375 16.314475285200874 269
3 14 57 64.221330027919947 26.120547573894378 269
5 16 92 67.596222862783563 -3.689016300023439 269
3 14 57 41.084351094218583 10.350950057741359 269
3 14 57 38.995968504624770 38.272960339228639 269
4 15 99 44.084255818355118 84.152114583899930 269
4 15 99 68.127150839054849 66.209450371927034 368
4 15 99 44.084255818355111 84.152114583899930 368
4 15 99 40.566900309562563 54.359024609465138 368
4 15 99 16.524005288862835 72.301688821438020 368
4 15 99 -3.152348591892093 94.947684007326870 368
4 15 99 -32.602532657229411 89.230459285684987 368
4 15 99 -12.926178776474467 66.584464099796151 368
4 15 99 -42.376362841811762 60.867239378154267 368
5 16 92 65.063491969181428 35.361209022880146 368
5 16 92 12.319710204277715 41.588110344781583 368
3 14 57 92.903768968960037 24.184493200439366 368
5 16 92 -22.481123522495544 37.093736219655852 368
5 16 92 93.820801212816363 -5.801487721713716 368
4 15 99 -53.194168772513684 32.885547598605442 368
5 16 92 -73.089408091829910 56.659050757103856 368
3 14 57 85.743998521105212 43.173680843920479 467
5 16 92 66.635126683596653 66.300527085846198 467
3 14 57 58.330480974778510 37.472886536349115 467
3 14 57 38.151232579244507 56.884170218561849 467
3 14 57 42.784620825723934 84.498146994053400 467
3 14 57 16.649280340321823 94.545235015570057 467
5 16 92 92.943981675126921 14.050490040339149 467
4 15 99 10.677032008052592 66.166858566983223 467
3 14 57 -10.129934714767058 86.367604488742543 467
4 15 99 -18.341059410432159 58.554344499445364 467
5 16 92 -39.657166281323356 81.062644921039734 467
3 14 57 -67.010756592972200 68.742697800111344 467
3 14 57 -83.996075606877895 46.482892365295569 467
3 14 57 -56.225859110075675 42.903077325278275 467
3 14 57 -73.211178123981369 20.643271890462504 467
4 15 99 -44.528199185829969 16.366974516148669 467
3 14 57 -63.457548876875535 -5.602998635271277 467
3 14 57 -91.064300530312664 -0.926754079492925 467