3 19 94 91.000000000000000 0.000000000000000 0
1 25 89 74.560439560439562 40.813488610434170 0
5 35 106 37.364782063697582 -6.266051142892456 0
1 25 89 25.980201147779994 52.643976164595060 0
2 23 73 -7.905895269226640 86.640041666610585 0
1 25 89 -51.858238992825420 67.347776864295980 0
1 25 89 -80.750303230218520 26.540318917220294 0
1 25 89 -18.603414923977596 30.009904989348694 0
3 19 94 -47.943084464208923 -2.780090302966034 0
4 21 66 75.276010263332438 -47.481809978503030 0
1 25 89 33.222349082522619 -66.122882407138931 0
4 21 66 -86.939192456695935 -19.041449917944423 0
1 25 89 -50.199875580292399 -46.722175982396031 0
3 19 94 -10.777425639576123 -66.263681571058314 0
4 21 66 75.276010263332438 -47.481809978503030 106
4 21 66 88.668515761863631 -7.674262999672329 106
4 21 66 82.314617800739796 33.842335857888571 106
4 21 66 47.497916066588182 -15.979786507036893 106
4 21 66 41.144018105464347 25.536812350524002 106
4 21 66 54.536523603995519 65.344359329354688 106
2 23 73 32.386177961918264 -57.303331508111853 106
4 21 66 5.950655538936005 -22.130001352665921 106
3 19 94 21.812357303328518 88.347162200446093 106
1 25 89 1.703740829803507 49.210944402597022 106
3 19 94 -16.172611620578056 89.415869760937596 106
1 25 89 -53.471134692873399 66.074486412355782 106
2 23 73 -82.438603158944261 27.800660229607960 106
4 21 66 -87.568330388863060 -15.899292842982739 106
4 21 66 -38.760244081397865 22.490203724473886 106
3 19 94 -73.677552113852059 -53.409908392643914 106
2 23 73 -44.224234200854667 -23.468264083823662 106
2 23 73 -34.450540072140917 -68.417957109230926 106
3 19 94 55.989717448656634 71.736681969684071 200
1 25 89 13.701029574907828 83.888508084167896 200
3 19 94 30.752972989382563 43.327058088025602 200
1 25 89 -13.218898264976410 41.753991531875215 200
3 19 94 -30.270841679451152 82.315441528017516 200
3 19 94 -63.958358707383383 64.732745588748799 200
1 25 89 -81.436621028519824 24.353167257201768 200
1 25 89 -38.551227654949756 -1.353700214237719 200
2 23 73 78.943520772145476 36.563923860792571 200
1 25 89 45.696666173312508 1.942447010662967 200
4 21 66 -86.394108641269042 -21.378914660959794 200
5 35 106 47.513301729283533 -58.030045310873774 200
1 25 89 -10.508216212477567 -42.749225446288762 200
3 19 94 4.655113907394167 -90.880855599566104 200
4 21 66 -34.364584397774287 -82.079540687938731 200
3 19 94 -54.263798803667498 -47.380531105123666 200
3 19 94 4.655113907394167 -90.880855599566104 306
1 25 89 44.574198945699209 -72.375001128492059 306
3 19 94 5.126861232809397 -52.883783943174421 306
4 21 66 78.710387568282684 -41.541243227071689 306
4 21 66 88.996220354370649 -0.820221089892478 306
2 23 73 46.365502032719583 -11.711587183273243 306
2 23 73 59.955731429748383 32.235035723795903 306
2 23 73 15.101724883176963 22.031208171346343 306
2 23 73 28.691954280205767 65.977831078415491 306
1 25 89 -16.003441323438267 83.479877011213119 306
2 23 73 -59.594211555152469 63.383988113085245 306
2 23 73 -83.585123751612997 24.135597929770451 306
2 23 73 -84.208864345693684 -21.860173046171436 306
2 23 73 -44.063487916836728 0.597537241954032 306
3 19 94 -5.680126183920377 -16.452903869058119 306
3 19 94 -24.501306781433534 40.308285858490805 306
3 19 94 -46.979185184253780 -41.301134687413573 306
3 19 94 12.888540506101943 -90.082659394705757 400
1 25 89 50.962228995944344 -68.028311869139671 400
3 19 94 9.907921357246103 -52.199735675839051 400
3 19 94 37.548387038080470 -26.122836762306068 400
1 25 89 81.503206551369018 -24.129387100481413 400
5 35 106 -10.958930365980166 -2.394369507514483 400
3 19 94 41.168082372048048 11.704373096329466 400
5 35 106 -50.861748744092644 55.118803639890359 400
5 35 106 18.897529442869203 60.919071464229916 400
1 25 89 75.077960559581243 39.853479624920624 400
3 19 94 -89.351365954157828 17.243358203266723 400
1 25 89 -80.943282686839169 -25.945808676517331 400
4 21 66 -6.114992017572362 88.789677736913916 506
4 21 66 -46.151726254670962 76.098739567182804 506
4 21 66 -75.910510092421049 46.460676464171748 506
4 21 66 -88.764087541706189 6.475860011482737 506
4 21 66 -47.709432003376968 15.336743637235530 506
4 21 66 -60.563009452662094 -24.648072815453467 506