1 10 49 100.000000000000000 0.000000000000000 0
1 10 49 98.000000000000000 -19.899748742132399 0
1 10 49 98.000000000000000 19.899748742132399 0
1 10 49 81.766312060385914 -8.217823563497323 0
1 10 49 79.766312060385914 11.681925178635076 0
1 10 49 81.766312060385914 31.581673920767479 0
1 10 49 85.932538594452652 51.142925324162931 0
2 20 60 56.185638295747779 47.254233690861014 0
3 32 103 40.128350591484370 -2.204471423431166 0
2 20 60 16.316354278420967 44.023105103861013 0
2 20 60 33.452756847848256 80.166482187062940 0
1 10 49 63.217703804266201 76.418424999448774 0
4 31 95 -21.677832525529411 10.001909223843466 0
4 31 95 -76.859856524244918 -18.263692262860936 0
1 10 49 -98.633186245586785 16.477092311551470 0
4 31 95 -24.790115584153959 -51.919926134638914 0
1 10 49 -65.390978338830379 -57.626934420591326 0
3 32 103 -28.413185079157362 72.640835028636275 0
1 10 49 -70.382562091883500 71.037278617512968 0
1 10 49 -64.882490736112771 51.808414504377467 0
5 13 111 -86.487322049485073 43.919735025483170 0
1 10 49 -66.873246782800550 31.907738878595911 0
5 13 111 -95.046530265171199 19.368972212068819 111
4 31 95 -62.224800364520206 48.673136529256112 111
4 31 95 -76.309381382377211 -20.442072131731219 111
4 31 95 -19.302068827612111 3.933454842743018 111
4 31 95 -26.695899514467136 -57.624089518400247 111
3 32 103 31.454856111394335 -33.385904352399464 111
3 32 103 77.160403460138895 11.413682046937637 111
3 32 103 42.645951572717721 65.309438938467508 111
1 10 49 83.403833570576495 55.170649314029092 111
2 20 60 13.528033365047069 -88.977482057395704 111
1 10 49 43.509262365354815 -90.038570004319368 111
1 10 49 -15.371304272057367 -97.029083397293192 111
1 10 49 73.349512698708153 -30.413069101154683 111
5 13 111 33.259655113861776 21.299241952013691 111
5 13 111 -41.686511266479194 87.585585448917925 111
2 20 60 -15.063947966153247 68.085864340139508 111
5 13 111 -70.228577880370764 -64.019862676571677 111
5 13 111 4.080114986610859 41.206413942845195 111
1 10 49 -62.589567743630369 77.990678992207165 222
1 10 49 -45.817827227025496 88.886032132132215 222
1 10 49 -44.768044882950292 68.913602209109129 222
1 10 49 -27.996304366345417 79.808955349034179 222
1 10 49 -61.539785399555164 58.018249069184073 222
2 20 60 -82.319406609519447 36.380149744834824 222
3 32 103 -30.803226603091701 29.303201423323987 222
2 20 60 -72.102985297447930 -2.293158047158492 222
2 20 60 0.602633177045373 70.748007750177152 222
3 32 103 -31.431082667210475 -34.693718789782750 222
4 31 95 23.148088109926547 -3.227639954311179 222
4 31 95 14.676739400071988 -77.624695301059802 222
3 32 103 63.749903845236986 44.943851189267697 222
2 20 60 74.071505931436064 -6.021475557199565 222
5 13 111 -29.276985680348410 -79.642132178590941 222
5 13 111 58.675070005395028 -77.241414797128058 222
5 13 111 18.783401433328180 43.207861316083175 222
5 13 111 55.358313018787442 -33.202653070581825 222
5 13 111 36.050177203607234 -90.052122260324978 333
4 31 95 -6.469407227300774 -78.734660538592195 333
3 32 103 -61.471253724976698 -48.013383191351338 333
3 32 103 -6.207166843762792 -15.735206334756093 333
3 32 103 -76.706371370912223 14.146822650605976 333
3 32 103 49.563951462232367 -47.129192429208828 333
3 32 103 77.282275933540816 10.556979991079757 333
3 32 103 -21.442284489698313 46.424999507201228 333
3 32 103 40.409489464670813 62.867568001740821 333
5 13 111 1.355171469777520 85.222886070463417 333
5 13 111 32.985993091126062 18.484105973728990 333
5 13 111 58.675070005395014 -77.241414797128058 444
4 31 95 14.676739400071963 -77.624695301059802 444
4 31 95 70.844560424987776 -34.957806827520727 444
3 32 103 72.796502763449780 28.011947190637226 444
3 32 103 27.330826063035207 73.054951555059674 444
4 31 95 17.841029762214646 -2.792208165588923 444
3 32 103 -27.830916921041457 40.602184169847831 444
3 32 103 -77.995272174060773 0.858788969527147 444
3 32 103 -52.383070807361932 -57.792853302038189 444
5 13 111 -16.293164307421911 84.097934130354503 444
5 13 111 -42.083178389869019 87.395686945103080 444
5 13 111 -36.194563474447321 -15.805566769896464 444