2 13 120 97.000000000000000 0.000000000000000 0
3 30 95 71.958762886597938 34.956207514980449 0
4 17 61 69.495476121337873 -11.979197227197865 0
5 18 53 37.299900930212999 1.748327608424346 0
4 17 61 24.960965401600333 34.501200307177655 0
5 18 53 36.663456381836596 67.486829069677981 0
3 30 95 37.333413873652411 -46.251660692434882 0
5 18 53 3.936441387670179 -11.774969598732957 0
1 15 68 28.984587695292554 -90.470402210523488 0
5 18 53 -0.543458627731255 -75.736275824973518 0
1 15 68 -30.279907904837952 -90.045139664917684 0
1 15 68 -56.848719733172814 -76.113225294288824 0
1 15 68 -77.748407155983500 -54.591072390157471 0
1 15 68 -90.894790818086690 -27.624934427727851 0
1 15 68 -31.498922050691306 -60.069916487896805 0
1 15 68 -22.572664520381245 -31.428653832375083 0
1 15 68 -60.968238469615123 -29.722901189664615 0
1 15 68 -40.748009981027749 -7.561169310830781 0
4 17 61 -73.954769237094595 -0.476533575458078 0
1 15 68 -50.162933253949930 20.923198678734806 0
1 15 68 -18.431281579198814 12.487861424818306 0
1 15 68 -6.556461041464997 40.037609830141633 0
1 15 68 3.672053531697832 68.240047484121050 0
2 13 120 18.042482765088845 92.271084990814373 0
3 30 95 -41.496046399177054 68.396477491442099 0
5 18 53 -81.735839099055198 42.228575713293480 0
2 13 120 -7.801876868589743 95.111696742723609 0
2 13 120 93.515463917525778 25.765442132630543 120
3 30 95 78.658961197679346 -14.586563107942020 120
3 30 95 52.783921256547629 39.547366252901895 120
3 30 95 18.840083193950363 -9.928040340477132 120
3 30 95 -7.034956747181354 44.205889020366776 120
3 30 95 -67.032519627883048 43.665104057330197 120
1 15 68 74.169697269892083 -59.362075493471103 120
1 15 68 44.715875367976174 83.818199038607489 120
1 15 68 -45.698479937367750 83.286547121452912 120
1 15 68 47.024139530369368 -46.590282549242836 120
4 17 61 -14.545853265512456 90.601863344557032 120
3 30 95 7.963128046580444 -68.933903156998198 120
3 30 95 -37.698970551061450 -30.011252275291401 120
1 15 68 -72.136291685979785 -1.044531490043603 120
5 18 53 -52.169921469233316 -75.777960475945960 120
5 18 53 -85.544938834521275 -33.853558746430380 120
2 13 120 -36.591675311220492 12.974488351709844 120
2 13 120 83.312206014640552 49.679737609754852 240
3 30 95 79.707819539621511 6.831069040723442 240
4 17 61 61.236324786059278 69.993660617917840 240
3 30 95 27.814361470783489 36.948655425720332 240
3 30 95 27.678495595122858 -23.051190744614399 240
4 17 61 83.970102762528740 -39.975265378110549 240
4 17 61 30.204853290226136 83.887824025741125 240
4 17 61 -8.433583737740470 7.030659701410110 240
5 18 53 -3.861277442125900 91.918934591926870 240
4 17 61 -38.134216389115203 84.822058100402970 240
4 17 61 -66.073483785692332 65.446884879433739 240
4 17 61 -85.181562922787393 37.324272772971909 240
4 17 61 -92.904523926139547 4.213007721018634 240
4 17 61 -35.324457875320462 50.938356161356253 240
1 15 68 -62.640818517801037 14.610513910355699 240
1 15 68 -67.329887568239371 -15.020764014165568 240
2 13 120 -93.177810709581649 -25.785747492056394 240
5 18 53 -76.119472217953728 -51.670358516853469 240
4 17 61 -44.254751671424472 -37.191422627376063 240
1 15 68 -37.719776895388485 -5.865808432653985 240
5 18 53 -46.491492932644370 -72.119877911432880 240
1 15 68 -20.707530072891959 -92.715684747944749 240
1 15 68 -14.684632877622885 -63.326490996240366 240
5 18 53 11.099329982129518 -83.922297832752221 240
1 15 68 44.098581154934912 -84.144608502990963 240
2 13 120 -13.524982574700875 -35.350515389035287 240
2 13 120 67.851642591962815 -69.319222424754145 240
2 13 120 67.123290627867888 70.024737452465914 360
3 30 95 75.029981526075971 27.757915487238936 360
3 30 95 73.227006488247468 -32.214989069843909 360
3 30 95 22.190435121988457 -0.667114606153792 360
3 30 95 23.993410159816957 59.305789950929046 360
3 30 95 -28.846136244270554 30.880759857536319 360
4 17 61 -19.566705946676745 76.955613881744554 360
3 30 95 -79.998566521337281 -0.478909731759856 360
1 15 68 -83.480049603050290 -45.344032884959226 360
3 30 95 -38.505900287547284 -43.818944904926290 360
1 15 68 -34.237371265254446 -88.616039230181855 360
5 18 53 -78.785798898261604 47.505766933738471 360
5 18 53 -1.410220208955852 -91.989191098532075 360
4 17 61 6.347790089990816 -57.859830187412783 360
4 17 61 31.667978343662199 -80.550975306129075 360
1 15 68 -53.400655959001170 68.591177006898448 360
2 13 120 2.935263748487730 96.796515066869688 360
1 15 68 43.216546516370784 84.601005355718797 480
1 15 68 14.680726103873397 93.858810353972899 480
1 15 68 20.931141998351492 64.517162459792587 480
1 15 68 67.442683619756394 66.906535003431770 480
1 15 68 45.157279101737082 46.822692107505574 480
4 17 61 16.372133742888778 32.843586032009398 480
4 17 61 -9.565998019821173 54.825699685166072 480
3 30 95 -56.532315671244469 56.604746133577592 480
4 17 61 -23.054890971688785 23.615929308999313 480
5 18 53 -20.334432721282596 88.127964083857663 480
3 30 95 -79.988104948544986 1.379516850405992 480
5 18 53 -79.315633836957147 -46.615772320554107 480
5 18 53 -46.135148436710622 -32.649549187436584 480
5 18 53 -50.630287108632217 -68.367804020507521 480
3 30 95 -4.035745002260136 -79.898139917502036 480
3 30 95 0.180752248810123 -20.046480367146064 480
5 18 53 35.449853032554529 -52.605511831642659 480
3 30 95 75.569456125791945 -26.253710230213287 480
5 18 53 89.897061566163160 19.558075615189480 480
4 17 61 55.074104607165054 16.042159144087542 480