4 16 42 94.000000000000000 0.000000000000000 0
5 21 64 81.851063829787236 34.948581515307538 0
5 21 64 56.710078714592505 68.592761806073398 0
4 16 42 44.878052850546908 33.535620394478585 0
3 26 64 52.716797731489891 -7.726396990660138 0
5 21 64 12.224745994812210 16.135575814500349 0
4 16 42 19.096964462374522 52.491766667422432 0
2 15 86 23.778519734062002 83.136228487433812 0
3 26 64 -16.395518664735000 74.948027297185476 0
3 26 64 -64.110031844495893 54.276180935081655 0
3 26 64 -83.775434113114201 6.138129939913370 0
3 26 64 -71.336418320244292 -44.352174932455284 0
5 21 64 -39.539111439942658 -9.741031132229276 0
3 26 64 -19.974850329848081 -52.475556837050682 0
5 21 64 10.333058564438474 -88.398121590358954 0
5 21 64 49.720551004545243 -73.816439956180602 0
4 16 42 78.910393525178520 -51.079837447876287 0
4 16 42 29.579523411930381 -42.778736956223810 0
4 16 42 -27.140128173462490 34.345646006121243 0
2 15 86 -3.808749558994336 94.923618909083217 86
2 15 86 25.981021096731975 91.378260777775623 86
2 15 86 8.015765561642720 67.352241682658246 86
5 21 64 54.952464009403833 70.008761589498050 86
5 21 64 80.938515384584719 37.012926489800073 86
5 21 64 88.899627845688144 -4.225656031689013 86
3 26 64 -39.230365900690678 74.276364957487829 86
3 26 64 -75.436013488278746 36.951425804645552 86
3 26 64 -82.733075408023041 -14.534037069251376 86
5 21 64 49.205411535465970 9.499109595355113 86
5 21 64 57.166523996569381 -31.739472926133960 86
5 21 64 -10.938018295053942 36.745803184956074 86
5 21 64 -39.834792870510569 6.266688710692822 86
5 21 64 -40.780222395794411 -35.722669024484809 86
5 21 64 17.472307686347207 -18.014707299089828 86
5 21 64 -3.238192324576611 -54.553388026471389 86
5 21 64 -38.317088387432236 -77.650380276792035 86
4 16 42 65.004877852780467 -67.899674928125336 86
4 16 42 -69.959315938827501 -58.473064625593032 86
4 16 42 31.069260295052370 41.749381193976490 86
2 15 86 35.000527602571616 -60.106154153610639 86
4 16 42 17.134132404931634 -85.439766660352490 86
2 15 86 -3.808749558994315 94.923618909083217 172
2 15 86 -33.218700314100694 89.002909780759225 172
2 15 86 -59.315982893839688 74.206564220004935 172
2 15 86 -13.386240423000512 66.493499866949776 172
2 15 86 16.023710332105850 72.414208995273754 172
5 21 64 -77.761623256955701 43.291222533480010 172
5 21 64 -88.955615234729763 2.810430253664990 172
5 21 64 -80.339266943085377 -38.296242466430940 172
3 26 64 55.863919602225025 62.731351704519639 172
3 26 64 82.086472173958029 17.827256828632208 172
5 21 64 84.097929020503614 -29.129681331287088 172
5 21 64 -48.301224766201962 13.356544971060957 172
5 21 64 -39.684876474557583 -27.750127749034952 172
5 21 64 -50.878868452331609 -68.230920028849965 172
5 21 64 -13.783127623191540 -87.926249737622811 172
3 26 64 40.038442111629166 -12.766258299209657 172
3 26 64 25.950373167166415 -62.821490926938651 172
5 21 64 7.777466094090872 37.371385821804914 172
5 21 64 -6.370243368118599 -2.174060401153661 172
4 16 42 -39.740076768203153 50.169428380636177 172
2 15 86 -33.218700314100694 89.002909780759225 258
2 15 86 -3.808749558994315 94.923618909083217 258
2 15 86 -59.315982893839688 74.206564220004935 258
2 15 86 -13.386240423000512 66.493499866949776 258
2 15 86 16.023710332105850 72.414208995273754 258
5 21 64 -77.761623256955701 43.291222533480010 258
5 21 64 -88.955615234729763 2.810430253664990 258
5 21 64 -80.339266943085377 -38.296242466430940 258
3 26 64 55.863919602225025 62.731351704519639 258
3 26 64 82.086472173958029 17.827256828632208 258
5 21 64 84.097929020503614 -29.129681331287088 258
5 21 64 -48.301224766201962 13.356544971060957 258
5 21 64 -39.684876474557583 -27.750127749034952 258
5 21 64 -50.878868452331609 -68.230920028849965 258
5 21 64 -13.783127623191540 -87.926249737622811 258
5 21 64 45.754785267589071 -11.988989188222073 258
5 21 64 7.777466094090872 37.371385821804914 258
3 26 64 6.289801808574861 -37.513782636548640 258
4 16 42 -39.740076768203153 50.169428380636177 258
4 16 42 -12.017432215073176 6.111795278583553 258
2 15 86 41.599470604504134 24.292757885397947 258
2 15 86 -3.808749558994315 94.923618909083217 344
2 15 86 -33.218700314100694 89.002909780759225 344
2 15 86 -59.315982893839688 74.206564220004935 344
2 15 86 -33.453330465183889 59.003827316587035 344
5 21 64 -77.761623256955701 43.291222533480010 344
5 21 64 -88.955615234729763 2.810430253664990 344
5 21 64 -80.339266943085377 -38.296242466430940 344
3 26 64 7.395318544520698 55.484186130051043 344
3 26 64 -43.494188554751567 -9.116794244136937 344
3 26 64 -39.150887521835756 -60.935089624605332 344
3 26 64 3.553422141997792 -31.264532903582850 344
3 26 64 7.896723174913600 -83.082828284051246 344
3 26 64 55.780313982044667 -62.805704932470206 344
3 26 64 82.062654047061471 -17.936577453692394 344
2 15 86 -24.915041582936976 30.244522336054231 344
2 15 86 -3.632565687912397 9.100818313870747 344
2 15 86 25.779096185859316 3.188615186192925 344
3 26 64 58.211751185610964 28.270937440463644 344
2 15 86 -33.218700314100694 89.002909780759225 430
2 15 86 -3.808749558994315 94.923618909083217 430
2 15 86 -59.315982893839688 74.206564220004935 430
2 15 86 -13.386240423000512 66.493499866949776 430
3 26 64 27.563311749324541 68.526767406165618 430
3 26 64 72.518477910653758 42.391866690699302 430
3 26 64 83.577069259349628 -8.418639677398915 430
3 26 64 27.407406885011227 16.527001121370802 430
4 16 42 -39.740076768203153 50.169428380636177 430
4 16 42 -71.421894508164939 45.668048071015249 430
2 15 86 28.538253023226172 90.612185242285832 344
4 16 42 55.719151666173723 75.705852730168289 344
1 25 118 -84.720715941237245 6.884786881537401 430
4 16 42 -87.631033888667289 -34.011790596839276 430
4 16 42 -57.356158803575781 -23.646852652881012 430
4 16 42 -63.517296778004429 -55.048132544949958 430
2 15 86 -48.083263430391469 -81.932898019559758 430
1 25 118 -22.717179616560387 -51.004564861277579 430
2 15 86 -19.445553209922451 -90.870546106637505 430
4 16 42 8.540397207403771 -77.536882722594910 430
4 16 42 39.596065108879920 -85.253455225541103 430
1 25 118 -20.466007458655305 -1.055268330540795 430
2 15 86 9.601732147978073 -27.435773157925926 430
1 25 118 45.680657265790458 -44.707459883410671 430