5 16 116 94.000000000000000 0.000000000000000 0
1 36 109 61.744680851063826 40.787184097462188 0
1 36 109 51.911799566469952 -30.538228243743976 0
1 36 109 -4.941378814117769 13.640002911713967 0
3 18 119 39.494868220635396 -83.091247338300590 0
3 18 119 13.225915386263937 64.492234145326307 0
4 31 95 -61.417267855584925 49.688220024019117 0
1 36 109 -70.222483108675021 -16.730664220951070 0
2 16 95 -64.466431780656450 -68.411104167890528 0
4 31 95 -18.233360818994829 -76.867057659600476 0
2 16 95 -19.968948879829302 71.847571415339587 0
5 16 116 68.131259345005049 -64.762114697280097 119
5 16 116 42.458451548373105 -83.864652220792365 119
3 18 119 37.386226518396327 -50.245126149693789 119
3 18 119 10.030108342665692 -73.646895278446863 119
5 16 116 4.957883312688914 -40.027369207348286 119
5 16 116 -18.484696780223040 -92.164613518113399 119
5 16 116 -21.233338032092284 -60.282879386035148 119
5 16 116 -24.890884175044086 -28.492592249675742 119
5 16 116 0.022909441154217 -8.410189812480219 119
3 18 119 33.480777032603321 -14.457593902919363 119
5 16 116 64.107675672847861 -29.222182609692990 119
3 18 119 -51.122919576714921 -76.488215392652080 119
3 18 119 91.544651457719439 -9.142034209335719 119
1 36 109 58.368859095478285 33.465087274489761 119
3 18 119 38.359921790920396 83.621267630875280 119
1 36 109 -9.262475739069899 58.163316937711173 119
1 36 109 -70.948602944912992 21.030828328077895 119
5 16 116 -59.062936020826427 73.127078354052699 119
3 18 119 -86.761226982754579 -30.602115816507496 119
5 16 116 -54.989733725588344 -42.708817109999501 119
5 16 116 42.458451548373105 -83.864652220792365 238
3 18 119 68.241869865422473 -61.701273870729324 238
5 16 116 35.472523315041578 -52.636510958162887 238
5 16 116 57.514113133258533 -29.438055874138971 238
3 18 119 89.958774217582146 -19.272232389375098 238
4 31 95 14.455701088507588 -10.597324673242159 238
5 16 116 59.595624212758885 2.494174107901390 238
1 36 109 -12.880608140737564 -71.766975626333974 238
1 36 109 -69.020689454991270 -26.686034309309751 238
1 36 109 -33.656865028125758 36.030788967270752 238
1 36 109 36.383950034622501 52.712642142080142 238
5 16 116 81.108011020357878 26.184197616548254 238
5 16 116 -85.578247425854201 38.889118883297932 238
2 16 95 87.704207608926083 -33.822654651732947 357
4 31 95 78.055977642843004 12.176385104783467 357
2 16 95 56.020061882251952 -29.337689816767366 357
2 16 95 34.550844964471096 -5.608536335505693 357
1 36 109 8.596276094710944 -50.668056470377053 357
2 16 95 53.099078423406873 -77.566022655444229 357
4 31 95 -58.353860098682048 -53.252483618920948 357
2 16 95 -27.168305662216660 -88.415833779141096 357
4 31 95 -78.823972806229506 5.270797951239700 357
2 16 95 -29.971839583841664 -15.789689923106167 357
1 36 109 -41.764159995412193 61.088091637221837 357
4 31 95 21.696366728454212 39.599453990096805 357
2 16 95 65.201499406826116 57.384375430385958 357
2 16 95 -19.076596092138107 14.298408542175610 357
2 16 95 53.099078423406873 -77.566022655444229 466
4 31 95 6.114323756237923 -78.763030953639060 466
4 31 95 71.214664604151338 -34.197537123574193 466
2 16 95 93.734811037612090 7.055862792256804 466
2 16 95 62.105310954649376 11.911243776470274 466
2 16 95 82.124944273511488 36.875503865211257 466
4 31 95 37.638891851791286 52.040962642708308 466
4 31 95 -19.285335106533971 76.609893942157953 466
1 36 109 -67.573378844237169 30.163528831574073 466
4 31 95 -69.907576194807575 -36.795798545040086 466
2 16 95 -40.593910706470886 -73.534184677774590 466
2 16 95 -23.199341732098766 -42.024644820904555 466
3 18 119 -13.619234693605968 27.938595355510220 466
2 16 95 -27.575182971554813 -3.065138414202369 466
3 18 119 22.244286601177684 -32.493988402265003 466
3 18 119 29.349444359639492 2.797890737664202 466