3 10 82 100.000000000000000 0.000000000000000 0
3 10 82 98.000000000000000 19.899748742132399 0
3 10 82 81.766312060385914 8.217823563497323 0
3 10 82 83.766312060385914 -11.681925178635078 0
3 10 82 65.532624120771828 -3.464101615137756 0
3 10 82 63.532624120771821 16.435647126994645 0
1 15 68 78.963536422653917 36.105089049215621 0
5 33 90 31.905711463669256 45.568762233004264 0
2 31 104 27.297430458213633 -18.265113931417687 0
3 10 82 2.387985889120593 14.300505535426197 0
3 10 82 -8.563814950397733 31.035440801853909 0
3 10 82 -10.760715538089773 50.914415317854434 0
2 31 104 -50.579386990837605 60.685464582806709 0
3 10 82 -88.830446230898374 45.925502963162771 0
4 30 114 -79.694674493484484 6.982754283057126 0
3 10 82 -95.463488535284498 -29.777883683593164 0
3 10 82 -75.695719449959910 -32.816848209428521 0
3 10 82 -10.875793452362046 70.914084241955322 0
1 15 68 -3.896329378567934 94.920064356139733 0
3 10 82 -28.882943553336361 95.738057070815813 0
1 15 68 -51.195588839017361 -27.842554284984971 0
1 15 68 -35.848566949341674 17.107913700442264 0
1 15 68 -26.175460344261708 -11.289815233519310 0
1 15 68 -24.350432070855540 -41.234251641661444 0
3 10 82 -95.463488535284498 -29.777883683593164 114
3 10 82 -99.479942798338286 -10.185331650925313 114
2 31 104 -58.519968002663759 -11.996536978244041 114
5 33 90 -31.772471994452133 -70.139218867633218 114
5 33 90 -56.806903182829714 51.980532421057511 114
5 33 90 -1.188318353769930 16.447828870487633 114
5 33 90 28.224027627232203 -42.636127529653926 114
5 33 90 76.977757007603927 1.850655580675358 114
3 10 82 -74.623901797250710 -66.567809642155737 114
3 10 82 90.428595660757850 42.692728734799410 114
3 10 82 -86.378250623235672 -50.386484490084101 114
3 10 82 70.498182885486500 44.359656029944766 114
1 15 68 -93.245894523329909 18.171492909060429 114
1 15 68 72.316276536084615 -61.606461900977067 114
1 15 68 9.576896471366652 -94.516046542249768 114
2 31 104 24.151019218581748 75.217872016587222 114
1 15 68 -93.245894523329909 18.171492909060429 218
4 30 114 -76.447349406725678 -23.575469638715571 218
5 33 90 -47.377484879294499 32.316774692289769 218
2 31 104 -3.514374965751337 78.921791468517114 218
5 33 90 17.125927989501196 18.341448997420152 218
5 33 90 76.195878089502145 -11.099016270360480 218
5 33 90 21.164712218370212 -47.534861023350132 218
1 15 68 42.057497342243892 85.183137517393362 218
1 15 68 -49.462405337698158 81.107770640113444 218
1 15 68 74.405987878123767 -59.065632713791345 218
1 15 68 10.745337272445610 -94.390347636299083 218
1 15 68 66.522951592178885 67.821065396118811 218
1 15 68 88.164067414877081 35.384985754766205 218
1 15 68 -15.037665351087460 -79.052917091553766 218
1 15 68 -26.679114236551133 -51.403745895166395 218
1 15 68 -19.631568413061146 -22.243291545725800 218
4 30 114 -71.337816348635229 36.206573417107471 332
2 31 104 -24.381317692416445 75.143538295594396 332
2 31 104 -75.045763843493901 -24.680626595500858 332
5 33 90 -17.543373396029679 3.416972818459321 332
2 31 104 -24.250132901869481 -60.230645965991897 332
5 33 90 32.704486844412187 46.208941004755950 332
2 31 104 78.974857409470616 1.992961904749862 332
5 33 90 38.485311728109529 -47.571104620475580 332
1 15 68 17.883133404395057 93.301626671996502 332
1 15 68 12.483751313664314 -87.918581072094653 332
4 30 114 -76.447349406725678 -23.575469638715575 446
4 30 114 -38.555248423532944 -70.096311022761114 446
4 30 114 -17.213068471119449 -14.020368276528131 446
2 31 104 -55.288557755321676 33.637339555139576 446
4 30 114 5.183867282243298 41.642700888401521 446
4 30 114 64.972437063011526 46.675287059567246 446
2 31 104 21.755281886928994 -60.950823956953670 446
4 30 114 74.226072783099440 -29.841081066174951 446
1 15 68 41.854492569836523 85.283066617714326 446