1 17 72 93.000000000000000 0.000000000000000 0
1 17 72 86.784946236559136 33.427131296561186 0
1 17 72 60.943728239819734 11.331171203254726 0
1 17 72 54.728674476378870 44.758302499815898 0
1 17 72 49.984183053155206 78.425642773959282 0
1 17 72 23.199656809503921 57.483122536338513 0
2 23 75 64.904921984188277 -28.472207348315180 0
1 17 72 31.749418959945743 -6.095598596999801 0
1 17 72 16.298525703948648 24.190865336443860 0
1 17 72 -9.082849227707865 46.813548788649044 0
1 17 72 -2.181718122152592 80.105805988543693 0
1 17 72 -35.687811598593093 85.880033205066496 0
1 17 72 -64.170838242829518 67.313472048413956 0
1 17 72 -84.076978656436864 39.749989434024513 0
1 17 72 -92.745636433110320 6.873639692136816 0
1 17 72 -50.253232288801229 36.292507451735204 0
1 17 72 -58.921890065474685 3.416157709847514 0
2 23 75 -79.515751127438861 -30.875136907890614 0
5 31 76 -25.516040540734927 -31.051932134680349 0
3 11 78 -58.232073939231356 -57.389379973612392 0
3 11 78 -4.240471639673807 5.160637063544195 0
3 11 78 -19.634372365276096 20.877755770556028 0
3 11 78 74.387341529970314 64.696627647030212 0
3 11 78 24.227897991142100 89.408073279285531 0
3 11 78 87.223730806172426 46.829699809547861 78
2 23 75 86.045770551967237 12.850111677265961 78
5 31 76 69.038448319862198 -38.401727221385720 78
5 31 76 32.066108178492364 11.368204107388012 78
2 23 75 34.464541256489547 -79.882384766478594 78
5 31 76 -2.240680179671223 -40.275229865849781 78
2 23 75 -21.916869190290001 10.012418578061427 78
3 11 78 -1.217179188041474 36.985049777312497 78
5 31 76 -3.551534702953071 78.920127985538144 78
2 23 75 49.903090965943548 71.264868708535232 78
3 11 78 65.934753576728696 41.281776907756026 78
3 11 78 -44.454203954738020 88.458033839502420 78
5 31 76 -61.208910564443059 49.944662052255509 78
5 31 76 -78.411979757177136 -9.620885123523912 78
3 11 78 80.224085553555668 58.009448343315427 156
5 31 76 77.340247762611455 16.108571507674842 156
3 11 78 58.646504355579836 53.718995028715682 156
4 39 119 51.449956844509963 -48.927517213711781 156
3 11 78 30.319246731083361 -94.243001213138854 156
5 31 76 15.538161214059762 11.158612089121327 156
3 11 78 37.764273136080845 46.795670733596921 156
3 11 78 42.209614027619502 68.341875604942928 156
3 11 78 63.091845247118499 75.265199900061688 156
5 31 76 0.311087547149846 71.259662225890978 156
5 31 76 -44.124411831959918 28.022104536665097 156
1 17 72 -47.463520812347198 75.905821510361875 156
4 39 119 -26.443655058897097 -44.855021094450095 156
2 23 75 -84.134520318554252 -22.144581521599839 156
3 11 78 -82.878604694636749 11.832214618495538 156
3 11 78 -85.746385096415636 33.644500962828474 156
3 11 78 -81.604892720821908 -56.050347760055402 156
3 11 78 30.319246731083361 -94.243001213138854 275
2 23 75 53.047572353403581 -68.956182227632155 275
5 31 76 76.361086919396826 -20.248071623942941 275
5 31 76 67.460984980490935 41.109798168587211 275
5 31 76 15.203770988213677 -30.435451468311779 275
5 31 76 -29.671924265897662 -73.215960762383190 275
2 23 75 16.395314675151059 23.551400853731593 275
2 23 75 21.390652150873777 69.279363890626655 275
3 11 78 8.661242908945603 -90.378952761027207 275
3 11 78 -71.413566724577976 -68.564586250295775 275
2 23 75 -79.418534363588179 -35.520365982624156 275
5 31 76 -76.823210217582513 18.417230298422332 275
5 31 76 -32.011236089079247 61.264481957150153 275
3 11 78 -73.736568700743163 66.059960916129697 275
3 11 78 -26.787015108088085 -31.315157677583176 275
3 11 78 -34.833779919860305 19.359431589404263 275
3 11 78 53.417834758301041 80.692495548086356 275
3 11 78 -3.667996410367615 92.259009934119035 275
3 11 78 -51.977582370811788 -15.445651694990035 275
1 17 72 36.257484917252576 -85.641081190484755 353
1 17 72 64.616554242477520 -66.885730300483075 353
1 17 72 84.339164242427387 -39.190628661567253 353
1 17 72 92.789248648176056 -6.257422417174293 353
1 17 72 34.194409252232525 -51.703731282155104 353
2 23 75 53.492536715280707 -13.725248825376376 353
2 23 75 72.451185705618514 28.186201023813560 353
2 23 75 26.675480931613642 23.649147746283333 353
2 23 75 45.634129921951455 65.560597595473268 353
5 31 76 -8.359649772728332 64.740991420298187 353
5 31 76 -23.897974761967880 4.719658075155195 353
2 23 75 -58.933105466309854 45.811501749170048 353
2 23 75 -86.532111233820146 9.010756095787784 353
2 23 75 -79.031396446060967 -36.373594485361778 353
5 31 76 -9.580090043460594 -71.396197136165426 353
2 23 75 -62.216527756589130 60.812035600804990 429
5 31 76 -78.449533439413543 9.309710153293494 429
4 39 119 -46.991952042743449 -53.223645527270108 429
2 23 75 -24.654211405788864 4.612548531780391 429
4 39 119 27.248716701020218 -29.300370156227110 429
4 39 119 56.489053491433005 43.011473302387834 429
2 23 75 11.978216187690727 86.171470551226776 429
2 23 75 -17.336694606351038 50.722408431935463 429