2 12 71 98.000000000000000 0.000000000000000 0
1 30 74 72.653061224489790 33.489292239618003 0
2 12 71 75.522703718412529 -8.412559174813229 0
3 29 106 34.650032246160350 -11.641293713505334 0
4 21 109 21.752125270546220 36.666510993895770 0
3 29 106 -1.390920769217615 80.988056770203841 0
3 29 106 -27.702150560076497 29.299381154624172 0
3 29 106 -80.783089833644766 5.923883601935415 0
1 30 74 -62.351211107805149 -50.123113165384247 0
2 12 71 -65.923418185331045 44.136318207758450 0
2 12 71 36.787857968537871 66.042125748902080 0
2 12 71 59.626333951654750 73.418033473961671 0
2 12 71 -44.062774541916376 -12.313946446512189 0
5 11 118 -39.098616147165536 67.641532530392013 0
2 12 71 -59.818619049805235 77.625593813988161 0
5 11 118 -27.596499075581548 -28.372021432847873 0
4 21 109 -11.708477491238256 -56.149184177365925 0
2 12 71 20.753477587868588 -50.214416073888728 0
2 12 71 16.189210232317564 -73.776407999595079 0
2 12 71 -4.456914169990595 -23.955786882300330 0
5 11 118 -42.614748087913291 89.358733459039627 118
4 21 109 -61.972656490864964 63.877929267198795 118
4 21 109 -84.365503167030454 28.345403073051767 118
4 21 109 -87.970223648695040 -13.499620409425440 118
4 21 109 -42.397009484180387 26.718892085516046 118
4 21 109 -20.064527143971489 66.654382876399993 118
3 29 106 -59.702100784270847 -54.741749715776962 118
4 21 109 -21.060499045579199 -86.472280991952317 118
3 29 106 -3.720103460617164 -39.575472135090536 118
2 12 71 10.810492208457269 -77.914248713143664 118
3 29 106 49.157906021552478 -63.406462739838325 118
5 11 118 25.499353940929598 -95.659724798868183 118
1 30 74 79.014475175620490 -12.518494826505858 118
3 29 106 67.162671389040327 45.278864516325747 118
3 29 106 11.766521889999844 28.095540603882100 118
4 21 109 27.397511518666462 75.589457722061738 118
2 12 71 -56.674121992687290 -3.032814729714495 118
5 11 118 -20.033245667104346 3.830858794426124 118
5 11 118 23.401853451947161 -10.174801169396495 118
5 11 118 -35.440810641938079 -11.872865017023086 118
4 21 109 -61.972656490864964 63.877929267198795 236
4 21 109 -84.365503167030454 28.345403073051767 236
4 21 109 -87.970223648695040 -13.499620409425440 236
4 21 109 -42.397009484180387 26.718892085516046 236
3 29 106 -59.702100784270847 -54.741749715776962 236
4 21 109 -21.060499045579199 -86.472280991952317 236
3 29 106 -3.720103460617164 -39.575472135090536 236
1 30 74 51.000577697952174 -61.635550411066696 236
3 29 106 80.324536042680464 -10.438817439160758 236
3 29 106 66.711494327141580 45.941011358477482 236
4 21 109 33.924965745415044 8.191262437992872 236
4 21 109 16.714655082693444 46.503208445636638 236
5 11 118 -10.539332053230661 29.733587543693631 236
5 11 118 -20.014498407543563 49.588592518714336 236
4 21 109 -9.068119993911369 79.658125265758599 236
5 11 118 -16.121896047140091 8.453667918518679 236
5 11 118 -34.123556626525598 -4.193079346473922 236
3 29 106 -59.677708165414330 54.768340746490033 354
3 29 106 -80.995765998801119 0.828184923463560 354
4 21 109 -21.021974746930816 86.481654573322103 354
3 29 106 27.878023603146303 76.051402353818688 354
3 29 106 71.577869560543945 37.915809224830682 354
3 29 106 78.577829341799259 -19.660232346823129 354
4 21 109 34.644752914836282 4.212027614534318 354
3 29 106 -12.382784273045292 21.194687772543023 354
4 21 109 -36.752601648119992 -22.464354831544249 354
1 30 74 25.790459604283104 -46.013478753950352 354
4 21 109 -22.632674719274910 -62.019729479296927 354
4 21 109 -64.624550782084100 -61.193687878847712 354
4 21 109 -58.340397396495973 67.211591497441319 463
4 21 109 -82.666462893249744 32.973563846192960 463
3 29 106 -79.215817608232584 -16.907224510818704 463
3 29 106 -34.402305904965004 19.913274790808089 463
3 29 106 -8.554644742215373 71.835316472695794 463
1 30 74 -24.190587467497195 -38.196283859674537 463
1 30 74 24.518124770409308 22.976418442093394 463
3 29 106 80.823212107602814 5.348680641938429 463
3 29 106 63.679144170992267 -50.059630418631563 463