3 12 109 98.000000000000000 0.000000000000000 0
5 17 86 88.836734693877546 27.514261191782229 0
3 12 109 74.132513018557262 2.518544260214910 0
1 33 97 38.928916431250286 30.549006035186594 0
4 10 98 76.470716984030730 51.515961256564204 0
1 33 97 48.842000987881434 -34.702283259149048 0
1 33 97 -12.623815449016377 -10.661621667886997 0
1 33 97 -8.481246410849870 -76.531486718333426 0
4 10 98 30.190026061385392 -95.333951593400712 0
4 10 98 48.557442373190554 -87.419533230132714 0
4 10 98 64.982560990068094 -76.008333537659411 0
4 10 98 -38.066271267780323 -45.326898847079505 0
4 10 98 -50.995569694204391 -30.068024635642139 0
4 10 98 -55.623785536488271 -10.610902080720695 0
1 33 97 -22.536900005647524 54.589667626448644 0
5 17 86 10.125135007452268 92.447182980774841 0
5 17 86 42.676918502744357 82.629780509874990 0
4 10 98 68.016072782525072 73.306301524781972 0
3 12 109 -52.016789273652840 11.091392221032091 0
3 12 109 -53.101331998376210 -82.366549885243003 0
5 17 86 -71.261262343263226 -59.756443077249962 0
5 17 86 -87.977325696431762 -30.149463731614983 0
4 10 98 -75.171091278100704 -6.379727510471236 0
4 10 98 -73.875777741378101 13.578282481549090 0
4 10 98 -62.829381784611044 30.250928833173074 0
3 12 109 -62.309307060815115 75.640929751035287 0
4 10 98 -65.531012116070059 53.878103267856574 0
3 12 109 -86.260366808353950 46.509666931598517 0
3 12 109 -97.956473472506559 -2.920497360060192 0
3 12 109 -94.639542449267807 20.849188556818817 0
4 10 98 97.551020408163268 21.995418098461187 109
5 17 86 81.925190502235694 44.014351763628099 109
5 17 86 92.886238069192871 -4.598562531185653 109
5 17 86 64.838724147497473 14.619578971371327 109
5 17 86 47.925337348300587 44.114279291611105 109
2 34 81 14.670225536885866 5.447788134404913 109
5 17 86 16.231900855141607 56.423872430870354 109
1 33 97 60.910578099485150 -43.037568365125111 109
5 17 86 10.967255872005662 -45.417603003980901 109
2 34 81 -39.171735181917015 -36.085852037808365 109
1 33 97 -33.567242897567347 51.946676712898160 109
5 17 86 -82.681440601239274 42.576746941302851 109
5 17 86 -92.459385887389232 10.013089499592493 109
5 17 86 1.855220080719874 87.234764172434296 109
4 10 98 -67.480382624521539 20.262450259837259 109
4 10 98 -67.281133584699717 0.263442788961854 109
4 10 98 -80.897112145804940 -14.385964291992751 109
4 10 98 -96.217884659472617 -27.241855143444692 109
4 10 98 -88.872466240042002 -45.844135332805607 109
4 10 98 -29.309158388877655 6.794558163137719 109
4 10 98 -48.698983721319536 11.697075228625156 109
3 12 109 -92.178594683383224 -33.273212682224639 207
1 33 97 -76.483791189537413 8.901105845637375 207
1 33 97 -51.310657087691439 -52.109658118522908 207
1 33 97 -11.060352641355436 0.196297488628215 207
2 34 81 15.025633159599586 -61.516921069411460 207
1 33 97 72.240076537345175 -26.652792384260813 207
1 33 97 66.343770039019319 39.083297929035126 207
3 12 109 67.163674371771705 -71.365543821108915 207
3 12 109 22.160080137975569 30.550915686753363 207
1 33 97 10.313763673290486 73.963641772758734 207
5 17 86 -38.532703829061823 84.641778901567307 207
5 17 86 -66.380542867436333 65.135424529394498 207
5 17 86 -35.563624926725780 50.771665667748564 207
3 12 109 33.123337259688313 8.728679730909976 207
3 12 109 -23.137481408726874 -87.199146176375791 207
3 12 109 -97.501611146434456 -9.870958608437540 316
5 17 86 -91.156294847012575 18.426337394189495 316
5 17 86 -78.441446753028089 49.959377811296434 316
1 33 97 -41.189351283353297 16.608495017609613 316
1 33 97 -61.643418555277023 -46.142051848817125 316
1 33 97 2.927182768376397 -32.480520283805575 316
1 33 97 68.899920351431973 -34.377332292752584 316
1 33 97 70.212766734715700 31.609609100025274 316
5 17 86 -21.582785550832046 -76.061037180595577 316
3 12 109 38.968279742703132 -0.775295293935164 316
3 12 109 62.040738326588681 75.861365581511592 316
1 33 97 17.298029195158620 71.056162195572028 316
5 17 86 -32.428619071954941 65.835007905688201 316
5 17 86 8.537296983760267 21.829649307493437 316
3 12 109 -22.039077614183270 92.910041207555878 316
3 12 109 78.618779775340357 58.507157396651337 425
1 33 97 34.786964599896379 68.694010611737866 425
1 33 97 71.772781871544609 14.030958000780920 425
1 33 97 5.940281026226486 9.331826969282766 425
1 33 97 -31.045536245421744 63.994879580239711 425
2 34 81 -74.830534214836334 13.281232966942817 425
1 33 97 -57.337373944006288 -51.394800799353135 425
2 34 81 5.047014164246129 -75.832233568752940 425
3 12 109 -75.995632855022279 61.876197256818060 425
3 12 109 -0.307554988811635 96.860918408615206 425
3 12 109 21.522907137580880 -32.884067708832681 425
5 17 86 46.970837212467018 -46.791003205328877 425
3 12 109 -36.188317725996278 -11.674309600383143 425
3 12 109 -15.548617768713507 -34.700494664567834 425