3 18 70 92.000000000000000 0.000000000000000 0
4 26 71 73.826086956521735 40.071297516902192 0
3 18 70 56.000338390713097 -0.156089771717127 0
5 20 78 29.655167233785072 27.228795780575538 0
2 17 81 37.672107727099025 63.349823799261046 0
2 17 81 71.456096669350060 59.523325249690977 81
2 17 81 45.286231176285817 81.229042009911694 81
2 17 81 39.573461801117148 47.712415299185935 81
5 20 78 86.276093895183195 25.620999632909200 81
2 17 81 50.666579991540594 15.572988907084646 81
2 17 81 17.286461177709107 22.035779943045327 81
2 17 81 92.361968035331117 -10.875056810907843 81
2 17 81 58.992352699064710 -17.391863721474863 81
2 17 81 25.612233885233238 -10.929072685514173 81
5 20 78 9.228405353259763 89.525619431735436 81
5 20 78 -30.477319732133754 84.682542368219501 81
2 17 81 -63.483689472039742 67.961909706964761 81
2 17 81 -35.901112565032840 48.082235384455103 81
2 17 81 -66.908704000790848 34.134860242403946 81
2 17 81 -92.285378828775166 11.506904641538299 81
2 17 81 -60.000657028726984 0.844037377359601 81
5 20 78 -86.449417213940620 -25.029947330548428 81
2 17 81 -1.958951788189080 50.064587976424804 81
2 17 81 -17.213264472707273 19.678638188357503 81
2 17 81 -71.861786202139228 -59.032903400036432 81
4 26 71 -36.218056491571602 -34.980366479370474 81
2 17 81 -43.250620803383157 -77.401387674059251 81
5 20 78 -6.912018475160856 -70.436764150040403 81
2 17 81 45.286231176285817 81.229042009911694 162
2 17 81 71.456096669350060 59.523325249690984 162
5 20 78 86.276093895183195 25.620999632909200 162
2 17 81 50.042699059744827 33.113736028861503 162
2 17 81 23.872833566680594 54.819452789082199 162
2 17 81 92.361968035331117 -10.875056810907843 162
3 18 70 58.855925604883438 -0.758480282801132 162
5 20 78 9.228405353259763 89.525619431735436 162
5 20 78 -30.477319732133754 84.682542368219501 162
5 20 78 22.095071306977125 8.866466017729762 162
2 17 81 -3.895743373191397 35.200427972990816 162
5 20 78 -39.378990540345583 45.685616119831288 162
2 17 81 -75.291155579441778 54.591591765694957 162
5 20 78 -68.465194258867214 18.226687640288276 162
2 17 81 -92.468242302818098 -9.930970014420634 162
5 20 78 -56.881493966981886 -20.059313555289407 162
3 18 70 -74.792172481803988 -53.573602972472202 162
2 17 81 -39.799048040734007 -52.879886999042910 162
5 20 78 -17.047663991090300 -23.701564157837353 162
5 20 78 -3.804202517338911 -61.445579950983458 162
2 17 81 -31.592978441301554 -85.874741472570605 162
4 26 71 65.292344868394807 -44.285167579955967 162
5 20 78 33.020212115371521 -77.064878493434776 162
2 17 81 25.505254825578952 -27.976045410910075 162
2 17 81 71.456096669350060 59.523325249690984 243
5 20 78 86.276093895183195 25.620999632909200 243
5 20 78 46.780477652147738 31.953163369174518 243
5 20 78 36.124153175017113 70.507576198811890 243
5 20 78 8.063214475123779 42.001722075828155 243
5 20 78 -2.593110002006849 80.556134905465527 243
4 26 71 81.550933618709763 -20.135670485901215 243
5 20 78 37.480993662948592 -6.950815830062012 243
5 20 78 -1.236269514075367 3.097742876591623 243
5 20 78 -30.278361814316014 30.603321852943004 243
5 20 78 -40.934686291446646 69.157734682580383 243
3 18 70 43.762039016344396 80.925174952742310 324
4 26 71 70.364748477761268 45.878123018072500 324
4 26 71 83.888191033607598 -4.332597962996132 324
5 20 78 24.424077293552731 48.213659604048289 324
3 18 70 7.791457224235845 82.380250736757986 324
1 22 86 -17.458149921856652 51.356754174184729 324
4 26 71 -65.440328456051773 52.664631505062879 324
4 26 71 -83.902198499621164 4.052294033034684 324
3 18 70 -38.886419967172607 17.580590347233993 324
4 26 71 -41.700798201398264 -26.329309164774877 324
1 22 86 71.856398136955335 -50.800177625509960 324
4 26 71 34.512500196738856 -20.643366013028508 324
4 26 71 -0.970281623184310 -58.656155891169931 324
3 18 70 -36.670391512444461 -84.375840062923473 324
3 18 70 -65.760698650534295 -63.168434973860840 324
3 18 70 -45.305519771053966 80.071279983990749 410
4 26 71 -71.231405706803400 44.520633879503272 410
4 26 71 -83.789705858111674 -5.940134022993526 410
4 26 71 -19.231518879356024 44.629123200017574 410
3 18 70 -27.086071085885550 87.922379137113637 481
4 26 71 -60.030678827111629 58.756426027764590 481
4 26 71 -83.115009735908373 12.161215259991771 481
4 26 71 -74.348010383098497 -39.094415868186061 481
4 26 71 -31.220208061928524 15.467203647493889 481
3 18 70 -31.634886965591704 -28.530842234191095 481
3 18 70 -38.044815271860152 -63.955590915141514 481
3 18 70 -14.172259737359145 -90.901853963144390 481
3 18 70 -2.772389167981260 -56.754482893010277 481
3 18 70 21.100166366519751 -83.700745941013153 481
1 22 86 57.334972914804581 -66.758526652845063 481
1 22 86 82.487434043430625 -30.656536414452994 481
3 18 70 91.626143145151332 8.285523057975109 481
1 22 86 52.241018243915896 1.298969078073110 481
3 18 70 70.059894575719525 37.110805756354338 481
1 22 86 15.664177154867481 25.755761507713174 481
3 18 70 40.256063635351559 57.303172167400994 481
3 18 70 -11.721573361454052 54.910875444341769 481
3 18 70 13.123215867547849 80.963446299565845 481
1 22 86 6.766377695751622 -17.335179127011404 481