1 0.768969272028991 0.000000000000000
2 0.630146566861647 0.440714244831361
3 0.630146566861647 -0.440714244831361
4 0.263802023707645 0.722303422124351
5 0.263802023707645 -0.722303422124351
6 -0.197791346393852 0.743096443684468
7 -0.197791346393852 -0.743096443684468
8 -0.587969821872483 0.495585744238106
9 -0.587969821872483 -0.495585744238106
10 -0.765854869777008 0.069137976276704
11 -0.338532639770652 -0.106636028654774
12 0.203110914318157 0.264245152568686
13 0.203110914318157 -0.264245152568686