1 0.783335257075577 0.000000000000000
2 0.663479523780078 0.416424118540488
3 0.663479523780078 -0.416424118540488
4 0.340589842680189 0.705416674059201
5 0.340589842680189 -0.705416674059201
6 -0.086525059941918 0.778541931420337
7 -0.086525059941918 -0.778541931420337
8 -0.487162092675998 0.613422546404355
9 -0.487162092675998 -0.613422546404355
10 -0.738720759987242 0.260587343786171
11 -0.738720759987242 -0.260587343786171
12 -0.143845994227854 0.349020390867815
13 -0.384026964200660 -0.011656119275203
14 0.251759788646343 -0.281289729847485
15 0.272623995639689 0.229324146792436