1 0.791320334429500 0.000000000000000
2 0.681258199215925 0.402585565666097
3 0.681258199215925 -0.402585565666097
4 0.381688152287893 0.693182534463088
5 -0.024057386912345 0.790954558629360
6 0.381688152287893 -0.693182534463088
7 -0.024057386912345 -0.790954558629360
8 -0.423110800923760 0.668704061467605
9 -0.704466043523548 0.360437879812729
10 -0.789857569377551 -0.048092533501614
11 -0.423110800923760 -0.668704061467605
12 -0.425337417278053 -0.251350669879525
13 0.094142325980356 0.390682602126603
14 0.393712372908388 0.100085633329611
15 -0.304911088031059 0.268432104964847
16 0.094142325980356 -0.390682602126603