1 0.845838482052942 0.000000000000000
2 0.789643891430725 0.303158807306939
3 0.789643891430725 -0.303158807306939
4 0.555197958233033 0.102913460619363
5 0.499003367610816 0.406072267926303
6 0.457299180146914 0.711561801643811
7 0.171885389625338 0.828189682714637
8 -0.136367345467529 0.834773433221113
9 -0.426500528623749 0.730438249823548
10 -0.659963264372564 0.529047471783331
11 -0.805734635270951 0.257360516098357
12 -0.844445547370401 -0.048522729188784
13 -0.770952361774842 -0.347958609026157
14 0.213589577089241 0.522700148997129
15 -0.191077017714839 0.531343134428200
16 -0.497561144321712 0.266962283598357
17 -0.548379875828913 -0.134593703376672
18 -0.474886690233354 -0.434029583214044
19 -0.415726339425334 -0.736623613814842
20 -0.183252397295527 -0.534092231817898
21 -0.124092046487507 -0.836686262418696
22 0.108381895642300 -0.634154880421752
23 0.394923993980534 -0.747982470850814
24 0.531310727430699 -0.471465286209862
25 0.431803792835042 -0.179640913632210
26 0.163028302174375 -0.330713181382059
27 0.264557434413123 0.205826921238727
28 -0.252314204287424 -0.220664677564559
29 -0.192385092364434 0.223022873329979
30 0.073052132652251 -0.035810852837352