1 0.852044095520924 0.000000000000000
2 0.800659549145216 0.291416243669856
3 0.800659549145216 -0.291416243669856
4 0.652703644666139 0.547683387507424
5 0.652703644666139 -0.547683387507424
6 0.426022047760462 0.737891831865655
7 0.147955904479076 0.839099631177280
8 -0.147955904479077 0.839099631177280
9 0.426022047760462 -0.737891831865655
10 0.147955904479076 -0.839099631177280
11 -0.147955904479077 -0.839099631177280
12 0.199340450854784 0.547683387507424
13 0.199340450854784 -0.547683387507424
14 0.573977952239538 0.101207799311625
15 0.504747740187063 -0.291416243669856
16 0.426022047760462 0.357474943149193
17 -0.096571358103368 0.547683387507424
18 -0.374637501384754 0.648891186819049
19 -0.652703644666140 0.547683387507423
20 -0.800659549145216 0.291416243669855
21 -0.852044095520924 0.000000000000000
22 -0.800659549145215 -0.291416243669857
23 -0.652703644666139 -0.547683387507425
24 -0.426022047760461 -0.737891831865655
25 -0.573977952239539 0.101207799311624
26 -0.374637501384753 -0.446475588195799
27 -0.096571358103368 -0.547683387507427
28 -0.426022047760464 0.357474943149193
29 -0.522593405863830 -0.190208444358232
30 0.211470129038818 -0.252020286008373
31 -0.147955904479078 0.256267143837568
32 0.147955904479075 0.256267143837572
33 -0.147955904479074 -0.256267143837570
34 -0.295911808958154 0.000000000000000
35 0.032646563914195 -0.016253597867309