1 0.841055458439660 0.000000000000000
2 0.780980068551113 0.312160882714420
3 0.780980068551113 -0.312160882714420
4 0.609336097440978 0.579727353612494
5 0.350644112410704 0.764475631137355
6 0.041860111321757 0.840013104214022
7 -0.272903905670297 0.795548705260114
8 -0.548681650423738 0.637434491269048
9 0.609336097440978 -0.579727353612494
10 0.350644112410704 -0.764475631137355
11 0.041860111321757 -0.840013104214022
12 -0.272903905670297 -0.795548705260114
13 -0.548681650423738 -0.637434491269048
14 -0.746076302259502 0.388258207096689
15 -0.836888625201051 0.083616464767660
16 -0.808145430256736 -0.232970486813892
17 -0.503216412441761 -0.322813479093210
18 0.130834741244154 0.534829578450459
19 0.130834741244154 -0.534829578450459
20 0.540678508996924 0.104053627571473
21 0.463438721997364 -0.297296078775638
22 -0.273861852031345 0.477661065509721
23 -0.527654975820184 0.157291557288116
24 -0.227438667688320 -0.480927693084276
25 0.389526726274428 0.350081300925598
26 -0.307668762344755 -0.072185097402616
27 -0.037454444184282 0.265140462550057
28 0.155622120426504 -0.217908365843008
29 0.228785916946351 0.091446653586303