1 0.858314478254597 0.000000000000000
2 0.811537247808503 0.279483521877161
3 0.811537247808503 -0.279483521877161
4 0.592886033146785 0.099231491053584
5 0.546108802700691 0.378715012930745
6 0.327457588038972 0.198462982107168
7 0.546108802700691 -0.180252030823577
8 0.592886033146785 -0.459735552700738
9 0.472756540814377 -0.716383274999274
10 0.213723787670820 -0.831279667840553
11 -0.068604405829330 -0.855568336886228
12 0.051525086503078 -0.598920614587692
13 -0.230803106997072 -0.623209283633367
14 -0.505223334028080 -0.693868234130236
15 -0.703625893678619 -0.491542821457526
16 -0.825334720646531 -0.235640281948510
17 -0.857083810476248 0.045946549391403
18 -0.795412579596026 0.322525304126446
19 -0.586723967288524 0.130827074133997
20 -0.525052736408303 0.407405828869040
21 -0.509985033803286 0.690375990948499
22 -0.257391833626967 0.818812058755615
23 0.023256531460459 0.857999345760758
24 0.301369983857807 0.803666520648339
25 0.546634746080151 0.661735746321256
26 0.300864774273984 0.520681610446180
27 -0.429205666647612 -0.420883870960657
28 -0.272459536231983 0.535841896676156
29 0.310557839646635 -0.484024221746414
30 -0.550914493615524 -0.164981331451641
31 0.008188828855442 0.575029183681300
32 -0.110673614664665 -0.366561561334831
33 -0.316364124100801 0.215707598876592
34 0.263780609200541 -0.204540699869253
35 0.061678849645795 0.296752404260314
36 -0.269484151698724 -0.131873765282240
37 0.083681997933823 0.014236900695494