1 0.856360781926710 0.000000000000000
2 0.808174957904536 0.283208450153114
3 0.808174957904536 -0.283208450153114
4 0.669040138733143 0.534545677735835
5 0.669040138733143 -0.534545677735835
6 0.454614037968416 0.725727128681420
7 0.454614037968416 -0.725727128681420
8 0.587002157516608 0.099874077371067
9 0.396259095099534 0.444437952711931
10 0.181832994334806 0.635619403657517
11 0.396259095099534 -0.444437952711931
12 0.181832994334806 -0.635619403657517
13 0.538816333494433 -0.183334372782046
14 0.123478051465925 0.354330227688028
15 -0.090948049298803 0.545511678633613
16 -0.032593106429921 0.826800854603102
17 -0.318115188206934 0.795082710071218
18 -0.563158520426048 0.645140503839025
19 -0.744826093421848 0.422596591775271
20 -0.842673716176582 0.152495235621563
21 -0.845689982211685 -0.134767365518978
22 -0.753535452198691 -0.406863750046426
23 -0.576580853195094 -0.633173205806234
24 -0.334739995705662 -0.788227710815282
25 -0.048129100510478 -0.807800514146423
26 -0.321379284141321 -0.501260132051898
27 -0.559835268773476 0.202807386692902
28 -0.563970335926519 -0.191007393717634
29 -0.359235128416898 0.442793895104638
30 -0.038485616726546 -0.451259403942771
31 -0.277896840161358 -0.217291512411710
32 0.301162892661338 0.128593662009835
33 -0.274642603574233 0.168252450846093
34 0.251822104423815 -0.196109831873057
35 -0.017462465891634 -0.096036258613938