1 0.851780570238881 0.000000000000000
2 0.800196863997377 0.291916287118817
3 0.800196863997377 -0.291916287118817
4 0.651693548621712 0.548475759283228
5 0.424257302051906 0.738604008581128
6 0.651693548621712 -0.548475759283228
7 0.424257302051906 -0.738604008581128
8 0.145435135670098 0.839272757301875
9 0.145435135670098 -0.839272757301875
10 0.373319531467767 0.446574316661345
11 0.373319531467767 -0.446574316661345
12 0.573181796694801 0.101285343532913
13 0.094497365085959 0.547243065382093
14 -0.132938881483846 0.737371314679992
15 -0.429372697167795 0.735642050703551
16 -0.655484054646887 0.543940064658001
17 -0.802203375955413 0.286356217746726
18 -0.851760059990772 -0.005911010149707
19 -0.798151815738349 -0.297462298232984
20 -0.647871657996228 -0.552985040124677
21 -0.419121475329963 -0.741530396378805
22 -0.123843818057926 -0.715317755329441
23 -0.370211498381434 -0.449154248942425
24 -0.505769560271465 0.288085481723168
25 -0.572465115878367 -0.105260552816466
26 -0.279658202792374 0.479787467768719
27 0.521822846843433 -0.190014844496934
28 0.082132778568221 -0.502128545759268
29 -0.282324675174278 -0.166043133404021
30 0.283470148705602 0.164079916978619
31 -0.226695091660543 0.188118295084866
32 0.225384168679693 -0.189686936917601
33 -0.021903127805206 -0.026209138938686