22 10 71 100.000000000000000 0.000000000000000 0
22 10 71 98.000000000000000 19.899748742132399 0
11 19 71 80.277628055073677 42.854433071168344 0
44 17 71 74.033873422557264 7.400018281343792 0
11 19 71 87.171645257842428 -26.117125857201014 0
44 17 71 58.997030392644128 71.891240112056948 0
22 10 71 60.097509999516987 -15.725244409941364 0
44 17 71 44.314526977700197 41.224905256548695 0
46 21 53 36.176872629654937 4.106465341706635 0
27 22 71 19.997426185298448 71.715536752996485 0
44 17 71 11.354750302242397 32.879060691500300 0
11 19 71 -17.294964551824911 54.678001922226045 0
24 15 72 -13.022922340451334 88.408546764316014 0
24 15 72 -42.806236369515666 84.809351653441809 0
29 30 94 -65.506444945240005 45.922822982001449 0
24 15 72 -94.318798205707310 11.356245199495426 0
9 29 74 -57.354777598017932 -12.511330725057864 0
9 29 74 35.373768296518847 -45.887084476545901 0
48 25 60 -53.133741054989805 -66.346104343068191 0
43 19 75 -12.490889792292270 -49.489098641038957 0
43 19 75 -0.110318015060257 -13.562486743048829 0
37 20 56 -14.179837142056229 -88.875937230640574 0
50 17 53 22.849563438598327 -90.149306434744531 0
7 18 55 -20.115984581088767 17.562636634198832 0
8 11 82 -97.306720531350152 -14.471498027041523 0
8 11 82 -92.266809654049212 -35.886429695129216 0
39 13 103 73.699661536206534 -63.066313428395354 0
19 12 96 55.825395308183161 -80.545175142183922 103
29 30 94 68.911089510557034 -40.635720031371385 103
29 30 94 77.782586093715935 18.704793518605584 103
38 22 96 24.411437471471899 -67.538897694992215 103
41 23 96 55.658716974945520 66.866338502290617 103
41 23 96 13.781936682415186 85.901444814868512 103
38 22 96 18.715046990242485 41.172657410213681 103
38 22 96 -21.794994674693839 58.346373499200453 103
15 27 93 -69.178100790213449 45.862734012039326 103
15 27 93 -82.752634508680956 -6.403239951201698 103
15 27 93 -30.701706443744435 7.973855985697512 103
15 27 93 -44.276240162211941 -44.292117977543519 103
36 19 92 21.960677770501430 -26.612209863112891 103
18 11 91 -19.789085635325776 91.285352368099552 103
18 11 91 -41.736977981621422 89.772070650963869 103
28 15 91 34.986836704938597 4.793509097209965 103
40 17 90 -5.258170446214571 -92.851233936650274 103
28 15 91 -36.414023092955318 -85.549669319763169 103
10 12 81 -82.212179668317475 -53.340017943231757 103
10 12 81 -9.419382881522193 -64.151333047130791 103
10 12 81 -8.960571190516053 -24.403961079398613 103
10 12 81 73.728242980197294 -64.561181735257819 199
47 16 82 50.077955397977462 -79.549974124182967 199
23 31 81 44.674152771715228 -32.861657414577742 199
23 31 81 3.083286604618927 -78.842086419434651 199
20 22 80 87.970127502510195 -2.292742286455102 199
23 31 81 45.293653211956460 29.135247501752893 199
21 12 80 92.848450221501935 31.355466691874923 199
34 26 78 -11.595213158267828 -23.764489842324153 199
49 24 79 -9.627794826735769 26.196787814564811 199
16 37 78 -72.569429576621971 -7.916936966005576 199
43 19 75 -49.216618682801951 42.981454200685349 199
49 24 79 -18.746744829807035 73.322627338561489 199
5 12 66 14.218921328582141 58.856637751477074 199
47 16 82 36.832926649888570 75.367445221977263 199
5 12 66 64.773353031415738 73.541911431969098 199
5 12 66 79.783485622320171 54.815034500577980 199
12 23 105 -56.881129993849314 -65.829606186144062 199
31 14 46 -85.896102488033719 -42.870264489097892 304
42 18 44 -91.299702658885991 -11.329796750119041 304
25 20 49 -56.301403950231688 -26.132468383976445 304
31 14 46 -63.299244465624582 -59.404532163085875 304
42 18 44 -63.243598221470478 11.228017944501396 304
31 14 46 -33.599175024496645 -0.822217460614985 304
31 14 46 -22.302816329373758 -26.442371250768581 304
33 15 45 -33.898517746885339 -53.023185922932413 304
30 15 52 -44.177508003100421 -81.207265814116298 304
46 21 53 -8.292811500111039 -78.328280421943958 304
30 15 52 -89.917120964956922 30.657973797583317 304
3 30 105 -54.506225148510595 58.426093241953048 304
7 18 55 -18.082511912802730 27.164085722874564 304
46 21 53 4.861869646854796 -4.372485981177986 304
40 17 90 4.293552475854668 -42.368235948682866 304
7 18 55 29.056669879500561 -67.102584867812510 304
48 25 60 68.594340102076728 -50.197773914394141 304
37 20 56 89.408575015662848 -10.300811311182692 304
37 20 56 49.416818419547937 -9.488774146331327 304
42 18 44 87.742677811324313 27.662655159946858 304
45 26 86 44.590251444779909 36.257310399103588 304
28 15 91 -89.917120964956908 30.657973797583338 409
4 26 90 -83.423490077039759 -9.824525605139918 409
4 26 90 -48.946621951317766 29.102914128826345 409
35 31 76 -28.212276246928894 -23.992160107969774 409
40 17 90 -68.465696647816770 -50.139093886701531 409
14 27 103 3.839567207960776 24.347051006230735 409
36 19 92 21.445296391640998 -18.150458331504701 409
4 26 90 13.814424331008841 -62.498736670063273 409
40 17 90 54.947378010326915 -75.031897548910763 409
36 19 92 77.795137311804496 -47.211403396186853 409
45 26 86 83.958645415480845 -2.635499952107153 409
45 26 86 69.422711039771698 47.291512894898602 409
2 19 60 -29.698893837102318 -73.970054902974766 409