26 10 116 100.000000000000000 0.000000000000000 0
26 10 116 98.000000000000000 19.899748742132399 0
26 10 116 81.766312060385914 8.217823563497323 0
26 10 116 83.766312060385914 -11.681925178635078 0
2 30 115 44.230614324390530 -5.605034153776295 0
2 30 115 60.722949640879406 52.083811178822394 0
28 20 116 14.017551760902506 34.234278723515636 0
28 20 116 15.875785707132847 74.191092492897667 0
8 32 115 -33.001507789240762 56.442566343683062 0
2 30 115 -78.672687728896179 14.512346657642571 0
28 20 116 -82.780396375396791 -35.318634966999987 0
43 13 117 -9.757255009894225 94.974432542062829 0
43 13 117 -53.405727705555819 -20.281054026667089 0
28 20 116 -46.702821690639055 -52.593142336697326 0
36 22 117 -18.428232486076332 -21.535975606404214 0
36 22 117 -6.228608567590278 -63.810899334868864 0
43 13 117 -35.159677768286670 -83.508443214868635 0
35 13 119 -10.949745178935054 12.655722619874734 0
35 13 119 -78.113685940966917 57.508712980869149 0
24 11 111 -34.935376606514204 13.486074966970538 0
18 10 107 40.394030981853874 91.478534427684338 0
18 10 107 -70.296813592574082 -71.122134379747706 0
18 10 107 -17.656034436734242 -98.428981748105343 0
18 10 107 -92.005818625568011 39.178174268833445 119
12 12 109 -96.402617775141209 17.622011409031295 119
1 23 105 -62.194637713317981 25.025665918116967 119
1 23 105 -84.404628856775020 -15.257286970264488 119
1 23 105 -65.542157835015573 -57.212110137014754 119
12 12 109 -50.911561742044299 -25.416738493262358 119
10 18 95 -26.925908595806664 -43.435851766350481 119
12 12 109 -34.090543354606076 -72.567758823270111 119
30 23 95 0.895624273477800 -73.551666694778447 119
10 18 95 40.930922773999697 -82.393322307507859 119
30 23 95 34.305350615040638 -41.932207721198864 119
30 23 95 79.745824652346130 -34.779353796717714 119
30 23 95 86.333734207342104 10.746456988980491 119
47 31 94 -1.526186635126781 -1.532938689570770 119
20 13 93 -77.959071355735830 57.390502267677036 119
20 13 93 55.630504989932241 -8.050130882843199 119
20 13 93 50.978693710486247 17.530343151474831 119
19 40 91 25.622728703653124 64.071454424974249 119
20 13 93 75.045832270932351 44.931004227082049 119
7 17 90 -48.410559818353832 62.575621931214521 119
48 10 88 -21.679399264211771 -97.621737576950011 119
48 10 88 67.556879542316722 -73.729695689761996 119
48 10 88 -32.998319416317294 40.406660616127326 119
9 16 80 -25.687169546431736 86.505676978161574 119
5 10 60 -32.647992743230702 -94.520413508606467 228
39 14 62 -52.183235154920155 -80.578594978854682 228
39 14 62 -25.677080374534803 -71.555083536059527 228
4 16 65 -73.110590398520969 -59.083344282290703 228
4 16 65 -43.352980547049455 -47.315393911575953 228
11 22 66 -70.907109496395464 -21.147283971367955 228
4 16 65 -33.135140809241591 -16.990556713456083 228
11 22 66 -4.754153582651600 -42.259501369775549 228
11 22 66 7.960053927756313 -84.382522716567465 228
4 16 65 45.887691349235105 -82.038526209564083 228
14 13 54 30.398515012431922 -57.521482823229412 228
44 15 52 58.115733641431689 -53.552126266779943 228
11 22 66 37.021937056115220 -23.153906818639705 228
11 22 66 81.001965812634808 -24.479452206663158 228
14 13 54 96.763404926513232 6.770780385423311 228
27 22 54 62.901954472749125 15.625280550157584 228
37 20 48 69.573743016237160 57.091980896712556 228
29 11 38 -98.930087099727047 -3.719928284311543 228
29 11 38 92.422264482132846 30.374900780857772 228
14 13 54 -81.093237056488590 12.337679897949736 228
27 22 54 -74.570865224582974 46.724576612924835 228
44 15 52 -53.387805875844748 16.388492544149020 228
14 13 54 -25.893554543519887 11.090743618902298 228
27 22 54 9.105658994407150 10.856112575377063 228
27 22 54 28.086090488982364 50.551744832336240 228
44 15 52 45.975146031569757 82.939731676137185 228
22 14 73 19.192733616022089 94.061889074929894 228
31 25 77 -18.213204025092217 83.025774306177752 228
44 15 52 -37.594063869689691 48.034600109188169 228
3 11 72 -16.314041941497475 33.096037034526049 228
49 12 87 -60.033140011327859 77.459809581358428 228
3 11 72 -77.125474255754028 62.069809253976473 315
38 23 71 -82.215730293849305 28.453008492056330 315
38 23 71 -44.061217081911174 54.148010371021805 315
38 23 71 -40.885949310407256 8.257731720971655 315
25 13 70 -73.709610263444915 -6.527642188403473 315
31 25 77 -0.443326561580953 34.111053851717593 315
22 14 73 -6.143996124848345 -4.470060265560523 315
32 20 69 -25.987376150460079 -32.078759422876018 315
22 14 73 -59.906330672287623 -29.732587190026308 315
40 13 73 -86.894591499879667 -28.936485750597036 315
41 14 90 -78.878522350699782 -54.719089098505250 315
17 22 81 -48.230621156607143 -73.605755093252327 315
45 31 77 4.762721794217192 -72.765753369255918 315
40 13 73 47.083106118429647 -84.806728024613065 315
40 13 73 67.918364481638719 -69.253850190002254 315
34 21 73 80.614560487802379 -37.713295233358352 315
34 21 73 38.828632630736649 -33.478176212114924 315
31 25 77 84.611963028058653 8.112688366900088 315
49 12 87 6.425580417632791 -27.229799841019378 315
12 12 109 -92.441115129142545 -32.536752045657735 405
19 40 91 -44.931883211192286 -53.676120119619085 405
19 40 91 -65.930789628414004 23.518736763989196 405
47 31 94 1.171828579292622 0.318766296965794 405
47 31 94 26.012436676328864 -56.487432214899592 405
23 36 93 73.431590545294711 -9.154316467556900 405
23 36 93 46.455468170269810 57.601123922029920 405
41 14 90 -57.520256629206969 76.859742891257270 405
46 14 90 70.077257078539006 -65.613855551616197 405
49 12 87 18.082050812911667 96.317389075905083 405
20 13 93 1.662488376502033 77.465387341424844 405
20 13 93 -2.194298801975734 51.753032477275781 405
46 14 90 -23.668419487763821 68.119526933090327 405
49 12 87 90.302730294350397 38.071208299524848 405
49 12 87 -34.831512502689712 91.601123010446585 405
9 16 80 -5.883038288320940 -93.815722885335958 405
25 13 70 -80.311610373783694 -54.397106900731025 514
33 17 69 -57.102046203864575 -73.405424318177708 514
33 17 69 -89.352052084304262 -25.791680602934292 514
32 20 69 -22.723380539042569 -87.084143085167128 514
25 13 70 -56.748317834961540 -43.407509786646798 514
34 21 73 -55.045264646481471 -9.450189370612673 514
34 21 73 -87.263832716229217 17.493527365113145 514
34 21 73 -23.354989166167229 -37.013324895835396 514
37 20 48 8.795743811525114 -62.456012823747535 514