28 10 100 100.000000000000000 0.000000000000000 0
28 10 100 98.000000000000000 19.899748742132399 0
49 19 100 80.277628055073677 42.854433071168344 0
1 17 90 74.033873422557264 7.400018281343792 0
49 19 100 87.171645257842428 -26.117125857201014 0
11 13 99 52.039080456337530 27.801711406502079 0
11 13 99 50.184391063320852 53.735475638781040 0
33 36 99 3.988044121122179 37.398476856997057 0
33 36 99 32.238481053790764 -28.827747654999062 0
33 36 99 -39.240330236663866 -20.180231450702134 0
11 13 99 -44.209545159422476 28.567146971644160 0
5 26 68 -50.454214278172088 67.063953431366699 0
22 16 94 35.514696528594826 78.751471766415648 0
22 16 94 -13.207847006475721 86.472923652939642 0
42 12 94 13.227734696885111 95.701142332887272 0
48 11 92 67.734228312545071 70.106279300353137 0
12 24 89 11.694808354568238 -85.201123569762402 0
4 22 94 -33.724870797516488 -77.917391990298469 0
42 12 94 -63.539796659202523 -61.575109534589721 0
42 12 94 -80.542572536033063 -44.636821177076456 0
13 16 93 51.186021555407194 -78.841557552659950 0
48 11 92 -95.258215668495026 -26.960570239787014 0
13 16 93 -87.601103197060127 -1.069092325233811 0
45 13 90 -93.045148318640145 27.415331009532878 0
50 12 88 -69.167915803032528 20.007378026717014 0
20 11 80 -8.513513741435059 -56.624494691180786 0
2 14 64 74.734893162735361 -60.255254907389876 0
28 10 100 98.000000000000000 19.899748742132399 100
28 10 100 100.000000000000000 0.000000000000000 100
32 13 100 78.391506605285286 7.878642853345402 100
32 13 100 79.709985110773644 33.845190841681571 100
19 30 100 72.102405363068172 -34.658954699468318 100
32 13 100 52.725035175452135 3.727469002305326 100
19 30 100 37.953287017783140 44.110577554847474 100
33 36 99 8.440771574594471 -17.246419462396556 100
29 29 104 -20.949749684019238 40.729413952458088 100
29 29 104 -76.899614876528190 25.445023714699982 100
23 27 91 -77.171456799706206 -30.554316477563027 100
47 28 95 -40.333292897989274 -71.394856145278482 100
45 13 90 -47.112145172960574 -4.164208775505521 100
50 12 88 -38.181806882527724 -31.452759205767734 100
26 16 82 -57.992357889487934 66.280249111727215 100
26 16 82 -31.644322494747211 84.440123308358935 100
15 21 80 5.338683297876601 83.318837197344465 100
20 11 80 68.389349017704390 71.581400803103989 100
45 13 90 38.883179165884279 88.865619774768589 100
6 10 55 -76.466650799187050 64.442620334334535 204
25 14 54 -86.099364442025021 42.460563381558636 204
25 14 54 -94.689084132586700 15.810671906402927 204
25 14 54 -58.713460452286768 48.292566696444446 204
37 16 45 -92.930747835859378 -14.137754654396764 204
25 14 54 -69.201671603494660 4.217924062518716 204
3 15 42 -63.623152089837625 -24.240468724772484 204
5 26 68 -31.885637788455256 18.623257113678477 204
6 10 55 -39.857148087255190 -16.483081680848741 204
31 11 35 -41.222095550672570 -37.438675645757264 204
31 11 35 -59.360404344191124 -49.888645690338400 204
5 26 68 -25.244407688200003 70.197417918828421 204
3 15 42 2.877099897385371 40.361519891219729 204
8 17 75 10.064430241072607 9.179116479508295 204
41 12 58 -9.587631819147701 -12.146840867847757 204
3 15 42 -15.245743081543326 -38.547329062999601 204
35 14 35 -33.381033209071973 -61.177204272340944 204
24 40 107 62.513881973224152 31.496262645555284 204
9 15 62 31.910773847923807 -14.203297232754000 204
41 12 58 10.621880365757599 -30.810013172547194 204
41 12 58 6.563583200288929 -54.464404395251471 204
37 16 45 92.682543097731468 -15.682672123625778 204
2 14 64 63.466321679465366 -22.495337243742078 204
2 14 64 42.596923543509369 -41.162640783432984 204
17 24 73 33.710184409508585 -78.108897259079058 204
8 17 75 -4.532917252137707 -92.889464748082560 204
30 14 111 -35.320453732400289 -89.266262093454813 204
38 13 70 -59.264916400600946 -76.789775908188332 204
44 13 119 -59.264916400600946 -76.789775908188332 315
18 16 115 -32.590863130871490 -88.169357717887465 315
18 16 115 -77.032540529034861 -53.870100237911203 315
44 13 119 -48.037405775988134 -53.338912274321743 315
18 16 115 -19.582048539111454 -58.932895159684371 315
14 29 119 -30.356571448467037 -15.241824492146691 315
14 29 119 21.652683563758696 -40.913548101465814 315
18 16 115 2.820165565383720 -81.783295664191016 315
46 31 112 18.896981515082224 19.023136042878715 315
16 13 111 29.848656001976934 -92.293324432895176 315
30 14 111 52.477314545994048 -10.932852232139894 315
21 26 111 82.573414141806964 15.415293606209149 315
16 13 111 80.342525912904762 54.351435399023529 315
16 13 111 94.540850069969849 -21.703171843015941 315
24 40 107 -47.233463680603805 51.662364529056177 315
30 14 111 -14.816603309159731 94.849714108050932 315
47 28 95 23.851204400480007 78.454573153172674 315
30 14 111 53.078038172261593 48.291811547566212 315
4 22 94 71.617639700523966 -51.136226725541007 315
39 13 109 53.226700838753402 -80.914966923585268 315
39 13 109 -77.533079162635801 -58.289121073837180 434
24 40 107 -25.009543614503876 -65.379834262517278 434
39 13 109 -67.840851159354273 -34.163186556550485 434
39 13 109 -92.994954798360283 -27.585111601204893 434
29 29 104 -70.313612716118868 7.763957995438592 434
4 22 94 -20.581707269506470 -3.538147146932204 434
34 31 87 29.739607952137870 -20.174409779023161 434
36 36 81 63.771788741002446 37.538766106159571 434
10 16 79 93.874162685417744 -4.862260802520211 434
27 31 76 10.587614203948952 78.287306924356130 434
8 17 75 11.269535733264384 30.292151095586739 434
5 26 68 -45.860705780511807 70.376101521136647 434
38 13 70 -78.458753446865643 48.966587553226887 434
38 13 70 -36.400434405345337 32.540889541973556 434