1 10 40 100.000000000000000 0.000000000000000 0
1 10 40 98.000000000000000 19.899748742132399 0
1 10 40 81.766312060385914 8.217823563497323 0
1 10 40 83.766312060385914 -11.681925178635078 0
1 10 40 65.532624120771828 -3.464101615137756 0
1 10 40 63.532624120771821 16.435647126994645 0
2 15 76 78.963536422653917 36.105089049215621 0
3 25 63 39.364028368498673 41.751234802638372 0
3 25 63 30.766566383535608 -7.504055749921717 0
1 10 40 10.935231578756920 21.335468515585394 0
3 25 63 -10.056462278664288 49.341696197947485 0
1 10 40 18.372334511077465 69.757462485000460 0
1 10 40 37.135997726435548 76.680246804955701 0
1 10 40 56.205377414677010 82.710069215747339 0
2 15 76 94.429155937405795 10.398774396490193 76
2 15 76 92.963408016680575 -19.565397259554146 76
2 15 76 67.746548119551179 -3.313936496639717 76
3 25 63 64.138487731876779 36.523004905015291 76
3 25 63 28.085156891677116 1.879717888233697 76
3 25 63 16.109855684648469 50.424461795282362 76
3 25 63 -22.737852423353040 81.902320279548974 76
3 25 63 -30.574623473458683 32.520288937083663 76
3 25 63 -80.345694268220612 27.741114118896220 76
1 10 40 12.106939927046001 85.194803545652576 76
1 10 40 31.801011337608074 81.710043686540104 76
1 10 40 46.371440085979252 68.009583618037340 76
1 10 40 -57.801466810063211 54.513447007810882 76
2 15 76 92.963408016680575 -19.565397259554146 152