2 20 65 90.000000000000000 0.000000000000000 0
1 23 95 76.777777777777771 40.916657237684674 0
2 20 65 50.584813875316058 6.814917663223996 0
2 20 65 33.835253626207418 43.139182713758466 0
3 29 103 2.675914343341681 80.955787207753701 0
3 29 103 -11.576851554848879 24.734272960524674 0
3 29 103 -63.878415914186185 49.805099942618789 0
2 20 65 -29.731324133198122 84.947327004954730 103
2 20 65 10.015461918111860 89.440989051814782 103
2 20 65 -5.966305618940346 52.772431589165322 103
2 20 65 -45.713091670250328 48.278769542305277 103
1 23 95 49.206568905813349 71.747568436271365 103
2 20 65 29.189068551879011 33.691035756845110 103
2 20 65 -4.913592063986485 12.786286561528353 103
2 20 65 -44.660378115296467 8.292624514668312 103
2 20 65 -79.815752286115838 27.374020346988523 103
2 20 65 -89.262982403634510 -11.494345236177551 103
1 23 95 78.914265228294454 36.627022039450566 103
2 20 65 53.509652413751120 1.934001880589499 103
2 20 65 88.177744624356762 -18.019027525416636 103
2 20 65 71.660618003137856 -54.449571416204506 103
2 20 65 36.992525792532220 -34.496542010198382 103
1 23 95 -5.792755629771232 -30.204724957446128 103
3 29 103 -35.864925418117153 -72.627178967332156 103
2 20 65 -77.184063708842572 -46.288446824119418 206
2 20 65 -89.619191857566364 -8.270456504734874 206
1 23 95 -44.800581985067438 -74.578199588078363 206
2 20 65 -39.876550477638247 -31.861061180714920 206
2 20 65 -6.829962293425112 -54.398208502038109 206
1 23 95 -50.592319289095386 9.782333238801392 206
2 20 65 -77.184063708842558 -46.288446824119447 301
2 20 65 -49.502700753433807 -75.163040239974222 301
2 20 65 -38.337250809061054 -36.752980001285366 301
2 20 65 -10.655887853652303 -65.627573417140141 301
3 29 103 -68.424298176406680 1.922200421242742 301
2 20 65 -19.540115455199171 -1.444798194675784 301
2 20 65 8.141247500209584 -30.319391610530559 301
2 20 65 29.320462229242075 -64.252279248654332 301
2 20 65 68.827189189038904 -57.989809693912981 301
2 20 65 87.158257659046583 -22.437426809668889 301
1 23 95 84.554242667904830 20.483653161901142 301
1 23 95 47.249015614841412 -6.429541269815532 301
2 20 65 44.645000623699651 36.491538701754486 301
2 20 65 -77.184063708842544 -46.288446824119440 404
2 20 65 -89.619191857566364 -8.270456504734874 404
1 23 95 -47.222061425736712 -15.445645083889017 404
1 23 95 -36.488348711141569 -60.175807294197831 404
1 23 95 -3.117748278913012 -28.515058301280000 404
1 23 95 7.615964435682137 -73.245220511588812 404
1 23 95 53.390003564000587 -68.691393343242083 404
3 29 103 -64.288236121260653 33.674062582808858 404