32 10 117 100.000000000000000 0.000000000000000 0
32 10 117 98.000000000000000 19.899748742132399 0
32 10 117 81.766312060385914 8.217823563497323 0
41 29 116 75.152608858698386 -30.217302687888765 0
24 24 118 48.587283230877020 15.644265910315738 0
37 27 113 49.483237704594274 66.636395357721895 0
41 29 116 0.903387492054222 38.779651949218945 0
16 12 112 67.982935034505275 -70.585554783498267 0
42 20 113 37.336463861008887 -61.377199631134971 0
42 20 113 26.715249542171289 -22.813099662468264 0
41 29 116 -21.604233363429060 -14.675067238387079 0
42 20 113 -46.752013291376358 27.379530188000572 0
41 29 116 -80.598788675090887 -8.052034780603009 0
42 20 113 -39.369228948793150 66.692307949828958 0
16 12 112 76.440115193263054 38.452592277567824 0
9 20 111 -5.149215824304161 87.404398664187113 0
36 10 101 24.194468253678082 93.645248344444752 0
26 15 100 -79.479975621417452 -52.037808132346306 0
16 12 112 -55.196509331324236 -40.234704094089828 0
16 12 112 -55.391491867024541 -64.233912035410981 0
26 15 100 -39.786164883747077 -86.267381343375035 0
26 15 100 -88.203832550353695 35.285746746089480 0
12 10 100 -67.397504905608571 49.145643208167215 0
26 15 100 -29.063109146905877 -58.249243010063218 0
40 19 110 -5.928049179748303 -83.164479318716261 0
21 12 107 6.066887348324125 -54.579142208800732 0
17 20 109 73.538102986657961 51.885907615880512 118
36 10 101 61.081335272854687 79.177461952787539 118
21 12 107 41.326651000508711 88.860046798784396 118
45 37 108 16.798768995037612 46.440911914563955 118
17 20 109 63.145311907074792 13.259622607144088 118
17 20 109 88.197152552983567 -17.923790936789704 118
40 19 110 49.569671941867227 -23.301312823107956 118
40 19 110 14.165645870456832 -9.497149033334464 118
36 10 101 95.073648846962215 31.000020885872317 118
19 20 101 -23.327170338787433 86.924352882176777 118
19 20 101 -58.690318993633497 68.230832153986981 118
19 20 101 -82.460318217638331 36.059616185503458 118
12 10 100 -99.362433364064557 11.274166752883737 118
12 10 100 96.069689697252912 11.024838718378771 118
12 10 100 6.199892127719746 92.230253569052010 118
3 18 100 -90.709512454888753 -15.355271088339077 118
3 18 100 -44.588223600205758 32.944419676736423 118
3 18 100 -57.919053547270678 -0.496408257428678 118
25 16 99 78.005668207443435 -52.451079374120127 118
5 18 99 44.854200259788037 -59.999600614441071 118
5 18 99 -61.446130318162950 -36.323210088630866 118
5 18 99 11.520752918253937 -46.402494733807018 118
5 18 99 -18.599626608469450 -26.685427579533219 118
25 16 99 -34.326268808454842 -56.829626442890635 118
6 15 97 -60.753858477468469 -73.034024126428449 118
46 24 91 -6.682274302556884 -85.739997726530106 118
48 13 97 29.725579503273558 -92.333038091435952 118
8 14 91 -15.403388058581410 5.154548223413144 118
2 10 63 -81.099145390615860 -58.505799857037687 118
2 10 63 -30.558748894452037 57.808991445415387 118
50 20 73 88.197152552983567 -17.923790936789683 228
49 15 72 79.601416199314613 -51.851851838323896 228
15 16 72 92.291055981280380 17.842673170244716 228
15 16 72 55.317128666843800 -32.583396294604697 228
50 20 73 57.680832539618564 7.936491599213258 228
49 15 72 70.947312765820612 40.324768836630341 228
47 21 53 52.974335304757687 71.517269236311762 228
11 14 74 42.019790188171676 38.275759925080393 228
49 15 72 19.977981683805375 57.121414009161569 228
15 16 72 19.909173695263316 88.121337645530630 228
18 21 83 23.189797648782850 -14.230342007758077 228
11 14 74 20.265768229086021 20.647302006033158 228
50 20 73 -9.144218859969296 37.707567520426522 228
49 15 72 -6.947553295616551 72.638566080421725 228
30 12 65 -20.922508380173049 95.740527693770247 228
11 14 74 -35.889021032270854 74.480153778088606 228
13 15 75 -64.500247516659726 69.747530926116880 228
11 14 74 -45.223357299337380 48.081855225846141 228
13 15 75 -83.033415336746330 46.156818970931909 228
28 36 77 -60.416470376434610 0.446056554819982 228
11 14 74 -11.592908613869664 -10.336328005981310 228
14 22 86 -66.880530146660917 -57.192610425662330 228
4 18 79 -29.243656399270129 -43.647658062402947 228
13 15 75 -35.091391727371857 -76.125404159268584 228
34 11 63 -92.207816173449302 -36.037739059538410 228
18 21 83 47.852494828640388 -68.822591120946370 228
29 16 61 15.725163810579449 -50.469536834099749 228
29 16 61 -4.095986636071195 -75.591678362465558 228
39 14 90 19.611280123163258 -93.975516449396665 228
31 11 89 44.040661899105793 -88.664649660891641 318
33 25 89 62.411296979192144 -57.704679267586975 318
39 14 90 90.850938008157271 -31.017850715966176 318
33 25 89 84.669431653805518 7.489148377589657 318
33 25 89 39.240904187422721 -13.397423678066200 318
31 11 89 51.134391484693708 20.581171936079684 318
7 27 90 11.618669927180861 -68.845102830238943 318
33 25 89 -10.083310031285691 -21.590218787609899 318
7 27 90 15.106013694363227 32.662396782808656 318
39 14 90 54.074696182437656 45.407661987724623 318
39 14 90 81.592079741185074 50.583915660099841 318
30 12 65 66.640211247684022 71.854590979728286 318
35 18 92 36.642723532874456 72.242831626556438 318
23 12 64 18.608436411936424 96.217077976328710 410
13 15 75 43.027570507554330 84.697273723641430 410
4 18 79 67.478446430873475 62.535264189701309 410
13 15 75 35.185580382364122 55.740354155489513 410
4 18 79 54.475680697253487 28.965514663132037 410
20 15 76 21.475805404650441 29.056237717794673 410
4 18 79 2.185705089761083 55.831077210152145 410
22 20 57 -17.627735572900853 88.256801089615109 410
20 15 76 -51.584449319321735 79.774962164969580 410
20 15 76 -73.888453936833088 59.711777521896764 410
20 15 76 -88.824080876433101 33.693955785227573 410
4 18 79 -91.996103165277532 0.846759944500551 410
4 18 79 -60.075278429668742 17.491907832054629 410
22 20 57 -60.561990938290243 -20.504975078704661 410
22 20 57 -37.226733429315416 47.855438446375963 410
22 20 57 -26.283566839580594 0.110301812693176 410
1 12 52 -30.548542596614595 -31.604205621475060 410
1 12 52 -5.057349749348084 24.057070029684823 410
25 16 99 9.716071568578073 0.271653855839030 410
43 12 41 -4.843545816439871 -23.645234353162643 410
7 27 90 82.781617026641712 -6.016966216825871 410
23 12 64 84.208975201068057 32.956905141327638 410
23 12 64 44.367835381814757 0.719604108165615 410
25 16 99 80.253495502636284 -48.942583295207641 410
23 12 64 56.221029564724802 -34.574543034158651 410
23 12 64 35.934791120596920 -21.750014591054473 410
14 22 86 16.808021256592983 -49.859918087321240 410
43 12 41 -17.151571368243335 -51.517044743664357 410
43 12 41 -41.095081523717518 -53.162742600108437 410
35 18 92 20.483717430956251 -89.690675770721782 410
23 12 64 49.993432088781276 -84.289125917786180 410
23 12 64 -5.809691168844033 -75.245722873465638 410
39 14 90 -25.120759748422593 -92.654991390977045 410
38 13 95 -50.309800057085553 -82.933250377734950 410
10 17 95 -70.455808809620748 -60.704027913987453 410