1 16 60 94.000000000000000 0.000000000000000 0
2 27 98 73.808510638297875 37.964506546987671 0
1 16 60 62.184860035871964 -3.434657051721949 0
1 16 60 36.807047392935999 16.058075580211408 0
2 27 98 69.178514188783680 -45.862110446775731 0
1 16 60 34.814680300455251 -20.013959246054029 0
1 16 60 9.436867657519279 -0.521226614120669 0
3 19 60 6.994045053506092 34.393420995805485 0
3 19 60 34.041245558127471 61.085160258408990 0
1 16 60 94.000000000000000 -0.000000000000007 98
2 27 98 73.808510638297875 37.964506546987664 98
1 16 60 62.184860035871964 -3.434657051721956 98
1 16 60 36.807047392935999 16.058075580211401 98
1 16 60 31.921121371552530 47.682871657238806 98
2 27 98 6.974226467715319 82.706469911228950 98
1 16 60 49.867724367074956 79.681930614471426 98
1 16 60 94.000000000000000 -0.000000000000014 196
2 27 98 73.808510638297875 37.964506546987657 196
3 19 60 48.984272847832450 76.691205581664349 196
1 16 60 62.184860035871964 -3.434657051721963 196
1 16 60 36.807047392935999 16.058075580211394 196
1 16 60 94.000000000000000 -0.000000000000021 294
2 27 98 73.808510638297861 -37.964506546987685 294
1 16 60 62.184860035871964 3.434657051721940 294
3 19 60 81.433574756795394 32.666266340170388 294
3 19 60 43.434942598506176 32.988685475812730 294
3 19 60 62.713481839783277 65.735256666130340 294
3 19 60 33.251344563241005 -16.259293349226695 294
2 27 98 0.621908594195098 16.164770374216928 294
1 16 60 16.997391488512800 55.924593814190956 294
1 16 60 32.729821295552334 83.790175673656478 294
1 16 60 94.000000000000000 -0.000000000000021 392
2 27 98 73.808510638297861 -37.964506546987685 392
1 16 60 62.184860035871964 3.434657051721940 392
3 19 60 81.433574756795394 32.666266340170388 392
3 19 60 43.434942598506176 32.988685475812730 392
3 19 60 62.713481839783277 65.735256666130340 392
3 19 60 33.251344563241005 -16.259293349226695 392
2 27 98 0.621908594195098 16.164770374216928 392
1 16 60 16.997391488512800 55.924593814190956 392
1 16 60 32.729821295552334 83.790175673656478 392
1 16 60 94.000000000000000 -0.000000000000021 490