2 15 90 95.000000000000000 0.000000000000000 0
2 15 90 90.263157894736835 29.623678483095365 0
2 15 90 66.976720827465385 10.709613644674024 0
3 17 66 70.897552511370804 -21.049276117193966 0
1 34 109 21.632204901872761 -7.861193431855447 0
2 15 90 47.654126901049835 33.658194514846571 0
2 15 90 70.940563968321285 52.572259353267903 0
1 34 109 5.198695467361787 58.123196901509296 0
2 15 90 -32.685759287582144 89.200006388980924 0
1 34 109 -43.728708097304946 10.899165091209177 0
2 15 90 -43.769110243652122 59.899148434742784 0
1 34 109 -50.541583194599625 -56.758685398653874 0
2 15 90 -82.242165026561949 -19.394623634505962 0
2 15 90 -94.670116024298466 7.910065230190167 0
2 15 90 -32.685759287582144 89.200006388980924 109
2 15 90 -3.240921489759629 94.944701947487388 109
2 15 90 -12.988288097996659 66.572376625007635 109
2 15 90 -42.433125895819153 60.827681066501157 109
2 15 90 -72.426091146594615 61.477323634208162 109
2 15 90 -87.985180738996348 35.827475076066207 109
2 15 90 -57.992215488220907 35.177832508359224 109
2 15 90 -94.770124883741929 6.604803518648946 109
3 17 66 -62.915423850619526 3.558818933922584 109
3 17 66 -22.297942236036381 35.956525504549134 109
1 34 109 -59.467567375388974 -47.324501375646555 109
3 17 66 -30.167063887071837 -5.581472073365257 109
2 15 90 -12.780939942490100 -32.446369135956836 109
3 17 66 -11.417215416779124 -64.417297421165799 109
2 15 90 -94.146353911650351 -12.706850323438864 218
2 15 90 -93.414430072162531 17.284219805737763 218
2 15 90 -67.807363373358854 1.654820102517554 218
2 15 90 -68.539287212846659 -28.336250026659055 218
3 17 66 -65.884569959996554 33.597000139101326 218
3 17 66 -39.915151142227828 -14.030347950568293 218
1 34 109 -14.981203801016129 30.458957168591329 218
3 17 66 -6.410994541927316 -19.815803032283107 218
3 17 66 -28.173423915296375 -45.938526239658017 218
1 34 109 -75.998699878470333 0.444541091681536 327
1 34 109 -45.933892851872322 -60.548141899423413 327
1 34 109 20.903476596307691 -73.068766694037038 327
1 34 109 -8.145083449903403 -4.014913758960169 327
1 34 109 -38.209890476501407 56.977769232144787 327
1 34 109 58.692285998276617 -16.535538553573790 327
1 34 109 55.973242576732126 51.410077956041860 327
2 15 90 27.151650200089534 91.037288466935223 327
2 15 90 69.132439247415533 -64.410408789789514 327
2 15 90 -81.292803553860068 49.157706317051819 436
2 15 90 -61.910663957738180 72.056017710611926 436
1 34 109 -35.996679833389258 30.469175719388396 436
1 34 109 -70.635384008222218 -28.047148268781012 436
2 15 90 -83.679599569802974 19.184710051456772 436