3 10 111 100.000000000000000 0.000000000000000 0
3 10 111 98.000000000000000 19.899748742132399 0
7 14 108 86.755771184755062 41.102751320786574 0
7 14 108 77.291936981849346 7.768131948139056 0
12 18 108 84.601776633706464 -23.385780234187862 0
13 28 108 45.218624596546967 34.884596183632759 0
49 11 107 75.864029289698806 63.605416907144971 0
49 11 107 59.943827485845439 78.789196888578587 0
21 13 105 36.261978287879145 74.894326086512976 0
13 28 108 -3.055168915140783 63.268409528406139 0
21 13 105 56.756207297924846 -9.761380490853151 0
12 18 108 25.892408594880106 -6.858635304321266 0
21 13 105 7.736610061135284 18.268381621730057 0
13 28 108 -33.204801939169322 16.077312608368267 0
21 13 105 -43.368760126716239 55.797508402973790 0
24 18 105 -74.328355166882716 54.215271079150156 0
34 13 101 -39.756061706107843 81.545292970227990 0
35 30 99 45.532188288008896 -51.270673393347231 0
24 18 105 17.593814368102159 -90.302035945934037 0
24 18 105 -1.685799083653123 -59.899790878326002 0
24 18 105 -22.644801549977362 -89.169574198614086 0
24 18 105 -37.513676235450760 -56.383653964652538 0
34 13 101 -17.134646450201675 -33.023535278911005 0
34 13 101 -41.542854641113649 -24.065892011337908 0
30 17 97 -72.461432207214202 -58.295290053994073 0
30 17 97 -88.572105515410072 -28.354578546807303 0
1 14 100 -70.557568983143057 -3.126093187443826 0
30 17 97 -88.448720240846427 22.190042115441155 0
17 10 79 -50.498675982047722 -86.312708937097767 0
22 10 60 -99.975223091518458 -2.225930771860543 0
48 12 58 21.350294462046953 94.960259542956379 0
41 11 58 9.874620352127177 -31.033631887781752 0
48 12 58 95.599999999999994 21.555509736491995 111
16 25 62 83.912995959824073 -13.550243874061817 111
31 20 59 64.036350595482318 26.822011067422334 111
16 25 62 34.344907235532872 -6.992456120497614 111
6 20 58 25.380871728302818 37.105685194359637 111
46 16 64 52.404208213938773 60.890959739424218 111
46 16 64 34.524870516190688 87.430162506084059 111
44 25 68 -3.353080389977912 71.737462446824622 111
44 25 68 -53.067299616096541 66.399259871292529 111
6 20 58 -24.215444983270160 31.865646040037404 111
44 25 68 -81.216911255788091 25.076150543284012 111
33 23 76 -83.946726250722264 -22.846162736580023 111
6 20 58 -45.899565418629614 -2.810855086911290 111
8 19 54 -67.198623688547968 -61.362406849511032 111
27 28 78 -23.116732635691882 -45.059435304294908 111
20 30 78 26.198203949570335 -75.588716815518950 111
5 15 72 69.797006552664044 -64.446705705469327 111
5 15 72 -17.156845954386284 -87.644406253515911 111
47 15 49 -5.636493337014251 -5.772780648280140 111
34 13 101 68.619697817977354 -68.559004305557664 189
35 30 99 75.611869548034491 -26.131306577571166 189
1 14 100 44.231448391492336 -56.973958344856712 189
34 13 101 33.069657469004426 -32.389117011167642 189
35 30 99 27.941447962006315 10.303990948458981 189
30 17 97 91.200082071422088 18.208378021281163 189
2 33 81 -2.550517161986591 -61.495871540961993 189
35 30 99 -64.068010304400474 -47.909185503776143 189
35 30 99 -31.550883352254466 2.515376514926796 189
29 22 94 -87.982899625202592 -1.734754605563822 189
29 22 94 -77.824871634190430 41.076627845062710 189
29 22 94 -35.870163382737879 54.335679679017488 189
28 17 93 2.896420809958334 50.075169142638487 189
37 13 93 32.750126299850656 53.034268418224457 189
37 13 93 -39.829372839231695 -88.445582474386313 189
23 22 91 67.540815505013839 49.212234322387275 189
28 17 93 45.278034456198881 81.233611244258171 189
50 15 76 15.796670791840477 93.677452953708212 189
37 13 93 -12.085436575288126 96.244180202153984 189
37 13 93 84.365525086950498 -47.869177732682289 290
28 17 93 91.113274877239292 -18.637895298145516 290
28 17 93 91.723355213771143 15.356630760956673 290
28 17 93 61.978191888710619 -1.112287198808481 290
28 17 93 62.588272225242477 32.882238860293697 290
25 19 92 54.518128428490698 -36.330854080064334 290
19 14 92 32.773318703339513 -11.508218240634015 290
19 14 92 36.308456499177488 16.267721001170894 290
25 19 92 30.253083516722604 48.707395137070534 290
10 30 88 -7.763518214190725 79.622407555523779 290
2 33 81 -10.689987347308481 16.650181468023607 290
36 27 83 -60.160224761580750 57.181704737058048 290
23 22 91 -86.552283933598446 15.896607999122253 290
25 19 92 -87.471924040792118 -25.093076826126655 290
19 14 92 -59.401198265283462 -7.742735203086660 290
23 22 91 -50.396844411438721 -42.598460868674970 290
40 38 82 1.920021912697116 -71.974394862720189 290
45 14 92 -49.657321291852369 -78.590864311007039 290
4 18 119 61.900898581958295 67.875488458959410 290
38 14 119 37.372471581051656 88.426796662117567 409
4 18 119 5.554185957981712 91.832189445445323 409
38 14 119 22.512616215576109 64.695283888652241 409
32 16 115 61.719591318521907 70.899168171951317 409
38 14 119 43.973348284326306 46.710930158998323 409
45 14 92 82.434503327876328 49.199112401407675 409
15 21 92 87.792368632687399 14.611639533684286 409
15 21 92 84.717407793046164 -27.275645122099672 409
45 14 92 58.330031775677483 -4.282028901113536 409
15 21 92 -11.585304469050374 56.800234491408354 409
23 22 91 42.773550667905823 -36.747331849700714 409
23 22 91 27.683723288476610 14.607221378008719 409
23 22 91 -16.312885015923367 14.060908547111712 409
10 30 88 -62.174725166040346 50.341866776345796 409
11 17 83 -91.944449510504256 13.972050823352120 409
36 27 83 -78.196937777340480 -27.825149096577036 409
43 16 82 -29.146687196352740 89.367055593646853 409
50 15 76 -52.233318307117784 5.188340025378443 409
50 15 76 -36.830803449070011 -20.555834772964147 409
33 23 76 -38.718997314954635 -58.508894253391233 409
9 22 69 6.199927161395865 -61.208935713798887 409
47 15 49 -10.004589825493778 -94.471732187060198 409
47 15 49 28.745331280972717 -90.546705790697487 409
39 16 46 7.261396298800808 -23.223763826991046 409
39 16 46 61.719591318521907 70.899168171951317 528
26 17 43 81.621149556390364 44.575642957711295 528
26 17 43 92.188418771973531 12.259504244594769 528
8 19 54 87.916998770878720 -23.486194394182011 528
8 19 54 56.743121258530671 18.554810764814533 528