32 10 118 100.000000000000000 0.000000000000000 0
32 10 118 98.000000000000000 19.899748742132399 0
32 10 118 81.766312060385914 8.217823563497323 0
32 10 118 83.766312060385914 -11.681925178635078 0
1 25 118 70.291971924572152 41.283508471686559 0
8 27 95 47.310008688948507 -5.362277681367427 0
40 29 115 16.291975962317814 41.262626026518852 0
46 31 116 -10.242768286964470 -12.551009305292560 0
20 28 117 -40.616290649545512 38.030105147532524 0
46 31 116 -78.685257497955675 -7.044874199047861 0
38 24 117 -15.581772338294158 83.607214456083682 0
10 11 109 -50.548965310306045 85.122277378236745 0
10 11 109 -68.099775906824902 71.856944837922441 0
47 14 109 22.417608881952656 83.824071271410219 0
47 14 109 48.493004448898084 73.622417188501728 0
28 13 94 -82.590036951877707 -50.871266902717053 0
47 14 109 -56.045147108138650 -45.934788078316082 0
13 15 88 -86.980977456070804 38.200910470648502 0
50 10 75 98.000000000000000 19.899748742132399 118
50 10 75 100.000000000000000 0.000000000000000 118
50 10 75 81.766312060385914 8.217823563497323 118
29 23 76 77.961298070185492 -24.562076810579150 118
7 18 76 53.768155997684701 8.539159973864299 118
29 23 76 75.031349040614259 43.594496537918459 118
15 32 78 28.343732352856467 72.667962929406784 118
30 20 74 -21.529628061257803 87.386927601008495 118
29 23 76 -18.877112676330761 44.468817645737566 118
16 15 77 -49.728309669984341 66.654480675243363 118
29 23 76 -77.103592109937267 40.299331058274646 118
29 23 76 -86.875604939657293 -4.650727509604742 118
15 32 78 -32.042506405381815 -8.932234852870209 118
30 20 74 19.957338549496683 -8.805251906776233 118
16 15 77 25.603346566129765 25.736354794072454 118
42 17 79 3.961841537057685 -42.169065767380587 118
9 26 80 -57.917086104361289 -60.840867327644183 118
11 27 72 50.165706564770836 -66.124139955520846 118
5 21 64 4.266095755797107 -80.167847713258524 118
34 12 47 -28.409383160876054 -84.784456594899680 118
47 14 109 -89.086452828360066 -35.771551859828179 198
24 31 107 -51.245336168192864 -60.124167528614514 198
24 31 107 -78.595075549529810 7.988372760687859 198
18 38 101 -10.697285630323478 -4.295361365681124 198
8 27 95 2.063854233269801 -82.974336428222273 198
19 29 103 53.495705419509235 -60.821127099627894 198
19 29 103 80.445398270937147 -9.462446672520969 198
33 12 101 41.306483319142089 -21.674954048000977 198
12 22 98 77.621675868939249 41.459322658448436 198
25 32 93 -41.216156634510426 58.701452146033866 198
41 23 99 13.344922686719165 51.766856029280390 198
28 13 94 48.265284461223146 60.517189367945917 198
13 15 88 47.607088357372376 19.823136846006946 198
23 14 87 -13.092726075557707 95.102999552645088 198
34 12 47 -97.366469198164083 -11.125227003659912 307
48 17 50 -85.138946843268727 -37.421380658910245 307
48 17 50 -65.998812041358661 -65.522185625400283 307
48 17 50 -51.232868474541391 -34.895940171842511 307
4 16 42 -92.548172875218071 16.457086542239136 307
4 16 42 -33.138162796191949 -62.492708577108885 307
26 22 55 -12.469614895072212 -30.605232545614655 307
37 17 42 -0.558297508470499 -67.741744472768502 307
22 15 60 -22.056735989950500 -91.444426659770471 307
31 24 64 -70.222427120638073 49.646860215794867 307
4 16 42 -61.068790208548990 10.708306939104681 307
37 17 42 -34.261698547044396 29.953561851723819 307
4 16 42 -10.238011892214853 7.329183860040488 307
3 26 64 29.274390936582268 -6.910550080411687 307
43 27 70 81.747879115777096 -14.362599349431676 307
37 17 42 73.091935414363334 -57.502773649473113 307
5 21 64 82.400386158949487 33.632965388975251 307
21 17 71 64.396730579597033 67.097400029053233 307
27 15 66 47.010485495425769 40.232581364615328 307
3 26 64 21.739852736620996 72.518725760774231 307
31 24 64 -27.446402115152694 81.502730082699330 307
16 15 77 -4.121473676918896 40.703763932534606 307
28 13 94 19.573570543735642 -44.684801677309423 307
35 21 84 36.936571613020760 -73.917081675079075 307
1 25 118 47.416148421760106 -70.545792708322566 401
46 31 116 -8.002551165153314 -78.593633169927344 401
41 23 99 79.655968910329307 -34.984662596009862 401
47 14 109 42.791473672317522 -31.820963677559011 401
41 23 99 54.247078120374304 3.360979513937131 401
12 22 98 -59.247416748383280 -65.067223766220366 401
12 22 98 -83.342023908650731 -28.250788498905454 401
25 32 93 -30.043514073224738 -19.575026323568963 401
41 23 99 -85.381560273309461 16.702968756937320 401
39 22 98 -43.344307073345931 32.761279483852405 401
36 21 92 11.417113246133313 13.440369816494256 401
39 22 98 39.605264921773610 45.912328567254846 401
17 30 91 0.335954417532243 79.999294588323352 401
13 15 88 94.999744822154781 -0.220190202951969 401
23 14 87 -79.852604123932949 53.287537141684894 401
23 14 87 68.865800547248739 66.884239660674581 401
2 15 86 90.331576953886753 29.414387721386202 401
31 24 64 79.281861251128589 -33.322462042244041 519