19 11 97 99.000000000000000 0.000000000000000 0
19 11 97 96.555555555555557 21.863775779997951 0
19 11 97 78.843192529652626 8.814936902970350 0
48 27 97 74.347673982525038 -28.918209175675575 0
48 27 97 66.125451760302809 44.623582084317519 0
48 27 97 31.148185640222785 3.482473023366048 0
31 24 96 15.673179089436879 52.077988991952424 0
47 38 98 17.270993643723969 -60.018893436674077 0
29 17 96 -9.951358275716629 -12.228271386169977 0
31 24 96 -24.653946797553722 26.044877043996365 0
2 14 98 43.002343841638428 78.480957649795130 0
2 14 98 -20.469204099095890 63.813752173495573 0
2 14 98 -2.618560706943418 85.385829738862412 0
32 23 94 -57.437516962208313 65.344713980673532 0
32 23 94 -82.729715049801328 26.922003041725478 0
7 35 93 -68.986233823652100 -29.426171052795844 0
38 13 86 67.316652684174443 -69.838873640675430 0
45 18 83 -32.252451506551253 -86.161356603860185 0
49 14 80 -30.727961835375613 90.949394508395159 0
20 12 53 21.986205797741981 93.788535567933877 0
14 13 103 67.316652684174443 -69.838873640675430 98
6 25 108 78.155450072562260 -33.417444904648647 98
11 16 106 42.852300142971075 -54.266608078474263 98
8 15 111 94.956239518825981 2.883153905595719 98
6 25 108 55.859634497668402 11.336287988265667 98
8 15 111 88.567912660395521 34.361677010596438 98
11 16 106 62.889656813137080 51.729094108217424 98
17 33 110 13.890978696008624 51.369173597497095 98
16 14 112 51.542504957810500 79.500340835221934 98
12 38 113 0.272306674895397 -18.312472281323444 98
17 33 110 -49.345797123220407 32.471814417215562 98
17 33 110 -70.962868074460843 -29.887645518619657 98
11 16 106 -28.098491969434143 76.625546124760831 98
16 14 112 -59.374398416144615 -75.436601280286510 98
16 14 112 -94.208487216959114 18.459711164914001 98
14 13 103 -4.528166805557374 93.520509032950883 98
37 15 83 -34.299353289099095 -60.868069718161557 98
35 25 71 -2.373677524598165 -84.966850330050590 98
30 27 113 14.765852566894955 -81.676003807561003 211
30 27 113 61.889201886699169 -55.305756389614565 211
30 27 113 82.815873502683516 -5.525495089810647 211
12 38 113 50.787337395455701 51.035736109907809 211
17 33 110 12.161545064607015 -21.732550600112845 211
29 17 96 14.017241969127134 91.937570816173633 211
29 17 96 -19.964770538533216 90.831756216335023 211
29 17 96 1.283469398523248 27.069779977462620 211
7 35 93 -54.277003905901765 51.759123321388707 211
4 30 92 -79.587819637558567 -8.110423252793012 211
9 24 79 -36.105357236853706 -78.053847943577878 211
27 19 78 -38.091005235688094 -35.099718898458995 211
1 15 77 -71.760895731950697 -62.252500702767769 211
1 15 77 -0.718361563665255 63.532254614371610 211
15 15 74 -36.542949056230121 5.009756495849370 211
28 13 59 -23.230463270948349 -94.177203060067143 324
25 15 59 -48.337878162802582 -81.782941587583238 324
28 13 59 -23.861517250400794 -68.184862440665100 324
25 15 59 1.245897641453414 -80.579123913148948 324
28 13 59 26.130959204987917 -93.413987020291856 324
25 15 59 50.843188881453457 -80.249424573418892 324
5 13 58 73.301980823560925 -63.528100926615991 324
13 21 57 83.403090431802866 -31.063233998161120 324
13 21 57 88.361332321908563 10.643070529562287 324
13 21 57 -49.453073052361610 -45.800218784016778 324
3 16 61 47.986598458662925 -49.381319818568429 324
3 16 61 -12.714103356838756 -41.412952469846431 324
3 16 61 55.632139722836087 -6.613810759153248 324
3 16 61 54.415461106619013 25.363051081009242 324
50 17 63 19.240830820943355 -33.173888099809467 324
26 20 65 -85.867434331511262 -26.958926561040997 324
50 17 63 -54.046918157928374 -8.078917280144189 324
23 14 65 -95.839681806819058 5.545754337119174 324
26 20 65 -68.626116803233103 25.927655126682485 324
26 20 65 -29.176399692373327 19.315558645751636 324
24 26 67 13.747168549366618 35.855428336794972 324
33 15 67 -23.123122826640852 53.788125118046501 324
33 15 67 -1.041222734246720 74.095505261962757 324
22 20 71 52.077726843533853 61.287068096304147 324
15 15 74 -1.556177842941189 -2.181495687066885 324
44 21 76 -55.461958826232596 69.605826790271522 324
15 15 74 -26.152611768734769 90.509467025004412 324
18 18 119 -82.235257620857794 41.247574523008623 400
41 32 120 -77.532099962085326 -8.530737099993711 400
36 21 88 -44.190636838148826 32.668132262589310 400
39 37 86 -35.904988465087044 -63.559671202122871 400
39 37 86 3.216745740793741 -0.746536327923050 400
10 19 85 19.336879151054923 -54.376204412252847 400
10 19 85 51.025316950917087 -75.348636550759522 400
10 19 85 53.343757062077977 -37.419428340582485 400
34 19 83 88.218350855546760 -22.327619047441047 400
36 21 88 87.230259758609819 17.660175040057130 400
18 18 119 74.183586177664054 54.413192718504320 400
42 26 88 35.829094017729645 75.975496193632651 400
24 26 67 -68.408430774247549 48.747170164071903 520