26 12 116 98.000000000000000 0.000000000000000 0
18 14 111 92.571428571428569 25.426966241470851 0
35 23 111 63.130254527808823 3.016761625419454 0
30 28 109 61.711596371080560 53.997026523067333 0
35 23 111 76.780686449185978 -40.911198813916307 0
18 14 111 42.278225948579149 -27.547807799504376 0
2 17 110 23.560802459134418 -2.836311326874828 0
15 35 113 -0.378039767256830 43.325705882731029 0
22 18 71 29.659553736446863 86.991974059737615 0
44 17 105 -23.157599158554923 90.070670038651855 0
44 17 105 -53.984248508540119 75.727808056011924 0
16 14 109 -77.938240760384105 56.050250910913874 0
30 28 109 -80.770629003182165 14.145864781988653 0
9 22 110 -80.365407577784993 -35.852493147011373 0
30 28 109 -34.122411825153037 -16.837095601283774 0
50 21 99 -47.770242569543782 -63.898084923358830 0
28 16 98 57.165734312375776 -74.619560575809231 0
9 22 110 23.012751833494967 -57.959014732492442 0
9 22 110 -10.889124125598382 -86.006524540927288 0
34 13 91 6.167379370297333 -27.279486923607529 0
26 12 116 22.586235517995323 -91.956339389479979 0
26 12 116 -10.462607810098735 -52.009199883939750 0
26 12 116 95.061224489795919 23.819395426849606 116
18 14 111 95.975595063065612 -2.164521261262269 116
9 22 110 80.818826303684801 -34.818347388910141 116
18 14 111 67.992886467809001 -1.180641353472854 116
15 35 113 53.412550241410472 45.599843846289353 116
15 35 113 21.519702040087417 -16.712644738322354 116
33 39 99 -20.573233022271310 44.149369834283206 116
50 21 99 -80.295894042782237 38.387099393810530 116
13 26 99 -83.568956491927821 -8.498794670438610 116
9 22 110 -35.993588255821152 -14.869378411262741 116
13 26 99 -61.452792465277042 -55.561256237448447 116
37 17 98 18.568198877088136 84.198693285095800 116
11 27 95 27.061536556003144 -78.464471190648482 116
47 16 93 -10.058805842166890 -56.760089599766417 116
47 16 93 -29.169211426619441 -82.427041082124532 116
40 14 91 66.914921754893413 -68.835988018888003 116
34 13 91 96.993696693092843 -1.105803693387806 232
48 25 88 78.670991688026191 32.185013077867680 232
48 25 88 61.543054366973102 -14.789807444685430 232
49 19 74 36.089986922287387 21.100878779685928 232
48 25 88 40.813127400428961 64.846643649256336 232
43 28 77 8.589740910581781 -17.013901415084579 232
12 15 86 2.380420215478285 25.535415107103645 232
12 15 86 1.912829905637871 55.531770874132135 232
29 13 83 7.421285024990107 82.984583520527451 232
29 13 83 93.803114066004085 24.697687979246687 323
14 15 81 94.943391599941776 -3.279083942217000 323
14 15 81 89.186861248674305 -32.721610299765487 323
14 15 81 68.977930857728325 11.747387647766203 323
14 15 81 71.510767165831410 41.640275434601968 323
14 15 81 44.356348795902505 28.887332127628948 323
38 13 80 47.882886487993396 56.664364580831403 323
23 26 79 9.402805492703777 50.317446699217484 323
38 13 80 35.342469667952720 79.440183907029990 323
25 28 79 33.643119047565705 -12.756715566601635 323
41 16 49 9.962402606719394 93.470586466019512 323
36 20 73 -24.104757813351185 81.833207855989812 323
43 28 77 -43.116530548310266 37.758810554673630 323
43 28 77 -81.959397441608274 -2.580149415924701 323
42 15 68 -86.043220415917020 40.268650591470291 323
23 26 79 -64.585915110139823 -53.709026889209348 323
46 14 76 -43.590149009008243 -19.662326522998029 323
46 14 76 -26.408846261684211 -41.771212426742608 323
49 19 74 -24.798493620271579 -74.731897558734261 323
38 13 80 0.011620777667900 -36.207138251957666 323
38 13 80 4.480954975466615 -61.820124251805225 323
25 28 79 44.915747174790233 -68.604487139911797 323
38 13 80 8.530924684582047 -87.502759345487647 323
36 20 73 -13.514698435507944 -3.804606863446068 323
32 13 69 -56.939012931450748 78.529923000039190 323
1 13 41 96.993696693092843 -1.105803693387802 406
39 19 59 86.243815649792225 29.034535680197340 406
19 14 48 70.029924771702554 0.292410800616839 406
6 15 61 52.691030977080430 23.538114962435952 406
19 14 48 61.706746596664459 51.101076919866955 406
5 23 67 24.750916506743032 49.293696947404626 406
1 13 41 49.673864310547607 75.271508109410419 406
5 23 67 20.403944706685593 3.499550638411090 406
19 14 48 -6.275622738231153 29.135476230285846 406
1 13 41 -10.660468853164891 55.777043837098148 406
19 14 48 2.878966510373278 79.136917339250772 406
33 39 99 48.696513561724117 -51.668651684873865 406
39 19 59 -5.062846629678937 -29.898690917546141 406
8 19 64 -25.369579340047665 2.220409422121544 406
36 20 73 -38.946940669155140 38.780705637262592 406
31 22 70 -80.770148238826607 34.931120129162395 406
6 15 61 -94.996834088036849 0.775572852799208 406
17 15 63 -60.828514269143490 66.097307490133915 406
17 15 63 -90.501995322317157 -28.885789632261801 406
17 15 63 -76.982026829164155 -55.666574757872880 406
8 19 64 -62.581542331818163 -9.483513868699013 406
45 15 67 -50.636843789004438 -41.316267075440393 406
27 26 70 -31.816331681359319 -77.741372758279311 406
22 18 71 -30.657319212270306 79.465141601915519 406
21 17 73 10.295407807929209 -92.428375394509828 505
21 17 73 42.829052182093690 -82.551028395674734 505
21 17 73 69.638290922947917 -61.640152801001960 505
10 26 73 31.942100679530999 -40.952058612988431 505
10 26 73 79.432508139219095 -19.770434517730720 505
22 18 71 41.228206938240071 2.056873372727797 505
7 17 72 69.882053033685196 22.155557507231329 505
5 23 67 -13.184974329765105 -60.045175202622588 505
7 17 72 -5.988946805238191 -20.697784083690046 505
27 26 70 1.801876448638758 21.590548503760722 505
31 22 70 41.369362122020533 48.764324050907788 505