45 10 96 100.000000000000000 0.000000000000000 0
45 10 96 98.000000000000000 19.899748742132399 0
45 10 96 81.766312060385914 8.217823563497323 0
45 10 96 83.766312060385914 -11.681925178635078 0
27 22 96 52.521312473677369 -4.771787638283010 0
27 22 96 67.196803650794436 36.708689199747184 0
27 22 96 23.935911359409751 28.677798953129859 0
19 15 95 40.136572303310025 61.942473684453837 0
2 28 97 4.094913892645046 -17.217024497057160 0
29 22 95 -20.014358193120451 26.586434264717901 0
29 22 95 0.149601634402168 65.694166544588768 0
19 15 95 28.422755587170972 89.561063401177279 0
32 12 98 64.329137608723258 73.930792329840116 0
47 30 90 -70.981117082267758 36.900962287634130 0
19 15 95 -94.992950478634071 -1.157306944493961 0
2 28 97 -72.701244573132371 -37.927945337410407 0
42 17 98 -51.348429029716470 -77.539272863370158 0
42 17 98 -28.820537085527256 -47.902087425191034 0
20 19 98 -15.552598583259357 -81.367917878057980 0
44 20 94 23.038392596180646 -87.001336004593909 0
32 12 98 -35.824139053298524 -19.760489043488718 0
32 12 98 6.515912406080042 -59.596817246408548 0
42 17 98 34.449524770397879 -51.804943256152420 0
44 20 94 71.320301288859298 -54.894577364857568 0
10 16 88 -37.732166290003008 68.689439307044125 0
41 12 119 -75.860345951983817 -62.041985074990414 98
25 37 109 -27.193471498380383 -67.745960085209319 98
11 36 109 -73.171158165477394 -11.044528632888380 98
35 22 104 29.859088830742056 -82.779434729876328 98
25 37 109 64.178024709185877 -34.787657932478410 98
25 37 109 61.602803776477430 39.167519284182632 98
49 36 100 -0.000000000000007 -0.000000000000005 98
15 14 102 -88.812697723278177 36.445915040147085 98
15 14 102 -60.829241801991145 37.408305138488814 98
6 23 102 -27.023533068621717 52.447389453519122 98
15 14 102 -43.970494484537028 85.338125212505688 98
15 14 102 -66.724410477574239 69.020671153069657 98
33 16 102 11.705623126420685 57.035685479279515 98
48 19 99 -9.298066187498652 90.523731502699860 98
33 16 102 25.402612143366923 85.956136580008462 98
36 13 91 96.500387338517299 3.360276140784324 98
13 12 115 -88.665101550847069 -41.743260138350195 217
6 23 102 -86.734114759701441 -6.796568020033465 217
6 23 102 -78.076095612407073 38.381288330673179 217
20 19 98 -47.890630537038085 9.177903284009844 217
39 33 75 -43.674255408298080 -42.650874251001945 217
49 36 100 -22.403989559861991 57.916298125249007 217
20 19 98 -10.206849188013148 4.285805243405985 217
49 36 100 25.157635363334620 -37.837267204095809 217
49 36 100 72.072515853134888 16.779524981346203 217
44 20 94 4.499082347160659 -89.887475534878988 217
26 14 90 38.444738943289224 -87.965914123496390 217
21 15 89 66.134777629793575 -68.199642138780732 217
21 15 89 -30.500819059512366 -89.970550941399082 217
10 16 88 77.139285204066226 -39.218599834409133 217
10 16 88 22.025842871735684 30.897971195178897 217
8 19 84 58.158035151118355 69.990306095639284 217
13 12 115 -75.860345951983817 -62.041985074990407 332
26 14 90 -55.560827924921540 -78.287894340678605 332
30 13 78 -32.044667385177569 -91.554023899407809 332
26 14 90 -31.152101340795305 -64.568781157190060 332
36 13 91 -8.855422361795821 -79.795668774409890 332
26 14 90 -5.660444102589294 -52.985370120288231 332
8 19 84 -53.644380959891684 -40.421372237465732 332
36 13 91 -22.750084680277013 -32.082160201104770 332
36 13 91 2.815710252719397 -27.350339257326866 332
9 28 84 -81.948708957360509 -2.899844861681792 332
37 15 63 -39.461498460804236 -9.520792242632631 332
1 14 87 -87.861924060897124 38.681808389954405 332
36 13 91 -61.541828698385757 32.660796838038230 332
8 19 84 -30.914942500371328 23.387510375630569 332
9 28 84 14.659978718614614 11.901581772194742 332
39 33 75 75.599396584731608 14.619549788706621 332
1 14 87 40.046820550534918 45.360635282434117 332
1 14 87 63.838328145784040 60.124244812125816 332
28 14 89 42.924717894326477 -19.164549614396975 332
8 19 84 27.138991692407327 -48.144039745833780 332
30 13 78 49.843634197255568 83.214254367927708 332
18 19 78 58.333830761948498 -69.843855768681266 332
30 13 78 83.256694801079533 -49.772711105583710 332
18 19 78 23.943819293943388 -86.009470858447486 332
18 19 78 20.027701806812242 71.594866445643987 332
24 12 72 -76.030207632768892 61.833708665403947 332
24 12 72 94.416979002186608 -26.257076686117465 332
7 14 72 -55.775319513546727 78.135227222820404 332
24 12 72 65.341836958884571 -32.335455917511659 332
14 20 71 -25.819224759993538 62.053175515524373 332
30 13 78 -6.807677859744447 89.026515769553527 332
38 12 49 -58.505865314767519 -78.619741310756567 447
46 18 49 -74.864602445315171 -53.472341455231884 447
38 12 49 -93.346154390002184 -29.841170563466125 447
46 18 49 -91.999910108574596 0.128607986511923 447
38 12 49 -70.941151617331244 -21.237924039240085 447
46 18 49 -38.944807850017185 -55.874081705883910 447
17 19 50 -83.514774885080243 36.142528631715443 447
46 18 49 -57.369041118197842 9.962371913481197 447
46 18 49 -37.281940205225126 -19.912506779361241 447
17 19 50 -46.653854749235776 45.376843264588643 447
17 19 50 -21.095147262610613 17.256521936176853 447
17 19 50 -0.641189803547103 -14.769024495739350 447
43 16 53 -5.562758341318840 -49.421270644120781 447
43 16 53 -14.989151705644920 -80.001380325758447 447
23 13 63 -43.164842166040977 -86.866543621700345 500
37 15 63 -64.974033430471962 -69.306384841339920 500
23 13 63 -83.903489141197795 -48.674474932277434 500
37 15 63 -36.569089099994891 -59.654486707682544 500
4 23 63 -7.289253978591297 -83.876197119282722 500
4 23 63 -55.419402529038578 -26.659552496097653 500
4 23 63 -5.401931660067333 -37.914930660817916 500
50 18 66 27.566953112533927 -62.288125708881296 500
23 13 63 51.133760820588776 -82.427777504569534 500
4 23 63 69.946670422414513 -51.734546454164686 500
50 18 66 36.868100261798830 -27.510422194880810 500
40 21 65 70.484236477596241 -7.737830409256109 500
12 27 57 -20.986091969213774 9.594373138109987 500
12 27 57 31.849722660069133 20.746803028499546 500
50 18 66 75.686173901250612 30.913687633899507 500
40 21 65 59.345867135208366 66.325470627581652 500
14 20 71 23.818889278531373 86.790901098773389 500
34 18 74 -13.954406479856349 90.935551572500742 500
14 20 71 -0.817777491044632 55.278448790441843 500
22 22 68 -42.176586550008956 62.589325155429258 500