1 13 97 97.000000000000000 0.000000000000000 0
2 19 102 85.907216494845358 30.015831724404535 0
1 13 97 71.053812832594701 1.671936444358094 0
1 13 97 54.913192926597063 22.055272507184341 0
1 13 97 59.233471391825844 47.693821490753606 0
1 13 97 97.000000000000000 0.000000000000011 102
2 19 102 85.907216494845358 -30.015831724404524 102
1 13 97 71.053812832594701 -1.671936444358083 102
2 19 102 48.351208854725719 -24.223915794828578 102
1 13 97 46.816877755721620 7.739279103032136 102
2 19 102 69.519481733590609 30.291258453502625 102
1 13 97 97.000000000000000 0.000000000000000 204
2 19 102 85.907216494845358 30.015831724404535 204
1 13 97 71.053812832594701 1.671936444358094 204
1 13 97 54.913192926597063 22.055272507184341 204
1 13 97 59.233471391825844 47.693821490753606 204
1 13 97 97.000000000000000 0.000000000000011 306
2 19 102 85.907216494845358 -30.015831724404524 306
1 13 97 71.053812832594701 -1.671936444358083 306
2 19 102 48.351208854725719 -24.223915794828578 306
1 13 97 46.816877755721620 7.739279103032136 306
2 19 102 69.519481733590609 30.291258453502625 306
1 13 97 97.000000000000000 0.000000000000000 408
2 19 102 85.907216494845358 30.015831724404535 408
1 13 97 71.053812832594701 1.671936444358094 408
1 13 97 54.913192926597063 22.055272507184341 408
1 13 97 59.233471391825844 47.693821490753606 408