23 10 95 100.000000000000000 0.000000000000000 0
23 10 95 98.000000000000000 19.899748742132399 0
4 18 95 72.977701869358270 7.334535004941795 0
33 16 93 84.144800066126621 41.900508610655038 0
4 18 95 50.727106731442390 35.634906310077604 0
33 16 93 64.140615640596636 66.877149807368895 0
33 16 93 38.350477305794428 85.820981644454207 0
42 20 97 85.334819202976007 -28.600150901619358 0
33 16 93 70.987712623553975 -61.617730049683885 0
42 20 97 46.325744907435109 -19.751867305069688 0
42 20 97 18.508212686666404 55.782930196590613 0
42 20 97 18.324703154638385 15.783351145659893 0
7 18 91 4.781402618334130 91.217019508268038 0
48 39 97 -40.486422653313596 56.578543860867313 0
49 32 98 -77.909409541894149 -3.758178392973484 0
25 16 91 -30.322529329096309 2.525835580024150 0
49 32 98 -29.364857168215522 -45.464609969400314 0
42 20 97 -2.464948641890551 -89.966238268546292 0
30 21 90 38.903909953739543 -80.046772516518899 0
45 12 48 11.697965138879873 -61.271084091604443 0
50 10 80 -71.364283327284909 -45.245059727135427 0
41 14 40 16.287155800788735 -35.679301639640521 0
47 12 114 -56.835095684707937 -79.835906073082768 0
50 10 80 -74.493323595773347 -66.713902146819422 0
40 10 72 -74.493323595773347 -66.713902146819422 114
40 10 72 -86.279356027147017 -50.555639878660507 114
27 17 73 -89.903080452049537 -23.799918597178184 114
27 17 73 -92.449430186317343 10.104595896186783 114
27 17 73 -61.814084464951705 -4.642457793700024 114
21 19 75 -57.978325166245320 -40.437526596572688 114
36 22 76 -24.670035447240430 -16.530250800388103 114
1 23 76 -21.598191189535722 -61.425281403522867 114
15 14 102 -54.072561756633611 -79.323124403133818 114
13 24 77 -60.949244421890249 36.348419870725728 114
36 22 76 15.710298202054414 -86.586295280503407 114
1 23 76 56.013295877448904 -66.569592795399956 114
13 24 77 81.603044532754893 -27.146696354901508 114
13 24 77 18.953010093491400 -37.663966740747597 114
36 22 76 44.769464377386882 0.408473267840442 114
46 15 79 79.966074886356765 11.818933761609779 114
16 32 106 57.226768575111038 52.951936915808723 114
18 28 79 2.830770771672512 27.632469643207756 114
28 23 82 13.251488463006119 85.984871073432544 114
47 12 114 -16.797072400207259 -96.549771407198037 114
39 13 115 -40.362708759339384 -88.203467854777386 228
26 26 112 -62.515204687498624 -56.105696527894125 228
24 22 113 -86.766480889650268 -14.682567691856725 228
24 22 113 -83.028838297209504 29.158395206455317 228
39 13 115 -51.981389116185312 -18.555214114088081 228
26 26 112 -36.528756979155915 17.252831909643042 228
43 14 114 -25.099658299268423 -21.079604790433748 228
43 14 114 -23.149309055070880 -49.011596087612297 228
14 38 112 25.518771422485550 -67.326015069116750 228
14 38 112 71.664808164088569 -6.939399887914341 228
14 38 112 37.962092599407718 61.179077514081513 228
39 13 115 76.024574890441258 -60.243373185170242 228
9 24 109 9.927820453693343 -1.234634472359686 228
22 13 108 87.683803749610192 41.479519765781362 228
3 22 62 -16.457706458277237 86.447347548280391 228
22 13 108 -34.019124659036933 56.172001294636530 228
22 13 108 -51.219900173322266 82.374278911775008 228
10 13 69 -62.341636922754731 -74.313661636279392 343
35 23 69 -27.308934586741415 -82.602797118118701 343
35 23 69 -47.759998479580297 -41.398986788841846 343
2 15 66 -85.756398211144159 -40.875911804529437 343
32 27 69 -82.993570035067904 1.033118015659426 343
2 15 66 -41.290675326948595 -3.953721962073384 343
5 17 63 -81.385893210683093 45.003737470340035 343
5 17 63 -50.527028904279724 30.730318338296573 343
3 22 62 -52.185906699982702 70.856412143861064 343
3 22 62 -15.137841111566019 47.119503411754103 343
3 22 62 -2.889085314868055 -44.805033142732725 343
31 16 61 11.599675197073450 -79.934448435726210 343
31 16 61 -13.205050314373008 9.168688931241482 343
19 19 61 16.803914323543093 -8.844140978583924 343
8 18 49 45.599661684129117 -79.904135401698483 343
38 36 104 67.418395862218858 -30.508357860841215 343
12 21 48 85.861838633948054 23.425299707749026 343
31 16 61 49.231589775451880 18.207554163489558 343
8 18 49 58.267178183408404 50.984957082604453 343
8 18 49 40.794996336023260 82.460707454786302 343
34 16 45 8.671265044082492 93.599194240844156 343
34 16 45 22.239478890082847 53.970485056331754 343
15 14 102 95.373885320878998 10.946323528921539 447
20 15 100 93.283349696641181 -17.978227648301466 447
20 15 100 68.793559688247754 -0.650498848923467 447
38 36 104 55.755777650512449 48.654837977190056 447
44 26 89 28.276174362452473 -6.922778048786114 447
20 15 100 8.661588207907812 29.080944119705642 447
17 25 86 -2.238387885319433 67.567182194725063 447
6 16 100 -39.122267186441583 85.471914745094352 447
29 17 84 -65.662044614594905 65.859668212275011 447
29 17 84 -84.945986969245581 37.857354606743954 447
30 21 90 -38.509227270196398 39.275377545384316 447
30 21 90 -64.179706788563223 6.033438954244509 447
30 21 90 -83.289137514766196 -31.367492281761489 447
28 23 82 -20.741914730237234 -0.977853444281717 447
28 23 82 -40.700543965333296 -42.422432330499987 447