32 10 118 100.000000000000000 0.000000000000000 0
32 10 118 98.000000000000000 19.899748742132399 0
32 10 118 81.766312060385914 8.217823563497323 0
28 10 113 83.766312060385914 -11.681925178635078 0
40 18 119 56.744013929744185 -4.347390173693283 0
5 36 120 46.697980705606199 -57.404691428652683 0
5 36 120 2.899018100940360 -0.258817782735919 0
28 10 113 66.999833422303396 21.706748970328391 0
28 10 113 83.233521361917482 33.388674148963467 0
34 13 120 79.181775838304532 56.028977994360147 0
28 10 113 43.925338676905518 20.546013867583628 0
49 20 112 46.661781441860434 50.420951206331736 0
2 12 110 90.462487865667867 -37.690029041563420 0
44 21 81 -0.746028931111063 -88.996873208186059 0
49 20 112 -40.796159795516502 -80.222648584665180 0
6 24 111 -71.124831058978032 -48.345200452907768 0
49 20 112 -89.605774920511351 -8.414576691352835 0
49 20 112 -84.402123609922626 31.245504158764049 0
27 20 60 -52.657311732871030 6.908969506299583 0
2 12 110 -35.126875403374690 -48.728852140269694 0
31 22 110 -46.059569733427224 48.387515774325607 0
35 12 107 -54.803513548753159 81.243922250908284 0
31 22 110 -20.962493520400088 84.528029959343883 0
1 15 108 14.848517003407107 93.832412005657886 0
35 12 107 -12.218549705074153 51.671623482761220 0
35 12 107 11.321683761030018 46.996432752821995 0
14 13 95 -10.157727757550418 -47.487213770603049 0
14 13 95 -39.864179809092924 -24.181796370431172 0
4 14 81 42.175045524908512 84.123609867207932 0
13 11 33 20.988475482300593 -96.749593781725338 120
13 11 33 -0.896540553452894 -98.995940396745638 120
13 11 33 8.100574230111089 -78.919787240043163 120
11 12 36 42.400837848349155 -88.352526561259140 120
11 12 36 -23.568252757525741 -95.123800712321099 120
11 12 36 -14.138806011451512 -73.053786347510410 120
16 19 41 5.461001077410394 -49.036135295015733 120
18 18 52 41.263268841656441 -58.374102040363908 120
16 19 41 76.944808932266142 -48.584939830950255 120
18 18 52 49.831183732222357 -23.408535629564575 120
18 18 52 84.066927884480563 -12.276877067556939 120
42 21 57 56.251010045946778 15.059448852360280 120
39 15 61 91.941518580755343 19.769820443514973 120
42 21 57 -34.490997308080480 -47.077098540451168 120
16 19 41 -74.070170766537686 -52.864069107626847 120
18 18 52 -11.036797137344550 -15.917822323711945 120
23 16 56 21.191266428072126 -5.084913258116403 120
33 19 61 19.086676113064478 29.851753720946952 120
27 20 60 48.605115019093716 55.340217082848930 120
36 13 64 79.970063570644612 45.081562085308306 120
39 15 61 -60.162427180369946 -21.838681626703899 120
23 16 56 -40.073069176506564 1.771013309754103 120
23 16 56 -14.913068659285539 21.544085250488003 120
43 15 69 -7.095800162686961 51.542257082319480 120
33 19 61 15.900108512020875 76.585982528516524 120
37 27 91 -44.923951365025133 69.791393407445710 120
43 15 69 -81.402698828691939 48.975510445581641 120
43 15 69 -92.615783499129662 21.149861627025842 120
36 13 64 -82.503419741491157 -4.960291555849193 120
26 14 80 -63.988759775495588 25.785971281304079 120
26 14 80 -46.943433634380177 -83.739560773952846 120
10 12 71 -81.048050378837956 55.092772028546037 211
43 15 69 -90.236629475761646 29.704388579031622 211
10 12 71 -64.462038053413025 37.746181725525318 211
10 12 71 -68.241134999967244 14.045582022805881 211
21 15 74 -91.125803063337017 -0.282431364589581 211
33 19 61 -52.095824815751918 66.172872882969159 211
10 12 71 -40.464018626122545 37.437857922699870 211
21 15 74 -41.480676905772206 10.457005342723459 211
38 24 78 -60.045356180876723 -23.840992899338787 211
37 27 91 -9.532745002206347 -16.807067116927890 211
21 15 74 -32.816595563899448 -51.762214134509492 211
45 13 76 -59.306399683297435 -60.833613018690777 211
46 33 93 -0.672160785220981 58.452330306499590 211
38 24 78 32.489418831783638 12.091682799103157 211
41 17 81 32.770719408711813 -28.907352189362360 211
48 21 79 11.120422710631807 -60.136579731604037 211
38 24 78 55.807616708469794 -65.433247797434916 211
38 24 78 82.184967677351736 -25.330437972381205 211
48 21 79 86.853920774484237 19.426694162919620 211
48 21 79 -21.915236243582711 -86.071984826971772 211
4 14 81 21.507516974290127 -93.559749431048715 211
30 13 87 30.834161217506100 91.968769166564599 304
25 15 88 54.847053263449311 77.568039477070414 304
9 15 85 76.300198850658418 56.597523402972186 304
9 15 85 90.144460341956972 29.982932972898883 304
47 16 83 27.391508793394170 63.173836551836075 304
38 24 78 -5.637277724791002 85.737064626208536 304
47 16 83 0.278665015836594 46.176963242495987 304
47 16 83 -30.620382115722641 54.498554818731932 304
20 23 83 -69.556003942711328 52.258609965454752 304
47 16 83 -91.798783575704391 20.223336372146559 304
41 17 81 -92.118382596259394 -12.775115962259378 304
44 21 81 88.798070716556637 -5.991880924835389 304
44 21 81 48.995347075990644 33.135957607752509 304
44 21 81 -58.289704667524077 4.534434857848459 304
44 21 81 46.892815561830233 -8.811382727863077 304
44 21 81 9.518023470936175 10.349121340726631 304
48 21 79 -22.282452210307135 -17.086799391894196 304
36 13 64 -45.733534808985866 79.249163208630364 304
36 13 64 -20.625581576752090 26.076901690444849 304
3 27 92 -61.662690698907120 -44.531230823078715 304
50 15 97 -93.451630149835523 -17.081944337175159 396
24 24 96 -83.490311339410454 20.624449385336572 396
24 24 96 -54.455044162788901 -17.597968905271401 396
24 24 96 -35.871092517358193 26.658519220655322 396
19 17 104 -71.260095613907538 59.757834407688797 396
7 23 98 -36.242801928394073 79.091461665461679 396
12 31 97 11.705623347369993 54.253013373056831 396
50 15 97 48.731815424574137 81.548820748219512 396
12 31 97 7.171417484737425 -7.580965774296033 396
22 31 95 -22.228114247495611 -62.167296791551834 396
8 15 95 -67.555852045085857 -54.331724945610461 396
15 22 94 70.995423132905856 51.996633488906326 396
22 31 95 68.816724167196639 -0.958567113270771 396
46 33 93 43.974638434733109 -59.940520085861742 396