36 10 93 100.000000000000000 0.000000000000000 0
36 10 93 98.000000000000000 19.899748742132399 0
36 10 93 81.766312060385914 8.217823563497323 0
36 10 93 83.766312060385914 -11.681925178635078 0
36 10 93 65.532624120771828 -3.464101615137756 0
45 24 92 61.297085244103947 -37.199249612800891 0
45 24 92 54.668586332315826 28.753481828239877 0
15 22 90 26.243281540135012 -7.412829118159150 0
26 14 91 16.696461459935382 27.298238660811538 0
45 24 92 22.949855986700520 64.780168398921660 0
26 14 91 1.273837737360978 95.991548260348807 0
26 14 91 59.440152871138650 75.384801032142192 0
26 14 91 -14.221981161263924 72.670321949088517 0
15 22 90 -50.219680096751183 72.263294492985665 0
15 22 90 -78.926537098834245 38.917884598039784 0
7 18 89 -91.993275479433009 1.112324846953079 0
17 39 89 7.857387484137114 -70.563882134730406 0
7 18 89 -39.255919750923724 33.795178356641514 0
35 13 88 -61.853494346819659 8.364468893934255 0
46 18 88 -64.813391574146095 -22.493901257511936 0
35 13 88 -8.438859836963312 37.158037000619046 0
35 13 88 -6.216037063190001 -20.504530146208911 0
23 17 83 -15.616745747183852 7.984532250414162 0
40 15 86 -79.462763791428884 -52.064087148701446 0
2 14 86 -50.478673366970938 -51.103617333014697 0
2 14 86 -31.162180139950038 -30.833612660828365 0
47 12 58 -39.404679819985077 -89.728876111787230 0
47 12 58 58.177616709282319 -78.862950198606143 0
39 11 52 78.941936426249185 59.742536548710689 0
39 11 52 -65.656801891626998 -74.095778323489156 0
31 13 105 94.400000000000006 22.307846153315641 93
28 23 105 86.065957899182081 -12.714200364011045 93
49 20 105 61.400608475567822 22.508243302080771 93
49 20 105 43.067214546056121 -13.042940461970513 93
8 33 99 8.611218299135629 27.228442958917835 93
16 32 101 -3.249961378811150 -36.680182567277477 93
5 14 102 -30.144232689027731 0.638688941551155 93
5 14 102 -38.388477758216759 27.397471111880815 93
42 14 105 -29.951979636385289 54.096263208908994 93
28 23 105 -66.921730251106496 55.592103937503012 93
42 14 105 -44.530139886562083 85.047437596221627 93
16 32 101 -77.981132953341728 1.715489234370523 93
28 23 105 -69.301721594408932 -52.595355156620393 93
30 13 100 47.185123538286852 52.289445225407135 93
42 14 105 74.128575029756618 54.035990880927116 93
1 25 76 -5.533897282456905 84.506084881466876 93
30 13 100 30.399390275487143 72.144901876669010 93
4 18 75 -41.067997485434830 -82.325084770902720 93
6 26 74 62.768981857976193 -55.821634842711802 93
34 13 99 26.583776057815989 -70.369173507381234 93
13 15 97 1.804754547579133 -83.407581883989906 93
34 13 99 85.083384274717062 46.581302261324012 198
24 24 99 85.464384699185246 9.583263952833171 198
8 33 99 63.785111959490365 -43.133044088207811 198
43 31 98 41.287666554206403 42.346315915968368 198
37 35 82 3.464827448809942 -11.740954693735089 198
37 35 82 -23.896755387613332 52.689967887627560 198
13 15 97 -73.292121665028347 60.442244348126941 198
18 13 85 -89.432049483774875 37.562062312014262 198
23 17 83 -92.677512655185893 7.738129492833366 198
18 13 85 -67.356345084829414 23.826587245953380 198
4 18 75 12.585778944593230 91.135054552887794 198
32 20 69 -59.270777273799908 -8.167530856804877 198
41 25 67 -66.826130840664320 -52.528737247971350 198
19 14 57 -93.040499315605317 -23.653022789970144 198
42 14 105 93.678153122998523 20.985795850146872 297
16 32 101 58.917953946185719 51.114329720687309 297
28 23 105 65.888342422946280 -3.442188537748535 297
43 31 98 13.089721908440517 7.885020816951823 297
28 23 105 4.860760165841146 61.254339611918994 297
17 39 89 36.555781243494842 -58.064536113202834 297
43 31 98 -30.077995564284986 -36.618329261384410 297
43 31 98 -78.986006401482257 1.486873479823970 297
38 16 86 -65.970263606712578 -66.962111075300285 297
33 24 78 -35.022304705411379 34.535215846407169 297
14 15 73 -2.877576943715702 -94.956408688055362 297
14 15 73 -32.344182135886527 -89.324430487748415 297
32 20 69 -31.417876522311094 84.338111401837864 297
25 17 63 -64.236115807570172 67.251181595243622 297
19 14 57 86.763087665691842 -41.087304836353923 297
19 14 57 23.907216841905328 92.975507435421491 297
11 15 112 91.833860256907030 24.321638725934399 402
21 29 112 79.026069582244872 -17.773022432388736 402
48 22 110 59.461917689377493 -64.871259774276751 402
21 29 112 22.314014612253445 -29.927972908662657 402
48 22 110 54.944704434230111 27.183488248579160 402
22 16 63 30.136746527640504 -89.038062134846285 402
27 20 67 -1.864161964437361 -72.547402485164028 402
41 25 67 -46.835187408407009 -70.932821883944484 402
27 20 67 -80.233754965741298 -40.774312552112818 402
41 25 67 -84.906657164970667 3.982407446524689 402
41 25 67 -40.672936797378469 -19.328061927592593 402
3 24 66 -43.142514249800357 29.609665718942949 402
3 24 66 3.832987713199689 19.745477190524650 402
44 19 53 26.231975786192702 56.450862807705093 402
33 24 78 -5.151982485970951 85.845541971987387 402
44 19 53 -47.372833949460428 77.696940760861679 402
44 19 53 73.847562247835867 53.174594968386970 514
29 26 71 35.220137888309594 76.259700282183502 514
3 24 66 40.120865762849711 26.500451229372167 514
10 22 65 -1.721393981877448 45.611319850520317 514
10 22 65 -19.718438129880560 85.762364692900533 514
32 20 69 -58.108499246660926 68.727012995624989 514
29 26 71 -79.242122020618993 27.869088569045985 514
32 20 69 -88.336692242691640 -17.222915073238411 514
32 20 69 -49.587902313333181 -7.296622763899096 514
29 26 71 -58.682472535405836 -52.388626406183505 514
29 26 71 -10.821336967889785 -32.058557488743752 514