2 20 66 90.000000000000000 0.000000000000000 0
1 34 75 60.888888888888886 45.481240197212564 0
1 34 75 39.475247961456844 -19.059103636942883 0
1 34 75 -5.711508904188115 31.755825310809154 0
2 20 66 90.000000000000000 0.000000000000007 75
1 34 75 60.888888888888893 -45.481240197212557 75
1 34 75 0.122028843477246 -75.999902032577381 75
1 34 75 -60.742521882723665 -45.676537032997999 75
1 34 75 -4.049442101759560 -8.127972413971101 75
1 34 75 48.698004169823598 34.787140446493900 75
1 34 75 -5.543548600868412 75.797553185507311 75
1 34 75 -63.978377835565517 41.021545187006545 75
2 20 66 90.000000000000000 0.000000000000000 150
1 34 75 60.888888888888886 45.481240197212564 150
1 34 75 39.475247961456844 -19.059103636942883 150
1 34 75 -5.711508904188115 31.755825310809154 150
2 20 66 90.000000000000000 0.000000000000007 225
1 34 75 60.888888888888893 -45.481240197212557 225
1 34 75 0.122028843477246 -75.999902032577381 225
1 34 75 -60.742521882723665 -45.676537032997999 225
1 34 75 -4.049442101759560 -8.127972413971101 225
1 34 75 48.698004169823598 34.787140446493900 225
1 34 75 -5.543548600868412 75.797553185507311 225
1 34 75 -63.978377835565517 41.021545187006545 225
2 20 66 90.000000000000000 0.000000000000000 300
1 34 75 60.888888888888886 45.481240197212564 300
1 34 75 39.475247961456844 -19.059103636942883 300
1 34 75 -5.711508904188115 31.755825310809154 300
2 20 66 90.000000000000000 0.000000000000007 375
1 34 75 60.888888888888893 -45.481240197212557 375
1 34 75 0.122028843477246 -75.999902032577381 375
1 34 75 -60.742521882723665 -45.676537032997999 375
1 34 75 -4.049442101759560 -8.127972413971101 375
1 34 75 48.698004169823598 34.787140446493900 375
1 34 75 -5.543548600868412 75.797553185507311 375
1 34 75 -63.978377835565517 41.021545187006545 375
2 20 66 90.000000000000000 0.000000000000000 450
1 34 75 60.888888888888886 45.481240197212564 450
1 34 75 39.475247961456844 -19.059103636942883 450
1 34 75 -5.711508904188115 31.755825310809154 450