25 10 103 100.000000000000000 0.000000000000000 0
25 10 103 98.000000000000000 19.899748742132399 0
25 10 103 81.766312060385914 8.217823563497323 0
25 10 103 83.766312060385914 -11.681925178635078 0
28 24 103 50.433047455647966 -4.981666169423262 0
1 28 86 68.435349337030132 43.802728128052479 0
18 35 100 6.193948429209492 34.055522732045688 0
5 21 101 36.371477566279566 81.228785659060676 0
29 37 95 -1.131938505755777 -37.570808882913518 0
13 23 98 -51.568673875400783 -70.069050762319861 0
12 18 116 -16.071093372174310 -90.585429059108918 0
48 16 100 -53.739061664112228 -31.129489685612633 0
5 21 101 -41.717887976119108 3.863243605216510 0
48 16 100 -44.362300192001570 40.768623755439748 0
5 21 101 -81.126590511863711 36.598856702366881 0
40 14 99 -61.364245415982630 65.485700010546211 0
40 14 99 -29.986905338534537 67.100126234540966 0
40 14 99 -5.984321934550099 81.518031419926643 0
13 23 98 -86.437845794445252 -9.874148794488775 0
44 11 80 -26.849168866712638 95.289674840282387 0
22 10 42 -90.459015823592452 -42.628235434123368 0
34 24 64 50.999082563699304 -69.246614196370516 0
19 17 94 82.475509353329272 -42.974298794848231 0
11 16 97 18.248426090782985 -92.211685513329769 0
22 10 42 -46.696395615227601 88.427635027440104 0
44 11 80 11.888490665457681 -98.283588608156379 116
24 23 81 39.001512494129514 -77.768129868026662 116
46 14 84 2.084862404202626 -75.286004541234888 116
24 23 81 12.888561597929943 -39.898434919523709 116
46 14 84 49.805211687856833 -42.380560246315483 116
1 28 86 -35.392774485360434 -56.327451506415429 116
4 13 85 -76.229396851647792 -59.983989994280890 116
14 30 68 -78.166864895388585 -17.027660803118806 116
30 23 76 83.007596244614106 -26.052619171421629 116
30 23 76 84.689599625718259 19.916619071407172 116
7 19 76 48.729532177592169 -1.783001872890958 116
7 19 76 45.938694061652114 36.114375643378111 116
38 28 76 -21.364365404405781 -2.113027792265434 116
38 28 76 0.826883672240104 49.302421874330534 116
41 17 74 16.290217048053918 91.562158278009662 116
20 15 74 -15.638018454506907 93.704068101745193 116
10 25 95 -47.925426436819130 70.092137096769747 116
20 15 74 -81.643638765407630 48.572793301843660 116
41 17 74 48.111891368309500 79.587975906942034 116
20 15 74 73.531902739622652 60.150305730650068 116
41 17 74 -56.366883900484126 28.949193644834587 116
35 13 73 -94.110029440292223 23.501113989496996 116
35 13 73 17.229305055813107 11.726358046998817 116
43 14 91 72.203897050886795 -61.440188793132805 116
8 12 47 -81.466594364896224 54.471956111245539 211
34 24 64 -83.973511147091997 18.559348739360868 211
3 13 39 -95.573317297582861 -16.575313593882562 211
6 23 65 -47.121954126930838 47.730614484779096 211
2 16 61 -45.187726090409491 8.778608606997459 211
2 16 61 -64.770534430027524 -16.529761896331799 211
26 33 72 2.206130908345806 21.221370309350100 211
26 33 72 65.168995975679337 41.012217247082503 211
6 23 65 20.120702743902299 74.278585803085605 211
6 23 65 47.254424140122850 -12.044998246652998 211
42 13 68 -27.313109136345332 -14.057723601688819 211
49 16 73 11.212437037229346 -26.943829263711308 211
41 17 74 -17.872877113985627 -42.533713827912990 211
42 13 68 -82.816718345646549 -39.230758484227522 211
10 25 95 -51.629891835108751 -67.522990670548438 211
12 18 116 -15.410809725595676 -90.700093404590746 211
35 13 73 -45.958111502205881 -85.421613114895052 327
26 33 72 -63.846403770661581 -43.042266733452252 327
27 13 71 -96.422922509547760 -10.565037374176583 327
27 13 71 -25.838419980503755 -68.953522361211796 327
31 19 86 -70.723023136089225 8.501036479506705 327
31 19 86 -33.824996151145861 -0.583874341100840 327
15 34 93 -40.445152723823320 52.001042954196258 327
31 19 86 -0.330139721897147 17.363119635162040 327
27 13 71 -86.677778258565610 43.542654445485184 327
27 13 71 -4.916691251179445 -14.306480063432796 327
45 27 103 12.651503939145719 82.030113056595127 327
37 30 89 60.970739727775282 51.793521767185190 327
42 13 68 31.519386911685956 20.462741098612199 327
15 34 93 75.258387237374322 -10.591277091522755 327
37 30 89 22.768470634899373 -47.208331247547171 327
16 17 90 66.094180794684434 -65.425983103653593 327
43 14 91 -2.793157766079908 -83.021780585613584 327
40 14 99 53.582644609069582 79.654881813346165 430
50 16 98 74.131375927677297 57.797397026763988 430
10 25 95 83.116609690245838 17.794077486605826 430
47 40 96 20.914000146097337 36.657676451230913 430
36 25 95 78.740709666068625 -32.014069427111068 430
21 19 95 36.330745111119938 -20.292512088259020 430
36 25 95 -7.645704805635944 -21.731905265629685 430
29 37 95 -69.645540568322502 -21.874612658196831 430
21 19 95 -85.219452896989125 31.916216065471357 430
21 19 95 -36.554648471730573 23.302736315063097 430
19 17 94 61.087215659296362 -70.123833915400098 430
9 30 93 14.134678035433204 -72.235518238331565 430
43 14 91 -26.670991534048667 -55.776559249797053 430