21 11 97 99.000000000000000 0.000000000000000 0
21 11 97 96.555555555555557 21.863775779997951 0
21 11 97 78.843192529652626 8.814936902970350 0
48 17 96 72.427021099842307 36.069895060767735 0
7 27 96 74.347673982525038 -28.918209175675575 0
35 39 96 22.130602570077805 11.447338672797722 0
30 17 94 48.912899677185507 60.627706317485071 0
27 33 94 -8.715443887289570 76.505170007310667 0
41 24 94 -62.860125776870987 58.690753848591513 0
40 32 94 -77.856090283865797 4.735948237738342 0
41 24 94 -69.510583936526089 -50.638707732357879 0
27 33 94 23.358228689750391 -60.542194831110308 0
41 24 94 -24.996422134773436 -30.362271974376942 0
5 15 93 -10.666748466856575 -94.399260998933741 0
5 15 93 -34.660901061016403 -68.145837807741657 0
45 12 91 -41.587740728444516 29.647929703004667 0
45 12 91 -33.909794522220544 6.909215094339320 0
32 13 99 35.910653771745103 87.663637990250820 0
17 11 76 58.586966381755623 79.803304256045919 99
17 11 76 39.516116530787137 90.771562365783097 99
2 20 76 73.147254449656202 52.435476220563224 99
17 11 76 39.552751297974297 68.771592868217127 99
2 20 76 10.551720605843947 79.723315052153012 99
17 11 76 -14.541153668830420 97.926272521624455 99
12 25 75 84.532812645897863 8.899639665375787 99
17 11 76 54.035145419077310 28.027950979292548 99
12 25 75 -32.536668138730427 66.746768693570687 99
28 20 77 25.860949815861360 40.959103368454436 99
26 21 74 80.961987538944427 -36.961555348007280 99
33 16 74 51.202095904913811 -14.976359193986847 99
26 21 74 -12.122891077060650 25.524472468391224 99
33 16 74 -48.942637040392604 29.172253601587215 99
33 16 74 -70.946898070230873 52.406118896254412 99
3 24 65 -85.137988031025941 12.145904413788355 99
3 24 65 -42.732040097483036 -10.342661122004468 99
18 11 63 -75.870575849308111 -21.604874413583140 99
18 11 63 41.251582714362264 10.123188356609761 99
36 15 60 -82.739847160388294 -46.681020681595911 99
50 20 67 14.545141897785195 -5.617396731329826 99
18 11 63 -10.473682731795826 -23.921997632586049 99
18 11 63 -24.949425804627474 -40.488616554060840 99
18 11 63 -46.451116075615928 -45.144506961972134 99
36 15 60 -60.618569723750404 -66.945499075359109 99
6 29 83 35.162036249835815 -57.020579798744635 99
25 11 61 -2.846860721025943 -44.557684827735045 99
42 19 59 -18.934416207484180 -69.879425653952495 99
11 12 48 75.852141345570658 -62.052015706917764 182
8 15 52 87.252398093622162 -37.576841630345676 182
8 15 52 94.619381691437951 -8.495446329062176 182
24 19 48 87.565439713047624 24.764768681750709 182
11 12 48 69.173366383181985 -17.523198260301950 182
29 13 44 59.765922343365062 -42.914786069034449 182
29 13 44 61.460415750622928 6.257264151932739 182
29 13 44 44.547793651590361 -21.833786113610515 182
1 18 60 49.980546580138480 -77.239529798870521 182
42 19 59 15.152429198532651 -89.729615453224000 182
1 18 60 22.877559651020206 -53.545055769678726 182
6 29 83 -23.486436926577177 -61.250886117703416 182
19 13 83 -63.787206612015510 -73.076619192707881 182
19 13 83 -80.906614653440187 -53.508127469756758 182
19 13 83 -59.215510932167156 -39.172995124606402 182
6 29 83 -80.935757915193037 -3.225382255371855 182
39 20 91 -77.558609299924655 45.658100305002165 182
39 20 91 -50.113403237098936 74.757252597964850 182
6 29 83 -31.294032517271702 29.515333035354448 182
20 26 85 -4.187771615777642 77.371896012026042 182
20 26 85 3.320595822444545 -13.226069666280335 182
16 29 93 30.470620733046580 34.605678653780984 182
47 18 106 39.435205465456370 83.119579942978774 182
13 16 120 -38.412920904208988 -17.949795063266272 182
34 30 103 -49.969371864105085 -62.474489797890975 302
34 30 103 -79.352037594937315 -10.161403915387567 302
15 24 102 -25.513175886079502 -14.329973201663677 302
31 31 104 10.660027687089034 -55.760630247553109 302
37 22 105 63.397335590464365 -61.030958046142779 302
37 22 105 85.019154156130639 -22.709985173401019 302
23 22 99 85.386184182764254 21.288483992690992 302
47 18 106 51.797245263714359 -0.432086494576035 302
23 22 99 45.110598117347486 39.005062869189899 302
43 28 93 -67.466443991256128 46.607713258372790 302
23 22 99 -19.860474584156577 31.321390063755235 302
9 30 98 7.877730139031964 75.305387139219874 302
49 24 109 80.003049536347035 -31.551736321235978 408
40 32 94 37.722453115144802 -68.271637822566575 408
27 33 94 72.830229597389263 24.995152665898313 408
27 33 94 -27.167755340341834 -72.047991434649504 408
27 33 94 -72.984274710941534 -24.541712346896663 408
41 24 94 30.150168992768990 -12.785959371546301 408
41 24 94 16.425297634189253 33.209995952704091 408
14 32 91 -66.861282918680914 40.169252500738779 408
43 28 93 -21.282890089471241 79.189889439495289 408
49 24 109 30.716873338216100 79.033034523886499 408
49 24 109 -23.834975160714365 4.326026631451461 408