45 10 111 100.000000000000000 0.000000000000000 0
41 12 111 95.599999999999994 21.555509736491995 0
27 26 111 68.675161595975140 48.370674791310300 0
27 26 111 64.164088456428942 -3.433284701470415 0
41 12 111 38.811289680129349 24.872820544720948 0
27 26 111 17.263859624408447 56.173112204605133 0
38 15 106 87.411383349842481 -37.205511162553329 0
29 17 105 -5.171817129674100 92.856083847948327 0
37 26 110 -34.474197169626024 61.385930940880534 0
37 26 110 -77.555835130085981 32.265964068580402 0
37 26 110 -81.688633961698216 -19.569544743598005 0
27 26 111 -13.119602223546785 13.973050046666913 0
41 12 111 -50.240870066384709 5.848305512819273 0
38 15 106 -40.688961638969673 -19.405625773106838 0
26 26 103 -48.552538899362759 -59.644464631476360 0
11 12 99 23.818548973945838 93.603528279383966 0
11 12 99 46.644107932058731 86.187743880568405 0
15 21 99 -11.284481200297513 -88.281710926103671 0
21 30 103 3.712907384548750 -39.536676967400517 0
38 15 106 23.713605837144723 -79.847619171823439 0
5 23 84 58.450084703405523 -64.440574160731373 0
7 11 90 96.799999999999997 20.754758490524534 111
43 21 89 88.421739110864266 -10.128970955149274 111
43 21 89 73.931019241828935 -49.550019110635276 111
3 20 91 44.583780398365697 -78.181113610579274 111
3 20 91 48.124989873095060 -17.690187845858546 111
42 30 93 6.647036121517473 -45.611136120979694 111
18 22 86 64.120942543689139 25.345967891884271 111
42 30 93 12.701564263305357 17.596933290155025 111
7 11 90 40.163772313521477 48.040768938881101 111
7 11 90 59.752163669568525 58.055504286474729 111
5 23 84 -33.392303994780136 -80.336504989451655 111
18 22 86 -44.592872857041066 -36.752709179979632 111
18 22 86 -38.159759145206280 6.774466790563228 111
42 30 93 -31.355565074646179 58.327380801801766 111
5 23 84 -79.310907197012654 35.760033551254494 111
1 23 83 19.054158546163464 74.693802661010551 111
19 20 80 -85.616012450597310 -27.747043303010951 111
20 15 78 13.388879385591729 -94.051783123968875 111
17 11 59 -66.638026412597071 -73.214571198867347 111
11 12 99 -7.297895744583514 97.727891196429638 111
34 13 77 -31.565359695357522 91.720379781718620 210
33 18 74 -0.566605119478851 91.998255193446909 210
50 16 74 33.190954780680734 87.945213176993363 210
33 18 74 61.208838480650158 68.683899800824349 210
50 16 74 -20.903833073142977 64.751289139210655 210
50 16 74 14.873661524039637 61.706372353698391 210
50 16 74 -5.261378144046018 36.835100219675617 210
44 16 73 -37.258734389757493 37.246431333292065 210
2 27 76 41.725029716499009 28.120601167182798 210
2 27 76 -0.234858884525584 -5.870099746296560 210
2 27 76 -54.117437219517306 -2.310921193107482 210
16 13 72 -54.794488590553641 80.041014611883114 210
16 13 72 -66.223296040322282 35.813194301035317 210
35 14 70 -91.945410485072429 27.605098998763481 210
24 13 66 -96.993972980415009 1.081298050735295 210
40 13 53 -72.536398521365527 61.035104162579223 210
10 29 83 79.987095994173927 -12.769670098276073 210
9 24 72 35.769874823727413 -41.990165507557165 210
35 14 70 91.633619183971291 28.623064742387861 210
35 14 70 -1.919953444903602 -46.835456528858387 210
9 24 72 -39.666083892647961 -51.220617440599987 210
13 18 71 -79.905747325010992 -39.188598206483640 210
20 15 78 76.288043998223941 -56.613905914757808 210
35 14 70 54.094094649856117 -75.280148501901152 210
48 19 64 21.940353274424524 -82.705572096677301 210
23 16 60 -13.020650203859077 -81.053834892567096 210
8 14 69 91.633619183971291 28.623064742387861 293
8 14 69 79.476866001068899 53.846334793077048 293
39 23 70 86.627999314224070 -8.036773905914909 293
39 23 70 54.795132081164908 25.169679739761087 293
39 23 70 41.953933270948681 -19.001618782203401 293
39 23 70 10.121066037889527 14.204834863472607 293
9 24 72 45.714069842539168 71.284040936878483 293
14 22 57 68.313399974003687 -55.473231238064670 293
8 14 69 46.404850947060496 -84.039215896991209 293
13 18 71 28.292355561670533 -57.658588328371330 293
9 24 72 -3.881059358978462 -30.660970427086760 293
8 14 69 -24.532277661445335 1.237731468505441 293
9 24 72 -29.894511599852127 38.857492860489295 293
9 24 72 -77.839721292202071 36.564706879069931 293
48 19 64 -90.893269903525052 -4.406073790229364 293
4 17 61 8.144373676116956 54.155963599803826 293
48 19 64 7.068800269312574 90.139892538242094 293
22 15 57 -57.741723419977262 3.142102529198453 293
32 26 64 -60.677304469017415 -37.752669311521188 293
25 18 45 -56.403060932820424 72.682148547002555 293
19 20 80 7.802453593902047 -89.661149434495911 293
14 22 57 -31.995891780398654 -76.241324343687992 293
20 15 78 -26.811386960685290 87.288066235626587 293
40 13 53 40.761611366223335 -88.019833212912715 373
36 16 37 63.169257244291529 -69.610666849302063 373
36 16 37 32.585450670658162 -60.196274916384652 373
25 18 45 9.864996843491834 -85.490167022733232 373
36 16 37 56.030456532564607 -38.417117445647349 373
36 16 37 87.700356437173667 -33.832639282099933 373
36 16 37 1.517103973769068 -52.530909072414744 373
36 16 37 23.689678872393099 -29.457614501311390 373
32 26 64 -33.328650302454349 -77.105129978599408 373
36 16 37 -25.756580679623966 -35.793342778975507 373
40 13 53 -70.802614741313988 -66.302260487807416 373
40 13 53 -55.685038400934253 -45.149036487840149 373
14 22 57 -84.353174192416986 -25.070739990350447 373
36 16 37 -93.247053096504132 11.873798415744623 373
14 22 57 -55.435687988921011 8.092175919904196 373
6 28 95 -5.661113708687385 3.349628585242584 373
32 26 64 48.325357574314182 4.558313163471059 373
4 17 61 90.965311885072182 -0.994550636089521 373
40 13 53 92.575320905882890 28.962216061151167 373
48 19 64 65.566769309969104 46.124329587487701 373
48 19 64 27.601405535623389 44.502246518838604 373
48 19 64 45.179322278297512 78.192257545664006 373
20 15 78 14.979390481678866 93.811608347780648 373
2 27 76 -24.441245591557770 79.319767485369994 373
20 15 78 -65.181687639545373 69.111124983324771 373
40 13 53 -84.049154224053822 48.422512060210323 373