42 10 110 100.000000000000000 0.000000000000000 0
42 10 110 98.000000000000000 19.899748742132399 0
42 10 110 81.766312060385914 8.217823563497323 0
42 10 110 83.766312060385914 -11.681925178635078 0
36 13 110 62.157818665671201 -3.803282325289676 0
47 21 110 59.824444282258185 30.116554997239334 0
47 21 110 28.651503571940459 1.969658765664945 0
36 13 110 26.318129188527454 35.889496088193951 0
47 21 110 39.868371302834539 67.072679675564544 0
9 35 111 49.352515029609513 -50.063677900644045 0
9 35 111 -21.005194545822508 27.858118203054335 0
30 25 97 -2.519984479484297 84.939612654438037 0
4 16 109 -43.488577694076362 83.335128308212759 0
47 21 110 -70.027620498836981 54.928429499402831 0
14 29 108 -80.836837708402442 5.138644695384713 0
14 29 108 -63.548849996619253 -50.224930702860966 0
34 19 113 -31.041717150588674 -85.541871597147377 0
4 16 109 2.932270356854534 -93.954253711869328 0
19 24 115 -9.619840749027327 -48.257783685060417 0
15 12 96 72.245201820905734 60.689824076062585 0
15 12 96 -44.527518710716265 -13.904289792878004 0
34 19 113 -31.041717150588667 -85.541871597147377 115
18 16 117 -62.504178213050054 -70.208458934171730 115
19 24 115 -79.077902615776793 -33.803628768073430 115
34 19 113 -35.604146535844961 -47.816757440864826 115
34 19 113 -0.652024623208177 -62.728134768401532 115
18 16 117 -93.940909817513216 3.332485957637061 115
34 19 113 -58.951550088135605 4.195449298810138 115
34 19 113 -24.353678868004458 -11.520380524499259 115
34 19 113 10.598443044632326 -26.431757852035961 115
18 16 117 33.049294354974052 -53.282442674604773 115
9 35 111 72.137212272839349 -20.523708376005473 115
1 14 119 25.840945801567301 -82.403564066690606 115
1 14 119 1.186945356911009 -95.676855371973090 115
15 12 96 95.936376500998279 20.005290896627951 115
15 12 96 58.275503742065382 -65.433095330270035 115
49 26 95 63.540494382066321 39.867486690050825 115
10 21 95 26.134799775072899 11.410255430345611 115
10 21 95 18.319672779434196 52.676752616828971 115
27 17 91 45.723266635672644 79.002463314972161 115
5 23 80 -75.824600582884514 42.657120700371117 115
48 19 104 -34.823336311089527 33.552378632941185 115
48 19 104 -18.653561091795353 67.940434253425167 115
15 12 96 -41.681396005139902 88.694200639403178 115
41 13 92 8.311718478062408 85.170457402550994 115
29 12 64 -60.895968947867509 74.313651740678893 115
32 12 83 4.945249945651959 -97.875147524665465 234
12 33 84 -30.818845415340949 -70.563437892901163 234
12 33 84 -74.144457288905556 -20.774971801031665 234
12 33 84 -62.996590337968122 44.276738879350887 234
2 24 84 -17.421669532664481 -15.160227892318769 234
2 24 84 20.146163151724718 -45.037609762183777 234
22 17 79 31.962063577496522 -87.335138929688952 234
32 12 83 59.400160045256740 -77.946269869685779 234
26 14 86 76.333620871285575 -58.216649892267384 234
2 24 84 83.425685757662620 -20.884323208180067 234
26 14 86 94.758969930800220 15.386280175978136 234
2 24 84 56.945911237247898 19.150930523350034 234
32 12 83 89.118184180101096 40.767011767378527 234
22 17 79 69.339737496241270 61.975808215402509 234
22 17 79 36.172136172285548 54.498494365153171 234
44 27 76 -15.908214692924091 81.461209819667147 234
2 24 84 1.041371980533139 33.360154617115079 234
17 15 75 25.956928027800821 84.824218141591771 234
17 15 75 19.013960030650487 -1.251780878906800 234
40 13 72 42.900311488866258 -15.861442545577708 234
29 12 64 89.118184180101096 40.767011767378527 320
39 23 65 86.803524974772145 5.843633454804216 320
39 23 65 77.649879187590528 -39.236415001279013 320
29 12 64 66.078057715379842 34.047445375887818 320
8 13 58 51.655085060231684 13.627409631823888 320
13 19 62 35.995667574627689 41.534087040852000 320
45 17 61 64.878914936833169 63.022642641767817 320
33 16 60 40.224972098608426 84.958528822397653 320
35 15 54 60.573716538557200 -73.183501314890094 320
13 19 62 36.776662782880052 -48.899757111217298 320
33 16 60 46.806922493545969 -15.367774018405861 320
35 15 54 24.632178996624596 6.295114774313898 320
13 19 62 -0.092759779366016 29.633439532606126 320
33 16 60 8.746028422706688 63.498994645713317 320
3 39 97 -56.546746489637151 42.935596670323662 320
13 19 62 -17.904020657328797 86.187645642008803 320
28 14 55 -95.726370741592447 7.243061827928436 320
21 19 50 -87.574100353255119 -24.734125157724932 320
25 31 72 -19.489465006218417 -16.450916016132940 320
21 19 50 -57.895751623353569 -48.465867964909393 320
28 14 55 -51.712610034110241 -80.881431512183568 320
11 14 96 -29.031999995251660 -64.462237614028041 320
11 14 96 -26.152865989215819 -92.313819030085696 320
6 15 74 -2.330202956084669 -75.776566355899249 320
40 13 72 17.664351126206387 -95.378040970079127 320
41 13 92 -35.242674519081568 90.371200571543127 417
27 17 91 -58.922646782695431 71.952218145945380 417
38 24 91 -78.207686253033756 35.770907326304055 417
38 24 91 -85.198025610310324 -11.717356020233595 417
41 13 92 -29.749319311234860 64.958151786314232 417
31 22 93 -0.733445482837180 84.530557514136930 417
31 22 93 -4.525081696241546 40.694231312854953 417
43 18 90 -39.070638667218176 20.529794956611134 417
31 22 93 -39.854752104155068 -19.462518881400488 417
3 39 97 20.961115944030265 -14.726466353639676 417
30 25 97 84.615075706318379 -8.080158613171555 417
50 24 77 60.314931037131174 34.469846898656208 417
50 24 77 -21.221700900883263 -61.519734705278452 417
6 15 74 81.985436044438771 -47.993627458270339 417
6 15 74 -57.617035757028560 -75.533285315636121 417
46 19 74 51.881470042794206 -63.797147033726560 417
24 18 74 24.496952025135375 -88.678629564727800 417
40 13 72 -78.539629377858276 -56.925623555554147 417
40 13 72 -5.817763239577612 -95.160761808008374 417
16 15 42 81.985436044438771 -47.993627458270339 514
21 19 50 89.772319519709598 -14.897336944943106 514
16 15 42 93.092810573519202 18.940132510699854 514
40 13 72 61.176239516398617 -29.259238227302557 514
16 15 42 58.574703302966626 -1.380357164207467 514
7 15 40 64.502470560992720 28.028171791431816 514
25 31 72 18.910306817614959 21.916330399753683 514