40 11 88 99.000000000000000 0.000000000000000 0
40 11 88 96.555555555555557 21.863775779997951 0
40 11 88 78.843192529652626 8.814936902970350 0
40 11 88 81.287636974097069 -13.048838877027592 0
40 11 88 76.398748085208183 30.678712682968296 0
28 16 88 55.560439192603340 -4.856690543903721 0
11 35 88 31.360556890639820 40.036134011598605 0
11 35 88 9.338416086404742 -26.409522839684346 0
11 35 88 -37.194140315832279 25.885038968142577 0
11 35 88 -64.262412972442235 -38.669655790545747 0
28 16 88 -93.958500340424251 2.792886280981648 0
7 18 87 15.660412824069560 90.657329930787824 0
19 25 89 56.492562987117324 -63.510552880183468 0
6 20 87 18.755463486944052 -88.024045518198662 0
6 20 87 -21.240526223192465 -87.457647154276188 0
10 12 90 87.728218753744599 -43.677907851626017 0
10 12 90 -9.258256087902469 63.681683956867474 0
45 17 87 -19.338921270378670 90.873230243881238 0
10 12 90 45.416659385201626 86.840814426677142 0
14 14 91 77.413729837931086 56.772479535245054 0
46 13 80 -84.984210713701685 30.369364041850599 0
44 11 60 -82.799729238495004 54.269741459048007 0
15 15 53 -61.703062563914713 69.466144165664247 0
49 13 116 91.044230554919082 33.465625388788695 91
32 33 114 76.332299089744168 -10.118305968581968 91
18 14 113 64.104128636553355 35.263098233664927 91
8 17 113 36.828078909747667 20.531597587063320 91
22 20 113 38.383146368627592 57.498904294454547 91
12 25 111 2.730644355649027 84.956127391748282 91
22 20 113 2.434779186915740 39.957100026682596 91
22 20 113 -33.279817984932770 57.970082812789691 91
36 31 102 -36.549413915012160 7.074997171305519 91
36 31 102 -61.378327581614009 -49.736313728342211 91
36 31 102 0.236167713077613 -42.833128262166177 91
13 15 105 -35.825309698617062 -87.986062447402290 91
23 17 99 -70.150894189808412 61.056138465925812 91
23 17 99 -92.106422577428702 -12.861062164072329 91
23 17 99 -87.408313308285955 31.761403693799831 91
27 23 99 43.239092034618842 -75.494244284062887 91
9 17 97 7.140814952776815 -92.725448296625657 91
14 14 91 72.069535229175159 62.106203452961317 91
46 13 80 75.913904722911894 -60.382771298779048 91
46 13 80 30.336500173764652 -10.739982798436543 91
3 13 67 10.527218245361613 6.100217600639619 91
20 13 62 96.662887543758345 8.079985872681057 207
20 13 62 95.336692584507446 -17.886169155163543 207
33 25 66 70.856642394505840 -46.950359195400388 207
50 14 48 72.366275478738800 -3.696033920183882 207
50 14 48 47.190822517223914 -15.951504869215238 207
50 14 48 49.164999820778021 11.978812421752508 207
26 35 78 10.887072741507488 -48.861043793699878 207
50 14 48 43.108774778845763 -85.776649136386467 207
4 18 71 18.275615555972955 3.621424089192317 207
42 23 70 29.210034048605557 43.136465430787467 207
42 23 70 75.206096242478552 43.738348025126115 207
4 18 71 40.770075341592445 82.473031693038152 207
42 23 70 -0.049533821608627 78.631221213132690 207
50 14 48 -35.510732145723757 89.190738882883238 207
38 19 75 -12.536637396893836 38.530445107175595 207
26 35 78 -66.411109649952635 34.850602793380325 207
30 24 80 -83.215788331043825 -21.705588507177385 207
24 18 74 -42.274591248370804 -12.334442289252600 207
16 17 73 -50.459617935817384 -46.363919777538946 207
25 16 96 -92.408563807290832 17.223743352531073 287
43 37 95 -66.892578315308228 -29.229830077001054 287
43 37 95 -45.324892200983555 41.557421004489370 287
43 37 95 5.194822442492296 -12.514368612109898 287
25 16 96 -22.277159498057038 -57.838646965528071 287
2 17 90 -20.222861349393170 -90.774643369408068 287
35 19 90 -16.401314856000084 89.509758523829959 287
25 16 96 3.962791904228890 61.043934175007792 287
41 23 94 39.255270151556012 77.640348822814772 287
41 23 94 45.371076831654705 32.048716820311725 287
41 23 94 65.118889710646684 -9.496726810684905 287
25 16 96 47.582007815386461 -44.331447613236115 287
35 19 90 87.018946518153427 26.621475294783213 287
5 25 90 18.368225528793978 -73.098701992331371 287
45 17 87 80.506802605905037 -46.558079150388501 287
45 17 87 -91.653598799654105 -15.767619575320881 383
47 19 87 -76.924754581891847 -48.616685741787343 383
47 19 87 -88.749006966702467 20.115013358787387 383
7 18 87 -59.335390146718559 -2.331348163008525 383
47 19 87 -53.455123126094357 34.198399437627316 383
48 32 86 -22.457494507767382 74.697128060144308 383
48 32 86 -26.631936600294885 -40.153089610711724 383
31 19 86 -16.847366265469645 24.006631306758933 383
31 19 86 9.095998676382411 -3.759207695401312 383
31 19 86 24.343365025730552 -38.566072239751847 383
31 19 86 11.290717708034968 -74.254002944681417 383
31 19 86 49.221963287630217 -76.538868100535581 383
30 24 80 74.984523822293426 -42.110820309558306 383
19 25 89 84.795196828673625 5.896998794853054 383
29 17 76 -21.598113352656409 -88.893838717711873 383
16 17 73 42.886149234731185 8.659557349647329 383
16 17 73 58.663226355868410 38.777389899711224 383
19 25 89 38.651848741781563 75.703596934640032 383
35 19 90 82.662564146595585 -38.051287609093720 472
19 25 89 84.795196828673625 5.896998794853054 472
35 19 90 49.223672650861232 -20.000234023873130 472
31 19 86 42.316434519156374 17.366730816637027 472
17 22 84 67.603550106866308 49.639967178269515 472
39 34 92 12.857795797812308 61.425652781266720 472
39 34 92 -54.601194945646633 52.865012158397292 472
39 34 92 -75.048580784703475 -11.987932357243153 472
41 23 94 -21.192859735756194 6.681864382356791 472
30 24 80 -24.377977518990676 -40.210086149764649 472
37 19 77 -64.719567093416529 -63.971694015718839 472