22 10 45 100.000000000000000 0.000000000000000 0
22 10 45 98.000000000000000 19.899748742132399 0
26 10 42 81.766312060385914 8.217823563497323 0
26 10 42 83.766312060385914 -11.681925178635078 0
26 10 42 65.532624120771828 -3.464101615137756 0
17 12 39 62.203565730167995 18.282561812430856 0
25 16 58 84.144800066126621 41.900508610655038 0
49 25 71 44.063352960662968 50.530549046940344 0
5 18 53 33.746099352802098 8.786635981786976 0
5 18 53 5.622849655679179 31.260683825316974 0
48 15 64 6.489481599093008 64.249302303129213 0
4 17 61 -8.294717015511514 92.629356413788088 0
25 16 58 24.551191946478273 89.444036263366939 0
4 17 61 -41.034303537616076 83.457689479057521 0
9 18 53 -24.408107396368681 52.658832327001207 0
9 18 53 -60.371384953713395 54.284460615813330 0
9 18 53 -86.964614826624214 30.019256620657544 0
10 29 102 -44.350280384221030 10.099347643530564 0
38 20 70 -89.571781474587453 -8.769034352125267 0
11 23 64 -72.425808448046169 -48.202720573085131 0
11 23 64 -27.347152480406031 -39.042219705166282 0
38 20 70 -42.651316891235254 -79.226576757212143 0
42 26 77 3.307030040564932 -77.269449450087620 0
31 35 76 57.139595770913843 -48.580516620725284 0
45 16 74 15.129744611104400 -19.663870799837667 0
29 11 93 37.390678688045334 -91.667535950560776 0
15 18 94 -91.341954842167027 10.983955827092485 102
39 25 94 -79.406032979982584 -30.326258034612799 102
15 18 94 -55.749617057851822 5.581596060545243 102
34 27 93 -27.414690594933681 -29.377407677276310 102
15 18 94 -54.455158388280637 -65.347021263148562 102
34 27 93 -12.352998363706121 -81.234378540717415 102
34 27 93 25.025609651729550 -42.262085012771074 102
15 18 94 61.887357617132409 -68.073158933379617 102
29 11 93 34.996544413856057 -78.930606389688052 102
34 27 93 76.344699150603816 -25.458780188822480 102
18 21 92 38.335886132227806 3.855553044838672 102
3 30 95 -12.088132860650788 25.523381278964504 102
29 11 93 27.996389555409088 34.139126323729556 102
29 11 93 49.991116852765657 33.657492526205161 102
44 17 89 73.500870165909944 18.449221777855698 102
21 26 88 -68.513888468440982 48.598838329059170 102
41 26 108 -26.778371882310317 79.617327255646387 102
33 22 95 19.489134385057525 66.837739476728117 102
18 21 92 62.359429516376380 63.500405907301776 102
40 11 112 10.124031667183907 98.480982848476174 102
14 12 90 -12.837743332245443 97.155506000099592 214
43 24 90 -41.473854734856573 75.338697715264601 214
44 17 89 -0.725154240771573 70.806214064620406 214
14 12 90 -18.331724462651795 47.762588372859113 214
14 12 90 -40.807090225147640 39.344872896435007 214
20 23 82 -75.612302597693542 43.032309906334632 214
18 21 92 35.736087425263179 81.510318705878873 214
28 24 84 -49.003038090882889 4.290252108553851 214
36 16 86 -88.948241934897879 6.383261869661073 214
36 16 86 -90.452159037417871 -25.581378490411005 214
47 20 83 69.093737735496674 57.671963775637153 214
28 24 84 30.340419185042052 36.834970198659938 214
28 24 84 72.452237361107720 13.800327377335684 214
47 20 83 85.456661921831696 -28.234003137666441 214
47 20 83 46.045689312852971 -21.394760634703914 214
46 15 83 -6.335755372480645 23.573815655177498 214
46 15 83 18.177653702120704 -0.219950335696319 214
47 20 83 -11.516248477986631 -18.747556044967460 214
46 15 83 -42.905569675809502 -34.230143514118339 214
6 21 80 63.198020432127620 -62.665861627048415 214
20 23 82 19.793578184813938 -55.450988572059067 214
6 21 80 -23.284079976045444 -64.412872714143532 214
8 17 74 -61.088484043857846 -60.562284047774561 214
2 13 120 67.576890611592262 69.587095465099665 306
35 35 119 71.770735254569701 21.770658258731292 306
35 35 119 19.590797896848194 68.431714154887985 306
2 13 120 94.848257795638375 -20.317676863562014 306
2 13 120 69.516945975272492 -26.176400398547415 306
2 13 120 84.692686921515033 -47.287934846155380 306
16 14 117 57.889813042900748 -50.544612884754862 306
2 13 120 43.559391774869042 -27.661452563664056 306
16 14 117 22.821611014695272 19.538341939448120 306
2 13 120 -3.329023652930189 26.257293232647513 306
2 13 120 -21.957348287677902 44.395251257255779 306
16 14 117 -29.371348461347530 70.357389101139646 306
50 39 109 -68.036756064958254 20.297778798611589 306
7 14 109 -62.354794050520091 72.992326027584738 306
50 39 109 -45.613502435722069 -54.409635135207225 306
23 28 113 16.141937519737176 -80.395508911312334 306
30 20 115 10.942904533618531 -32.677901511011441 306
24 19 113 -14.984734912886207 -3.544458310249000 306
1 15 68 43.765367043288002 84.318400409200606 426
1 15 68 67.876014944004964 66.466883448234697 426
38 20 70 37.003539898386691 49.977787519176708 426
49 25 71 3.947001537475842 80.510806884998189 426
38 20 70 -41.051054329322376 80.092514871559771 426
38 20 70 -22.940970231190210 44.427057437810504 426
1 15 68 -57.606319098457305 49.255472075211088 426
49 25 71 75.854344423748572 27.270630327398592 426
32 25 72 -51.575183151324886 9.712768586612746 426
45 16 74 37.069013266959210 13.977847057586946 426
50 39 109 61.645241138902222 -35.225903039192580 426
8 17 74 12.611244726185909 -8.176555620119348 426
45 16 74 -19.492421191240339 -15.815576150415396 426
32 25 72 -52.393266530251054 -40.280538361269038 426
1 15 68 -90.621665654606829 -28.508134172278808 426
1 15 68 -90.721243496921332 1.491700564821331 426
1 15 68 7.541766893260995 23.419336430928727 426
10 29 102 10.719359988320186 -80.287578873950366 426
48 15 64 -32.342506516240931 -89.325037208203355 426
12 16 99 -85.912806599873804 32.116509700669212 426