40 12 106 98.000000000000000 0.000000000000000 0
1 15 104 91.326530612244895 26.162278309250819 0
1 15 104 78.614717174874443 53.335975134185944 0
13 13 104 73.431858861755799 4.626709523118244 0
6 14 96 62.420064285924184 29.279100486667513 0
36 22 103 42.044313759474718 58.957860408266235 0
44 27 102 75.101229252889240 -35.338440326434522 0
44 27 102 33.772570792279467 -0.582980469798065 0
26 16 100 57.329267286691746 -74.493993800648497 0
13 13 104 38.815960191121007 -52.172312403740008 0
1 15 104 14.673802261937773 -37.989357474587365 0
48 26 99 14.577429879877094 -82.725440694488086 0
26 16 100 -13.312465125985055 -51.322355550477390 0
7 39 100 -64.170592694522938 -30.383137317163921 0
26 16 100 -10.264598924633365 -19.467834495866345 0
26 16 100 -92.493104810204045 16.763817064398168 0
20 34 99 -48.741905660568435 40.967795517721171 0
48 26 99 -1.844895006923005 78.393326799880242 0
49 16 98 10.235661386458791 38.168208313711403 0
39 13 97 -39.485743749653942 88.599526186863244 0
39 13 97 -14.023618920717226 9.287508810535714 0
40 12 106 33.614476117306715 92.054695672513176 0
50 13 109 93.816326530612244 24.647451720239562 106
7 39 100 49.136529965796626 51.250379734401662 106
7 39 100 66.533566419127268 -24.784764262578353 106
48 26 99 29.918977436333954 -78.491112803706258 106
27 33 99 -5.191129192068274 -31.075077409103461 106
18 37 98 -25.311690194040075 35.970899539300632 106
49 16 98 -72.849527240808129 59.404935660185288 106
39 13 97 3.761573407245011 76.649460767178297 106
39 13 97 24.306701206296147 5.561435735071985 106
6 14 96 -75.907297046134019 29.561175109315741 106
23 33 94 -71.169661003144213 -29.391824589459127 106
46 13 84 -94.674203080873383 10.149754813951899 106
30 18 75 -51.306915419245094 -76.364916225727839 106
46 13 84 96.993090614050772 -1.157744848633403 215
42 16 84 90.039969356618684 26.996368612448023 215
42 16 84 68.362643579674014 3.457176885453443 215
3 21 88 81.174577541488503 -31.253835029472121 215
42 16 84 46.085925434321098 -19.515585871178686 215
17 31 73 42.801295459669717 -66.400670982860234 215
29 22 83 32.480195478335887 15.965171059371805 215
29 22 83 60.013441782668181 50.286015278956086 215
29 22 83 8.624709628468011 -25.891894391576916 215
5 20 79 -9.339034540133394 12.072613974066893 215
14 14 86 7.318993047368203 41.712285309863375 215
14 14 86 26.131166858163006 62.451188764782259 215
8 16 73 4.674112533225809 -93.883718886858873 215
33 26 78 -33.748639400637231 -76.922229157804296 215
21 24 77 -72.830410042182706 -45.735449851155209 215
5 20 79 -89.851888970030785 -5.161206110712861 215
5 20 79 -83.214141902249764 34.284203176860316 215
5 20 79 -43.225624641274187 33.325825762341786 215
33 26 78 -18.599753203799512 72.178965351633266 215
30 18 75 -52.069830367278911 -9.225200172989881 215
8 16 73 18.322889813538104 92.196918109451701 215
38 15 71 -59.558763697731436 74.011848151480365 215
38 15 71 -32.690977680747324 -35.935873480746601 215
31 13 60 96.993090614050772 -1.157744848633374 303
22 15 53 91.299278220889477 26.257223698339011 303
24 18 56 66.509184107835011 4.475322177445504 303
24 18 56 61.344359834321644 40.102904051938864 303
22 15 53 81.877909596101176 -24.727456403818266 303
31 13 60 53.891950207812982 -23.840846502517806 303
16 21 44 29.686995465715555 17.325474845961516 303
16 21 44 27.374702035289399 59.261775339586464 303
11 15 68 60.610958121074482 73.094753377598167 303
12 15 70 16.451652538060166 93.564646789088769 303
12 15 70 -13.544746349390252 94.029462650441005 303
34 16 66 -42.774560394403807 83.703864803636748 303
35 22 88 -15.651244392187442 57.089475292623845 303
34 16 66 -53.486030999097608 53.549853503566226 303
34 16 66 -83.652794753409637 42.874350490053160 303
16 21 44 -88.781574211903305 6.231539172331740 303
47 24 68 -37.780520354505235 16.762125449327868 303
12 15 70 -59.948826737783811 -15.324728433486673 303
41 34 72 -44.295180024015615 -61.757080781397441 303
38 15 71 -7.988620244153424 -94.663519618672026 303
23 33 94 22.579142394778728 -57.655251795793525 303
28 17 90 72.576677238480102 -58.151749079640631 303
28 17 90 -12.418929477729380 -21.946219812179670 303
28 17 90 -86.520426890153942 -33.155882780375258 303
15 14 114 68.611020730471012 -67.145571963628981 397
10 38 113 16.691554766229576 -70.038503692511583 397
10 38 113 69.257775958326505 -15.149594160771549 397
10 38 113 44.408763587810249 56.673289269301968 397
35 22 88 9.439890981230512 -10.478337705928460 397
37 23 70 -10.406124139561307 29.908983124070936 397
32 20 70 -11.275051644850922 72.900202750763910 397
10 38 113 -69.996013540954849 16.868849645855093 397
6 14 96 -43.305563670855591 61.496418319621299 397
19 20 92 -80.540726836743190 -40.164553036341808 397
28 17 90 -44.485424765041358 -31.857014741616133 397
35 22 88 -51.250523868131467 -70.265782414184983 397
37 23 70 80.815292990087968 -32.216275683670190 511
38 15 71 94.950809407288389 3.056761832527037 511