1 10 101 100.000000000000000 0.000000000000000 0
1 10 101 98.000000000000000 19.899748742132399 0
1 10 101 81.766312060385914 8.217823563497323 0
1 10 101 83.766312060385914 -11.681925178635078 0
1 10 101 65.532624120771828 -3.464101615137756 0
1 10 101 63.532624120771821 16.435647126994645 0
3 16 74 84.144800066126621 41.900508610655038 0
2 27 108 60.012280859995641 -40.049970612377699 0
1 10 101 95.512185170558482 -29.621318065625442 0
3 16 74 47.417291382339471 -81.164034386927284 0
2 27 108 28.703804031440306 3.947521119263250 0
1 10 101 51.945289692447083 32.736986975183818 0
1 10 101 59.832767419974694 51.115988446911160 0
1 10 101 73.569212465290263 65.652496883156275 0
2 27 108 9.896412268505379 -60.159662686610972 0
1 10 101 4.033243046037722 -23.627166923678089 0
1 10 101 -6.713115265747422 -6.759571273001418 0
1 10 101 -7.111213739055500 13.236466274611614 0
1 10 101 2.955265660681217 30.518421965293054 0
1 10 101 20.545057951801169 40.036783544643647 0
1 10 101 95.512185170558482 -29.621318065625442 108
3 16 74 79.521783214996731 -50.122709367182701 108
3 16 74 93.928345054737463 -3.669604239993099 108
3 16 74 66.858529619390936 -20.734922645937818 108
3 16 74 65.614438073845918 11.240884399800743 108
1 10 101 89.320581751064651 21.918840756476037 108
2 27 108 36.535868328461476 -51.223218961664749 108
1 10 101 41.599657559866429 -14.571369913903085 108
3 16 74 33.632103751195487 10.177732823487892 108
3 16 74 48.702554639360301 38.406822607386566 108
3 16 74 79.521783214996702 -50.122709367182722 216