2 19 60 91.000000000000000 0.000000000000000 0
3 30 105 67.472527472527474 42.982066451824132 0
2 19 60 53.199964056863550 -3.893235505025725 0
3 30 105 11.389530451371506 21.658430619138109 0
2 19 60 91.000000000000000 0.000000000000000 105
3 30 105 67.472527472527474 42.982066451824132 105
2 19 60 53.199964056863550 -3.893235505025725 105
3 30 105 11.389530451371506 21.658430619138109 105
2 19 60 91.000000000000000 0.000000000000000 210
3 30 105 67.472527472527474 42.982066451824132 210
2 19 60 53.199964056863550 -3.893235505025725 210
3 30 105 11.389530451371506 21.658430619138109 210
2 19 60 91.000000000000000 0.000000000000000 315
3 30 105 67.472527472527474 42.982066451824132 315
2 19 60 53.199964056863550 -3.893235505025725 315
3 30 105 11.389530451371506 21.658430619138109 315
2 19 60 91.000000000000000 0.000000000000000 420
3 30 105 67.472527472527474 42.982066451824132 420
2 19 60 53.199964056863550 -3.893235505025725 420
3 30 105 11.389530451371506 21.658430619138109 420
2 19 60 91.000000000000000 0.000000000000000 525