20 11 118 99.000000000000000 0.000000000000000 0
20 11 118 96.555555555555557 21.863775779997951 0
20 11 118 78.843192529652626 8.814936902970350 0
20 11 118 81.287636974097069 -13.048838877027592 0
20 11 118 76.398748085208183 30.678712682968296 0
36 30 114 50.244575602086755 62.253374386985556 0
29 20 114 51.262122758951023 -5.337256930626273 0
36 30 114 7.968934298392085 19.676735811807436 0
14 24 108 1.737553518714705 85.982445346533396 0
14 24 108 68.733481653219101 -45.719822703341606 0
29 20 114 25.781963410290480 -36.171677300837011 0
38 14 100 -36.147604445729648 88.934530373950182 0
29 20 114 -29.989810740780996 55.496803527059186 0
11 20 100 -69.974595805069441 56.599964151200297 0
46 21 111 -50.969285484408125 20.270937469834827 0
46 21 111 -88.968171124109944 2.380026645037141 0
14 24 108 -75.788226998327858 -40.646582248079959 0
50 29 96 -34.156594931535665 -73.446082418894150 0
34 12 107 -40.618722573616417 -32.958542281989615 0
8 18 96 -11.161966965389336 -27.275273061093706 0
4 23 95 16.443192724399850 -85.431969502219971 0
5 13 72 94.111111111111114 23.496782022908963 118
39 21 68 88.433494703666426 -10.025817397928243 118
21 16 73 81.741046227829258 -46.415529314873496 118
17 19 66 76.077815892041443 49.931612522495669 118
32 20 68 56.784374909069996 16.038204091996999 118
32 20 68 37.088705037293963 50.853151863062436 118
5 13 72 58.030518692036161 76.356885724010198 118
35 18 66 51.173572658197187 -21.545288269698187 118
45 23 64 46.090893667680945 -62.229024261853155 118
45 23 64 11.503322030685453 -31.902470084767607 118
35 18 66 19.581908671430902 8.293754089748701 118
35 18 66 0.952410800873047 39.098653198346355 118
35 18 66 7.361421235782711 74.523567951175608 118
5 13 72 33.630687004418576 90.983387998089128 118
42 33 87 -43.997846775661273 63.191688370429169 118
12 22 76 -84.182235828611212 25.638860561578909 118
5 13 72 -96.745003986543594 -7.028812392123207 118
5 13 72 -70.747344947652707 -6.679922011666916 118
45 23 64 -37.678812841325581 7.549350082604539 118
35 18 66 -51.560834886610969 -31.029004780378031 118
21 16 73 -82.689588098132333 -44.703825565170725 118
43 17 61 -61.360647686149044 -69.884697291583734 118
31 18 83 -28.270776861008482 -58.480292494510302 118
48 15 79 -86.101943837034113 40.142935461725067 205
48 15 79 -94.326471211492247 11.292334957285128 205
2 23 79 -56.637705072564806 16.145880766818337 205
2 23 79 -79.574849275240737 -23.727511562222965 205
2 23 79 -33.574906481889428 -23.654964967486634 205
2 23 79 -56.512050684565374 -63.528357296527943 205
25 26 82 -7.539419304344548 -65.165847967344604 205
25 26 82 15.139463275117599 -18.371956432797397 205
49 20 83 -56.709931739584896 59.145820107572888 205
40 17 81 -24.818758722441995 40.385407436454571 205
2 23 79 13.969396638408622 30.614071616695050 205
26 27 84 22.602954836054433 79.863047980147144 205
44 22 77 66.355339201689503 57.801115555227213 205
2 23 79 85.324033107012895 16.994392438488866 205
2 23 79 63.850468460479867 -23.685897891979124 205
49 20 83 38.182288291931165 -58.184369261518427 205
23 21 88 -25.077324652862593 85.393956391860257 205
19 16 86 11.057750641734177 93.347341423016587 293
41 34 85 47.614460520385371 59.235657752342576 293
18 29 85 80.800271378649200 5.684729117261575 293
41 34 85 55.439444508807817 -51.985267072073597 293
41 34 85 12.684952040332753 0.892453886408618 293
15 26 86 4.614618675154247 -83.873150021225015 293
28 19 87 -5.290974185460804 62.400302848628584 293
28 19 87 -37.187629480521942 83.054682069221201 293
15 26 86 -67.589040021165005 49.877065561411641 293
15 26 86 -83.998302495967565 0.534020407782975 293
42 33 87 -56.902374248705613 -51.876004133512858 293
47 17 83 -41.279928025057217 -4.379276098950157 293
47 17 83 -30.581001739249906 27.893513931210876 293
21 16 73 -26.616888573939161 90.152877062479305 380
9 23 62 -57.011911013061066 65.716375452689164 380
43 17 61 -17.689835632583669 58.383273259752457 380
9 23 62 12.057586088111165 85.124456871760614 380
9 23 62 54.632696918997965 67.707225813475091 380
43 17 61 83.798783350892748 40.333161404855680 380
1 24 59 -82.003577278678250 25.911644361171760 380
1 24 59 85.997852024281684 -0.607821692399334 380
16 20 92 50.161322137121005 24.921438493642871 380
1 24 59 6.161468377110895 25.034880539305973 380
16 20 92 -37.782452863549217 27.255643019775555 380
12 22 76 -54.765965785019581 -11.157379366470611 380
6 36 88 -34.460079363746928 -65.486662231665647 380
12 22 76 19.895740264578542 -85.721406424092393 380
47 17 83 -82.457474291411188 -43.008893655629684 380
28 19 87 -13.900328052074812 -14.473951795910555 380
33 19 89 14.267813144338039 -39.979947591780771 380
26 27 84 57.842148691547429 -54.720276001256750 380
8 18 96 42.709959016520102 -12.340837170156151 380
22 24 90 84.590494511422193 -15.506393465698297 476
7 33 90 48.610938460775728 -59.715799098418458 476
33 19 89 86.764757567066184 27.438601355175329 476
22 24 90 46.168232567929117 13.263900018129842 476
7 33 90 -1.949040712851158 -17.293063378495628 476
7 33 90 -60.683318061206229 -47.397625563760919 476
33 19 89 59.675269633899262 54.087422032999029 476
23 21 88 -11.819634510547061 -70.383282610298465 476
42 33 87 -75.097883458797455 17.009053471868341 476
30 23 92 6.266855373581190 38.100971061116603 476
30 23 92 26.258354054773257 79.529704815358912 476
10 21 92 -57.391534161947860 68.023612125040614 476
10 21 92 -19.806386354770638 86.768122369713382 476