2 14 113 96.000000000000000 0.000000000000000 0
1 25 65 77.708333333333329 34.444374439893032 0
1 25 65 58.847691723208435 -11.861955559950676 0
1 25 65 28.175554392380761 27.625004206013173 0
2 14 113 48.859424341458180 60.688239436850040 0
1 25 65 17.062148504606640 83.269941085644760 0
1 25 65 -17.754594542204892 47.384088669792888 0
2 14 113 -21.829833382391385 86.170586686440842 0
2 14 113 -49.550288380949240 82.223895075365803 0
1 25 65 -67.753379726857929 47.732628565530234 0
1 25 65 -84.996236440821505 0.799869299302117 0
2 14 113 -88.126895449515516 -38.074273445860548 0
1 25 65 -49.316969128586464 -34.228546081101214 0
3 16 120 -44.390827440388975 6.474440640610037 0
1 25 65 -6.311494665552068 -8.723072821243900 0
1 25 65 -5.725844118488133 -58.719642837963285 0
2 14 113 -24.784920966884435 -92.745391759727298 0
2 14 113 -44.576929970338128 -72.939423477232040 0
1 25 65 -84.996236440821505 0.799869299302101 120
2 14 113 -87.394744370146341 39.726045064626980 120
2 14 113 -95.140324253038997 12.818685620086008 233
1 25 65 -81.611746227313404 -23.759690185871477 233
3 16 120 -84.627679867083842 40.916449018877138 233
2 14 113 -67.367593080710137 16.378938873655635 233
1 25 65 -52.725937618026734 66.670649481611875 233
1 25 65 -28.886505499612383 22.719751012166292 233
2 14 113 -44.067298951394228 -13.204384470463456 233
3 16 120 -45.497628748801482 -43.170267682387127 233
2 14 113 -95.140324253038983 12.818685620086022 353
2 14 113 -87.394744370146327 39.726045064627030 353
2 14 113 -72.214542136321072 63.253931925545217 353
1 25 65 -81.611746227313404 -23.759690185871463 353
1 25 65 -49.217928644297331 31.755427708702289 353
3 16 120 -43.634221431250275 72.373431275580927 353
1 25 65 -5.805627516574944 56.562122587221552 353
1 25 65 -6.028550131709125 6.562619534614498 353
1 25 65 -33.016495957758451 -35.528362636038487 353
2 14 113 -64.359615525446401 -58.736310752268352 353
2 14 113 -72.214542136321086 63.253931925545203 473
1 25 65 -81.150144040440281 25.291384347555887 473
1 25 65 -36.451497750811519 47.697433081651276 473
1 25 65 -39.396613493467129 -2.215754486989958 473
2 14 113 -95.364717252380501 -11.025910546232549 473