43 10 120 100.000000000000000 0.000000000000000 0
43 10 120 98.000000000000000 19.899748742132399 0
14 14 120 86.755771184755062 41.102751320786574 0
14 14 120 77.291936981849346 7.768131948139056 0
33 16 117 84.987622887456979 -21.228012941177386 0
33 16 117 58.463925353028941 31.124201354291365 0
33 16 117 48.100817465418551 0.848699790985311 0
42 16 117 27.063017943085214 24.961165265467827 0
35 11 115 75.864029289698806 63.605416907144971 0
35 11 115 59.943827485845439 78.789196888578587 0
7 18 108 38.845358377794369 58.893101761729824 0
2 27 108 47.418451998609129 -42.145885651482985 0
7 18 108 15.890504650469040 -10.036875451651126 0
49 25 107 15.894236187040853 -83.500738056801396 0
42 16 117 -24.457555439279350 -90.762481135844766 0
42 16 117 -17.385500686539416 -59.553731696396724 0
2 27 108 -28.401349414722702 -17.988709420476034 0
2 27 108 -14.910837817113926 34.299014729985743 0
7 18 108 6.189468768652782 74.045424152556862 0
1 10 101 79.301228704769585 -60.920564064311058 0
1 10 101 21.091584945596153 97.750422221506042 0
1 10 101 65.592164949586490 -75.482898044697762 0
30 27 101 -66.793974232553879 49.270325818091855 0
8 18 100 -37.948118911988786 83.808951019813861 0
27 21 99 -55.041456403070725 -69.938816668777463 0
9 19 99 -81.686008848290371 -40.104812160600218 0
11 18 99 -91.887956877059679 -4.539094729086337 0
34 11 94 40.704518282878681 90.244901193135533 0
34 11 94 -11.954942783681368 96.667986549852259 0
48 13 92 -62.005278112859330 3.708663140517372 0
37 12 92 7.834080911292126 -47.389328544975072 0
26 10 53 -96.300932110497357 26.946808246049820 0
26 10 53 98.000000000000000 19.899748742132399 120
23 20 52 89.560000000000002 -8.888554438152472 120
23 20 52 76.862876609867456 -46.819848347215853 120
40 14 50 86.755771184755062 41.102751320786574 120
40 14 50 57.137984473048668 -19.126372036162657 120
25 19 48 62.273109834683972 18.975860594393598 120
45 27 80 52.728220637892917 63.974694915084413 120
6 15 38 57.252426592445971 -75.810023409022804 120
6 15 38 29.732270488594402 28.829477932812456 120
25 19 48 37.877042192100475 -47.870902461168185 120
47 17 82 18.168863773676321 91.207962312363890 120
4 16 69 9.989950462774601 59.237579501819454 120
16 19 58 -16.624988145043460 81.967406665748257 120
16 19 58 -21.663754282259916 44.302956108034806 120
41 21 60 -54.032983297935786 67.802594678249619 120
16 19 58 -82.082966260913025 39.285959957850245 120
41 21 60 22.379268934556013 -84.746626509079988 120
41 21 60 -2.031844941312023 -50.569184835669098 120
41 21 60 -25.848003135928817 -85.163846401422092 120
25 19 48 -41.981441642978822 -48.561767745432675 120
25 19 48 -22.276012532857596 -16.070290961728503 120
27 21 99 17.632874600554906 -13.372008587227587 120
5 15 71 -0.341671905764594 17.819587683116737 120
19 26 63 -80.235877885697448 -24.863706479755756 120
50 12 78 -75.434430754910437 -62.559145268159014 120
50 12 78 -68.675669683543816 11.335210442202836 120
10 11 83 -50.533057415727455 -2.801465974115088 120
10 11 83 -91.670745629978711 10.859308963226935 120
50 12 78 -33.616091854936620 12.781097236570655 120
50 12 78 -49.538632592787664 30.738622022895576 120
12 11 83 -57.517623127010125 -80.577434991560949 120