2 15 86 95.000000000000000 0.000000000000000 0
2 15 86 90.263157894736835 29.623678483095365 0
2 15 86 66.976720827465385 10.709613644674024 0
3 26 64 67.366600030153549 -30.288532584238709 0
3 26 64 26.847766174749438 2.303247100187207 0
3 26 64 50.879017614374433 48.417224962062477 0
2 15 86 37.645473576461548 87.222808480373615 0
1 25 118 3.285526162214893 66.743696837282130 0
1 25 118 -46.520881076642112 71.139353552396869 118
2 15 86 -13.701908808188755 94.006689629047571 118
2 15 86 -80.627628599812198 50.241272937404212 118
2 15 86 -7.033303832232056 64.757250186989097 118
2 15 86 -56.505326436410130 32.405507230893932 118
2 15 86 -84.012703715896365 20.432863612878553 118
2 15 86 -22.576461056256001 39.097743887972499 118
3 26 64 17.831929485938609 32.157861051102891 118
2 15 86 -16.485143867445231 9.722654868442728 118
1 25 118 -82.722075571076900 -19.546309452503873 118
1 25 118 61.211747704021192 58.975604643100162 118
3 26 64 83.008504601332476 12.868106459404345 118
2 15 86 -13.701908808188755 94.006689629047571 236
3 26 64 -46.773369084482518 69.772859655361515 236
3 26 64 -78.882726043994907 28.870669058198953 236
2 15 86 -6.052317273082078 64.998350322116806 236
3 26 64 -18.704285136991508 25.999277138634561 236
3 26 64 -50.813642096503905 -14.902913458527991 236
2 15 86 -94.571890581413314 -9.008746408751076 236
2 15 86 -3.890018025918278 94.920323217728409 322
2 15 86 -33.294888924213815 88.974436618189742 322
2 15 86 -59.379493891008806 74.155753015175080 322
2 15 86 -79.542598081969118 51.942035870480886 322
2 15 86 -13.443164631844095 66.482014725033409 322
2 15 86 -39.527769598639068 51.663331122018768 322
2 15 86 -59.690873789599358 29.449613977324596 322
2 15 86 -89.095744687894864 23.503727377785868 322
3 26 64 33.087156255645489 77.209067413837474 322
2 15 86 7.596315517394627 45.096499181802045 322
3 26 64 72.196231305904263 42.938376602106999 322
3 26 64 83.638269869319899 -7.787156943764259 322
3 26 64 33.987649916367843 7.666513762172228 322
3 26 64 -21.355274236103924 14.910638536323248 322
3 26 64 -66.445749783793815 -10.990114635798605 322
2 15 86 -81.253456640040639 -49.222716138435871 322
1 25 118 -41.768731890553873 -55.622443590231576 322
3 26 64 0.608613756837016 -83.997795145438118 322
3 26 64 49.937067430056857 -67.544720715137700 322
2 15 86 -3.737209051647028 -43.228764937236456 322
2 15 86 25.092093027914434 -34.929889013028799 322
2 15 86 -81.253456640040653 -49.222716138435857 440
2 15 86 -92.551068454135105 -21.431279196492131 440
2 15 86 -94.619210837900297 8.497349022664110 440
2 15 86 -87.251642445586768 37.578596175848304 440
2 15 86 -65.750327833352145 16.657471207393421 440
2 15 86 -62.834172147691305 -25.542978834363005 440
3 26 64 -29.252392387694762 -2.021412811857475 440
3 26 64 -33.194982945166544 -53.871735662309767 440
2 15 86 -20.326613299374618 -92.799939610851510 440
2 15 86 9.624539669219185 -94.511206934181232 440
3 26 64 43.712868287617006 -71.729945950554338 440
3 26 64 77.560681178330881 -32.254313434846324 440
3 26 64 81.685693345376009 19.581815612582851 440
2 15 86 48.021356014854931 -3.821440402272974 440
3 26 64 31.659385975402106 33.772255032308180 440
2 15 86 65.323723305923181 57.175511047164008 440
2 15 86 11.747581205411860 -2.067946289696051 440
2 15 86 0.740290160007839 -29.975643146329865 440
2 15 86 30.599005630576684 -32.883754294070386 440
1 25 118 -50.641782582903730 53.694369841257910 440
1 25 118 -3.595376149164653 70.624687076071766 440