3 10 82 100.000000000000000 0.000000000000000 0
3 10 82 98.000000000000000 19.899748742132399 0
3 10 82 81.766312060385914 8.217823563497323 0
3 10 82 83.766312060385914 -11.681925178635078 0
3 10 82 65.532624120771828 -3.464101615137756 0
3 10 82 63.532624120771821 16.435647126994645 0
1 15 68 78.963536422653917 36.105089049215621 0
2 31 104 58.311699061811481 -43.823217577865165 0
3 10 82 45.580691074920900 -4.849874949374494 0
3 10 82 43.580691074920892 15.049873792757905 0
3 10 82 52.356542686510274 33.021641332189418 0
3 10 82 59.443097902930319 51.724067248755162 0
3 10 82 77.141662209602671 61.038616163360921 0
3 10 82 64.428811144345033 76.478286425143722 0
2 31 104 23.696249977624525 71.802983140930735 0
2 31 104 -38.245883452649423 69.124904332131678 0
3 10 82 -78.592165017544232 61.832609502228657 0
3 10 82 -8.433855369559485 97.271715547135358 0
3 10 82 -70.342105333684032 43.613484517401730 0
3 10 82 -90.329449764319151 42.902103739506096 0
2 31 104 -78.921488868919795 3.521163829328216 0
1 15 68 -5.806828229989990 36.510372352333896 0
2 31 104 -17.973452405886555 -7.851472245952255 0
3 10 82 -37.629675359705693 28.129535232851808 0
3 10 82 64.428811144345033 76.478286425143722 104
2 31 104 70.366436453647225 35.910508501200987 104
3 10 82 45.943727955161165 68.842731468956700 104
1 15 68 27.329762200884748 52.153804634117229 104
3 10 82 27.750735635675646 77.150260010174065 104
2 31 104 15.100584424525717 7.809163346649278 104
1 15 68 -2.610582625347075 50.262838826300047 104
3 10 82 8.231988624413079 72.789237754976483 104
2 31 104 -46.569029175589314 63.814775104540729 104
3 10 82 -85.690692592014443 51.547116341274432 104
3 10 82 -94.234625375902439 33.463941493245009 104
3 10 82 -99.009173144754328 14.042208985485786 104
3 10 82 -9.674494471071029 81.697540800514503 104
3 10 82 6.993563818717234 92.750858530871341 104
3 10 82 -79.802185523102835 19.618195579957352 104
1 15 68 -94.414398075551546 -10.531924611925792 104
1 15 68 -54.824521976342538 18.561633350440253 104
3 10 82 64.428811144345033 76.478286425143722 208
2 31 104 70.366436453647225 35.910508501200987 208
3 10 82 45.943727955161165 68.842731468956700 208
1 15 68 27.329762200884748 52.153804634117229 208
3 10 82 27.750735635675646 77.150260010174065 208
2 31 104 15.100584424525717 7.809163346649278 208
1 15 68 -2.610582625347075 50.262838826300047 208
3 10 82 8.231988624413079 72.789237754976483 208
2 31 104 -46.569029175589314 63.814775104540729 208
3 10 82 -85.690692592014443 51.547116341274432 208
3 10 82 -94.234625375902439 33.463941493245009 208
3 10 82 -99.009173144754328 14.042208985485786 208
3 10 82 -9.674494471071029 81.697540800514503 208
3 10 82 6.993563818717234 92.750858530871341 208
3 10 82 -79.802185523102835 19.618195579957352 208
1 15 68 -94.414398075551546 -10.531924611925792 208
1 15 68 -54.824521976342538 18.561633350440253 208
3 10 82 64.428811144345033 76.478286425143722 312
2 31 104 70.366436453647225 35.910508501200987 312
3 10 82 45.943727955161165 68.842731468956700 312
1 15 68 27.329762200884748 52.153804634117229 312
3 10 82 27.750735635675646 77.150260010174065 312
2 31 104 15.100584424525717 7.809163346649278 312
1 15 68 -2.610582625347075 50.262838826300047 312
3 10 82 8.231988624413079 72.789237754976483 312
2 31 104 -46.569029175589314 63.814775104540729 312
3 10 82 -85.690692592014443 51.547116341274432 312
3 10 82 -94.234625375902439 33.463941493245009 312
3 10 82 -99.009173144754328 14.042208985485786 312
3 10 82 -9.674494471071029 81.697540800514503 312
3 10 82 6.993563818717234 92.750858530871341 312
1 15 68 -94.414398075551546 -10.531924611925792 312
1 15 68 -74.371509424330583 18.283143599378825 312
1 15 68 -64.418803728111115 -10.017804252670951 312
1 15 68 53.310829758749840 78.631771126139540 416
1 15 68 75.172275267479705 58.087253602750572 416
1 15 68 89.537316594411024 31.750101371054051 416
1 15 68 46.449478429365385 49.426945190435788 416
2 31 104 52.936398169765880 3.886634779969739 416