44 10 108 100.000000000000000 0.000000000000000 0
44 10 108 98.000000000000000 19.899748742132399 0
9 14 105 86.755771184755062 41.102751320786574 0
47 12 108 76.146413435419703 17.365828012433866 0
24 26 104 46.757320931044731 41.454855426783553 0
3 30 101 67.856893730793203 -23.807996962501473 0
24 26 104 16.716572970519046 -0.989855220977637 0
3 30 101 -8.747460507008714 48.885820203575221 0
1 11 99 25.359199961337151 71.639626735603514 0
21 13 98 47.686013297515814 80.443796557422871 0
13 22 98 -57.690865451253956 66.451215515484094 0
3 30 101 -57.882808240311846 14.451569767020295 0
21 13 98 -29.164025686114833 86.729761149086059 0
21 13 98 -3.620251216117424 91.579048295245670 0
8 17 95 -91.074951527386574 -18.824271680046074 0
13 22 98 -56.858233147203151 -37.538335463500964 0
35 15 94 65.563001921763714 -68.749492936361406 0
13 22 98 29.803880552195629 -59.247638439659220 0
20 19 95 -6.234607981410491 -39.697003048113999 0
20 19 95 -30.498680389400029 -68.941742578153253 0
14 13 94 -61.993713679112716 -74.604151789777717 0
14 13 94 -20.907136825733605 -11.259054857140260 0
41 10 86 -99.772848359570546 6.736373669723257 0
41 10 86 -85.339883495626367 -52.125850448246098 0
12 10 78 75.943963296672734 62.529482527183902 0
12 10 78 -82.369588072779678 46.080632564331353 0
12 10 78 -95.167322490602544 30.711247613368855 0
12 10 78 98.000000000000000 19.899748742132399 108
40 17 76 82.849647047657854 42.248502743630084 108
48 13 77 76.050154026617008 13.029212973739769 108
38 28 78 77.086756896864074 -27.957680717895329 108
48 13 77 51.608039025157730 4.164506872833797 108
48 13 77 55.523408614005469 29.868006264603906 108
38 28 78 21.271237817116955 -23.415893640280867 108
48 13 77 28.920649991618252 16.864206823652829 108
38 28 78 25.431577374500193 57.715478190312609 108
26 20 71 55.515909167377714 -70.837728854893896 108
42 14 70 28.618484659605191 -91.635049712366850 108
39 17 75 9.869495055707159 -66.947494368977260 108
39 17 75 -17.329313299230805 -46.545905605565792 108
25 19 74 -24.110893708247840 -11.190422761231222 108
39 17 75 -1.076838476936244 16.476024419440293 108
39 17 75 -18.006248499576966 45.961530626478890 108
39 17 75 -13.830361835905761 79.704114560910654 108
39 17 75 -47.830319907390361 79.757510602805908 108
25 19 74 -73.134598152536057 54.150997710726145 108
42 14 70 66.071858345669170 68.315834909991509 108
11 21 64 -87.403356657082170 16.782527970329451 108
42 14 70 -54.008107302845282 27.259040776045929 108
11 21 64 -85.367249539386535 -25.168089043074183 108
46 22 64 -39.469671944619151 -78.652050174068222 108
8 17 95 -51.007434913734720 -41.397788328361145 108
4 11 57 -75.192520193331717 -55.507418019413308 108
4 11 57 -62.268299963308607 -3.022242288393299 108
37 10 50 9.981072910451482 92.432648463916578 108
10 14 120 -79.248995056393539 -54.181147851920883 203
10 14 120 -91.512050475439523 -29.009388442030435 203
22 18 116 -59.512054778374520 -28.992793628948895 203
31 28 84 -81.161692975042399 11.695280818558995 203
34 11 115 -64.967829738284365 -74.700609763892118 203
22 18 116 -37.502437578344008 -84.009327908765059 203
49 21 114 -24.960425435525796 -47.081046992786838 203
15 25 113 5.430677968406428 -81.611914834349989 203
15 25 113 18.984057342577991 -33.483899006354534 203
15 25 113 -26.771792625107494 -1.116724427295814 203
49 21 114 17.172690152996289 12.480423559136490 203
34 11 115 42.887725173851720 -6.565231427662432 203
15 25 113 68.940998527181478 -31.409283987111699 203
15 25 113 83.391654531439755 16.456972823365920 203
49 21 114 66.438702043975454 59.219075226753183 203
49 21 114 31.883786619483452 83.092864620274398 203
22 18 116 46.183685273904487 -67.893591483516559 203
3 30 101 -18.835681253134812 77.750994281297181 203
20 19 95 -65.588099618376887 63.080909857498654 203
14 13 94 -41.961349478919502 41.499049931911827 203
35 15 94 32.540321799591396 47.098851763171609 203
6 12 86 -17.876167154954910 34.798005802719452 203
4 11 57 46.540457341892036 25.190036076393596 203
4 11 57 -64.967829738284365 -74.700609763892118 323
43 12 53 -79.694348440766944 -57.033418507061512 323
7 13 54 -55.047379987842206 -52.846898940579926 323
7 13 54 -40.967830097858673 -74.704764227370049 323
7 13 54 -72.095483638830586 -33.216255499644092 323
19 15 52 -19.713158618027471 -92.932186982231769 323
43 12 53 -17.524429051572941 -66.021046856162627 323
19 15 52 6.500196975886475 -78.342464966133562 323
45 18 46 39.131277105581965 -83.263095979468332 323
45 18 46 24.213541132742407 -50.499378952173515 323
45 18 46 -42.323151958527198 -24.578647826335271 323
45 18 46 -7.381623770530131 -33.244073833601561 323
45 18 46 23.359491263841107 -14.509510949895013 323
45 18 46 54.954656167113640 -31.764816068466970 323
46 22 64 -87.976658728156252 -2.026701514660875 323
2 20 68 -80.928360709295006 39.377664137252175 323
2 20 68 -49.450006573645716 14.697444913941958 323
11 21 64 -9.181663589073651 6.986377978889072 323
2 20 68 28.501611289796855 23.140968484484901 323
11 21 64 65.628652024558335 5.746059853527347 323
18 16 68 91.745727218488383 -20.462686459766694 323
31 28 84 46.155535711339880 67.776592738195603 323
18 16 68 80.111004687467883 39.793988738367268 323
17 26 86 -39.629959681680944 59.637034131463885 323
18 16 68 -14.044970469209339 92.944815909866847 323
29 16 84 1.992770161825892 65.253826843897357 323
14 13 94 81.589573055402610 -47.626127563861658 323
10 14 120 93.148181478931122 -23.225337180934812 417
3 30 101 60.332203320819580 -52.535942386667884 417
3 30 101 77.934628561968793 18.060832508717770 417
8 17 95 40.259030042375826 -10.038086975676006 417
23 18 90 65.642147323167819 64.460131048606570 417
23 18 90 36.839431955909667 42.863752012464630 417
27 18 88 32.537776764482132 78.605824736553600 417
3 30 101 -9.489779916812736 55.417800254063764 417
50 24 94 -63.424074096309681 58.080864534077143 417
36 19 85 -88.083400123750636 22.854203609822992 417
28 20 85 -88.540384634701127 -16.143118928484068 417
36 19 85 -55.117132463365188 3.953801589129761 417
28 20 85 -53.265254226924569 -35.002206253016972 417
5 23 81 -16.535521488687934 -12.643164838463692 417
27 18 88 14.718797048071689 13.892991115305572 417
27 18 88 -20.066308750210602 -53.490851937170632 417
27 18 88 14.007822304836269 -65.107804758091021 417
27 18 88 -50.390311661993387 -72.893296303955694 417
36 19 85 -13.460769827932035 -89.896440183293819 417
10 14 120 20.260279108135844 -33.724580195868725 417
10 14 120 34.717887831841431 -89.502336642657966 417