29 10 66 100.000000000000000 0.000000000000000 0
29 10 66 98.000000000000000 19.899748742132399 0
29 10 66 81.766312060385914 8.217823563497323 0
29 10 66 83.766312060385914 -11.681925178635078 0
5 23 65 51.475578607812452 -4.876887846272155 0
39 29 78 67.608380457031416 44.557237052362765 0
3 22 68 19.722350634080492 27.009355476643861 0
18 13 70 28.872959752116959 60.791989369946315 0
46 10 64 57.079661023814950 82.109148682752647 0
41 33 93 -16.492993976283532 68.403181281376831 0
43 12 72 -60.671851080320167 76.960551495473638 0
43 12 72 -58.787301308002874 53.034656064880892 0
43 12 72 -82.780276921538828 52.454034666490116 0
4 16 73 -90.466749913062316 25.529730906678971 0
1 18 73 -56.552392408332523 23.118018850612064 0
18 13 70 -77.020139879258707 -0.164406140492169 0
46 10 64 -99.971581587165076 1.329355396225154 0
27 24 67 -44.063108725608956 -16.982078319999072 0
7 13 72 -79.947558479431848 -25.999077037164344 0
3 22 68 -66.067955389106274 -58.129383883738726 0
3 22 68 -22.074233000844153 -57.386154158469246 0
43 12 72 -43.633214274173362 -83.677033308019205 0
1 18 73 -3.683736893239336 -5.427584370749935 0
3 22 68 17.937172501514695 -39.080760698458391 0
1 18 73 11.829667571366661 -78.611740746114918 0
23 14 74 26.373726567865454 87.676070784246789 0
23 14 74 -16.757495559495972 -92.991382748941277 0
49 24 74 55.391836305758559 -65.785594704889974 0
46 10 64 35.590588446332731 -93.424527086760008 0
7 13 72 85.961249370140223 -44.940667626600366 0
45 11 99 -12.905466872738483 22.067136871430478 0