48 11 114 99.000000000000000 0.000000000000000 0
26 21 112 84.333333333333329 28.440972010268734 0
37 14 108 74.538415029181138 -5.160509734067845 0
26 21 112 45.023569679780628 13.651026726332498 0
37 14 108 54.818487983932826 47.252508470669071 0
11 34 111 7.242873519816499 53.621253116340242 0
11 34 111 -2.725509838156690 -13.644126784679294 0
26 21 112 -40.506205998120819 26.326099605328452 0
34 31 108 -78.460175368518335 -9.219592243768076 0
40 18 108 -71.624321630108724 -57.740423890258548 0
40 18 108 -77.118710119769176 39.762041773344890 0
34 31 108 -25.659112596611344 -74.716865169481125 0
37 14 108 -51.875055546821564 59.428203162942538 0
49 16 107 51.409702544762524 77.058215672976829 0
49 16 107 -33.252831351005689 82.948678625840188 0
47 13 81 12.764066544954922 -96.156531786644436 0
37 14 108 19.083028460192175 -69.906375209706056 0
37 14 108 41.635243713461449 -86.501482535969686 0
1 18 100 65.226432467915998 -64.880756064555797 0
14 16 93 85.994189181619390 -37.960498244831491 0
44 20 93 50.962827820170496 -29.659319659252660 0
16 11 49 75.232563210176011 64.351079500089753 0
41 12 63 -8.866814469180929 96.708118317897345 0
41 12 63 95.333333333333329 22.705848487901886 114
12 26 71 82.953051612933166 -13.220863364472333 114
18 13 66 70.352614465347870 23.687522995401935 114
13 29 71 31.807460717689587 7.006062550663120 114
23 21 67 52.406685593863784 52.565605288719723 114
12 26 71 5.486227261132591 55.298843267095521 114
41 12 63 48.244710195277435 85.302098087759205 114
9 20 73 69.481627902595747 -57.204050416078310 114
23 21 67 31.025175672232411 -42.987817375860431 114
13 29 71 -15.960832968434403 -25.890595612685448 114
13 29 71 -73.333592246089438 -34.397445374392149 114
13 29 71 -52.014360607077521 19.542246526119790 114
29 13 59 -93.591275426729823 25.488686980658677 114
29 13 59 -82.124367969239117 48.823425748456017 114
3 21 65 -55.309476541143233 69.727052173060684 114
35 13 54 -23.409527934694339 81.491119450406543 114
35 13 54 -9.308247806095302 15.579189902287087 114
42 22 52 -44.072672731505023 -76.168231686849964 114
24 15 91 45.974148042342350 -83.134696197080004 114
3 21 65 10.164164047200085 -79.440776020945293 114
22 16 36 16.438984618792116 -92.551389966348509 205
43 18 72 47.523079105069449 -78.775357519806334 205
45 19 58 74.013234036657607 -52.943754942721498 205
45 19 58 37.277840163562118 -43.222086516543897 205
45 19 58 64.064748924348748 -16.269136417504782 205
22 16 36 93.980846171353548 1.897512296767008 205
9 20 73 26.513810284056937 -5.736947317747795 205
31 20 73 55.538151029248709 21.787362742760543 205
36 23 78 58.154210788213248 64.707710263924980 205
36 23 78 17.029345523292307 85.317063891394696 205
31 20 73 21.314060727597358 42.531070673777357 205
8 26 73 -22.540221790455387 56.416383231541893 205
8 26 73 -72.582459657827116 42.282224988993896 205
25 20 75 -89.999523208394294 -0.292954367944873 205
50 24 75 -46.000108142290493 -0.066075896690389 205
19 20 77 -80.983735032461666 -39.263655716095037 205
50 24 75 -37.732945682273666 -47.348779127995698 205
1 18 100 -6.253522409261995 13.506282872772520 205
1 18 100 -16.330294901760354 -83.486384742748214 205
1 18 100 -51.581065962288669 -76.180008100511685 305
28 27 99 -7.055841533114581 -82.699547158733438 305
17 22 94 -32.674651149022942 -40.930221166280063 305
28 27 99 15.800123238893391 -33.775065819216607 305
39 32 91 -77.289049136330036 -10.507277649418164 305
33 29 94 -64.408733172340206 49.117360384433155 305
33 29 94 -20.355158357273197 11.390943300202991 305
44 20 93 -30.640383917236679 84.623677971383074 305
44 20 93 9.055938471084257 89.543229662593347 305
30 29 93 50.470163276930165 63.354262830531070 305
30 29 93 55.634917420959454 5.584674683896925 305
32 20 87 82.845536240636591 -35.165567320908806 305
32 20 87 53.291084156464741 -62.119868684594557 305
4 20 85 -76.467428437044674 -47.462958064425884 405
6 25 84 -84.937184268626112 -3.267220304395309 405
15 21 83 -78.329163592919315 42.255675723311811 405
6 25 84 -39.497735818808827 17.595582109863368 405
30 29 93 -37.823704609194152 71.569627905127192 405
38 39 87 -17.670882274624752 -42.567433642014798 405
38 39 87 24.255875910322331 23.206018054706846 405
15 21 83 33.359949688506440 82.511294722482205 405
20 30 79 77.174798463110392 -21.072505360737118 405
15 21 83 40.649233304968895 -56.665806554618527 405
19 20 77 81.091035936118914 39.041566193059822 405
10 19 120 17.093424451017718 -88.994182159280683 405