2 14 84 96.000000000000000 0.000000000000000 0
1 31 90 69.958333333333329 36.699204313203069 0
1 31 90 21.921943850813339 75.897485978138874 0
1 31 90 58.023711432311671 -24.141282207531251 0
1 31 90 23.280211414323979 -75.491931731174958 0
1 31 90 -38.384036143499323 -69.048285781288868 0
1 31 90 -3.640536125511632 -17.697636257645161 0
1 31 90 -28.103835630504804 39.272066017590589 0
2 14 84 -45.844693155112701 -2.083247719480291 0
2 14 84 25.317408693009313 31.025770850394863 0
3 19 94 -72.827168060393703 16.915332437623057 0
2 14 84 -71.830726197536208 49.900285122354092 0
2 14 84 -59.733823928450683 75.152313862480995 0
2 14 84 -33.164021400559719 83.986655582659097 0
2 14 84 -82.950384341375283 48.324256203464969 94
2 14 84 -65.478220725573678 70.204007083734581 94
2 14 84 -55.265882442686063 44.132794093237415 94
1 31 90 -78.922212391422676 3.504909591297412 94
1 31 90 -57.147116932723840 -54.545458346938375 94
2 14 84 -37.493605011429942 -14.064111171238322 94
1 31 90 -20.878291583559662 76.191186764296191 94
1 31 90 -4.394379279108737 16.422627846256582 94
2 14 84 -13.058112559913305 -27.735494007362597 94
2 14 84 -12.162478316716898 -55.721166043288662 94
3 19 94 -19.825931683785079 -87.819008377171031 94
2 14 84 -52.042203205775110 -80.669753225659562 188
1 31 90 -68.763557862446220 -38.891812892921465 188
2 14 84 -30.574012055194025 -62.694304170848376 188
2 14 84 -25.740912104585107 -90.274027607957464 188
1 31 90 -8.744811824768171 -23.343497097803791 188
2 14 84 -3.078464543792265 -67.985321752396231 188
1 31 90 41.910007290969460 -66.966792433794282 188
2 14 84 6.232715674698652 -94.391796771580147 188
1 31 90 77.344070875376289 -16.090205108225621 188
1 31 90 65.139837961634356 44.696772929731971 188
1 31 90 12.814224319720260 77.953804622249777 188
2 14 84 39.261128315647909 7.882476969348208 188
2 14 84 22.500839237460003 30.312205233764949 188
2 14 84 -4.797061284890734 36.543146340198504 188
3 19 94 -31.838889160890830 55.457150282378073 188
1 31 90 -73.780811316990253 28.238128149838190 188
2 14 84 -29.139499728911801 22.567740182856372 188
2 14 84 -60.777145093725665 71.318340135782819 188
2 14 84 -55.887516173257232 78.055016084707276 282
1 31 90 -70.566192381081365 35.516369364508733 282
1 31 90 -14.150551459285623 61.231646135000737 282
3 19 94 -90.406187255628780 -10.378887507829752 282
1 31 90 -41.167398450451358 -19.070359017254106 282
3 19 94 29.170091647662296 86.198061192041791 282
1 31 90 43.444340065577094 38.278901849419171 282
1 31 90 77.875522154212092 -13.281680963222328 282
3 19 94 28.035312891293316 -9.287492606563973 282
2 14 84 88.434823319367268 37.353474061622364 282
2 14 84 -80.055498601765876 -41.713584640414162 282
2 14 84 2.571154608993281 19.453846454236256 282
2 14 84 60.147216844382179 74.821870505052658 376
1 31 90 72.434397477422081 31.531857891390256 376
2 14 84 36.926503016709077 59.175834287105594 376
3 19 94 89.687979318593932 -15.396959626740173 376
1 31 90 40.041611600684362 -21.333134524610539 376
1 31 90 3.660810787806582 28.870822811576733 376
2 14 84 12.566249347591224 72.980834872988609 376
2 14 84 -3.464769599312390 95.937455519852520 376
2 14 84 -15.330276791087066 70.575875539852390 376
3 19 94 88.156100233275737 22.572150798287741 470
1 31 90 74.739166541310667 -25.594081048364057 470
1 31 90 38.192877440583914 24.489536562248912 470
2 14 84 73.641927254455865 52.208931708853839 470