21 10 61 100.000000000000000 0.000000000000000 0
21 10 61 98.000000000000000 19.899748742132399 0
21 10 61 81.766312060385914 8.217823563497323 0
21 10 61 83.766312060385914 -11.681925178635078 0
23 25 58 70.291971924572152 41.283508471686559 0
45 27 95 47.310008688948507 -5.362277681367427 0
4 21 66 24.503833213610179 36.873706504964453 0
39 14 68 41.427414765604510 67.510161708740839 0
16 31 73 -10.562803074716882 -1.523311861338208 0
39 14 68 -9.868703806079077 43.471334778070762 0
39 14 68 5.967968995211956 66.562454165940395 0
31 17 71 -11.294070534855349 92.311667576497143 0
39 14 68 19.661811517881688 93.964957126767715 0
31 17 71 -43.719027273585027 82.083169128948285 0
46 14 70 -70.020334673644243 65.674597312742250 0
4 21 66 -82.643797671516012 33.030330098706614 0
4 21 66 -88.588667734204876 -8.546809292282603 0
46 14 70 -53.940523576439226 -13.497173563999441 0
38 16 70 -68.590625558425216 -39.676831925357220 0
38 16 70 -45.805749903433615 29.572261759809951 0
1 13 97 -68.501907974233291 -68.676696221423427 0
28 23 71 -34.136871870137121 -57.950825927402178 0
31 17 71 -13.232600315358329 -92.053779329769938 0
38 16 70 4.368917156814771 -64.139865546912731 0
46 14 70 17.749167314692592 -90.990729698977020 0
31 17 71 46.859136424653741 -80.331944664222391 0
31 17 71 72.601441902195859 -58.120827882283976 0
31 17 71 33.684840459616524 -48.988078823748843 0
5 13 101 -47.798992382399518 -84.405309828394763 97
24 26 100 -8.808662813470050 -83.536862877645760 97
24 26 100 -44.329803059952759 -45.559914664424277 97
35 18 100 -0.645234219627479 -40.300784961243195 97
6 17 100 27.704607763485058 -60.826048894565702 97
36 18 99 61.960024777802872 -68.007024119086807 97
6 17 100 49.965245579610304 -35.126554657921773 97
2 19 102 85.685100062891053 -30.644145072302898 97
36 18 99 91.814158327048091 5.844683968851164 97
9 29 103 21.611074872910670 1.095551900578336 97
5 13 101 63.053713685065503 -5.724102657042474 97
5 13 101 64.360782267269926 20.243022168810199 97
5 13 101 84.979486870712677 36.081867470029877 97
2 19 102 66.450577938797736 62.171703303028210 97
37 24 97 -84.530617582151265 -15.829551199579221 97
36 18 99 -88.247991410155933 26.005615010475047 97
49 14 98 -47.900186809843355 -5.719578823990940 97
5 13 101 -22.058845382771928 -13.544224071509987 97
9 29 103 -27.414680658755522 32.087087753925488 97
49 14 98 14.062865372435883 43.427862649425279 97
49 14 98 41.870678866668911 40.152880409786150 97
26 17 83 31.160630249278121 69.286447997742769 97
18 20 118 -69.503664989221647 57.177273046780080 200
40 16 118 -44.315724248393337 82.898230284731426 200
18 20 118 -87.415823249727708 21.412002371855969 200
40 16 118 -33.785628068441177 52.680403188115804 200
40 16 118 -51.477190690093337 26.015658448963315 200
18 20 118 -61.067045931652558 -8.683544372512848 200
50 34 120 10.844667189865795 75.222291865783035 200
3 18 113 62.297425331840891 67.698085623034487 200
40 16 118 44.816885344892412 38.535940267030668 200
41 19 117 13.807810676601488 22.305188953047761 200
41 19 117 -21.426285568442452 8.072885492434636 200
41 19 117 -27.995984616154615 -29.354899032200137 200
41 19 117 -61.283863081318664 -47.682941679697109 200
29 23 113 82.368733510416433 28.006994481557641 200
30 15 110 -51.062403126728675 -80.110117881098205 200
30 15 110 -89.631074327563709 -28.909673062837690 200
8 28 106 -8.786853050851462 -72.250228201083715 200
8 28 106 48.136343860678053 -9.797019840581282 200
29 23 113 40.784703216513257 -60.264369482097678 200
1 13 97 26.413980737626954 -93.271676785705949 200
49 14 98 12.707596254374319 -36.167148384290371 200
42 14 82 58.840513248496542 75.853767214644677 320
12 19 85 27.670746673183377 86.691001716144171 320
44 23 83 37.258725800322765 45.800041147119394 320
12 19 85 -1.399392300935201 62.218016200980060 320
44 23 83 -40.765124657854543 76.858341197488642 320
26 17 83 -28.679583108211574 38.727780154516125 320
42 14 82 -4.241092549342126 95.095436107326179 320
32 20 87 80.012663230195983 41.206476709508230 320
26 17 83 57.902900650572143 11.539013072172033 320
42 14 82 95.381659798585616 10.878371848161734 320
15 17 80 78.776495821449615 -15.299262294220666 320
47 15 86 46.939423096458711 -18.524289472965137 320
47 15 86 26.861254390588357 3.766227376552028 320
15 17 80 3.022889291064601 25.114116016457572 320
32 20 87 -25.743792081900359 1.844435254008111 320
27 17 80 -57.543619911151623 20.759269380427959 320
17 34 90 -70.417802564380636 -28.589037794299898 320
14 15 61 -68.460329635012258 50.839586014482315 320
33 18 105 -50.759390463763161 -76.729943827343106 410
8 28 106 -73.349364037323255 -36.658843344004040 410
33 18 105 -91.837707498147850 5.462186511337642 410
37 24 97 -74.153417651668946 43.557670398876390 410
13 28 97 -17.905733261261595 -44.533092918899953 410
48 20 95 -45.989260731254689 77.362703529495889 410
13 28 97 -22.808247595773629 35.331279213721686 410
48 20 95 -2.422678965465614 -89.967386461040931 410
45 27 95 41.061568193244767 -72.131460663926049 410
45 27 95 30.862391211754911 -19.103385185928090 410
48 20 95 73.740327771780841 -38.351308615596878 410
45 27 95 82.632699139062211 7.799809804939315 410
19 15 94 -58.910953651559495 7.659658041569369 410
22 29 74 34.705247978137706 36.764606113858832 410
14 15 61 -94.998717569443158 0.493619449750135 516
11 32 71 -68.093329217620294 -38.043376769955351 516
25 22 64 -61.184158347685120 15.512793349742708 516
25 22 64 -64.974358541942550 59.349243736235579 516
25 22 64 -25.115778798374834 40.713428196644792 516
11 32 71 -16.704487043677407 -76.190288833995197 516
28 23 71 -15.736279813743753 -21.198811541964716 516
11 32 71 35.995355729871520 -39.876013794512119 516
11 32 71 77.497024404204694 8.843710109117225 516