2 12 71 98.000000000000000 0.000000000000000 0
1 30 74 72.653061224489790 33.489292239618003 0
2 12 71 75.522703718412529 -8.412559174813229 0
3 29 106 34.650032246160350 -11.641293713505334 0
3 29 106 42.181011882913602 -69.150287320686544 106
3 29 106 77.600120720008221 -23.221138306296503 106
1 30 74 19.202938630425848 -14.808699658902988 106
1 30 74 -16.500646509395057 -63.029587333888401 106
1 30 74 56.766233421389224 31.978038680579321 106
1 30 74 -40.409367659057907 -7.998931759130208 106
1 30 74 -4.705782519236999 40.221955915855197 106
2 12 71 96.346286732946737 17.927437986862827 106
2 12 71 12.301003073253192 -97.224921308231544 212
1 30 74 -24.104982380219674 -76.282041297079218 212
1 30 74 -70.361964766404867 -38.068279632933240 212
1 30 74 -14.139385197997946 -17.115438616160532 212
1 30 74 32.117597188187247 -55.329200280306509 212
2 12 71 72.856721084903697 -65.543101793831440 212
3 29 106 -78.393583154709489 20.382495435192649 212
2 12 71 -76.432632552818518 61.335574351642187 212
2 12 71 -76.432632552818518 61.335574351642187 318
1 30 74 -77.623976597508360 19.352474187800265 318
1 30 74 -69.247400972564336 -40.059923346717682 318
1 30 74 -21.983043220403857 -3.099397291535675 318
2 12 71 -27.508336204476354 -44.734372221757013 318
1 30 74 -4.502609257752816 -79.873190182138089 318
2 12 71 -97.580654057818833 -9.056265988158898 392
1 30 74 -75.436950733322817 26.632057075228449 392
2 12 71 -97.580654057818833 -9.056265988158881 466
3 29 106 -70.516697124607745 -39.854678855014470 466
3 29 106 -76.646796562756677 26.196728358086812 466
3 29 106 -26.204799769048179 -2.432015230542818 466
1 30 74 -37.731532699316432 70.543117595981073 466
1 30 74 -15.208829966173504 -60.398286872716497 466
1 30 74 29.864647031379597 -20.795488090925179 466
1 30 74 78.772333638407147 13.961355706358518 466
1 30 74 24.218180651078097 38.938232849730490 466
2 12 71 -53.684204730922623 -77.240066372285611 466
2 12 71 63.731378018631673 53.175761911781862 466
2 12 71 26.729238412903840 -62.678291397236805 466