3 20 91 90.000000000000000 0.000000000000000 0
1 23 83 76.777777777777771 40.916657237684674 0
1 23 83 47.360047097287712 5.552874611809456 0
1 23 83 31.442978309614041 48.711268015740345 0
2 27 76 66.434989735543681 -40.665590998239146 0
1 23 83 17.677372962129766 -29.588822219533590 0
1 23 83 1.760304174456106 13.569571184397299 0
1 23 83 -13.831960945999121 56.846369453370890 0
3 20 91 15.009341903006298 88.739617170904339 0
3 20 91 81.111111111111114 38.999841721742762 91
1 23 83 86.925266891667036 -3.605270560229094 91
1 23 83 45.088747481075679 15.518161234488428 91
1 23 83 49.445629444606951 -30.275043278363221 91
2 27 76 42.251824685030620 65.437615048099815 91
1 23 83 3.109688657658481 34.326633269719750 91
3 20 91 -3.344184249171629 76.839543361860990 91
3 20 91 90.000000000000000 0.000000000000000 182
1 23 83 76.777777777777771 40.916657237684674 182
1 23 83 47.360047097287712 5.552874611809456 182
1 23 83 31.442978309614041 48.711268015740345 182
2 27 76 66.434989735543681 -40.665590998239146 182
1 23 83 17.677372962129766 -29.588822219533590 182
1 23 83 1.760304174456106 13.569571184397299 182
1 23 83 -13.831960945999121 56.846369453370890 182
3 20 91 15.009341903006298 88.739617170904339 182
3 20 91 81.111111111111114 38.999841721742762 273
1 23 83 86.925266891667036 -3.605270560229094 273
1 23 83 45.088747481075679 15.518161234488428 273
1 23 83 49.445629444606951 -30.275043278363221 273
2 27 76 42.251824685030620 65.437615048099815 273
1 23 83 3.109688657658481 34.326633269719750 273
3 20 91 -3.344184249171629 76.839543361860990 273
3 20 91 90.000000000000000 0.000000000000000 364
1 23 83 76.777777777777771 40.916657237684674 364
1 23 83 47.360047097287712 5.552874611809456 364
1 23 83 31.442978309614041 48.711268015740345 364
2 27 76 66.434989735543681 -40.665590998239146 364
1 23 83 17.677372962129766 -29.588822219533590 364
1 23 83 1.760304174456106 13.569571184397299 364
1 23 83 -13.831960945999121 56.846369453370890 364
3 20 91 15.009341903006298 88.739617170904339 364
3 20 91 81.111111111111114 38.999841721742762 455
1 23 83 86.925266891667036 -3.605270560229094 455
1 23 83 45.088747481075679 15.518161234488428 455
1 23 83 49.445629444606951 -30.275043278363221 455
2 27 76 42.251824685030620 65.437615048099815 455
1 23 83 3.109688657658481 34.326633269719750 455
3 20 91 -3.344184249171629 76.839543361860990 455