22 10 111 100.000000000000000 0.000000000000000 0
22 10 111 98.000000000000000 19.899748742132399 0
10 36 109 54.325174874432918 5.459885506937470 0
27 32 111 33.810004117025599 70.291419260153731 0
10 36 109 -15.410824593117489 23.373298868488909 0
27 32 111 -77.926712148216069 -3.380463543520932 0
27 32 111 -49.165427830279086 -60.553783583403103 0
38 13 108 94.244568200469189 -22.955639061178648 0
38 13 108 77.273511166706271 58.632793485974389 0
38 13 108 -88.168750487356107 40.438489555105086 0
38 13 108 74.087621528919939 -39.378108451630254 0
38 13 108 -61.955434484838818 38.689933290824555 0
21 23 47 -48.629872311880959 72.132860686234110 0
4 28 104 36.627960583598352 -56.044655840383228 0
20 19 104 -2.566113716312033 -30.105794266036813 0
38 13 108 -11.150023978347225 72.187698159283968 0
38 13 108 -2.596671598201810 96.740501727533783 0
49 10 95 91.429384533545743 40.505155768334319 0
49 10 95 72.333105624603334 -69.050139975962239 0
49 10 95 -87.847358314527284 -44.191991077329988 0
11 17 95 -3.083472426744325 -77.210715659467795 0
23 11 85 16.002260881052710 -97.698145564256905 0
23 11 85 -37.887029467398264 -19.059232972893206 0
49 10 95 98.000000000000000 19.899748742132399 111
33 22 95 87.396051206782900 -10.292241420671221 111
19 13 94 85.795844428945074 -45.255641402197071 111
33 22 95 51.946264834201948 -36.355868300642747 111
29 12 94 76.079574020175784 21.769220556054059 111
29 12 94 57.723730067549710 6.307558524214119 111
5 29 96 17.085919471667083 0.869879793986515 111
1 18 86 49.232429052473947 35.156931603249618 111
25 33 92 5.761610886600081 61.826914130231728 111
40 16 97 -36.500808443758018 86.623847657282482 111
19 13 94 -40.065615324641627 57.843782474903115 111
29 12 94 -60.514944287360777 72.225192175433023 111
46 21 91 -77.426427261698166 43.887906779532827 111
19 13 94 -95.789968684600069 15.273568653177925 111
19 13 94 -70.201785320790208 10.664352652593402 111
42 20 63 -88.372970976104654 -16.882117391317752 111
46 21 91 -33.285659317535867 24.526636790710555 111
46 21 91 -47.415035666249935 -15.025363462075642 111
15 13 93 -67.510711733363522 -42.450968348853216 111
46 21 91 -36.103472016979872 -55.473460176365080 111
15 13 93 -68.757233589315803 -68.421070067226097 111
1 18 86 56.016669836174088 70.511904053935808 111
50 10 71 -52.761782826299267 -84.948185813414710 111
17 15 70 -28.419226487550809 -90.643793848985396 111
48 19 90 0.194668008287607 -72.279561172910206 111
46 21 91 39.489030060293125 -79.759742382340136 111
2 11 71 81.356907860679797 56.409693700186473 111
2 11 71 69.974741501954682 -70.032389304768273 111
17 15 70 -2.746518137365507 -38.407014412198251 111
9 11 117 23.054833238998590 -52.302190145497292 111
46 21 91 32.236455895931243 -82.956680932096603 228
46 21 91 66.689649915799095 -58.936326608537101 228
48 19 90 87.553093925136494 -24.808380522239386 228
48 19 90 49.607962424858400 -22.767058542099257 228
24 16 89 93.499975022662511 9.682699559600451 228
25 33 92 0.335446793929925 -39.386902205621190 228
24 16 89 25.533194853547549 2.637774982003190 228
14 21 82 77.815700093792898 43.193944238896265 228
14 21 82 -30.818846359488450 -83.493704607414841 228
14 21 82 -65.676161734767845 -60.063647739615483 228
24 16 89 -47.309695465200292 -27.943982162763078 228
32 24 82 -30.680734225607353 8.435650162098533 228
24 16 89 4.761115996053412 26.979523890782222 228
24 16 89 36.227728352345260 32.797797416396264 228
26 25 75 42.982119623952649 73.237606992481489 228
37 16 85 59.479155859501041 10.812094814944576 228
35 19 73 -87.117852756731637 -26.296002187717175 228
32 24 82 -84.379410538743471 16.616710779639501 228
37 16 85 -53.107113112846214 41.557508956646991 228
37 16 85 -21.645323855544639 47.401806752716539 228
37 16 85 2.233495681060798 68.704435171252854 228
30 21 81 -43.931465694996746 77.401720406521491 228
6 13 58 -15.327464791666507 95.781359475945123 228
6 13 58 12.441230104791103 95.848535044606393 228
9 11 117 4.489922341892321 -98.898132426066454 228
36 13 99 -19.204406865555356 -95.079917737355089 345
28 31 99 -48.565345411267280 -62.308965848297468 345
36 13 99 -87.513290133342153 -41.838069387072331 345
28 31 99 -78.988832597942434 1.328278891733557 345
36 13 99 -86.057107278640331 44.756835085074883 345
36 13 99 -5.830285234871333 -72.783441096242711 345
43 27 99 1.782235326913852 -33.514502599048804 345
40 16 97 -66.639314438975077 66.296317930209426 345
28 31 99 -29.053683828277471 38.077168906962967 345
5 29 96 14.100320315798641 79.763280818882293 345
31 19 98 20.600345419938641 32.205424752344243 345
8 28 98 48.972759265894716 -5.264645070833298 345
8 28 98 49.268791519474711 -61.263862609160029 345
24 16 89 15.187251123282413 -92.765011741056540 345
37 16 85 86.237736351528355 -37.403914620855971 345
30 21 81 61.621842747080308 64.216419212333108 345
31 19 98 80.939336695512338 29.190222907962692 345
18 15 68 94.983441019073680 -1.773677585174905 345
13 17 66 -36.655836753045783 85.471338072678250 345
6 13 58 6.740897949935761 -96.765491239535137 444
44 21 66 36.867370927967421 -81.004919362095919 444
42 20 63 69.889922708553371 -56.704485746653560 444
41 16 65 36.202047689580269 -44.010901670197924 444
44 21 66 61.114555484117119 -16.654605221534766 444
6 13 58 91.550710980367100 -31.808497084950314 444
44 21 66 87.553778093906800 15.979234696409090 444
42 20 63 46.973307601967448 21.829483806732455 444
21 23 47 17.668259836857281 -9.696200624869583 444
34 20 45 71.268275566965144 53.606118801327710 444
7 24 73 -3.552985111294404 -61.226273866023398 444
45 21 78 -45.989842613877926 -76.196682187289070 444
47 22 72 -75.609313989041965 -45.024789151160533 444
16 31 68 -78.604963389100263 7.890483546539237 444
47 22 72 -36.675379656185278 -24.527258632466250 444
16 31 68 -0.175976986084621 41.270290447272750 444
26 25 75 -48.263235361360884 69.968993936270692 444
45 21 78 37.600551443645458 77.004502342846948 444