2 25 54 85.000000000000000 0.000000000000000 0
1 26 62 68.705882352941174 48.327028980724720 0
1 26 62 34.785074168665389 8.914102520925155 0
3 32 102 12.449331099052657 62.440867615859176 0
2 25 54 68.226356663037478 50.696787437548764 102
1 26 62 83.971495882170785 2.188122325322567 102
1 26 62 69.169751624316177 -47.660732896488376 102
1 26 62 33.400248781582633 -9.917618737960373 102
3 32 102 18.446121416053678 -75.787469971652996 102
2 25 54 69.054851630476151 -49.562359369716496 204
1 26 62 83.996189289843358 -0.800115482167847 204
2 25 54 69.986459438879052 48.237905170209636 204
2 25 54 34.567027203722596 -13.360288071109542 204
1 26 62 20.557297352758294 35.677732581267932 204
3 32 102 14.721921788718213 -66.794095637736916 204
1 26 62 -16.243542740907362 -17.751868868711625 204
1 26 62 -31.313652778050827 32.016512494041052 204
2 25 54 -81.630311864132707 23.695826319511113 204
1 26 62 -79.454488101602735 -27.257738727052715 204
2 25 54 69.054851630476151 -49.562359369716503 306
2 25 54 29.242835020086105 -79.811381393808901 306
1 26 62 83.996189289843358 -0.800115482167847 306
2 25 54 69.986459438879052 48.237905170209636 306
1 26 62 33.699786052536631 12.401089818494738 306
2 25 54 21.924312379573795 62.023042820944767 306
2 25 54 69.986459438879052 48.237905170209636 368
1 26 62 83.996189289843358 -0.800115482167847 368
1 26 62 33.699786052536631 12.401089818494730 368
2 25 54 69.986459438879052 48.237905170209636 430
1 26 62 83.996189289843358 -0.800115482167847 430
1 26 62 33.699786052536631 12.401089818494730 430
2 25 54 69.986459438879052 48.237905170209636 492
1 26 62 83.996189289843358 -0.800115482167847 492
1 26 62 33.699786052536631 12.401089818494730 492