3 11 78 99.000000000000000 0.000000000000000 0
3 11 78 96.555555555555557 21.863775779997951 0
3 11 78 78.843192529652626 8.814936902970350 0
3 11 78 81.287636974097069 -13.048838877027592 0
3 11 78 76.398748085208183 30.678712682968296 0
3 11 78 84.861216147439819 50.986017632067515 0
3 11 78 63.043340148006621 48.161077478124973 0
3 11 78 61.130829503749695 -4.233901974057249 0
3 11 78 58.686385059305252 17.629873805940697 0
2 23 75 43.004411673530228 75.628173167236682 0
3 11 78 42.031369059010231 41.642099724275845 0
2 23 75 27.936397126109341 3.123384151020523 0
3 11 78 20.679845432286609 36.339983277283864 0
2 23 75 -1.073566562916817 62.470216084645912 0
3 11 78 13.802926360398244 93.042915643280850 0
2 23 75 -45.577629284560345 74.105868248062421 0
3 11 78 -77.295129074440993 61.858411080187842 0
3 11 78 -63.156693272753081 45.003007404168997 0
3 11 78 -16.991764044920387 92.513701051006507 0
1 17 72 -31.603640079178724 36.626172068825881 0
3 11 78 96.555555555555557 21.863775779997951 78
3 11 78 99.000000000000000 0.000000000000000 78
3 11 78 78.843192529652626 8.814936902970350 78
3 11 78 76.398748085208183 30.678712682968296 78
3 11 78 84.861216147439819 50.986017632067515 78
3 11 78 81.287636974097069 -13.048838877027592 78
3 11 78 63.043340148006621 48.161077478124973 78
3 11 78 61.130829503749695 -4.233901974057249 78
3 11 78 58.686385059305252 17.629873805940697 78
2 23 75 43.004411673530228 75.628173167236682 78
3 11 78 42.031369059010231 41.642099724275845 78
2 23 75 27.936397126109341 3.123384151020523 78
3 11 78 20.679845432286609 36.339983277283864 78
2 23 75 -1.073566562916817 62.470216084645912 78
3 11 78 13.802926360398244 93.042915643280850 78
2 23 75 -45.577629284560345 74.105868248062421 78
3 11 78 -77.295129074440993 61.858411080187842 78
3 11 78 -63.156693272753081 45.003007404168997 78
3 11 78 -16.991764044920387 92.513701051006507 78
1 17 72 -31.603640079178724 36.626172068825881 78
3 11 78 99.000000000000000 0.000000000000000 156
3 11 78 96.555555555555557 21.863775779997951 156
3 11 78 78.843192529652626 8.814936902970350 156
3 11 78 81.287636974097069 -13.048838877027592 156
3 11 78 76.398748085208183 30.678712682968296 156
3 11 78 84.861216147439819 50.986017632067515 156
3 11 78 63.043340148006621 48.161077478124973 156
3 11 78 61.130829503749695 -4.233901974057249 156
3 11 78 58.686385059305252 17.629873805940697 156
2 23 75 43.004411673530228 75.628173167236682 156
3 11 78 42.031369059010231 41.642099724275845 156
2 23 75 27.936397126109341 3.123384151020523 156
3 11 78 20.679845432286609 36.339983277283864 156
2 23 75 -1.073566562916817 62.470216084645912 156
3 11 78 13.802926360398244 93.042915643280850 156
2 23 75 -45.577629284560345 74.105868248062421 156
3 11 78 -77.295129074440993 61.858411080187842 156
3 11 78 -63.156693272753081 45.003007404168997 156
3 11 78 -16.991764044920387 92.513701051006507 156
1 17 72 -31.603640079178724 36.626172068825881 156
3 11 78 96.555555555555557 21.863775779997951 234
3 11 78 99.000000000000000 0.000000000000000 234
3 11 78 78.843192529652626 8.814936902970350 234
3 11 78 76.398748085208183 30.678712682968296 234
3 11 78 84.861216147439819 50.986017632067515 234
3 11 78 81.287636974097069 -13.048838877027592 234
3 11 78 63.043340148006621 48.161077478124973 234
3 11 78 61.130829503749695 -4.233901974057249 234
3 11 78 58.686385059305252 17.629873805940697 234
2 23 75 43.004411673530228 75.628173167236682 234
3 11 78 42.031369059010231 41.642099724275845 234
2 23 75 27.936397126109341 3.123384151020523 234
3 11 78 20.679845432286609 36.339983277283864 234
2 23 75 -1.073566562916817 62.470216084645912 234
3 11 78 13.802926360398244 93.042915643280850 234
2 23 75 -45.577629284560345 74.105868248062421 234
3 11 78 -77.295129074440993 61.858411080187842 234
3 11 78 -63.156693272753081 45.003007404168997 234
3 11 78 -16.991764044920387 92.513701051006507 234
1 17 72 -31.603640079178724 36.626172068825881 234
3 11 78 99.000000000000000 0.000000000000000 312
3 11 78 96.555555555555557 21.863775779997951 312
3 11 78 78.843192529652626 8.814936902970350 312
3 11 78 81.287636974097069 -13.048838877027592 312
3 11 78 76.398748085208183 30.678712682968296 312
2 23 75 45.648760152012279 16.172223028048119 312
2 23 75 51.506843970803885 -29.453239752859773 312
2 23 75 44.288603963026169 -74.883373047734850 312
2 23 75 8.554074436239965 -45.917127182948626 312
1 17 72 8.434350837252339 -92.616746466036801 312
2 23 75 -27.328505647023423 -74.699768593496586 312
2 23 75 -34.313714254944230 -29.233221982786969 312
2 23 75 1.568865828319165 -0.450580572239019 312
2 23 75 9.667142653758427 44.830959954321621 312
2 23 75 44.706044533865338 74.634908602717871 312
1 17 72 89.222222222222229 26.237283810036313 390
1 17 72 92.690138596183985 -7.585394321998244 390
2 23 75 54.937282400040118 5.632844934169028 390
1 17 72 89.222222222222243 26.237283810036264 465
1 17 72 92.690138596183985 -7.585394321998297 465
1 17 72 83.769362610660380 -40.394230872782998 465
2 23 75 54.937282400040118 5.632844934168991 465
1 17 72 50.356301652785007 -34.103971941283902 465
1 17 72 21.437103936274230 -16.224374534369005 465
1 17 72 16.721785159834315 17.447063938564597 465
2 23 75 58.221968174144720 51.515421576783510 465
1 17 72 36.906985480729531 85.363191263712835 465
1 17 72 18.564063364778807 56.735630972130764 465