49 10 98 100.000000000000000 0.000000000000000 0
49 10 98 98.000000000000000 19.899748742132399 0
22 29 98 61.492800691067323 6.180259006072046 0
22 29 98 62.259453645359280 -51.814673904033775 0
44 12 96 94.391527627998414 -26.348425229087443 0
44 12 96 32.895905714064192 -23.200305959126517 0
4 19 100 13.753584949081151 1.183532043339362 0
17 23 93 21.629888532911295 -84.268309120652418 0
6 15 89 18.595172503341814 -46.389680599811342 0
19 33 95 -26.936220804341325 -31.194542447722448 0
19 33 95 -25.921229562847749 34.797652490616215 0
17 23 93 -81.705479275261510 29.886696980426148 0
2 13 66 -58.522310811484353 2.345079381234047 0
47 29 90 17.456153000186038 79.096666948956170 0
6 15 89 61.006601400438022 72.823036091391245 0
20 15 84 -64.278232401632238 63.654893059067646 0
20 15 84 76.915586844950482 47.388724971836787 0
24 10 83 16.750220949812537 40.103056447487404 0
24 10 83 36.317757628246696 35.966450551570553 0
37 17 76 -38.859770774551478 83.094589777705593 0
8 21 87 -87.711313199461671 -15.090577749905430 0
33 12 70 -85.433372091886184 -48.011862419711676 0
15 19 62 -40.927574766455876 -81.276894771737958 0
50 12 34 -62.389918673593115 -58.907992384455532 0
42 11 117 -9.215827717283847 -98.570119810647199 0
42 11 117 -30.757114780749028 -94.101008976332608 117
10 18 116 -1.834657240779222 -91.981704880964543 117
32 36 116 -52.315067497073784 -52.336733875707360 117
32 36 116 -72.042491764188838 16.907967956167404 117
10 18 116 1.550744915638116 -56.141238195396333 117
32 36 116 -2.211108766748907 -0.629932393214730 117
39 24 114 37.887087376203183 -77.204718833423286 117
30 33 114 70.669390576741321 -30.575108103030235 117
30 33 114 68.387650686047536 35.385438158134235 117
12 12 106 -93.837952185695300 -28.256658146269928 117
8 21 87 -53.789340806514915 70.906324228524142 117
36 14 112 -30.519634645239641 44.762093982293763 117
26 36 87 10.639859027189143 73.150402854597090 117
33 12 70 26.326688878886667 -39.225192536615204 117
2 13 66 -6.904195459955378 -96.753977101981349 234
27 17 66 -34.976056161184815 -86.172359230844123 234
45 22 69 -64.126735651528705 -60.264100214629913 234
45 22 69 -4.500292029537215 -61.836628286568349 234
33 12 70 18.091959498211395 -96.315528350910682 234
16 25 69 45.692692192266634 -71.674108855449163 234
35 16 71 -88.656375907476587 -31.241751086522083 234
9 17 53 79.992835694710095 -47.435706356278857 234
9 17 53 91.696919673029882 -15.513701121199421 234
9 17 53 58.199610210551370 -21.338669685487773 234
50 12 34 97.137760329979287 12.971334475507962 234
50 12 34 -61.077982824535951 -26.401065705007124 234
18 17 74 -33.676541805496925 -35.896381923023533 234
29 20 76 -0.240107755348763 -20.053248457383184 234
29 20 76 -89.875219342990718 4.737609951157626 234
43 29 79 -41.107151823946218 9.499499330166401 234
18 17 74 4.331609591230714 16.663224691640600 234
46 20 76 -78.945698489225578 43.215468180366699 234
3 15 77 -45.426093836920913 53.287017413389179 234
37 17 76 -14.103187863661006 46.739074118711144 234
46 20 76 22.844893040774657 48.698491756499642 234
3 15 77 30.004584038289625 -2.439088860404878 234
11 23 85 3.186255074095794 86.941634322129005 234
38 16 80 -35.813732228602447 86.910163869699161 234
38 16 80 41.470781900158990 79.505573153442498 234
8 21 87 69.600027937869044 55.469235717177931 234
21 14 119 49.102672489710876 27.099208934817284 234
48 14 120 69.228895322922824 7.632952117753092 234
48 14 120 95.998266919564486 -0.576843514351017 354
48 14 120 92.081454638122267 27.147849117884693 354
39 24 114 66.164660060995203 54.938490687431042 354
39 24 114 58.865821763942691 7.496663577659225 354
4 19 100 80.458321917367101 -29.688870398933972 354
13 23 112 38.795829470530911 -35.002694174457361 354
7 33 98 1.730226215100330 -76.980558047110691 354
41 29 114 -9.618679897759783 -16.028098457349373 354
4 19 100 18.663883835457163 22.754585677152217 354
26 36 87 -73.784261925079448 -5.646476084361993 354
31 30 86 -55.377644480925831 57.734881066337927 354
31 30 86 14.800010207565663 71.602006085887055 354
23 22 83 81.780073958385131 32.496453704382247 474
1 35 82 71.217829653513704 -23.516392993890562 474
23 22 83 38.745556859003671 23.329647389037468 474
1 35 82 1.323814496780216 -19.665854684730334 474
23 22 83 -3.021565840389741 37.168269481349121 474
11 23 85 52.084446473709164 66.307246482596682 474
40 38 85 -62.978510824622504 34.895661253412371 474
11 23 85 -84.083649711899511 -22.336961546427474 474
11 23 85 -20.471837611150537 78.647035315527319 474