23 10 99 100.000000000000000 0.000000000000000 0
8 22 98 83.599999999999994 27.477991192952967 0
27 24 99 70.304764842890407 -16.558774379885797 0
25 13 98 50.917063745551033 14.954985252380009 0
27 24 99 22.874861963491202 -9.182846448380534 0
10 14 97 27.575139083770985 28.525340925087505 0
41 20 96 50.638217458310656 53.507222677466373 0
33 19 85 68.824329463782092 -59.533282068610802 0
9 15 94 38.031952149839242 -45.116989224894795 0
38 18 94 5.100067864322725 -47.236186574211345 0
10 14 97 -13.237274762903921 -21.011353583862359 0
9 15 94 -12.151383464609838 7.968308941575877 0
10 14 97 0.161320173231521 34.224685864652841 0
10 14 97 16.793192916626591 56.749800937555626 0
47 11 91 30.885598055768472 77.399355833346661 0
43 33 78 -28.344893258795526 71.593065489246158 0
42 24 78 -75.979178421355243 40.288515068389728 0
38 18 94 -91.988424796126765 1.459350378534950 0
9 15 94 -59.188536035928699 5.088027454086456 0
21 25 93 -75.835919364123356 -38.391578949011482 0
38 18 94 -53.280658110373864 -75.001143133457987 0
9 15 94 -36.664265372753100 -46.489820954556066 0
9 15 94 -20.443537998081766 -71.726461052568084 0
47 11 91 -34.998191787842735 -4.442305444563751 0
47 11 91 -36.334457394728616 17.517075107443038 0
4 16 73 43.269698992568614 -83.448985308944927 0
47 11 91 19.904073473983473 -96.978491734725736 0
3 12 54 -2.535723889517069 -91.933147912444227 0
29 12 114 95.599999999999994 21.555509736491995 99
16 23 105 86.148247742528980 -12.144110131740813 99
26 19 104 64.693598010992275 23.962648306217474 99
16 23 105 40.191506687571724 -10.149629846652338 99
45 12 107 33.694857929264117 24.242135954352705 99
16 23 105 40.810559134004670 58.511171487394101 99
43 33 78 -10.005369297094340 34.979460591553497 99
11 21 102 -42.069604489717079 78.429257156234598 99
11 21 102 -73.351671836317365 50.403692710129931 99
11 21 102 -88.298383909686493 11.153268531583755 99
17 27 103 -46.579068426101799 -12.584859355449211 99
45 12 107 -84.515848727084162 -21.629233319134954 99
14 19 77 -2.890296764710499 86.490388974362887 99
6 14 50 79.865541686821061 53.268144805978061 99
29 12 114 97.972370114952028 -2.326949517899745 213
28 22 115 81.869057155147146 -32.271620357943718 213
45 12 107 73.208385754901116 -65.150074866891686 213
17 27 103 77.137056010265709 30.641060524549886 213
17 27 103 39.343407501465997 -7.928877670802479 213
17 27 103 24.837685456294970 44.086351137194121 213
21 25 93 -7.697356528754689 84.650757246874278 213
13 20 93 -51.390608216361436 73.885082304565685 213
39 23 62 -25.050094759113819 39.897182239857990 213
21 25 93 36.589107671118668 -59.855882518420536 213
40 24 89 -77.071609543291004 38.157135668266491 213
13 20 93 -89.914289756465209 -3.926894140464334 213
40 24 89 -4.752407382789322 -33.552287078870854 213
32 18 86 -82.282780113714907 -41.152692460616031 213
35 27 86 -32.368587545256069 -76.428231304440729 213
1 22 89 -50.122906739171846 -17.367349399534142 213
4 16 73 33.271395672396736 86.251176904542206 213
4 16 73 61.162221474274169 70.563543683137254 213
6 14 50 3.697024344217731 -95.928786143671502 213
3 12 54 -20.281325678649786 -1.073791169107885 213
3 12 54 73.208385754901116 -65.150074866891686 328
2 17 53 48.071813940034389 -79.612189421687901 328
2 17 53 84.654593053336924 -38.504543562726710 328
2 17 53 92.836997204269494 -5.503812323695026 328
2 17 53 88.611080304429080 28.232542345350709 328
2 17 53 72.541666025478932 58.195418120741053 328
2 17 53 51.442050321721936 -45.779638428132145 328
2 17 53 20.457083495626442 -59.777203601610061 328
2 17 53 10.785160168179754 -92.372508465163534 328
2 17 53 -23.137187347414752 -90.075915547112984 328
2 17 53 -53.967086189912777 -75.740039663116931 328
7 27 62 -21.440477854614354 -46.108641616414914 328
3 12 54 54.876836495848444 81.194413700746168 328
3 12 54 26.276969320009997 -31.367189011836622 328
15 26 57 -73.746369272401807 -37.559154907224176 328
3 12 54 -43.805954226676043 -14.158908180112974 328
15 26 57 -82.886605775479353 13.631235564697498 328
3 12 54 -45.079498648976099 9.807278095647057 328
49 17 57 -18.079165036938956 -0.774875978013822 328
49 17 57 54.627761573028614 29.297459243538658 328
49 17 57 59.624454472654499 -12.778907189100460 328
6 14 50 30.770403405474571 90.935044258329583 328
49 17 57 34.864120278207032 60.206531730615104 328
34 24 59 13.853698248078043 24.999115379569542 328
34 24 59 -5.166369424953519 69.069933680496291 328
30 21 59 -49.930136875660622 73.674835809642602 328
6 14 50 -78.448416837597037 53.384254053255809 328
6 14 50 -51.733979156469573 38.721350246311921 328
18 17 72 -53.967086189912735 -75.740039663116960 390
18 17 72 -77.583902406033246 -51.280971982316288 390
18 17 72 -90.831081533314062 -19.967839830298413 390
5 19 73 -89.580500477400321 16.010432043467155 390
4 16 73 -61.488927505344471 -4.866912805810538 390
5 19 73 -45.088835036923655 -35.786760267065041 390
5 19 73 -19.864365780770697 -64.207283674373969 390
5 19 73 -7.863705149267378 -28.151990797911484 390
22 25 74 20.113402761988251 -82.586021997272908 390
22 25 74 -49.593744815999244 34.369608813557072 390
24 36 76 62.851262414694617 -39.060450751101129 390
22 25 74 82.955321942898081 18.531447902150887 390
50 30 76 27.977389476520223 16.973583427173669 390
44 18 76 58.578561397440907 53.954230758801813 390
14 19 77 -46.442459556700335 78.256616016310431 390
50 30 76 2.027939840401530 71.071883433574413 390
46 15 70 -16.701548966214915 11.607722859633338 390
46 15 70 -74.461003189835793 58.996262627078863 467
7 27 62 -81.127934964918680 17.528781142108130 467
39 23 62 -39.215262339917764 44.792821074398049 467
36 15 38 -92.175704569432483 -22.992161427945458 467
30 21 59 -56.178981994227087 -23.477922525295075 467
20 23 61 -54.937191386114868 -67.460395808247284 467
20 23 61 -16.416436638931295 -42.317773556235977 467
36 15 38 -19.143371645207917 -80.219802861690624 467
20 23 61 18.554982072788405 -84.998309631889157 467
20 23 61 29.540566396806533 -40.329339002828455 467
19 17 42 56.888065517946465 -73.571380316165261 467
19 17 42 79.530192440586347 -48.207348924861023 467
7 27 62 66.162099278435250 -6.287257259788895 467
37 22 62 77.686185735106520 41.338318131372169 467
39 23 62 46.344217804877630 73.628890226962298 467
7 27 62 10.429360112856461 38.842068053014479 467
37 22 62 3.486375528111857 87.347685924102350 467
36 15 38 -21.274539951930930 11.294604999550302 467
44 18 76 6.623389616877705 -6.332236060996913 467