10 11 74 99.000000000000000 0.000000000000000 0
10 11 74 96.555555555555557 21.863775779997951 0
10 11 74 78.843192529652626 8.814936902970350 0
14 21 74 76.881210480458250 -23.124860003688891 0
29 16 74 52.199953983259441 4.440255227695173 0
41 26 77 66.780347805522865 43.828224405956988 0
21 24 74 32.465467002292229 -30.352704169258054 0
14 21 74 58.597136522365531 -66.987876450737389 0
14 21 74 16.974068229573867 -72.602160545223654 0
29 16 74 -5.430011439461637 -43.156325284808474 0
14 21 74 22.888616670737946 27.020013972012734 0
2 23 73 25.946759975363673 70.913609854878985 0
35 30 73 -22.700944621111397 49.880283025913045 0
2 23 73 -75.320471742002567 43.541090208700481 0
2 23 73 -86.994781923274246 -0.952847376002630 0
44 16 99 -50.644299650639304 13.340319839098562 0
49 29 76 -42.149354593973456 -69.169588023288739 0
42 21 69 -34.138937932073709 -19.815426852190321 0
39 18 78 -80.037767161045707 -41.358291880402454 0
15 14 72 -57.952465109912445 76.211449031763223 0
8 15 72 -5.909570319138059 91.630130319658079 0
25 13 69 -0.662157474070849 -13.873611459006385 0
42 21 69 -87.547666007537828 16.012687988985675 99
25 13 69 -95.490393241024350 -17.046547998774734 99
25 13 69 -69.808358002025741 -12.992776177022332 99
23 19 70 -47.946883052723607 10.375491046737224 99
25 13 69 -45.243023305563810 -21.510072182845047 99
33 32 70 -1.541238854442256 -10.779087335790674 99
33 32 70 -35.009096601560543 -65.330920465564191 99
15 14 72 -79.531492881567331 -53.765617638312349 99
24 22 65 -68.890861934418197 54.754444038205072 99
23 19 70 -29.446461890435149 43.567875968853762 99
23 19 70 8.308646209358006 39.260694480579431 99
23 19 70 40.174983316823322 18.559569889065589 99
33 32 70 75.943013262254340 -17.794907604397999 99
15 14 72 92.672795882943376 25.054997570111912 99
22 20 98 -36.973697640210773 82.054528716032934 99
7 13 60 -7.592038927779399 67.030610075870996 99
8 15 72 -4.415104813611624 94.897349011891919 99
15 14 72 19.195228199108229 70.413259905925159 99
28 23 73 55.996512874512405 66.583710814992628 99
46 11 63 34.389504418836026 92.835133359234518 99
46 11 63 85.563918721254339 49.797749076264282 99
46 11 63 69.096849820364312 35.208861462284219 99
46 11 63 -66.676209161589725 73.179800025963033 197
27 11 56 -48.868400793363385 86.098080140611742 197
31 19 53 -78.696456471136045 45.693191384347287 197
27 11 56 -51.155350092072183 57.588041506021312 197
7 13 60 -30.799592251392600 70.301936374692048 197
7 13 60 -21.508754635251790 94.585270914876247 197
7 13 60 -31.166646925323526 44.304527448678947 197
31 19 53 1.155595914682216 71.994847852221881 197
20 15 38 29.885695962605766 90.176744101961731 197
9 15 63 -51.597883418080897 25.158651250995547 197
9 15 63 -78.406737038738783 11.694425779541991 197
9 15 63 -93.969742344076693 -13.953047114800345 197
38 39 107 -41.839613230834992 -28.040262547125884 197
24 22 65 -21.143728555501035 -85.422144334892991 197
4 21 66 10.866912646609705 -56.711190853168802 197
4 21 66 0.528663888600263 31.999761201050930 197
28 23 73 53.151933158762290 -68.875772238766700 197
45 17 72 82.904645905870936 -42.140475640673031 197
45 17 72 92.510865052067714 -9.525746549122342 197
28 23 73 47.671304314947584 -23.203431511841544 197
35 30 73 63.432162787089247 27.398893930978968 197
40 13 102 3.113505565320626 -1.901840435247745 197
47 15 99 -93.969742344076707 -13.953047114800349 304
19 30 99 -64.215071583096460 -47.711891406417728 304
47 15 99 -66.138830865082497 -2.753030764437788 304
19 30 99 -67.958080433027405 42.210180097438311 304
47 15 99 -37.452915260761159 -11.534730254955205 304
19 30 99 -4.473336377627412 -42.150859610103268 304
22 20 98 12.743244379459993 -89.093264182458611 304
16 22 99 43.982413348218984 -61.019890282242670 304
16 22 99 41.102614709386764 -17.114232790300015 304
19 30 99 2.269670283421540 17.469035233556514 304
34 25 102 84.999400548583964 -0.319227789179692 304
3 19 94 -32.447151875887762 -85.018717557624171 304
48 27 93 -24.640142905588455 79.258206878481545 304
48 27 93 67.300555025890205 48.576077375670472 304
12 22 101 74.885773651753325 -46.218188027857252 406
12 22 101 43.149767879812387 -76.694833802012454 406
34 25 102 84.999400548583949 -0.319227789179685 406
16 22 99 75.230814721939581 45.654403032710867 406
30 23 98 31.827357390879431 -33.142531673191513 406
30 23 98 -0.522737418105770 -65.845304733738985 406
30 23 98 40.329675679011146 17.248233042615816 406
13 32 93 -19.865733892777691 -14.358913450402468 406
48 27 93 -74.601499106419652 -36.381538327493367 406
37 22 83 -44.361993263451915 -76.000089168983507 406
37 22 83 -66.982806383396422 12.022547462780093 406
6 31 80 -4.849851859401078 46.825425123776114 406
17 22 79 41.037608428798791 73.346001819973353 406
17 22 79 75.230814721939581 45.654403032710867 508
17 22 79 87.929305710038449 3.526641086161035 508
17 22 79 45.096348165693492 13.593306274014575 508
41 26 77 72.741900230886529 -42.007332107618424 508
41 26 77 29.077828414296135 58.841588285314103 508
41 26 77 22.463942687879793 -28.736047870453881 508
50 29 77 -7.250088672189904 17.546522718622043 508