34 10 78 100.000000000000000 0.000000000000000 0
34 10 78 98.000000000000000 19.899748742132399 0
33 20 78 70.857505441059416 7.121447246320010 0
14 25 80 76.254275247881353 -37.553768205339260 0
33 20 78 37.415922951700473 -14.825319271948722 0
36 32 78 26.692600342617844 -65.707637931985602 0
36 32 78 27.800594374457464 36.277962974416376 0
1 29 78 -11.389880612967019 -10.467161586975649 0
11 14 82 86.755771184755062 41.102751320786574 0
11 14 82 -18.002045429071892 32.021416601105258 0
12 29 79 -19.332620400157317 75.000825278358150 0
12 29 79 -68.180993403524269 43.730448642891616 0
33 20 78 -89.999885369766403 -0.143643408858637 0
14 25 80 -73.821733983079753 -42.134921285454034 0
15 12 82 -59.035298143354069 -8.217944486840691 0
15 12 82 21.384627137702161 79.807669663261436 0
47 21 50 -44.143939313057402 -77.280739009957102 0
22 12 51 -12.327726406899792 -86.040225085638198 0
22 12 51 -16.769854243583559 -58.850886416699339 0
22 12 51 -35.390030599078834 -43.708593575446564 0
39 13 86 72.734734745211099 64.176774315509036 0
39 13 86 46.260294073965724 77.317449898645521 0
13 11 92 -45.520231728174601 10.392347821269032 0
2 28 107 -81.920577546016787 -3.608181609488145 92
48 24 107 -71.764547273144018 47.390397283423113 92
20 26 107 -32.026127135597505 17.044755669315848 92
2 28 107 -36.777495404528992 -36.745805766432255 92
7 19 108 -35.636496556520257 -83.731953955327711 92
23 15 104 -65.965043032562747 -68.363828869601392 92
30 37 85 18.775903028407640 -70.492211835099695 92
41 16 103 71.021087260362307 -61.579259205969699 92
10 17 106 87.049102457218581 -32.733068316194583 92
6 19 101 90.948701764051975 3.055101869582526 92
10 17 106 58.994321482628791 -13.525536864501081 92
6 19 101 58.281245925173387 22.467400265571534 92
20 26 107 15.828008700768779 37.391295506708452 92
23 15 104 -20.503301783700337 56.392239653805575 92
41 16 103 2.467167329802335 77.209481274770155 92
41 16 103 32.522580830014178 88.194567497976834 92
41 16 103 50.203478382943075 61.522749754845165 92
6 19 101 6.272146106858086 -6.582395378709595 92
26 12 108 -76.252605847327814 -43.204571556336333 92
4 13 93 87.768740279533105 34.896707434581550 92
3 18 72 -40.636840506653769 82.538761764620517 92
13 11 92 -64.395948663043470 -75.194160649525642 200
13 11 92 -46.199579093745697 -87.559116553107913 200
50 19 93 -77.255166531778158 -48.089907924087598 200
13 11 92 -95.898492992434399 -24.586155490031548 200
49 22 93 -67.169003547207893 -8.349886330627371 200
13 11 92 -98.999352370734513 0.358092411458522 200
13 11 92 -86.452634126433267 18.429613136016215 200
49 22 93 -36.988896435824394 -40.368023920834254 200
17 20 90 -16.953049483724552 -77.280959822927329 200
17 20 90 -26.044501931645630 0.180961626734032 200
4 13 93 -5.308403316251166 -25.490310531315242 200
17 20 90 14.156951334959079 -52.138011526009095 200
17 20 90 44.453767266666176 -78.255112138448041 200
4 13 93 13.558656977196209 -89.852187640551435 200
25 23 86 -71.810211012972204 49.115105561043094 200
25 23 86 73.499989611673371 -46.548378350742851 200
25 23 86 38.503598319451285 -16.694524386443995 200
4 13 93 73.975608429808545 -10.551520338690807 200
14 25 80 80.644987242351192 26.858630506431535 200
33 20 78 60.169181806650478 66.930333636687052 200
39 13 86 44.311890469419950 37.989941250850364 200
33 20 78 20.617421540591128 60.958879889384917 200
1 29 78 -25.752234972209088 76.797281162396189 200
33 20 78 6.405678264164091 23.568689290179211 200
19 15 69 -36.851102927867181 34.220114393071739 200
11 14 82 13.161079187023471 95.093564422798337 200
35 12 111 -62.595232117662334 -75.404488700182654 293
24 14 115 -78.692218852317183 -54.986677405522641 293
43 32 112 -77.478717301487393 -9.002686561032696 293
43 32 112 -58.134341170974430 52.003830403314986 293
35 12 111 -39.019710326645836 12.372644606205126 293
5 17 116 -48.392263476998508 -48.435898501171124 293
35 12 111 -38.597463064821142 -75.731720248933371 293
7 19 108 -27.493012150181929 -19.123421738219900 293
7 19 108 -12.855260013314638 -54.191016642627545 293
26 12 108 -16.451630643608063 -84.981698971695266 293
29 24 54 -12.906718113211568 85.025976192844126 293
26 12 108 -14.233572790308116 49.050436493405741 293
26 12 108 -18.938676842265934 25.516163701151246 293
26 12 108 -7.391990351947161 4.476343571352370 293
45 17 98 8.500983676810451 -19.780889917263682 293
27 16 99 21.886159212636901 -49.944395613304934 293
6 19 101 14.537589730321224 -84.164251348880128 293
11 14 82 47.528937703820105 -83.408633130788019 293
1 29 78 67.225760204344681 -45.185143188308558 293
16 25 74 84.796638340466558 5.876234011347499 293
45 17 98 44.310681793868454 -5.299065649376177 293
18 25 98 45.417246912667643 36.686354601442524 293
45 17 98 27.927646119769083 88.707646695248016 293
11 14 82 56.791634941921309 77.399678297933136 293
11 14 82 11.048233622527102 55.119230813855573 293
24 14 115 83.551889073499098 44.856364837992814 293
19 15 69 -80.308492678217945 -50.749837475134967 409
3 18 72 -89.974794604707526 -19.197300222705575 409
3 18 72 -55.373356770185197 -29.134125660625223 409
3 18 72 -64.068532425236512 5.800011230498953 409
40 20 72 -27.245393599629764 -3.583828443647935 409
40 20 72 -19.960182937661674 -42.914804856785040 409
40 20 72 -50.377333288312563 -68.891659257306642 409
42 15 65 -80.308492678217974 -50.749837475134939 481
42 15 65 -92.129421298263651 -23.176922385145158 481
46 28 68 -49.180367352068544 -21.084372474910612 481
8 16 64 -52.746732561198698 -64.939600660328892 481
46 28 68 -77.308363984497703 27.338925692872778 481
8 16 64 -33.895414952405048 20.175417031823677 481
46 28 68 -9.013164691810559 -60.104826475982470 481
46 28 68 4.695938410190813 -5.808781572705250 481
38 18 55 33.227452660730592 -41.891363167863403 481
29 24 54 75.226901989124286 -41.676290827263998 481
44 18 54 51.428439423933845 -76.283128006255538 481
47 21 50 88.992354001209762 1.166588755030332 481
21 15 46 21.568770688266852 -90.333045550363437 481
37 17 57 52.074819177051701 -7.838722039555075 481
37 17 57 59.645940700181185 25.307591765783904 481