2 11 112 99.000000000000000 0.000000000000000 0
2 11 112 96.555555555555557 21.863775779997951 0
2 11 112 78.843192529652626 8.814936902970350 0
2 11 112 81.287636974097069 -13.048838877027592 0
2 11 112 76.398748085208183 30.678712682968296 0
2 11 112 84.861216147439819 50.986017632067515 0
2 11 112 63.043340148006621 48.161077478124973 0
2 11 112 61.130829503749695 -4.233901974057249 0
2 11 112 58.686385059305252 17.629873805940697 0
1 28 95 56.217199703948303 -42.923128409726701 0
1 28 95 25.402137486935494 37.956183444957759 0
2 11 112 51.531519756897353 66.908823776889548 0
2 11 112 96.555555555555557 21.863775779997951 112
2 11 112 99.000000000000000 0.000000000000000 112
2 11 112 78.843192529652626 8.814936902970350 112
2 11 112 76.398748085208183 30.678712682968296 112
2 11 112 84.861216147439819 50.986017632067515 112
2 11 112 81.287636974097069 -13.048838877027592 112
2 11 112 63.043340148006621 48.161077478124973 112
2 11 112 61.130829503749695 -4.233901974057249 112
2 11 112 58.686385059305252 17.629873805940697 112
1 28 95 56.217199703948303 -42.923128409726701 112
1 28 95 25.402137486935494 37.956183444957759 112
2 11 112 51.531519756897353 66.908823776889548 112
2 11 112 99.000000000000000 0.000000000000000 224
2 11 112 96.555555555555557 21.863775779997951 224
2 11 112 78.843192529652626 8.814936902970350 224
2 11 112 81.287636974097069 -13.048838877027592 224
2 11 112 76.398748085208183 30.678712682968296 224
2 11 112 84.861216147439819 50.986017632067515 224
2 11 112 63.043340148006621 48.161077478124973 224
2 11 112 61.130829503749695 -4.233901974057249 224
2 11 112 58.686385059305252 17.629873805940697 224
1 28 95 56.217199703948303 -42.923128409726701 224
1 28 95 25.402137486935494 37.956183444957759 224
3 20 116 85.555555555555557 27.932900199947852 336
3 20 116 89.209831771852322 -11.899828370098760 336
3 20 116 89.209831771852322 -11.899828370098760 452
3 20 116 85.555555555555557 27.932900199947849 452