15 10 61 100.000000000000000 0.000000000000000 0
15 10 61 98.000000000000000 19.899748742132399 0
15 10 61 81.766312060385914 8.217823563497323 0
15 10 61 83.766312060385914 -11.681925178635078 0
36 12 60 63.268619889259611 -3.691642601795420 0
11 19 55 80.277628055073677 42.854433071168344 0
11 19 55 47.778849590384254 23.161048438174468 0
25 17 54 58.997030392644128 71.891240112056948 0
32 22 68 30.940309194249714 -14.221615422601230 0
36 12 60 17.403849649238865 16.967553578612716 0
25 17 54 19.840852564280500 45.864975899506305 0
25 17 54 25.821833396199516 79.334781221441148 0
40 24 79 -14.823921194513236 84.712757955451210 0
11 19 55 -55.852888641796298 71.843265727325502 0
36 12 60 -31.418443400590551 52.765585424036061 0
11 19 55 -55.973546060184468 33.843457283237420 0
37 21 70 -17.517883816927487 22.836094227875826 0
29 17 64 -47.079715340552042 -1.040633290124571 0
36 12 60 -74.335022943399863 8.866344426320849 0
41 13 65 -87.738219827393351 29.969763895423657 0
47 19 67 -89.124886011767728 -18.378103639641658 0
41 13 65 -83.222940551712213 -49.829129692642383 0
23 18 81 -56.035732320573388 -34.934308156393698 0
21 16 76 -61.081641311432861 -68.557794032429271 0
47 19 67 -27.545454894399079 -58.541597119331030 0
47 19 67 -8.418303468472645 -25.706370938753551 0
47 19 67 10.454260829952112 -58.688583065926331 0
32 22 68 48.785442887084344 -73.239200994488129 0
41 13 65 21.116569579874426 -94.673599747650456 0
47 19 67 78.873234589253485 -45.387364601049335 0
21 16 76 -7.293698973093754 -88.854953792771624 0
4 12 90 -35.292125081212873 -88.558077609500600 0
30 11 96 -79.467188180847870 52.499522782323517 0
20 11 111 -92.649576956480928 34.886328121272939 96
39 21 109 -88.945946851529285 3.101376901463009 96
39 21 109 -80.464098969679029 -38.033258826949044 96
20 11 111 -71.253795072624712 29.765730736352843 96
48 18 113 -50.479639389264477 9.531243946628926 96
22 24 114 -43.374656162961173 50.925920094099254 96
28 21 113 -12.460994396324445 18.225071233894067 96
28 21 113 -26.617927655183536 -21.317073886271196 96
22 24 114 -43.141656804161677 -63.173571291228647 96
13 26 98 2.329259553021807 -83.967699444099679 96
13 26 98 51.310304572771962 -66.507538254316529 96
39 21 109 83.093129742736082 -31.883095670853976 96
44 22 104 87.321269305341488 10.908525422990223 96
1 20 100 49.797392364780599 -7.958341284273148 96
44 22 104 15.120843000825268 -31.655111617151199 96
10 13 102 55.114785278309377 24.610437209909804 96
10 13 102 73.451550003876079 43.043100050617682 96
30 11 96 -50.392161362272446 85.215198604701357 96
24 14 96 -25.405173006434154 84.408716797590017 96
1 20 100 -0.584354725003468 61.172387917145144 96
19 22 85 41.178579682589394 56.716233783018268 96
9 14 76 21.535057326761137 26.547839237466533 96
10 13 102 -80.194859673766260 54.569079907076841 210
34 17 99 -89.296578536930440 25.983091840614598 210
35 28 96 -79.990076515540068 -18.044047745393673 210
13 26 98 -46.334194941076248 24.184871675373735 210
27 14 99 -38.103521035809720 -14.959170107063148 210
34 17 99 -44.221223203343072 -45.349525817211685 210
16 39 94 13.240209830114921 -1.813018549763294 210
27 14 99 -13.309231414332562 -47.683784508134110 210
19 22 85 -27.705633663135675 -80.679899465665954 210
18 13 98 -61.087125041914533 -70.159631725322441 210
23 18 81 -52.159061218658678 67.797609870175066 210
24 14 96 -22.339104683911572 56.188553394052931 210
35 28 96 18.734469027316358 64.961326193363675 210
35 28 96 67.519326813777667 37.465187359797490 210
35 28 96 78.384979685833457 -17.470571374054423 210
35 28 96 43.740719822862879 -61.468017419784921 210
24 14 96 8.160239962833266 -83.784590923126046 210
23 18 81 -19.980302120555375 89.804162081561287 210
10 13 102 -91.808824502781562 31.307183575298698 312
18 13 98 -80.194859673766217 54.569079907076905 312
16 39 94 -69.274755117146924 -15.556616067105516 312
27 14 99 -60.017167053799710 36.628602752492931 312
24 14 96 -34.718760366347944 24.628993630680004 312
16 39 94 8.194705065176379 -6.474615238024718 312
3 19 92 -51.375225502813635 68.476944094379803 312
3 19 92 -25.541411015476456 -53.653789370185166 312
3 19 92 -16.931922595788492 52.425187652952182 312
7 16 90 -56.923147538957245 -69.151744485968436 312
50 30 89 31.702770475888322 58.397342190787995 312
49 16 89 2.532923196975517 93.965867739718249 312
50 30 89 77.541007513943271 19.682280196222006 312
50 30 89 69.417070708191844 -39.765189478913513 312
50 30 89 20.411874168946095 -74.384414082446980 312
42 15 86 -22.625690974309151 -87.528537732963230 312
33 13 82 -80.194859673766217 54.569079907076905 414
26 17 82 -89.296578536930411 25.983091840614669 414
26 17 82 -92.668161181537869 -7.849325017638048 414
43 23 80 -54.953100755711866 5.476372602985551 414
43 23 80 -67.354349792495867 -38.820455977937307 414
40 24 79 -43.364947966497624 51.025408980650305 414
33 13 82 -22.290341945195792 20.613881872546884 414
33 13 82 -20.613928862312694 -5.332016438660972 414
8 13 78 -32.950814881380175 -28.218720949195848 414
5 19 84 -31.185333444165394 -60.169981883544750 414
8 13 78 -60.011786469370726 -74.063707301359457 414
21 16 76 -30.520765253220684 88.907158813887406 414
8 13 78 -10.467044756988187 67.958452546936584 414
8 13 78 -7.449124784270824 42.134197300399975 414
8 13 78 3.632638418827238 18.614109623895409 414
6 23 77 13.793129085160089 -15.922312156876306 414
38 19 71 6.707667337886946 -57.320334233153446 414
21 16 76 -10.034564835187744 -88.056268607479254 414
37 21 70 39.988107799841877 -79.510698868694547 414
14 22 75 71.919171442055813 -50.711268758414860 414
9 14 76 93.473948574448286 -21.877407019603485 414
9 14 76 95.810753305674737 6.024910870638525 414
38 19 71 83.327317862582987 36.572641384347094 414
38 19 71 64.863496945116438 -5.432284412408892 414
31 14 69 52.380061502024695 25.115446101299671 414
41 13 65 37.291777747358140 -45.617782141920010 414
31 14 69 -61.142517295745193 -74.010759884894441 498
37 21 70 -77.797182238449835 -43.227288091637504 498
38 19 71 -38.392999442401390 -50.105542097967849 498
31 14 69 -34.586088346581874 -82.885222204834761 498
47 19 67 -2.590036337511677 -90.963133805791728 498