1 15 100 95.000000000000000 0.000000000000000 0
1 15 100 90.263157894736835 29.623678483095365 0
1 15 100 66.976720827465385 10.709613644674024 0
2 21 84 57.987130537111895 45.569149878129316 0
3 15 95 50.124785704492780 80.700098253215756 0
2 21 84 69.305551202860343 -25.214981677787684 0
3 15 95 40.570684971177272 -3.528408351250361 0
2 21 84 20.603173910061660 26.426532844222315 0
3 15 95 25.968069977091886 62.024536863969878 0
1 15 100 90.263157894736835 29.623678483095365 100
1 15 100 95.000000000000000 0.000000000000000 100
1 15 100 66.976720827465385 10.709613644674024 100
2 21 84 57.987130537111895 45.569149878129316 100
3 15 95 50.124785704492780 80.700098253215756 100
2 21 84 69.305551202860343 -25.214981677787684 100
3 15 95 40.570684971177272 -3.528408351250361 100
2 21 84 20.603173910061660 26.426532844222315 100
3 15 95 25.968069977091886 62.024536863969878 100
1 15 100 95.000000000000000 0.000000000000000 200
1 15 100 90.263157894736835 29.623678483095365 200
1 15 100 66.976720827465385 10.709613644674024 200
2 21 84 57.987130537111895 45.569149878129316 200
3 15 95 50.124785704492780 80.700098253215756 200
2 21 84 69.305551202860343 -25.214981677787684 200
3 15 95 40.570684971177272 -3.528408351250361 200
2 21 84 20.603173910061660 26.426532844222315 200
3 15 95 25.968069977091886 62.024536863969878 200
1 15 100 90.263157894736835 29.623678483095365 300
1 15 100 95.000000000000000 0.000000000000000 300
1 15 100 66.976720827465385 10.709613644674024 300
2 21 84 57.987130537111895 45.569149878129316 300
3 15 95 50.124785704492780 80.700098253215756 300
2 21 84 69.305551202860343 -25.214981677787684 300
3 15 95 40.570684971177272 -3.528408351250361 300
2 21 84 20.603173910061660 26.426532844222315 300
3 15 95 25.968069977091886 62.024536863969878 300
1 15 100 95.000000000000000 0.000000000000000 400
1 15 100 90.263157894736835 29.623678483095365 400
1 15 100 66.976720827465385 10.709613644674024 400
2 21 84 57.987130537111895 45.569149878129316 400
3 15 95 50.124785704492780 80.700098253215756 400
2 21 84 69.305551202860343 -25.214981677787684 400
3 15 95 40.570684971177272 -3.528408351250361 400
2 21 84 20.603173910061660 26.426532844222315 400
3 15 95 25.968069977091886 62.024536863969878 400
2 21 84 82.368421052631575 33.711173419155841 500
2 21 84 88.656178885468194 -7.815493933710354 500
2 21 84 75.200280670587858 -47.601657398296652 500
2 21 84 49.549151106961887 7.502481726641647 500
2 21 84 43.261393274125268 49.029149079507832 500
2 21 84 10.442123328455573 22.820457386993638 500