35 10 108 100.000000000000000 0.000000000000000 0
35 10 108 98.000000000000000 19.899748742132399 0
35 10 108 81.766312060385914 8.217823563497323 0
35 10 108 83.766312060385914 -11.681925178635078 0
46 18 107 56.744013929744185 -4.347390173693283 0
46 18 107 65.050993502596128 30.681085248114908 0
21 27 102 20.767343691336102 22.683688209472301 0
24 40 99 14.430885144371935 -44.016006640523862 0
44 18 106 -19.655716483123918 2.910569939154283 0
46 18 107 -21.218227019144173 38.876645077050910 0
46 18 107 -21.669560352678804 -89.411577293556405 0
50 30 101 -69.201626212566524 40.138945296759189 0
46 18 107 -91.975700570142720 -2.114356789061162 0
2 21 100 -55.328507925725859 -69.711951706381669 0
2 21 100 -44.711301780058143 -29.076069365027301 0
37 18 99 -82.907451702444277 -36.953513817805216 0
10 13 98 50.598738344018784 -82.757281721873412 0
37 18 99 70.471335888883289 -58.964848747924620 0
13 12 96 90.790232522080785 -36.893545215748830 0
4 15 95 45.065899028144223 56.941245164749681 0
10 13 98 71.820859425410120 65.197884562273018 0
41 23 92 -34.245154937459311 79.976680121829304 0
10 13 98 -2.279070864030270 63.418616557195108 0
10 13 98 21.976814016630623 72.780883839009206 0
27 10 78 87.515288639552949 48.384648953317154 0
27 10 78 29.415927483846399 -91.717668100940088 0
25 12 78 7.758719472987380 -95.586174424365694 0
27 10 78 69.600351881169956 -30.978398689757050 0
48 11 112 -5.945338472449073 98.821318299484432 0
48 11 112 15.871897801887879 95.991441738615393 0
25 12 78 -28.390008232891901 93.797694174944027 112
8 30 76 -53.100402019745715 59.836003420527547 112
8 30 76 6.068903130316301 69.785542508286568 112
8 30 76 62.632406028578011 49.771294086765970 112
25 12 78 44.155593823052975 87.488762330561997 112
45 23 75 -16.270477743952156 21.723581851709419 112
30 18 74 91.306239872127605 11.276992525203511 112
45 23 75 52.609811476579566 -2.272414451790841 112
45 23 75 8.946903867483663 -16.748273635948301 112
45 23 75 -36.979391121269600 -19.351238984549422 112
31 15 67 -53.641671141030372 14.839258785628186 112
9 25 119 -84.305136941158366 -10.846376599239782 112
1 16 74 -89.128256155225998 29.868946327723371 112
18 17 74 89.930536846046962 -23.695960469704332 112
20 22 80 58.567033924472419 -46.876354868600671 112
20 22 80 16.908457397600021 -61.038381621672286 112
20 22 80 -27.036475588552292 -63.239032625939615 112
1 16 74 -64.714318326658287 -68.176660254928436 112
33 13 69 28.123402119394708 24.117275898654157 112
1 16 74 -89.128256155225998 29.868946327723371 231
18 17 74 -72.431060077168937 58.333022689532768 231
18 17 74 -92.954508949662809 -2.908481721973647 231
30 18 74 -60.839822375358054 11.007225454960283 231
30 18 74 -65.552480369441000 -24.682981249832089 231
30 18 74 -41.734258533299297 41.519148211106241 231
45 23 75 -26.675670587365154 -11.660168144811653 231
23 21 70 -39.537408677671635 -53.738377390172374 231
6 12 67 -72.537189865671607 -53.858550366016715 231
34 31 66 12.253814523774686 -49.083358668623774 231
42 14 66 -18.632851980620401 -81.809706345171463 231
6 12 67 -44.223731244245187 -86.403930818853539 231
29 15 65 -49.765451685108147 80.922183723483187 231
23 21 70 -15.378720536664172 70.266071818823335 231
42 14 66 -10.279039678466482 35.639589826791109 231
23 21 70 12.249480080559817 8.854037798371722 231
7 17 55 43.551752408897663 -12.690514809714047 231
42 14 66 56.495832938737436 -40.858773173287446 231
42 14 66 83.882380844856897 -46.687751967709751 231
42 14 66 66.842785873310589 -68.906037302218664 231
34 31 66 75.551232056613898 23.087038240702835 231
5 12 45 71.682255391946839 -19.738550133168477 231
22 15 63 42.121837928768485 -84.067657688023075 231
26 13 46 70.353220426772239 66.778921641353250 231
40 21 64 39.024100750718979 79.988246390314970 231
22 15 63 15.882037627363527 52.412080696103025 231
26 13 46 9.330633321760594 96.550190480469027 231
36 14 113 14.878230515429731 -94.006765047734717 231
26 13 46 41.162888922629698 -87.832890055737366 344
39 17 51 63.568184285318864 -67.882884047952317 344
39 17 51 83.719263800185175 -40.497961291341589 344
38 15 53 51.807563795260577 -38.122376564227821 344
38 15 53 67.798535717142002 -12.739531629240727 344
38 15 53 94.999960016786673 -0.087159674911359 344
38 15 53 32.255215790363565 -61.287582384348354 344
38 15 53 22.247036369937472 -33.006204329370910 344
14 20 54 35.035953295062299 -0.426400709915864 344
40 21 64 82.399315384862575 33.635588654072187 344
40 21 64 7.170589366638612 -87.109308066071506 344
14 20 54 -8.721323523872599 -49.314505451420857 344
14 20 54 -3.896351780399947 -9.606576171808564 344
7 17 55 8.425612680461821 25.281375786213559 344
7 17 55 40.642898450593840 36.146296292395320 344
7 17 55 59.835493870247916 64.211297291103193 344
40 21 64 -34.521405085954591 -82.032143644375338 344
40 21 64 -68.296191822385182 -57.066892175410850 344
40 21 64 -86.861474408495411 -19.392892089172687 344
22 15 63 -51.350209473520401 -25.304749895143239 344
22 15 63 -37.202515690798542 1.149791503836507 344
23 21 70 -86.082780115854732 22.599888661792239 344
16 35 82 -44.642990562979307 60.266104848361827 344
28 18 84 8.357007256336985 60.281308547517270 344
49 17 93 -4.335220385842581 92.898901307852796 428
49 17 93 -37.436297198202780 85.132388972046556 428
49 17 93 -65.533748208606397 65.987330948682697 428
41 23 92 -12.614940774056228 53.765204443219638 428
4 15 95 -85.649145165397243 41.100169494014352 428
3 21 95 -88.845471506850757 5.242346108887773 428
3 21 95 -81.356628398095765 -36.084609124863164 428
3 21 95 -52.691140922928604 26.616732182608626 428
47 15 88 -56.329240412437784 -10.207401960732359 428
32 37 113 -4.519309768774725 -5.686126564810152 428
17 24 97 -40.499638996087164 -54.944789850512571 428
15 20 89 -12.751451664137754 -89.092089887133966 428
36 14 113 -2.538469934317749 -56.662242459395998 428
15 20 89 25.170106061719309 -76.365917656471254 428
28 18 84 23.958341297160331 72.296125589758176 428
28 18 84 30.329671034817341 36.864414406496799 428
15 20 89 51.420792512005463 5.254849480125309 428
11 30 86 68.178425793135716 -41.853342236551271 428
19 23 83 66.606169951345208 55.969796537172769 428
36 14 113 81.061793606812159 21.910510802860838 428
47 15 88 94.933397258226890 -3.556695799710624 428