21 10 107 100.000000000000000 0.000000000000000 0
21 10 107 98.000000000000000 19.899748742132399 0
21 10 107 81.766312060385914 8.217823563497323 0
21 10 107 83.766312060385914 -11.681925178635078 0
18 10 105 65.532624120771828 -3.464101615137756 0
18 10 105 63.532624120771821 16.435647126994645 0
31 14 109 86.755771184755062 41.102751320786574 0
44 13 103 72.734734745211099 64.176774315509036 0
18 10 105 62.866117078480528 43.401539410750601 0
18 10 105 50.328610970329919 58.983931415448929 0
42 25 103 30.464898193489223 30.166698468492076 0
44 13 103 29.232557452013861 68.146710794673595 0
18 10 105 49.527924362336073 78.967897512192081 0
17 40 100 26.499909857941631 -34.712257037118313 0
42 25 103 -16.776072678999679 13.787117551244680 0
4 20 104 -5.412943229011272 57.328813534552523 0
44 13 103 10.538818031493175 86.217242233390920 0
37 20 99 -36.790775573529586 82.136708192489550 0
14 17 93 -68.438917925061418 62.969155252764097 0
44 13 103 -41.635425235463700 49.494260832447409 0
42 25 103 -66.778809440117271 21.001977127254918 0
35 12 100 -97.993413126340030 1.136214702619704 0
20 15 98 -91.623718458674006 -25.101677549630811 0
35 12 100 -66.206346156804955 -15.993594037267727 0
20 15 98 -67.519333592486376 -42.961650400189818 0
37 20 99 -36.248303801275348 -27.241513766012865 0
43 14 99 -44.261164896363084 -60.283820844527064 0
35 12 100 -68.398617253207561 -69.947329199211879 0
9 11 67 -10.089144532778526 98.484563067501625 0
9 11 67 75.864029289698806 63.605416907144971 109
9 11 67 59.943827485845439 78.789196888578587 109
48 26 66 43.522198598143476 45.633049575077386 109
9 11 67 38.217878142439297 82.250861968818199 109
48 26 66 1.668757247376512 76.492236976853064 109
50 15 63 83.965540349604694 38.899840238177646 109
48 26 66 69.447105390519766 0.556456893214190 109
50 15 63 3.782212916067085 35.546745098790595 109
24 22 53 21.508265674896037 2.978779481090751 109
28 14 61 89.830194384237473 -33.860540115156326 109
50 15 63 61.413724809866231 -39.648826297510617 109
28 14 61 -23.493375000901441 45.397750315707320 109
28 14 61 -13.311730360586639 12.120326182222385 109
50 15 63 -40.587318277555170 21.971331399139107 109
28 14 61 -51.269390242164178 48.932290924773845 109
28 14 61 -78.566681605784723 55.165900168992508 109
34 13 60 -91.714225950951942 31.583235398193974 109
24 22 53 24.435695847317231 -40.923727879942717 109
24 22 53 -16.083987719718472 -23.772773281807460 109
13 13 56 -45.942586459912448 -5.511774369587830 109
47 16 43 -39.386465751515338 85.350491009745866 109
47 16 43 -93.962058939456185 2.670483075805290 109
2 12 99 -65.069673106676859 10.586503687619615 109
35 12 100 -70.602240831458175 -12.767097627182094 109
38 13 48 -91.662383680779030 -26.238191983848139 109
46 25 74 -60.832946250629256 -48.454082417060135 109
46 25 74 -23.480481670465217 -81.692514837792487 109
31 14 109 -95.791431516446934 -6.324685607194798 209
15 25 113 -79.808774271104681 29.249949561389997 209
15 25 113 -57.938348875015599 -15.713196380526721 209
41 13 97 -95.917403964279373 -14.451699441700406 322
40 21 98 -87.081415371594019 18.380073364377768 322
20 15 98 -68.011810913468324 -12.154336500733962 322
43 14 99 -52.594675779354674 12.408072669713443 322
40 21 98 -32.223505810501194 -16.052697420009746 322
41 13 97 -57.948776975850421 -38.283541386653290 322
23 15 83 -85.854370026661471 -40.580904327619734 322
14 17 93 -75.342075789064339 54.521295067110117 322
40 21 98 -38.680848714980399 44.523573855631220 322
41 13 97 -20.430842091109632 15.836690821242954 322
14 17 93 3.289221235406313 -2.530633311195976 322
22 27 89 -9.295869077674467 82.477795909509709 322
41 13 97 -48.911759913221559 76.947769390041998 322
10 32 92 30.052206726978390 38.514982868585065 322
3 24 91 41.940393311382479 -16.208604547943050 322
10 32 92 2.569984809418367 -56.032855129573250 322
3 24 91 58.079962987899407 -63.424899679260307 322
25 17 87 -36.575116657432424 -85.505911149435804 322
25 17 87 86.581155536455597 -33.951487536956087 322
46 25 74 84.622425960979072 8.002813535164677 322
26 16 79 -63.697765214305505 -66.707987453975434 322
30 13 76 32.217995108615540 -89.885410207420747 322
1 23 118 -77.270804620845553 39.977778243007876 421
1 23 118 -46.084200541285021 73.791913245765798 421
1 23 118 -32.393602661680333 29.876454353720000 421
49 18 116 -9.127615217055848 91.546090252120379 421
39 16 114 -93.882795200444278 4.692628831629108 421
39 16 114 -61.887569756185563 4.139864170077939 421
27 30 114 -68.461973534869983 -41.387898952601617 421
27 30 114 16.289435621360688 50.827869187376528 421
27 30 114 -12.669042985178081 -19.316449052849748 421
31 14 109 -28.725295927308530 -60.282248708883891 421
6 30 113 10.979765410499333 -79.242947645392405 421
43 14 99 -31.507159321521645 -90.682406846577749 421
10 32 92 73.340526789785471 26.554983151882446 421
10 32 92 63.163697225708773 -45.764039952554334 421
25 17 87 35.896785122994167 -5.051443567862338 421
30 13 76 95.857622042721530 -14.843055491196743 421
7 14 36 -95.676020266844077 7.880301129934161 539
7 14 36 -89.332618182631762 35.152287672868852 539
7 14 36 -75.389739898855282 59.433888632521331 539
7 14 36 -68.886086066889121 16.022747050054488 539
16 15 35 -53.392070053203156 40.536732196652807 539
38 13 48 -95.098230839776377 -19.113515928384388 539
16 15 35 -83.807402393570882 -44.736107385892325 539
38 13 48 -68.802118439617090 -68.375935081144618 539