10 10 104 100.000000000000000 0.000000000000000 0
47 14 104 93.200000000000003 23.016515809305290 0
34 19 104 71.035376708618728 -1.431990778033716 0
34 19 104 62.712053170041145 35.645256763715665 0
1 15 100 39.362646695906548 10.930782921336551 0
38 27 103 18.187473058301979 47.202149333663733 0
38 27 103 -25.458202922881487 78.999239894681182 0
38 27 103 -31.172453124565251 25.302430449123264 0
1 15 100 -66.064138731506631 68.268071407241663 0
1 15 100 -84.057991405588467 44.263462142697506 0
40 37 98 49.893870274014716 -53.287913348899217 0
40 37 98 -22.533233824276554 -38.111794216022012 0
3 15 95 -93.669329701273668 15.844768010737528 0
3 15 95 -61.969635270309155 -72.005307474274801 0
3 15 95 -81.333021587131654 -49.091135651023315 0
22 13 93 13.742751452972353 86.954437945152705 0
28 14 90 40.239662433515925 81.766595571954625 0
28 14 90 6.481944985419481 -80.053651574052381 0
50 15 86 -20.729491671033415 -90.080501283300634 0
50 15 86 -61.533977293972171 -3.717870205944380 0
50 15 86 -89.753700411251231 -13.898598430590502 0
13 13 84 22.526910136349859 -11.442370063819707 0
36 12 55 61.369368378723074 66.616165654982694 0
36 12 55 95.599999999999994 21.555509736491995 104
37 14 55 95.897140712408657 -4.442792273389912 104
48 20 54 82.601371851277122 -35.735323816736908 104
36 12 55 69.966122395672059 -6.335485871696594 104
36 12 55 71.930890195612719 17.583955749970002 104
29 18 73 79.215458405346197 46.686104570937516 104
4 15 57 46.842918351985347 7.604292991471588 104
41 17 60 47.351656697307035 -24.489987825137014 104
4 15 57 20.599380028840287 -6.931067213271084 104
4 15 57 67.190411701727825 -67.159873252950064 104
41 17 60 56.845533326312875 73.604248116851608 104
4 15 57 46.383214669991055 43.362887559932538 104
18 17 71 20.025647888119266 25.063789114437338 104
4 15 57 25.937356239463913 65.316631501202380 104
17 20 63 33.230849984630446 -58.689444221156350 104
17 20 63 0.552698253529961 -35.621319038576502 104
36 12 55 -6.277813322227182 -4.358815754075312 104
16 21 51 -17.946853067443463 26.509185662028106 104
16 21 51 -9.980528820587260 67.746761706140475 104
20 15 38 -41.256608549569052 85.573899355981354 104
5 30 76 -64.644185891737976 47.128857724269380 104
16 21 51 -88.970166317619771 2.304236406073997 104
16 21 51 -80.120064740041158 -38.752744755070111 104
18 17 71 -50.970432942633067 2.161886731252237 104
44 16 66 -44.140386106289100 -30.123566033318802 104
6 23 71 -48.092461863908341 -68.922806969270610 104
6 23 71 -5.713572875720601 -86.812182814359815 104
45 14 81 15.060579751988477 92.199632324055131 104
7 13 109 -11.626137901099755 96.300742040259536 185
40 37 98 -44.032973227475559 58.224541807973210 185
31 30 95 -79.982239912876963 1.685615175237345 185
30 23 95 -26.991488635291056 0.695524756624781 185
13 13 84 -88.123677786861393 -40.536618178104490 185
2 21 84 12.277456199201939 72.121863052845285 185
30 23 95 55.934145604928098 66.636111497045675 185
46 23 91 27.187130142966044 30.724983666946621 185
9 14 84 85.274403902199651 44.093945606222590 185
13 13 84 95.129591220088841 18.956816038005851 185
13 13 84 -62.300358572656933 -37.510699348839772 185
2 21 84 15.248534555694626 -11.624395731145901 185
46 23 91 -14.887968342597659 -43.683578394795028 185
46 23 91 0.599660749911283 -86.997933348930857 185
23 22 78 29.275835705070044 -52.318299701195684 185
46 23 91 73.832722721545792 -46.018790244022448 185
9 14 84 37.575283696343575 -88.340806285313562 185
45 14 81 94.741569783036638 -15.493061513012840 185
46 23 91 60.869631909999605 -0.603742363867037 185
45 14 81 -34.434790151063154 -75.098889266853860 185
45 14 81 -62.355395891864255 -72.991811891258592 185
7 13 109 -36.788194595444971 89.753154476083310 294
21 30 80 -59.635699638244461 53.325259761740391 294
43 37 80 -71.914883408980188 -12.539918032937273 294
49 29 80 -2.046768674010004 66.151601032603210 294
23 22 78 48.424169166555430 73.478567218807569 294
43 37 80 39.798334273512147 15.112524245191850 294
49 29 80 67.482660962292954 -44.800563271550764 294
43 37 80 1.572865285047655 -48.250031894944584 294
23 22 78 -20.813464905014449 18.729969759805314 294
14 16 77 79.009024178754046 50.927145004614758 294
12 21 75 -56.784079236729333 -68.531513519233215 294
29 18 73 91.971407273108596 -2.293522226617338 294
27 16 75 -8.051817238627770 93.654515316431684 403
12 21 75 -41.831300739974829 78.556618297898879 403
15 21 75 -73.198309048524948 50.626154825708724 403
27 16 75 -92.097354614346671 18.816941118026573 403
32 27 75 -79.914302788103186 -22.421066207728941 403
15 21 75 -50.343803319738683 15.388794426653917 403
32 27 75 -2.521314829132685 51.011654916376791 403
15 21 75 -10.031391718261478 3.602808219590610 403
19 33 74 -25.677940851132888 -48.080704627666989 403
18 17 71 24.705347255579728 89.658495509244517 403
29 18 73 41.747984727892209 59.088109381697308 403
5 30 76 75.880803108445321 25.339765579368642 403
19 33 74 67.474594703391858 -37.096887600080436 403
33 26 77 26.625478129996317 -79.668588002732221 403
29 18 73 67.253858727177104 -62.776735231333141 480
19 33 74 75.974041330100505 -12.527770909949631 480
33 26 77 70.163440946273312 46.185404129214007 480
35 31 78 20.169418934502339 18.806621046568434 480
35 31 78 19.798526009318433 -43.192269576071332 480
23 22 78 -23.003628849708505 -11.935661643925572 480
43 37 80 -68.231234747173261 25.951851665654569 480
21 30 80 -24.032153735445370 76.305016786813695 480
6 23 71 28.644653665271676 82.149155907998463 480
39 26 69 -75.599501232943325 -36.615780932955701 480
6 23 71 -44.695421675377688 -74.641270629995162 480