43 11 97 99.000000000000000 0.000000000000000 0
43 11 97 96.555555555555557 21.863775779997951 0
10 28 97 60.592887709596631 6.774490793583489 0
21 34 98 52.736131918161696 -54.725683095875993 0
25 16 94 19.386725435632250 -91.979100217839758 0
34 31 94 -12.217091852645893 -57.191189489985859 0
15 30 93 -70.224860047153697 -38.320608441903389 0
34 31 94 -75.749274191195965 22.428719524462682 0
34 31 94 -36.230813998367012 70.202052085503396 0
15 30 93 21.037240383347225 49.193245662171726 0
37 23 93 -21.920428841894584 18.132743691081508 0
40 15 89 66.036625364402695 49.428514288977766 0
8 12 78 92.666781365987532 -31.888362003531395 0
8 12 78 -58.474165336635721 -78.643321319637749 0
8 12 78 -36.068239033060230 -13.880370290453461 0
14 14 70 16.854804037664564 -22.842610635207166 0
48 13 70 19.686294741036882 4.008509646760896 0
13 12 57 -7.507959164983342 -13.762094728514132 0
30 11 47 64.197794120362502 75.363407765835191 0
30 11 47 92.853583561263946 -34.339656664436433 98
30 11 47 82.977119115239304 -53.998126850247210 98
45 14 51 95.530442683021349 -9.483381294979644 98
45 14 51 94.203497369453856 18.485158461947293 98
13 12 57 72.982684132882000 3.462605896602852 98
28 13 57 68.989356323511430 28.141611812703033 98
27 15 60 47.000689965293830 10.806717760907111 98
13 12 57 69.866186181684384 -35.100946171325155 98
11 13 58 59.271393980205900 -57.744938270941574 98
11 13 58 51.122326755843886 -82.434869485362370 98
16 23 61 38.920919142976246 47.937800474165364 98
50 24 64 8.037836734647861 12.508501568310651 98
4 16 61 0.104148077670335 51.713814783411308 98
4 16 61 15.996202843925190 79.488670234094698 98
49 20 63 26.393679887847501 -60.583232840068902 98
20 19 63 33.397621837132348 -22.217300071907918 98
20 19 63 -4.034534659833028 -28.762042999379752 98
49 20 63 -33.190855637595021 -2.860132895263572 98
20 19 63 -31.215010041622698 36.089784103118802 98
20 19 63 -27.002030087959064 73.855519895103953 98
20 19 63 -63.903954666968218 64.786453660638571 98
48 13 70 25.557065913165829 -93.572626242454575 98
48 13 70 1.926865329466398 -82.727644897420774 98
50 24 64 -29.589619557723079 -63.344374266395747 98
14 14 70 -67.235048253931865 -68.523341178692206 98
12 16 64 -61.401766694615283 -39.095924944001517 98
12 16 64 -68.826477455768696 -7.969189327923607 98
9 19 77 -68.148403869495183 27.024241715796563 98
42 15 81 75.737116309574361 57.348837940362891 98
32 14 101 -90.533779535892549 -31.931720325507094 98
31 12 112 -96.797585111493021 -6.697522503680524 98
31 12 112 -6.071512588726796 96.722820505677390 98
17 13 111 44.721979431811882 83.467333253605261 98
31 12 112 -93.159093101851710 -30.420114602685572 210
36 18 110 -91.998935561254882 -0.442555754757390 210
36 18 110 -64.055792496473558 -23.140149364238624 210
36 18 110 -58.370671358278130 12.408119196185575 210
31 12 112 -78.508278226237834 -49.429418205934468 210
21 34 98 -35.951355233784298 -66.891041996818856 210
26 15 108 -33.901661729657690 -9.733867340583881 210
26 15 108 -8.772046038161719 -26.119910645717667 210
21 34 98 30.963585739919491 -54.791840598142258 210
22 23 106 81.929327925913839 -29.267477267575966 210
35 22 104 46.842974872954954 -1.090397407464081 210
29 20 104 86.220619642550531 13.517856848248410 210
1 25 104 54.366689191468765 45.303500066809299 210
18 31 102 1.607905965705115 26.528229295476066 210
1 25 104 18.336776369847097 79.971141781617973 210
2 18 102 -23.728676715800134 88.887287624930053 210
1 25 104 -57.650324727822706 62.461508617520551 210
32 14 101 -88.112164871445771 38.108350812743893 210
32 14 101 3.534746736108366 -94.182941000428684 210
32 14 101 -95.891444488992761 -4.564085211126073 322
18 31 102 -71.623999302518428 33.331707485708549 322
1 25 104 -60.816550533497832 -21.615531308474690 322
2 18 102 -65.770448673269001 -64.329216389731414 322
29 20 104 -29.282038381852452 -53.718094186814014 322
1 25 104 3.122090512836365 -84.942642711594857 322
29 20 104 47.332235320376668 -76.548412782868908 322
6 39 91 21.418297131527108 -23.543999687877616 322
6 39 91 52.201850171862148 48.124493126000367 322
24 20 90 75.828290897676084 -48.477523653105621 322
24 20 90 10.076836414608067 89.434095108483262 322
37 23 93 86.940029188029172 -3.229756149407535 322
37 23 93 -9.718729973844841 51.261650185995606 322
24 20 90 -42.112643353258051 79.539457313972733 322
40 15 89 -33.494630468133330 7.599408088036705 322
40 15 89 -94.996311990281924 -0.837083176880821 426
23 35 90 -63.599580789924730 -39.750387713151156 426
7 26 90 -60.400369626185459 21.165661468733632 426
6 39 91 0.219330197691804 -2.291789229562951 426
23 35 90 69.984516830261057 -26.966041682733234 426
7 26 90 34.504391602164858 -76.586206069790762 426
7 26 90 -17.189252790381495 -82.222439689590601 426
19 31 88 68.690180147098403 39.021265373628893 426
40 15 89 49.741205075489333 80.937089876262007 426
46 20 74 22.015727352500200 59.575959638560789 426
46 20 74 -4.060017223636102 89.908377029861782 426
5 24 70 -44.839750945189515 73.385262384033055 426