48 10 83 100.000000000000000 0.000000000000000 0
48 10 83 98.000000000000000 19.899748742132399 0
48 10 83 81.766312060385914 8.217823563497323 0
48 10 83 83.766312060385914 -11.681925178635078 0
48 10 83 65.532624120771828 -3.464101615137756 0
48 10 83 63.532624120771821 16.435647126994645 0
14 30 82 58.735721188830851 -42.882398261920606 0
14 30 82 11.005537558686903 -79.239372429647204 0
7 36 82 18.115384994464328 9.136716373534663 0
20 11 86 79.578877851682122 29.982519135072650 0
20 11 86 56.520316249181171 36.230281205805696 0
20 11 86 72.881157766800456 50.938199645725909 0
39 26 86 41.083133643840071 69.856065854038874 0
17 26 87 -44.427320903939759 -71.289642707046568 0
50 34 86 -73.620043843116392 -18.870324441768915 0
50 34 86 -59.251811509171390 47.594357153780592 0
11 17 88 -24.647952304822137 -33.108802252438451 0
11 17 88 -28.728285102789474 88.451600522844387 0
11 17 88 -1.858606565874804 67.618444849186403 0
27 14 77 -33.318777314382217 7.202801879789278 0
13 13 74 12.336829116879741 96.212279088175165 0
46 13 106 -57.019567415400203 78.471452973426153 88
31 16 106 -75.442539775221704 56.075156640566703 88
46 13 106 -46.474891300383931 54.705725430819641 88
30 15 107 -31.358748505534439 89.675129730414341 88
40 22 107 5.594814129491617 87.821967951398364 88
31 16 106 43.338220261739139 83.413420170527615 88
18 12 107 -19.837569889375047 65.256644042424767 88
18 12 107 26.522088466670173 61.025528098006120 88
18 12 107 3.610512793185816 53.879921044844025 88
30 15 107 -23.624573474568990 38.523544636524818 88
18 12 107 -49.194894637545154 29.854134297738604 88
23 25 76 -83.448150047190069 15.864334662231631 88
25 14 103 68.570904280364488 67.186539471631448 88
19 15 101 84.675925124056349 43.069568193623695 88
47 33 101 43.048770188461418 19.170196403386718 88
47 33 101 63.473854262760042 -43.589790376071988 88
19 15 101 -4.784835642486799 15.176932924792190 88
19 15 101 -92.128002276655963 -23.182562337077243 88
12 34 100 -43.307795188822929 -27.376293361010141 88
9 14 95 95.554209667093943 -9.240834101803266 88
8 21 93 9.479336449063013 -42.820345078240976 88
4 19 98 -16.596281906715298 -73.152870976421582 88
9 14 95 -49.546260227213274 -74.969166293464866 88
33 12 116 -83.953444781442784 -48.915354835316805 88
5 13 73 -93.502882124613492 -25.811064185551029 204
24 16 75 -93.946007209171071 3.185550102317752 204
5 13 73 -70.442411603938282 -13.802121710667164 204
24 16 75 -69.999286519380703 -42.798735998535946 204
32 25 72 -57.474943420142097 21.916847604001390 204
5 13 73 -44.442422391066955 -13.778437737717258 204
32 25 72 -29.423979260378307 -48.684688838777532 204
32 25 72 5.106059650348762 -84.846497599176601 204
36 33 76 -1.234689332340004 2.004204750972459 204
36 33 76 46.185377306666425 -43.901538680020892 204
23 25 76 84.996232468031025 -0.800291347216486 204
36 33 76 58.066926676965572 50.569081722846271 204
27 14 77 46.191597038110473 3.098460908435925 204
42 15 96 -35.092086927343360 -88.281059322392466 204
38 13 44 -60.260451722929453 -76.011038396725567 204
26 18 108 24.251109388591601 88.746175655194094 204
27 14 77 -6.973839142630140 95.746360597219152 204
22 17 70 -1.650608429547628 65.206825322835954 204
23 25 76 -42.840865398345507 73.414305499138521 204
27 14 77 -77.833771535769131 56.195231190179236 204
33 12 116 -25.587347503704542 40.683339728796454 204
17 26 87 -57.626189447548867 61.116464964485679 320
50 34 86 0.498926739252248 75.998362298860485 320
50 34 86 61.113691115757206 45.178720192230088 320
50 34 86 72.803644599038250 -21.808927830063734 320
10 34 88 -22.933498238937212 12.163250803371398 320
21 16 90 -88.249679181848748 32.372737361872424 320
21 16 90 30.843848129254155 5.382531862536343 320
36 33 76 -66.591421189483711 -38.659832177141951 320
6 20 66 14.542618927652770 -26.715286233353890 320
29 14 63 -95.979558625812530 -1.980991164598372 320
27 14 77 -18.273295649932525 -35.609989738059681 320
3 23 67 -21.919473708630697 -72.429894484871127 320
38 13 44 -70.576600044140278 7.167216053094286 320
33 12 116 -97.812677564892240 6.056410453925974 410
26 18 108 -89.163255962576358 -22.669666652866592 410
16 35 108 -64.149882994193717 38.856048587462624 410
49 16 100 -57.001814891576359 -11.640536667387472 410
16 35 108 -7.005374879828658 -1.572965651908414 410
16 35 108 -0.565075555753062 68.130137181583237 410
40 22 107 41.012846967187066 29.139415738188681 410
12 34 100 74.323224159998006 -15.876345626833910 410
49 16 100 88.342721424695640 32.117963373766727 410
49 16 100 -62.087189495635215 -43.233874020956080 410
12 34 100 25.009097959522990 -62.696394292802054 410
4 19 98 -26.856944128612309 -51.791639453202166 410
35 16 96 -53.792799679303720 -74.140234168581628 410
33 12 116 -43.167452097219247 87.980515339672124 410
38 13 44 -92.113785846942122 30.398198251601780 526
1 19 43 -72.173316901731056 55.425737048796236 526
1 19 43 -90.986248931528309 -1.581930899237808 526
1 19 43 -59.450224639668207 19.618992945331087 526
43 17 53 -58.158316606474457 -16.357818664840394 526
43 17 53 -85.100220574883380 -37.097486226231808 526