1 13 68 97.000000000000000 0.000000000000000 0
2 21 118 83.371134020618555 31.148900656621240 0
1 13 68 71.005252988274179 -0.522616299374183 0
1 13 68 97.000000000000000 -0.000000000000018 118
2 21 118 83.371134020618555 31.148900656621226 118
1 13 68 71.005252988274179 -0.522616299374201 118
1 13 68 97.000000000000000 -0.000000000000028 236
2 21 118 83.371134020618570 31.148900656621215 236
1 13 68 71.005252988274179 -0.522616299374203 236
1 13 68 52.241765126950440 17.475481468944448 236
1 13 68 51.681956653273460 43.469454125558514 236
1 13 68 97.000000000000000 -0.000000000000050 354
2 21 118 83.371134020618570 31.148900656621198 354
1 13 68 71.005252988274179 -0.522616299374222 354
1 13 68 52.241765126950440 17.475481468944427 354
3 18 73 48.308188996000723 48.224903883390240 354
1 13 68 73.236677395465804 63.603373213002371 472