41 10 90 100.000000000000000 0.000000000000000 0
41 10 90 98.000000000000000 19.899748742132399 0
11 21 91 69.804281135755531 7.015594220841957 0
37 11 90 89.513600247592336 -18.194378808651440 0
37 11 90 84.102692574527069 35.643472771786094 0
26 28 89 57.454308742368809 -40.402526596864291 0
31 40 92 8.804350036504097 7.107277843036942 0
31 40 92 -25.193864279936381 -65.309028492576317 0
37 11 90 13.939247830160220 -98.013761125310225 0
37 11 90 35.241037523896516 -92.515238065084816 0
29 26 88 -79.344337485204079 -27.576731297128688 0
50 13 87 -96.722069920275374 7.337655643143826 0
45 25 87 53.382586777883525 54.412465814648769 0
21 19 87 -50.194282223044951 6.705542230352961 0
24 24 94 -40.020897159423399 48.484750412740553 0
50 13 87 -74.341553213012148 62.308373962709723 0
50 13 87 -74.962511421323455 36.315790195343865 0
24 24 94 2.479661377363549 70.793997913746651 0
15 13 83 33.440087221764216 91.053613693256580 0
20 11 73 54.802529068304580 -82.448061273250275 0
36 11 62 -57.119629800355888 79.023796600758772 0
15 13 83 -33.867785978815682 84.969531113727101 0
19 12 45 30.546609597294243 -69.999413708825131 0
46 11 108 27.721560029897493 95.039544977387109 94
39 35 108 50.751938336823770 55.219930777349205 94
39 35 108 74.229104371987049 -10.725673131913574 94
43 27 106 -6.609701884561421 78.749534070060392 94
6 16 106 -49.595576779158002 79.851604642252767 94
43 27 106 -3.301068041009692 24.850991027698811 94
13 18 102 -73.352442889929904 55.528543309541021 94
40 28 101 -81.359276518512075 10.230744077743836 94
33 20 109 -81.691923566488015 -37.768103261973330 94
33 20 109 -45.214920600987845 -21.353833413609937 94
10 13 99 -52.682046026763473 -53.497915884194398 94
40 28 101 -11.744450848180769 -55.759176814402025 94
5 11 99 -44.947711299893484 -76.217512410821655 94
5 11 99 -66.707209999070926 -72.973407548075173 94
10 13 99 -37.593834907066430 53.451638884023382 94
5 11 99 -49.369735608844678 32.539246322150923 94
16 18 78 32.599606589804388 -43.527882118554231 94
7 15 78 61.680792938694907 -59.125465282015938 94
7 15 78 37.033651481762611 -76.228635105237871 94
22 16 94 11.171300837851792 -93.320704001992468 94
34 15 75 24.236838859458317 -11.605098469751258 94
19 12 45 92.233036564277853 33.122001239849403 94
19 12 45 -14.458726854553241 -12.518871827288415 94
15 13 83 -96.640123178012246 -8.347849551748038 203
9 17 83 -85.640604548588215 -36.258610736655811 203
15 13 83 -70.708956212560096 -10.238505472280174 203
9 17 83 -51.753418026881128 -33.491195039108064 203
18 19 77 -88.171666302556034 22.511269653902325 203
28 26 81 -43.436136485296181 17.639681415036655 203
18 19 77 -18.461142999374029 -19.793588551373517 203
25 23 75 -23.219124110218129 -61.523213708434909 203
47 37 80 33.258198601382617 -41.267053674269810 203
34 15 75 22.841777983417799 -92.213085722994052 203
23 28 71 81.981173747218520 1.757029034583582 203
25 23 75 33.888237324338306 18.729638327936254 203
8 20 71 66.208501210423250 47.091594225473244 203
49 17 65 -66.300358990826481 -64.222067278461907 203
4 32 100 20.619916947742013 72.105210216057515 203
42 21 70 -31.170641961959809 83.363007861276884 203
42 21 70 -65.928849446495889 59.786175748757167 203
1 14 113 -19.581705976088841 49.748342942440722 203
3 23 60 -49.458905099204834 71.573854907974948 316
3 23 60 -79.042748957247170 36.348917965760691 316
27 17 62 -14.944413590271282 91.791418457516571 316
27 17 62 -92.993017374823580 -1.139613761656577 316
27 17 62 -59.109268746753813 1.669581658705015 316
27 17 62 -73.618308462560648 -29.079203138830316 316
49 17 65 -39.190477265694796 32.914323226538400 316
49 17 65 -25.110566892117799 1.966688036236075 316
49 17 65 -39.619606607924631 -28.782096761299258 316
30 17 51 -56.361655864674375 -58.374389451872688 316
2 31 98 6.148513222213928 48.674270610248861 316
42 21 70 52.798906601646664 71.646880334530920 316
42 21 70 54.556751773870616 29.683682406459603 316
32 20 70 89.606140187576528 8.410686100692544 316
32 20 70 54.808499197958348 -11.315544698870877 316
32 20 70 16.069404568973635 -1.351481906687736 316
42 21 70 -2.705210599834240 -37.800265497682503 316
32 20 70 -22.649633629253021 -73.622325600691511 316
30 17 51 37.300860908100077 85.191817538508772 414
8 20 71 65.715562419707993 61.493616383015407 414
8 20 71 85.872262122102924 26.943544644920944 414
23 28 71 79.366750553387661 -20.613561230324574 414
23 28 71 47.627435126685604 -66.750486314732981 414
35 29 77 37.156101922167622 21.677071880893791 414
35 29 77 -3.183462131455542 63.351039438154693 414
35 29 77 -60.416812513502556 53.951911603837367 414
14 36 97 -73.355224267708678 -9.747362342406497 414
14 36 97 -3.865149219272034 -28.743726950450963 414
44 21 100 -60.496198795199298 -65.277943681857252 414