3 21 89 89.000000000000000 0.000000000000000 0
3 21 89 79.089887640449433 40.814086698358011 0
3 21 89 51.566524201773390 72.538910811701044 0
2 24 84 45.369226180370802 11.016150684352478 0
3 21 89 18.268907904265738 46.940693121714240 0
2 24 84 60.250428555577997 -34.618811963469732 0
3 21 89 79.089887640449433 40.814086698358011 89
3 21 89 51.566524201773390 72.538910811701044 89
2 24 84 35.265537885689056 30.595164613693989 89
3 21 89 9.843190461086110 67.726071570335705 89
2 24 84 69.417245141806717 -3.134064424225642 89
2 24 84 -12.700127640596346 28.779970238285074 89
2 24 84 -35.016506793411935 71.276784489564875 89
3 21 89 51.566524201773390 72.538910811701044 178
3 21 89 79.089887640449433 40.814086698357997 178
3 21 89 89.000000000000000 -0.000000000000007 178
2 24 84 45.369226180370802 11.016150684352466 178
2 24 84 60.250428555577997 -34.618811963469739 178
2 24 84 14.176503214525063 47.499215714253673 178
3 21 89 79.089887640449433 40.814086698357997 267
3 21 89 89.000000000000000 -0.000000000000007 267
2 24 84 45.369226180370802 11.016150684352466 267
3 21 89 39.805332409008145 55.670860246737838 267
2 24 84 60.250428555577997 -34.618811963469739 267
3 21 89 89.000000000000000 -0.000000000000007 356
3 21 89 79.089887640449433 40.814086698358004 356
2 24 84 45.369226180370802 11.016150684352471 356
3 21 89 39.805332409008145 55.670860246737846 356
2 24 84 60.250428555577997 -34.618811963469739 356
3 21 89 79.089887640449433 40.814086698358004 445
3 21 89 89.000000000000000 0.000000000000000 445
2 24 84 45.369226180370802 11.016150684352473 445
3 21 89 39.805332409008145 55.670860246737846 445
2 24 84 60.250428555577997 -34.618811963469732 445