3 14 90 96.000000000000000 0.000000000000000 0
2 19 92 85.458333333333329 31.270965189595433 0
3 14 90 68.178518945623338 3.156769225166876 0
3 14 90 52.797234842545691 26.553694222704721 0
3 14 90 60.929542306756858 53.346707776755252 0
2 19 92 78.720185612290010 -28.114195964428550 0
2 19 92 42.289441285210231 -17.306750948378514 0
3 14 90 96.000000000000000 0.000000000000032 92
2 19 92 85.458333333333343 -31.270965189595405 92
2 19 92 63.005703484368041 -0.613512378486778 92
2 19 92 84.303086646029499 30.857449959283876 92
3 14 90 96.000000000000000 0.000000000000000 184
2 19 92 85.458333333333329 31.270965189595433 184
3 14 90 68.178518945623338 3.156769225166876 184
3 14 90 52.797234842545691 26.553694222704721 184
3 14 90 60.929542306756858 53.346707776755252 184
2 19 92 78.720185612290010 -28.114195964428550 184
2 19 92 42.289441285210231 -17.306750948378514 184
3 14 90 96.000000000000000 0.000000000000032 276
2 19 92 85.458333333333343 -31.270965189595405 276
2 19 92 63.005703484368041 -0.613512378486778 276
2 19 92 84.303086646029499 30.857449959283876 276
3 14 90 96.000000000000000 0.000000000000000 368
2 19 92 85.458333333333329 31.270965189595433 368
3 14 90 68.178518945623338 3.156769225166876 368
3 14 90 52.797234842545691 26.553694222704721 368
3 14 90 60.929542306756858 53.346707776755252 368
2 19 92 78.720185612290010 -28.114195964428550 368
2 19 92 42.289441285210231 -17.306750948378514 368
3 14 90 96.000000000000000 0.000000000000032 460
2 19 92 85.458333333333343 -31.270965189595405 460
2 19 92 63.005703484368041 -0.613512378486778 460
2 19 92 84.303086646029499 30.857449959283876 460