2 11 71 99.000000000000000 0.000000000000000 0
2 11 71 96.555555555555557 21.863775779997951 0
2 11 71 78.843192529652626 8.814936902970350 0
2 11 71 81.287636974097069 -13.048838877027592 0
2 11 71 76.398748085208183 30.678712682968296 0
2 11 71 84.861216147439819 50.986017632067515 0
2 11 71 63.043340148006621 48.161077478124973 0
2 11 71 61.130829503749695 -4.233901974057249 0
2 11 71 58.686385059305252 17.629873805940697 0
1 18 86 36.550741275713321 36.365222062269638 0
3 27 108 56.635310956622114 -41.967048052703170 0
2 11 71 93.469393011437475 -32.626255839023941 0
1 18 86 38.952128100844817 -83.347055835316553 0
2 11 71 22.799230754731536 -59.262124709695151 0
2 11 71 18.885575505528042 -37.613029980575831 0
1 18 86 25.583699108714178 -9.397163164253481 0
2 11 71 93.469393011437475 -32.626255839023941 108
1 18 86 74.240932061800137 -54.334924372774978 108
2 11 71 72.698416786673590 -25.375976763685291 108
1 18 86 91.926877736310928 -3.667308229934250 108
2 11 71 95.771381761421878 25.076730957363452 108
2 11 71 74.488852481105894 19.504124077949353 108
2 11 71 80.304097998387348 40.721638531196177 108
1 18 86 44.866334958891102 -33.523075703284597 108
1 18 86 51.469202510364227 1.866218441946724 108
2 11 71 55.484336342715622 30.586920040415855 108
1 18 86 58.172731846315997 59.462039600622376 108
3 27 108 7.624238931732663 -8.263893541070608 108