1 19 106 91.000000000000000 0.000000000000000 0
3 28 106 70.307692307692307 42.199862587061396 0
1 19 106 53.029980693364209 -1.509183174338064 0
1 19 106 26.354219227873628 25.553775833062584 0
1 19 106 28.410379504011914 63.498106172638103 0
1 19 106 83.065934065934073 37.162489122149680 106
3 28 106 81.411275471501426 -9.808375303958876 106
1 19 106 47.790108532890969 23.033931766131182 106
1 19 106 53.192331710274999 60.647971495223494 106
2 24 69 12.308413505006108 47.324862541796634 106
2 24 69 29.782888176054986 -16.013987704953980 106
2 24 69 -12.689841489484579 6.348195434399750 106
1 19 106 91.000000000000000 0.000000000000000 212
3 28 106 70.307692307692307 42.199862587061396 212
1 19 106 53.029980693364209 -1.509183174338064 212
1 19 106 26.354219227873628 25.553775833062584 212
1 19 106 28.410379504011914 63.498106172638103 212
1 19 106 83.065934065934073 37.162489122149680 318
3 28 106 81.411275471501426 -9.808375303958876 318
1 19 106 47.790108532890969 23.033931766131182 318
1 19 106 53.192331710274999 60.647971495223494 318
2 24 69 12.308413505006108 47.324862541796634 318
2 24 69 29.782888176054986 -16.013987704953980 318
2 24 69 -12.689841489484579 6.348195434399750 318
1 19 106 91.000000000000000 0.000000000000000 424
3 28 106 70.307692307692307 42.199862587061396 424
1 19 106 53.029980693364209 -1.509183174338064 424
1 19 106 26.354219227873628 25.553775833062584 424
1 19 106 28.410379504011914 63.498106172638103 424