19 10 67 100.000000000000000 0.000000000000000 0
19 10 67 98.000000000000000 19.899748742132399 0
8 19 65 80.277628055073677 42.854433071168344 0
35 17 51 74.033873422557264 7.400018281343792 0
17 19 63 87.171645257842428 -26.117125857201014 0
41 18 63 70.476249703249977 -59.136268294213131 0
17 19 63 40.857987945982195 -81.311898397503754 0
41 18 63 50.310073717778216 -29.314709882168636 0
24 13 63 52.039080456337530 27.801711406502079 0
17 19 63 45.984048641115976 59.223623979046977 0
24 13 63 44.687641579897274 1.171159907865627 0
47 16 62 28.535415118040635 89.564111585171759 0
47 16 62 11.156573851711755 62.694502800529122 0
39 14 64 26.000812644039080 20.659680229377287 0
21 24 61 -10.984744014313080 29.381411632706680 0
8 19 65 -22.917325125083892 70.692590604443566 0
20 11 102 1.580216284628687 88.009358919559929 0
13 19 70 -60.799933172169389 67.707962059566796 0
9 20 70 -82.722935801431191 35.453009638002442 0
3 15 71 -94.962670398663434 2.662936490945924 0
13 19 70 -85.877496601816816 -30.100757090228520 0
13 19 70 -60.965306016045922 3.086274459394824 0
25 14 47 -48.734414408671626 33.735993715672869 0
13 19 70 -47.961050965456465 -32.619318247899912 0
3 15 71 -68.788029219323008 -59.493785253088504 0
29 21 72 -34.436744678103665 -70.263615816666828 0
13 19 70 -10.388082974028393 -38.300169972344229 0
7 18 75 17.654176076029156 -14.162404803019513 0
3 15 71 1.563009298614183 -70.130523308284168 0
3 15 71 24.906023813508970 -51.286328622455557 0
16 12 54 -11.349414537631189 -93.842741902780190 0
45 15 79 -24.298154836384299 -7.275826292193729 0
20 11 102 21.851229344757982 96.558395679105942 102
33 15 102 44.561807268565033 83.900210565643192 102
33 15 102 68.502340084399293 65.821192658301953 102
48 28 101 -13.834168741250821 80.824598825101504 102
32 14 101 -55.749169629419534 78.153887207420510 102
48 28 101 -71.918894265113252 39.391276289090449 102
32 14 101 -95.875197577934046 4.893515034421590 102
48 28 101 -75.555802009278338 -31.864098649337805 102
48 28 101 -30.626799226284483 1.563206191551339 102
15 13 103 42.283890686355321 55.993023390213025 102
32 14 101 15.747706289262462 51.009960311795751 102
32 14 101 -9.565717558748588 39.042062706495742 102
32 14 101 8.254674508067101 17.444988215144541 102
15 13 103 -35.213686602530103 -39.179406196434272 102
5 25 104 17.599627927303835 -20.418871144306596 102
49 28 96 -5.952414628517644 -67.898353991624703 102
27 17 99 35.212834321456107 -86.075875244168628 102
27 17 99 63.797994802985784 -67.666948055296530 102
27 17 99 83.856102215692289 -40.213854841228120 102
27 17 99 -49.652558264016569 -78.636018832583574 102
5 25 104 84.981547019521742 1.771063569952972 102
4 14 96 83.029545781012203 40.722182824280665 102
4 14 96 52.895709863504010 -38.647296384431328 102
26 21 87 43.678838933806865 22.021651333922279 102
16 12 54 32.588919852122224 -57.194824832910726 102
14 13 84 88.546985538060184 39.603426014961890 206
2 17 81 92.475647235202672 9.861778157632159 206
2 17 81 62.179621619436162 25.293914493500225 206
2 17 81 63.963012325792761 -8.659281491391699 206
2 17 81 33.666986710026251 6.772854844476376 206
2 17 81 31.883596003669656 40.726050829368305 206
29 21 72 62.457068903831072 63.292901624796002 206
22 33 80 -14.181251474749175 21.283061687006196 206
22 33 80 -76.993263295852415 1.018531813713132 206
18 18 80 -75.890141202122962 52.006600238064401 206
22 33 80 -49.498810754684385 -58.981927180043400 206
45 15 79 -43.673462458300357 59.154020102416055 206
30 27 78 7.383394186078345 77.273829296701933 206
29 21 72 -4.533937619975625 -88.884438512363744 206
31 16 78 -0.990974474198776 -52.054458711287722 206
6 28 77 39.915147277474119 -68.262148344215461 206
31 16 78 28.380528940757028 -25.800959243740760 206
28 14 76 79.403171053604552 -53.954948120001163 206
28 14 76 -15.329585453516314 -25.702907804675135 206
12 13 43 95.885692910644948 14.660623965080482 290
35 17 51 91.773155945554109 -15.056156474778110 290
25 14 47 69.993961925617924 7.004367268822723 290
25 14 47 61.099949215701542 -19.545520450635639 290
12 13 43 77.419180262834118 32.963298923354820 290
12 13 43 43.655821441621484 1.062788703721708 290
29 21 72 43.484036757646436 35.062354730692576 290
28 14 76 69.287283981640016 58.709604733546342 290
42 22 73 38.767696569951141 77.802922523293674 290
29 21 72 4.804707902963656 51.430296548505346 290
35 17 51 1.496549769122844 89.286023853122060 290
43 28 87 -39.867312531739699 71.565106959369558 290
35 17 51 -78.917909058570331 49.203288811046178 290
35 17 51 -91.329153656550005 17.549521143845475 290
5 25 104 -49.368060339774949 19.356908114279832 290
40 29 94 1.605457435335950 1.532753558440355 290
29 21 72 -40.301116992675048 -25.740658763995107 290
29 21 72 -80.457978921960716 -38.046203855224853 290
43 28 87 -34.488216576598759 -74.394643069011494 290
28 14 76 1.535933127404988 -95.987712283542521 290
7 18 75 10.603637462143830 -65.299331125557686 290
44 14 84 29.153276356288572 -91.374432216384406 290
42 22 73 50.497270743246361 -62.384194141999522 290
44 14 84 35.068235943600484 -29.858129437653311 290
31 16 78 -86.766603579535555 36.160150763951854 394
26 21 87 -62.108434375559881 63.745920492348148 394
50 24 87 -85.914638809082405 -3.830775157185645 394
30 27 78 -65.738439616800321 -50.670085422745231 394
38 18 86 -44.527985964843054 -10.982346058072764 394
38 18 86 -22.215799965422946 -39.234184156279426 394
22 33 80 -18.009221430854829 32.580885314162344 394
36 17 90 -38.045246940160709 -84.862000832305341 394
40 29 94 7.089033141875973 -75.979615934302629 394
38 18 86 54.063764194664955 -74.438628420354860 394
31 16 78 78.852916803935400 -51.168520708650973 394
50 24 87 42.725767382880889 -33.997933219901455 394
50 24 87 85.207000967559310 -11.651909118867508 394
22 33 80 64.811819381512009 41.574367926142479 394
31 16 78 20.615422420510246 62.732782225554288 394
23 18 77 26.578082391412284 7.822607145823483 394
10 21 111 -5.620719498219788 88.822336787107403 394
23 18 77 -43.807682172722522 80.900475787560907 505