10 13 89 97.000000000000000 0.000000000000000 0
1 31 90 70.690721649484530 35.267858918214742 0
10 13 89 72.497018163557684 -8.695049230624180 0
1 31 90 28.522197449140720 -10.183384923566081 0
10 13 89 26.715900935067570 33.779523225272833 0
11 14 91 33.104925365862321 60.012715307493934 0
8 14 92 51.921997675006580 80.747174300012574 0
25 21 93 78.367572544276101 -42.184399646286579 0
3 19 94 41.796942421936237 -58.388998143472747 0
29 36 91 -13.030556482071482 -62.741625388141458 0
29 36 91 -71.169707038620956 -20.269997534209686 0
31 15 96 -63.397672723565790 -70.751219729667156 0
42 32 91 -62.151613140254589 47.129364350308535 0
18 22 92 -20.969122280779999 8.779981639118960 0
18 22 92 -4.511482786202643 49.586183401431114 0
46 17 94 13.613614905714346 84.118499189088126 0
20 19 99 -29.312466447380718 86.149749336670624 0
2 14 84 2.190938687988247 95.974995637746588 99
13 16 84 31.281052973591184 88.642516462831665 99
2 14 84 58.530272335442703 76.093411149316410 99
2 14 84 77.997343766052779 55.967976249281953 99
13 16 84 49.192803391851157 47.583558927190396 99
41 22 83 -31.116756615345857 82.314928522967989 99
19 21 73 6.427791131349832 61.232383741500477 99
4 27 80 81.609808343062355 15.127431447824524 99
12 34 78 -65.673643567579148 38.248824041512307 99
33 27 78 27.829071174512396 10.266124050904459 99
35 20 77 84.194222941105238 -31.801459453041911 99
49 15 72 70.281866198094150 -63.917597605926900 99
33 27 78 33.622070899173238 -43.422246702826556 99
33 27 78 -15.769921923685729 -21.594946251633594 99
33 27 78 -69.760303139564741 -22.614130319434544 99
49 15 72 -9.730283618599955 29.062263748329251 99
31 15 96 58.890104917947610 74.544990058038934 183
7 27 94 74.918688281987883 35.723803634360273 183
47 28 94 79.753311528644090 -19.063297202085632 183
46 17 94 42.420354462303003 6.061398152937738 183
39 40 96 16.843944442537332 -44.878245058423985 183
21 17 97 30.981794237455546 38.079507715848194 183
39 40 96 -24.198379211705067 23.791454730204883 183
21 17 97 27.004126414569676 71.846031947559965 183
20 19 99 -79.578888975964929 44.138423503236353 183
17 23 99 -86.955212593812803 2.791236780500547 183
50 29 98 -54.781669366853691 -38.060484312043336 183
49 15 72 67.078945458465341 -67.271205401570086 183
48 15 66 -56.018665891815907 68.652009292041953 183
19 21 73 -23.838663784309652 84.790394104683315 183
48 15 66 -94.053952734194027 13.373629839127332 282
45 27 67 -78.890391154391708 -25.793529876832970 282
45 27 67 -52.850182330699724 21.512997415058937 282
45 27 67 -24.901632342945454 -24.691748592055969 282
48 15 66 -51.239606861148417 -57.407357989994622 282
29 36 91 16.563002904032235 -72.122582696413616 282
48 15 66 67.309192586303851 -67.040827809476369 282
6 18 70 83.623308603513877 -38.355472337092692 282
26 23 63 46.379816350935819 -21.211310507707211 282
36 38 118 11.715707205953294 29.012724632812876 282
9 18 72 65.894346221285303 14.846741629634288 282
5 22 69 60.584746689215336 63.823886348322695 282
37 16 54 93.002759199172687 -5.674806699385806 282
37 16 54 -34.217948876176067 -83.316104764831636 282
28 21 118 51.475520640588968 72.603517647427381 400
36 38 118 70.058716883514833 16.606510429211639 400
28 21 118 18.932279868339307 46.052858897795815 400
15 34 114 -30.836921622546711 69.462826496226825 400
9 18 72 16.732888494048890 90.465520739371897 400
38 22 110 76.769359953246834 -43.017035838942014 400
38 22 110 -78.418048326347645 39.932564364020081 400
14 19 107 -90.995456071190446 0.909381325985258 400
14 19 107 -43.741079740720153 18.057742085624220 400
14 19 107 -57.646206060233901 -17.306752284271219 400
22 23 100 33.149013340724700 -31.959669000339392 400
34 26 100 -12.730643557226713 -14.551349402938916 400
30 22 102 -39.775443964079983 -54.207102717602723 400
37 16 54 -27.066563140672638 -90.018893348851933 400
43 16 50 -76.981727919590156 -46.481014818675696 400
14 19 107 -0.789457903727687 -66.899340144550592 400
5 22 69 78.719338581928298 39.335298819555646 518
26 23 63 86.860651304808400 -4.922118944569171 518