1 13 60 97.000000000000000 0.000000000000000 0
2 19 71 85.907216494845358 30.015831724404535 0
1 13 60 71.053812832594701 1.671936444358094 0
1 13 60 54.913192926597063 22.055272507184341 0
1 13 60 59.233471391825844 47.693821490753606 0
3 32 99 65.119722610415124 -42.935087366192555 0
2 19 71 34.224993852899608 -2.357806345903075 0
2 19 71 25.484571925033062 34.623337829512451 0
1 13 60 38.771399520554453 63.734507720928562 0
3 32 99 -16.204880145153226 5.246653433760088 0
2 19 71 -6.400628468557821 55.295396165840543 0
2 19 71 7.407067212418816 90.698044936540441 0
1 13 60 96.418765647389250 -10.602906725696933 99
3 32 99 72.893661993585141 27.758134684538188 99
3 32 99 27.585203138869574 72.959280203325065 99
3 32 99 11.094092266800786 11.120431069425948 99
3 32 99 -34.214366587914782 56.321576588212821 99
3 32 99 -77.462058344398812 9.144917552879008 99
3 32 99 -58.229719032365068 -51.897011680941915 99
3 32 99 0.205271357342461 -77.999729894851910 99
2 19 71 51.132484484586890 -75.275952537536725 99
2 19 71 35.112442400126056 -40.817887420468651 99
2 19 71 72.964023198995832 -44.173156564163790 99
1 13 60 -79.213105435530537 55.984675825260631 99
1 13 60 59.424290435913520 -15.178749574119738 99
1 13 60 -16.108270027197705 -36.060865252435860 99
1 13 60 -37.669635438791047 -11.868484820398461 99
1 13 60 71.896196193677667 65.114798416951345 198
2 19 71 83.823473439359574 35.420690289165464 198
1 13 60 96.803478765912544 6.171425995466443 198
1 13 60 70.803484842698211 6.189202182283049 198
2 19 71 47.040456297105507 44.960588082781683 198
1 13 60 48.728737538250854 76.916021211606534 198
2 19 71 17.696727241604940 69.104853760523298 198
1 13 60 1.980846329716037 96.979772364230939 198
1 13 60 -13.526905598462207 76.110904878569812 198
2 19 71 11.459044336710274 31.620306117821450 198
3 32 99 -39.001858153423981 39.016069762041170 198
2 19 71 -87.760703202737005 24.063644224454180 198
2 19 71 -63.886943946798851 -5.500584481695210 198
3 32 99 -15.097241579920627 -20.352013468544857 198
2 19 71 -60.612801493897322 -43.359268970172991 198
3 32 99 15.848953941643945 -76.372839798947169 198
2 19 71 65.194404502519177 -63.487712366739963 198
2 19 71 -34.902186448478858 -71.340767750372422 198
2 19 71 42.587266615601727 -32.944017165243764 198
2 19 71 80.342451529005018 -28.637509049063706 198
1 13 60 -82.266213702539687 51.393288307405186 297
2 19 71 -56.955145743880507 70.972610021707169 297
2 19 71 -88.761584787156409 20.059438328937400 297
2 19 71 -53.094602940296923 33.169221162218669 297
2 19 71 -22.286179240630041 55.414243732263500 297
3 32 99 -54.599984141452630 -17.808556618292783 297
3 32 99 2.600572675850579 10.898520902598609 297
2 19 71 -8.187206659544692 -38.947480110630316 297
2 19 71 -35.687449237948321 -65.172213820030606 297
2 19 71 -59.864907519146414 -68.536069683955816 396
1 13 60 -36.144072248826959 -90.014476842736670 396
1 13 60 -84.337578362704747 -47.918398094204221 396
1 13 60 -28.027552875558037 -65.313826785231086 396
1 13 60 -60.952474140298477 -36.554556291926417 396
2 19 71 -29.115119496710104 -33.332313393201687 396
2 19 71 2.210719413639541 -54.842585743007589 396
1 13 60 -10.272380409073790 -84.307348067115598 396
3 32 99 53.161730934095402 -57.077406774404565 396
2 19 71 88.668360158896348 -20.467581848675799 396
2 19 71 53.497992449359216 -6.078515333576632 396
2 19 71 83.544473442947691 17.185383305772859 396
3 32 99 -58.464173286874697 8.376595027206847 396
2 19 71 -8.421938009833763 -1.460817665024788 396
3 32 99 25.547115489144915 36.579994686757658 396
1 13 60 91.201119671018319 -33.035674213682938 495
2 19 71 90.994098662377596 -1.036343872221380 495
1 13 60 67.375472524839211 -22.627094192096532 495