18 10 109 100.000000000000000 0.000000000000000 0
18 10 109 98.000000000000000 19.899748742132399 0
18 10 109 81.766312060385914 8.217823563497323 0
17 31 107 64.611901694133110 45.456596435145471 0
30 27 109 49.943216211829650 -10.657837235891961 0
30 27 109 52.095196297607018 -64.614940398593518 0
6 39 109 -9.157531889440605 -40.036427635538438 0
30 27 109 -75.004423293214515 -35.543445056047958 0
6 39 109 -64.526603398667731 29.619545132075242 0
46 36 106 3.946629457678654 73.894682595730686 0
50 17 100 17.185975473711821 -91.398261728639980 0
50 17 100 -55.209480557520358 -74.839249438839119 0
50 17 100 22.011170821300979 23.339233818854005 0
34 12 85 -6.743902526011823 27.100318342054891 0
45 10 82 53.023777063543292 84.784898808193788 0
33 14 76 86.311870542275940 -42.026908088668606 0
33 14 76 -44.829403353213799 84.890073595178748 0
19 10 54 -20.769027033460596 7.567912298131482 0
19 10 54 98.000000000000000 19.899748742132399 109
19 10 54 100.000000000000000 0.000000000000000 109
19 10 54 81.766312060385914 8.217823563497323 109
19 10 54 83.766312060385914 -11.681925178635078 109
42 21 55 53.570593196141445 -4.666330957793120 109
42 21 55 66.607907553316423 35.258954693685936 109
42 21 55 25.512938747197737 26.586957298383524 109
42 21 55 38.550253104372707 66.512242949862582 109
16 31 65 -13.189493277103225 61.316220973335859 109
35 14 62 17.279088833421802 94.432161306870015 109
47 13 57 -52.129920118874345 81.801414586789264 109
22 13 58 -56.895922721234982 56.241969772899196 109
43 21 62 -48.628346223012997 23.262473432808626 109
7 17 58 -82.466653414469533 40.553192516080465 109
9 20 44 -89.896887393727127 4.306928942941141 109
9 20 44 -56.078678777149115 -17.054924112578398 109
14 15 43 -89.905146954508751 -30.693070082482510 109
4 26 71 -11.529417630735892 -5.593539758641166 109
22 13 58 -31.510118788914379 -39.086398418772959 109
7 17 58 -57.525294602977553 -54.026633603112678 109
13 29 75 -18.212859311046763 -78.925862400838028 109
24 31 80 40.726320214395166 -67.693181649221870 109
22 13 58 81.851875497949379 -52.050652997519592 109
35 14 62 25.368992597674307 -25.394807112217460 109
34 12 85 4.381673670561666 -44.713480441333814 109
36 28 99 -12.289317481270800 -81.073871721070105 194
50 17 100 -56.685607705429220 -73.727483878579392 194
36 28 99 -75.193569748705983 -32.709739657271626 194
8 32 98 -73.083959761295802 27.253161754359709 194
8 32 98 -20.179636617293475 -8.762565264193995 194
37 24 95 23.707034460287552 -43.547046023984173 194
38 32 94 75.060263130946339 -21.212187504194343 194
37 24 95 78.702239580896375 34.669258500163934 194
23 18 90 -54.895302742728852 73.827540503420181 194
37 24 95 -21.313554396185488 48.603223307717293 194
37 24 95 22.048250330429401 28.017939951617496 194
1 23 95 46.019394895340085 68.445458157020028 194
23 18 90 33.592648726120359 -84.367073346208770 194
34 12 85 62.298274062826529 -75.650016845952877 194
33 14 76 -28.361512362275292 91.714909456012151 194
23 18 90 3.637777796325061 91.928051065518432 194
39 15 81 -79.779912267734233 -51.576793217033469 294
32 26 81 -83.311967505390356 -10.729215739315809 294
39 15 81 -90.244511212654231 29.680434565368557 294
24 31 80 -44.257875496043241 30.789188581243643 294
12 22 89 -44.832865365850864 -39.423443356292836 294
39 15 81 -59.284602660782809 -73.484378298808338 294
32 26 81 -18.762566289159324 -79.726538845992593 294
13 29 75 5.342693027921534 -30.290352977174937 294
28 25 79 32.172489243547382 -77.153579872342846 294
24 31 80 65.317866937953468 -32.016190299006112 294
29 25 79 82.273673194022734 21.355156266418327 294
39 15 81 73.367271456963707 60.351002302863201 294
31 21 72 42.196244233665368 78.361195579016425 294
29 25 79 33.686045870100500 33.155260970684537 294
26 24 78 -1.430432752931694 67.328831593581455 294
21 16 75 -36.459411571953517 86.641279467854702 294
41 15 43 -79.779912267734247 -51.576793217033440 383
4 26 71 -83.311967505390356 -10.729215739315780 383
7 17 58 -50.542256564277338 -38.570660472588834 383
35 14 62 -91.709377302418758 28.379395955562529 383
43 21 62 -36.936993963569840 -3.089724329840433 383
10 17 70 -16.704265111446333 -35.255493140743262 383
43 21 62 -30.309527712153834 -70.736429283491660 383
44 32 78 -50.208947391877750 48.221631647144093 383
2 20 65 -4.969217914781751 22.582464795641851 383
2 20 65 12.977794201384564 -13.165328927917933 383
9 20 44 15.724276031531012 -53.070928003194020 383
9 20 44 48.731948083445758 -75.665033113006345 383
10 17 70 3.539119646151459 -88.006897488294101 383
4 26 71 74.972272090901271 -37.883484759560659 383
4 26 71 82.906845419088370 13.507589816669231 383
12 22 89 65.850928596149046 58.375124865175913 383
31 21 72 37.588581035779136 25.967722772801196 383
21 16 75 27.996917138549108 61.702859314901801 383
5 14 119 28.409615218165882 91.700020518840432 383
12 22 89 -5.507430403918452 79.632128562518901 383
5 14 119 48.898146801275075 -7.549675398043341 383
48 16 85 54.376461882736038 76.675944031458499 502
40 24 85 15.179298751921255 84.649801472891369 502
49 28 84 73.220571049160895 36.915416498189231 502
40 24 85 84.892431298524258 -13.757729035903395 502
48 16 85 47.733725763120972 1.048708852163722 502
40 24 85 21.528044648164595 31.268938455878164 502
49 28 84 -25.849338475388123 52.702173591155862 502
26 24 78 -76.227533133760900 39.816619549396513 502
29 25 79 -43.999229317234949 2.906777594848684 502
44 32 78 51.418921890358398 -58.652318552920164 502
21 16 75 -93.917355317923921 3.940859054423100 502