40 10 119 100.000000000000000 0.000000000000000 0
40 10 119 98.000000000000000 19.899748742132399 0
5 13 111 78.391506605285286 7.878642853345402 0
18 23 89 82.376606464137097 -27.900107531694310 0
18 23 89 75.177023037262416 43.734843089718900 0
34 35 106 31.160704000917491 -0.680053621424842 0
34 35 106 22.886763519832783 68.829240065933746 0
3 32 103 -29.707197209549044 27.321707077375621 0
34 35 106 -70.377903291114848 -25.922012428561288 0
49 17 105 -78.669991929218014 25.412588631716183 0
49 17 105 -68.125444820078428 57.736148557305071 0
47 13 103 -63.400693393196555 -73.412206595782706 0
47 13 103 -39.661801422397716 -62.807254545031014 0
32 15 103 -22.586019599466358 -40.616768404893222 0
29 22 103 -6.474406131732646 -73.924664037405662 0
32 15 103 70.277440074841650 -63.922464099305820 0
24 10 98 54.864187153019600 -83.605747218946860 0
16 13 98 -37.927252998464418 -89.277788279002920 0
16 13 98 49.667842091791350 -44.968718533401201 0
17 20 97 -39.319169395788904 80.956796614152523 0
43 15 88 34.798217878760809 -68.694111591541585 0
31 13 86 16.488345704508447 -47.510424920838133 0
36 10 79 -13.199580434815488 95.713729646114004 0
12 11 73 21.678550063597907 -91.141256541841585 0
36 10 79 98.000000000000000 19.899748742132399 119
36 10 79 100.000000000000000 0.000000000000000 119
28 20 79 70.857505441059416 7.121447246320010 119
35 15 78 83.042811425448775 39.931785831388055 119
28 20 79 48.042840703346791 39.977056705068023 119
28 20 79 30.996380624107026 3.791172734009844 119
35 15 78 61.778967131664395 72.168962997570716 119
35 15 78 31.802493070564420 70.981106581920884 119
26 18 75 10.289568332327658 35.653814255280722 119
48 21 75 -4.186589529150194 71.867635561096719 119
48 21 75 -45.961089681743822 76.214029123690224 119
48 21 75 -75.793970910642855 46.650551696594384 119
14 31 75 -78.824623541695544 -5.261057261613544 119
26 18 75 -42.041429847816246 27.111719290275833 119
26 18 75 -29.847563077730136 -6.760239808562694 119
15 20 74 -70.756897518530309 -55.618894753062108 119
41 18 54 -42.850816306741777 -81.411347746158043 119
15 20 74 -32.211155548327596 -44.931248802407062 119
14 31 75 6.070129471215971 -78.629070946463628 119
14 31 75 61.103007236092296 -50.074170055089809 119
15 20 74 3.875777787048463 -27.676300455682743 119
1 10 49 45.758503360194020 -88.916586586728087 119
1 10 49 95.889935844337373 -28.374640152235663 119
31 13 86 -1.882408677328720 6.616984842377032 119