3 10 68 100.000000000000000 0.000000000000000 0
3 10 68 98.000000000000000 19.899748742132399 0
3 10 68 81.766312060385914 8.217823563497323 0
3 10 68 83.766312060385914 -11.681925178635078 0
3 10 68 65.532624120771828 -3.464101615137756 0
3 10 68 63.532624120771821 16.435647126994645 0
1 18 78 78.566312060385911 40.057421550909162 0
2 29 115 59.160451104693607 -41.940008505725331 0
1 18 78 37.734501151469665 -0.107859760986638 0
3 10 68 46.281940128473622 26.555622512234798 0
3 10 68 51.191988590386082 45.943542052548324 0
2 29 115 8.656101347440739 36.817018909593322 0
1 18 78 40.172614738539089 71.684043211485204 0
3 10 68 68.131604244975094 73.198937854357496 0
1 18 78 91.653180946381681 -7.980878548745075 115