10 10 74 100.000000000000000 0.000000000000000 0
10 10 74 98.000000000000000 19.899748742132399 0
13 17 75 74.045842029833977 7.441887130269309 0
40 26 74 67.537725929667204 49.946527169055088 0
40 26 74 31.356128162612357 12.598274425144133 0
15 18 72 87.297033810331385 -24.952648155739627 0
15 18 72 51.334944967432250 -26.604364249815568 0
15 18 72 15.379690946188532 -28.398718804477809 0
48 24 71 18.772294959725905 60.988843154204680 0
37 13 71 47.089942470950461 84.802932249318928 0
9 12 77 81.520496223655002 -54.391255689210283 0
37 13 71 56.672227699638761 -57.141446838636824 0
37 13 71 30.735531355844333 -55.328222426215476 0
19 18 68 0.272996503371605 -61.075741052708509 0
47 24 70 -26.618262094021613 -28.813375810089902 0
37 13 71 -6.185537204191650 2.033078663261211 0
37 13 71 -4.483586294049232 27.977314306260322 0
37 13 71 -16.816121750971664 50.866363417216220 0
37 13 71 -14.689089418882883 76.779212227376973 0
47 24 70 -50.925441254358027 69.300789555739769 0
19 18 68 -82.216398933586717 41.285151645516841 0
49 19 66 -48.352374457318405 26.377843160391137 0
47 24 70 -81.745919485329267 -0.712213141916756 0
41 21 57 -31.929883455978697 -83.075162006989899 0
1 13 55 -64.287825330410158 -72.636598999999123 0
1 13 55 -58.701221471166903 -47.243886318603920 0
45 12 105 15.211238306198853 96.812283462337717 0
45 12 105 -81.373745230721710 -36.710289289458409 0
42 11 113 -79.054814204426208 -59.593089793227293 105
7 24 108 -82.361727367499498 -24.749663937954480 105
27 22 109 -46.590598494690902 -53.670700212004540 105
7 24 108 -37.141677967303849 -8.651616471138336 105
27 22 109 -4.450449261553118 -41.013377327252137 105
27 22 109 -14.558960716024293 -83.836478524792994 105
7 24 108 31.289521049464298 -80.105966522445328 105
7 24 108 40.858419985434061 -33.069425693498339 105
45 12 105 62.368196197441620 -61.936873230635278 105
45 12 105 83.709671322346736 -50.957736675647986 105
42 11 113 -47.437962330753578 -86.659819244335992 105
42 11 113 -98.809100007810372 6.145059450202808 105
7 24 108 -70.133617863856884 26.212862613773169 105
4 25 104 -22.608247928077382 38.143462450634090 105
29 25 104 19.357665964845896 10.961445028600284 105
29 25 104 69.193044639842000 6.907430682332638 105
43 23 100 -15.481561203882709 85.611455207176775 105
29 25 104 32.023592480634989 78.736837151578669 105
46 13 102 41.403520618532298 41.912701749265658 105
16 20 98 72.901809510334914 51.754337634043338 105
46 13 102 -24.538712134298883 -93.844827277746177 218
43 23 100 -51.569725086451022 -70.068277091047875 218
50 36 99 5.510518684607764 -55.140257428798485 218
24 16 98 -82.092345256649423 -45.791340341412472 218
17 17 98 -91.896893932357017 -14.281487513040187 218
17 17 98 -90.888775886397582 19.703563583072814 218
16 20 98 60.275942272826271 -66.834203691844152 218
17 17 98 84.492165554644885 -38.859670094925917 218
14 28 98 -47.116353194346374 -18.720312944544432 218
14 28 98 -49.442704197185364 37.231345574319782 218
14 28 98 0.176028965442534 11.270195381465646 218
25 27 97 82.842586024668520 5.109397297665929 218
39 16 95 52.270308658875109 -31.735630637670347 218
18 15 62 41.564260368805847 -2.643010782959681 218
22 21 92 43.975698568790676 33.276134053849198 218
39 16 95 77.991053362013091 47.834830365373833 218
46 13 102 -48.584562019062446 -83.955585480752106 320
14 28 98 -66.974861909195567 -47.311392626345139 320
14 28 98 -81.724906437270988 6.711159945888916 320
23 29 97 -12.179576189607566 -63.010967872469323 320
25 27 97 -27.398259094287255 -9.118559402938011 320
33 36 97 34.938631338840608 -18.235142706358875 320
33 36 97 53.234177959152319 51.401578740475486 320
28 32 94 -51.526640142771242 58.557709617072248 320
46 13 102 27.412702282486244 93.045922820786586 320
46 13 102 9.742576268354860 73.973255292495807 320
22 21 92 88.739072126740254 6.810071812043681 320
22 21 92 -4.932435772222192 33.299441286176958 320
5 20 83 35.518277379007969 -74.232142719467774 320
3 13 47 93.196455317726986 -26.896481483846870 320
18 15 62 69.279468073155030 -65.002733046393459 320
3 13 47 27.412702282486300 93.045922820786558 422
2 18 48 -3.567235347922402 91.930815464524912 422
2 18 48 18.376765615311978 63.392055475247716 422
6 19 53 -39.238837945006111 82.105502840708240 422
11 18 49 -69.290677010779916 60.521087889989026 422
2 18 48 -36.717623924042442 45.191501704818130 422
2 18 48 -66.279961533272157 24.647203345469801 422
6 19 53 54.050749481812737 73.208718609563988 422
6 19 53 43.887725782460912 36.592971323916345 422
34 15 54 79.998184983720108 51.237587758504979 422
34 15 54 74.476747774095941 21.750069532310057 422
34 15 54 50.816030842155634 3.306358564432863 422
30 26 59 80.057239892101947 -25.433016747103373 422
18 15 62 69.288182531073886 -64.993443988917733 422
20 22 60 37.072881134378505 -46.795247487064131 422
20 22 60 17.557595788757485 -86.230683808715128 422
18 15 62 0.652447414746593 -53.318437479230461 422
36 20 65 18.162551212887660 -9.293255243179704 422
20 22 60 -19.632800445411338 9.023714839929434 422
36 20 65 -56.025104283336205 -11.942930608691068 422
26 26 87 -32.482495080740932 -77.465395586220566 422
12 20 79 -72.026405272454355 -53.964775025271443 422
21 18 78 -71.740630195293249 -57.595850364259569 509
8 36 78 -73.910447971986315 -3.639461578352595 509
8 36 78 -42.019624312593542 60.912651991425385 509
21 18 78 -38.309097791133844 -44.241725866201321 509
21 18 78 -21.879307633962384 10.809082816321190 509