36 10 108 100.000000000000000 0.000000000000000 0
36 10 108 98.000000000000000 19.899748742132399 0
36 10 108 81.766312060385914 8.217823563497323 0
33 23 105 77.961298070185492 -24.562076810579150 0
9 26 108 46.035183904103341 12.609461148648316 0
49 15 105 79.333790705994318 36.530221693686599 0
9 26 108 49.358548938093030 64.503152912203319 0
26 40 107 -12.842118344292786 42.433332123942733 0
31 17 77 15.961993932718578 91.619947335129240 0
47 15 104 -55.595095308123867 77.033663924810327 0
47 15 104 -76.844309036352954 55.856532014845698 0
30 23 104 -71.037630335316251 18.302804071232323 0
30 23 104 -39.121711219102124 -14.823833351954434 0
16 21 103 34.782574616663055 -33.023627550498631 0
47 15 104 8.761025177233606 -8.146349468454947 0
49 15 105 -6.351350544573179 -34.061906573077351 0
16 21 103 -32.895260525946178 -58.381052176917279 0
33 23 105 -74.539403000901785 -44.176637457345123 0
33 23 105 41.387322724489607 -76.525090772235913 0
21 20 96 -0.944736717083805 -84.074709533146631 0
29 11 95 -63.176422940110569 -76.221647741913003 0
29 11 95 -30.218377866303616 -94.275392542960489 0
29 11 95 -32.723500165230540 89.398538999778879 0
22 10 88 73.279209911686380 -68.045259898974635 0
22 10 88 -83.260848988805790 -12.349975994350398 0
22 10 88 -98.719945303953722 0.339245460056480 0
4 10 71 14.915750450893412 -56.820881542637963 0
4 10 71 98.000000000000000 19.899748742132399 108
4 10 71 100.000000000000000 0.000000000000000 108
4 10 71 81.766312060385914 8.217823563497323 108
4 10 71 83.766312060385914 -11.681925178635078 108
7 10 71 65.532624120771828 -3.464101615137756 108
44 15 73 60.266141492102420 20.974886922073097 108
28 20 73 72.051771884169739 53.930901794347619 108
44 15 73 49.768143889386110 80.920528012398435 108
39 29 98 23.711841537900423 45.465357616982743 108
24 22 77 33.553755490516451 -4.626840248222933 108
20 34 75 -22.034726533637496 2.149638649428391 108
44 15 73 -19.925336370025388 51.104214259249140 108
48 22 68 -7.361702279441020 85.905867933146681 108
11 17 75 -46.027519914699781 80.811307442101906 108
28 20 73 -71.800878236098711 54.264480874001976 108
25 24 78 -85.112059942175648 12.326282992025654 108
28 20 73 -84.245570224677607 -31.665184312094489 108
20 34 75 -40.993859013378938 -63.996121157388998 108
31 17 77 0.959233309144665 -92.995052940780823 108
20 34 75 42.305221557872684 -63.136900691586888 108
13 10 55 25.017614098706609 84.443491974843511 108
13 10 55 59.890114129980169 -22.803644522174537 108
13 10 55 13.688490892094443 -29.714113165674156 108
13 10 55 -4.433078008524179 -38.176307950724429 108
42 15 49 85.852710283417707 -40.673236126371151 108
42 15 49 49.768143889386181 80.920528012398393 206
42 15 49 22.053327636779422 92.404819896717839 206
40 19 54 -11.876509192961777 90.221663304272411 206
43 16 60 10.766285027935922 63.532641780992805 206
43 16 60 -20.399912056624096 56.275358591922441 206
1 25 65 3.744325005555122 23.138433316856684 206
48 22 68 -43.176920278480210 25.858128335676248 206
6 16 64 -51.709258095333624 62.887835482494097 206
32 17 68 -80.445614648273903 46.663723424748483 206
45 14 62 -94.131507039565065 18.848325720347432 206
45 14 62 -95.566305812622602 -9.114888552708415 206
48 22 68 -60.016733185727063 -14.791849539458230 206
1 25 65 70.865642405409432 46.936773711756494 206
45 14 62 42.621313920865369 20.043318960513155 206
6 16 64 93.161297686207064 12.528871195040338 206
1 25 65 80.748148985226308 -26.546872423313765 206
17 16 66 43.257595614252523 -9.949932707264724 206
45 14 62 13.618732218404304 -14.590813723003947 206
17 16 66 -16.316373194404076 -12.618641336002632 206
17 16 66 -32.028828429673844 -40.495491059019109 206
48 22 68 -65.521739547898434 -58.446115138050700 206
14 33 89 0.661047526324261 -76.997162390363059 206
50 12 111 -43.705079993377161 -84.523564512598739 206
50 12 111 -91.120614930100459 -36.069842455441290 206
50 12 111 65.439141713635294 7.137460676190722 206
10 12 116 -64.959753280733196 -73.377315661628515 317
12 26 114 -27.438800937499771 -79.392141948131496 317
12 26 114 -56.566615532548809 -36.315809503081709 317
12 26 114 -83.608587509635683 8.099635463623834 317
50 12 111 -93.758311466665589 -28.519800681626862 317
2 14 113 -44.123896921505420 1.699697248326917 317
27 16 116 -19.847868697808281 -15.926262404476681 317
35 33 119 20.046912707114725 -44.376331238372501 317
33 23 105 76.009400608986567 -42.326953812701817 317
33 23 105 86.968294264574340 2.348572483532436 317
14 33 89 33.875899075185160 20.158613838165074 317
38 32 86 4.020298373543667 77.896323411234775 317
28 20 73 55.197189025392532 68.680800463039958 317
34 18 91 -45.946980543182775 79.704924433590577 317
8 24 85 -36.137770610181477 38.866469510683551 317
27 16 116 -73.042948721635568 59.166947209134577 317
27 16 116 82.445101750547295 45.153130537559647 317
34 18 91 67.860614001916801 -62.120343425345389 436
14 33 89 18.450874881966548 -74.756706830156830 436
34 18 91 47.205163526051706 -32.635561492302635 436
34 18 91 83.067458943043732 -29.489807620113467 436
34 18 91 91.839911424795559 5.425004100063511 436
15 23 92 75.591921444755116 43.068102027950708 436
18 19 93 11.419466381069803 -23.234291373449860 436
18 19 93 38.577650536887830 3.344516601300899 436
18 19 93 33.641762098711943 41.022587217056710 436
18 19 93 49.161335041877784 75.708936919234290 436
5 32 94 -1.799969792352755 77.695242432651440 436
5 32 94 -59.631067008079036 50.280571272390979 436
46 23 94 -11.554146010516025 23.567097754443424 436
21 20 96 -89.659026373414491 7.826812235601757 436
38 32 86 -45.531563065481933 -19.682585831369224 436