3 11 116 99.000000000000000 0.000000000000000 0
3 11 116 96.555555555555557 21.863775779997951 0
3 11 116 78.843192529652626 8.814936902970350 0
3 11 116 81.287636974097069 -13.048838877027592 0
3 11 116 76.398748085208183 30.678712682968296 0
3 11 116 84.861216147439819 50.986017632067515 0
3 11 116 63.043340148006621 48.161077478124973 0
3 11 116 61.130829503749695 -4.233901974057249 0
3 11 116 58.686385059305252 17.629873805940697 0
2 23 95 43.004411673530228 75.628173167236682 0
3 11 116 42.031369059010231 41.642099724275845 0
2 23 95 27.936397126109341 3.123384151020523 0
3 11 116 20.679845432286609 36.339983277283864 0
2 23 95 -1.073566562916817 62.470216084645912 0
2 23 95 -45.577629284560345 74.105868248062421 0
2 23 95 -76.995135506540109 40.506161362557258 0
2 23 95 -86.887776259919150 -4.417503435904855 0
2 23 95 -43.036420936664697 9.477050760386723 0
2 23 95 -52.929061690043753 -35.446614038075396 0
1 22 51 -39.795858238120644 -78.487512809945798 0
1 22 51 -9.361663125219373 -46.710795423943566 0
3 11 116 -91.366121506493016 -38.121278059120144 0
3 11 116 13.802926360398244 93.042915643280850 0
3 11 116 -16.991764044920387 92.513701051006507 0
3 11 116 -24.957903642566180 38.272314475917803 0
3 11 116 -11.112353717296184 21.175509298725892 0
3 11 116 -69.878155003283183 -64.920810140074551 0
3 11 116 18.885925616716285 -29.649912379198479 0
1 22 51 32.702546531711690 -59.618245440803889 0
3 11 116 -0.956155225280355 -14.799238944447563 0
3 11 116 -6.815035637444904 -79.612386395179470 0
3 11 116 96.555555555555557 21.863775779997951 116
3 11 116 99.000000000000000 0.000000000000000 116
3 11 116 78.843192529652626 8.814936902970350 116
3 11 116 76.398748085208183 30.678712682968296 116
3 11 116 84.861216147439819 50.986017632067515 116
3 11 116 81.287636974097069 -13.048838877027592 116
3 11 116 63.043340148006621 48.161077478124973 116
3 11 116 61.130829503749695 -4.233901974057249 116
3 11 116 58.686385059305252 17.629873805940697 116
2 23 95 43.004411673530228 75.628173167236682 116
3 11 116 42.031369059010231 41.642099724275845 116
2 23 95 27.936397126109341 3.123384151020523 116
3 11 116 20.679845432286609 36.339983277283864 116
2 23 95 -1.073566562916817 62.470216084645912 116
2 23 95 -45.577629284560345 74.105868248062421 116
2 23 95 -76.995135506540109 40.506161362557258 116
2 23 95 -86.887776259919150 -4.417503435904855 116
2 23 95 -43.036420936664697 9.477050760386723 116
2 23 95 -52.929061690043753 -35.446614038075396 116
1 22 51 -39.795858238120644 -78.487512809945798 116
1 22 51 -9.361663125219373 -46.710795423943566 116
3 11 116 -91.366121506493016 -38.121278059120144 116
3 11 116 13.802926360398244 93.042915643280850 116
3 11 116 -16.991764044920387 92.513701051006507 116
3 11 116 -24.957903642566180 38.272314475917803 116
3 11 116 -11.112353717296184 21.175509298725892 116
3 11 116 -69.878155003283183 -64.920810140074551 116
3 11 116 18.885925616716285 -29.649912379198479 116
1 22 51 32.702546531711690 -59.618245440803889 116
3 11 116 -0.956155225280355 -14.799238944447563 116
3 11 116 -6.815035637444904 -79.612386395179470 116
3 11 116 99.000000000000000 0.000000000000000 232
3 11 116 96.555555555555557 21.863775779997951 232
3 11 116 78.843192529652626 8.814936902970350 232
3 11 116 81.287636974097069 -13.048838877027592 232
2 23 95 48.093204596456708 -5.691552751949822 232
2 23 95 71.142775373157221 -45.500060473414010 232
2 23 95 25.142811011269998 -45.557320451631973 232
2 23 95 2.093240234569485 -5.748812730167785 232
2 23 95 25.043633819756199 34.116954969514367 232
2 23 95 70.127078730381626 43.253857890668883 232
1 22 51 83.111111111111114 28.923056717375886 348
1 22 51 86.724536845698395 -14.928319024562047 348
1 22 51 46.941418594989820 3.868050365565889 348
1 22 51 43.327992860402532 47.719426107503821 348
2 23 95 50.063381175754316 -41.023522893168391 348
2 23 95 6.011731292870728 22.569940573530189 348
1 22 51 4.038378288905818 67.526651729060049 348
1 22 51 86.724536845698381 -14.928319024562043 443
1 22 51 83.111111111111100 28.923056717375911 443
2 23 95 45.794849543579296 3.773571183402282 443
1 22 51 43.821496539614387 48.730282338932135 443
2 23 95 50.747587105371423 -41.959025404196083 443
1 22 51 9.817899803252331 -23.257135196231754 443
1 22 51 3.959642693390990 20.351130346377936 443
1 22 51 2.680645342336483 64.332537392719644 443
1 22 51 -38.809834755465253 78.979723513402362 443
1 22 51 -72.194499642966306 50.318527614604719 443
1 22 51 -87.530539619725786 9.077699812155906 443
1 22 51 -80.983944691553816 -34.432552943331892 443
1 22 51 -46.576257944305503 -7.007909049504706 443
2 23 95 -52.565926995761401 -69.324045749482067 443