6 10 93 100.000000000000000 0.000000000000000 0
6 10 93 98.000000000000000 19.899748742132399 0
6 10 93 81.766312060385914 8.217823563497323 0
6 10 93 83.766312060385914 -11.681925178635078 0
6 10 93 65.532624120771828 -3.464101615137756 0
6 10 93 63.532624120771821 16.435647126994645 0
32 19 92 80.277628055073677 42.854433071168344 0
49 17 91 58.997030392644128 71.891240112056948 0
49 17 91 44.314526977700197 41.224905256548695 0
49 17 91 25.097953659341830 69.273493632796033 0
50 21 87 -7.574678553570315 88.677078463434299 0
49 17 91 -3.507047443026076 50.895411253681196 0
49 17 91 -35.368406969070676 62.763594313953206 0
25 12 94 -60.642832069763394 76.983419763988636 0
25 12 94 -62.700983692491548 53.071832365870094 0
25 12 94 -85.944004289130433 47.091699127871038 0
8 14 89 -68.575305583169694 27.744133253540536 0
7 12 89 -94.387660307909272 24.626065973282671 0
28 15 88 -94.970491564821018 -2.367642696071560 0
8 14 89 -66.055999611428661 -0.142298885059592 0
8 14 89 -77.651733963747276 -25.628352813246629 0
24 10 87 -38.356139661477407 92.351537887948794 0
50 21 87 -33.699330264738947 24.800267497734147 0
50 21 87 35.336905256527359 3.551492605704194 0
7 12 89 10.896849678137141 25.725434143581431 0
28 15 88 -4.595038695846332 3.612058222930244 0
28 15 88 -30.751811824176418 -11.078864808420413 0
20 20 85 -47.693041388951229 -41.705564611592152 0
10 14 72 -79.558264920088860 -53.563369185400617 0
46 23 85 -30.945824251239461 -81.310245119612077 0
28 15 88 4.544405992393344 -94.891244981696275 0
46 23 85 8.144189264508897 -57.062135021325851 0
7 12 89 28.775978601155799 -28.789723225226393 0
7 12 89 42.137118347689842 -48.726622298893503 0
7 12 89 39.514644092662884 -72.582913477149205 0
41 10 83 -63.676851478069402 -77.105502954328031 0
41 10 83 29.536023320085228 -95.538596004103908 0
41 10 83 -77.643394420454868 63.019864351406518 94
41 10 83 -88.631321195608336 46.308626659845018 94
12 12 84 -60.642832069763372 76.983419763988650 94
12 12 84 -57.991501907380766 53.130318322665758 94
48 21 84 -28.764472477987621 68.452875248106977 94
48 21 84 -87.670919508220948 15.323507189382045 94
48 21 84 -84.935933979667766 -26.587348852443274 94
44 17 84 -54.700470661083756 -3.569600093918663 94
34 32 76 23.918382366594969 74.242245285048853 94
47 15 83 -7.572042334163470 39.351656981526901 94
47 15 83 -36.976136985164928 33.401932806832100 94
18 25 85 -12.827808256131682 -0.301551269174293 94
37 28 80 -39.687418126598153 -45.991389938251913 94
5 11 75 -57.030198593354477 -80.923151498211865 94
5 11 75 -73.493617660532465 -66.330145206892709 94
30 18 73 71.268051332773723 58.179591432298054 94
18 25 85 83.303361462589095 16.898223842558934 94
31 17 76 89.683520809086104 -24.614347346338857 94
37 28 80 44.954293380962547 -19.685228390257642 94
37 28 80 12.793661655540733 -65.529462128229454 94
47 15 83 43.818933175721867 23.299780126716691 94
47 15 83 53.868897682230980 -78.250507106991520 94
13 15 85 75.583628218771821 -57.550978664888746 94
31 17 76 -25.737661875372858 -88.774614460620498 94
9 12 36 17.503320877182471 29.340355376886340 94
26 12 99 81.865698898324212 53.870282567375853 179
18 25 85 83.303361462589095 16.898223842558920 179
7 12 89 59.482585304213231 45.210246433899023 179
18 25 85 33.348342449472739 19.018618947058005 179
31 17 76 89.683520809086104 -24.614347346338871 179
18 25 85 47.894486770107704 -28.818706285476257 179
45 20 76 51.718502786979293 -73.655933022895141 179
18 25 85 8.831400206566371 -60.028885204048265 179
31 17 76 7.296650692505622 -18.056935714787098 179
3 25 76 -16.587711532856378 16.490672611806236 179
3 25 76 6.191049712576376 61.000537092880208 179
45 20 76 -32.539853039178965 83.911608041966602 179
42 31 73 -47.063962849140196 -63.450637514013614 179
45 20 76 -85.053990504781368 -29.424797352106975 179
22 27 74 -68.552716361489033 14.583246817657166 179
16 20 74 -65.668082397261600 61.494640816262944 179
10 14 72 -6.801067461291991 -95.758788011267953 179
11 19 72 46.741640726352657 78.078287777131550 179
43 13 70 -34.792289813151548 49.846231813183820 179
9 12 36 27.153218355061856 -94.163170788596176 179
21 13 109 91.919431920785982 30.980930188746594 278
35 17 111 92.994621311081403 1.000203583559109 278
14 19 115 84.423932124948010 -33.964682900951274 278
1 21 114 55.674106461493210 -6.153758351038231 278
1 21 114 46.669011061943571 -47.177023175342626 278
1 21 114 15.644369277694217 -18.866749383678062 278
1 21 114 24.649464677243856 22.156515440626329 278
35 17 111 61.509198240655238 31.395565263758826 278
35 17 111 66.484201893585748 65.029615549939464 278
29 24 115 20.225610589152765 -83.587826124956450 278
35 17 111 -4.648070110044383 -50.994881973278645 278
29 24 115 -29.351711739055546 -18.272869653352682 278
29 24 115 -19.860503589160825 28.779409439751539 278
14 19 115 10.251784122657078 59.475502493439990 278
19 17 116 33.936471143585834 86.587042485123405 278
27 33 106 -75.483574858450808 15.206246301722658 278
4 20 104 -23.654340024779042 -86.835892337167451 278
14 19 115 -58.634741715803941 -69.591429529224072 278
4 20 104 -49.431252789855229 61.361164943555067 278
30 18 73 -85.134757653222792 -34.872238805775339 278
30 18 73 -18.245611841744331 83.074197865178633 278
43 13 70 61.584320417182347 74.942454448422069 394
23 16 69 78.643098848841817 51.490416617573544 394
40 25 72 38.156277958616101 45.023784248033529 394
43 13 70 36.864968755327624 83.001837391151639 394
23 16 69 70.958546976867268 20.426809896412962 394
40 25 72 82.895551604406194 -18.797008384347446 394
43 13 70 50.056821513361342 0.324126676299584 394
39 16 69 21.926487424044652 7.372836063373754 394
39 16 69 -0.186359254314461 30.503378897025161 394
39 16 69 1.057641483174670 62.479189475728660 394
36 16 54 8.410435852811124 93.622991667462486 394
2 37 105 26.890291846427985 -45.394205218626581 394
30 18 73 -9.921860911568071 -4.530218514904643 394
42 31 73 -47.084224860541703 27.406573836927208 394
42 31 73 -73.632851165767505 -28.621726523742957 394
16 20 74 -32.227301387910003 76.194603361887175 394
38 28 56 -35.707167862467259 -73.817329694602108 394
36 16 54 -92.282960628137133 14.519592615124727 394
36 16 54 79.704156137062313 -49.832193354083785 499
17 20 52 88.743636207770010 -14.985560804420121 499
17 20 52 50.970090464457535 -28.144559321704037 499
22 27 74 77.166700122980075 30.566327750157821 499