17 10 116 100.000000000000000 0.000000000000000 0
17 10 116 98.000000000000000 19.899748742132399 0
3 20 116 70.857505441059416 7.121447246320010 0
47 14 114 86.755771184755062 41.102751320786574 0
3 20 116 52.798809994258512 42.812952100552373 0
2 11 112 75.864029289698806 63.605416907144971 0
47 14 114 89.264405769686135 -21.465018437496198 0
3 20 116 30.918407814598130 9.327910657300233 0
3 20 116 12.859712367797222 45.019415511532593 0
24 21 116 34.803552807836219 79.652750129240275 0
3 20 116 56.398687084258803 -30.173895247415668 0
40 27 111 9.455558466039129 -32.485318084822282 0
47 14 114 -2.970868510489712 6.586204954304257 0
29 24 113 -29.645961983336313 33.649822380932520 0
47 14 114 -12.564318025204241 67.594150915867630 0
22 20 113 -44.940261616643596 77.976745801730090 0
40 27 111 -79.616759632971764 23.455736729968606 0
29 24 113 -43.312680124934928 -12.363445436492707 0
31 20 113 -87.022825544872319 -22.957086796602002 0
13 11 106 -17.359698669291546 92.129927334768936 0
11 15 101 72.710919719495365 -61.140184441536491 0
11 15 101 50.020211168622282 -80.764958209897159 0
45 26 100 -3.263179728397738 -83.936593081088148 0
31 20 113 -39.988816642216570 -56.237719579186532 0
9 12 89 -40.917691476807846 -89.049101759696413 0
13 11 106 29.545419284616372 -64.740511345601163 0
48 13 84 -72.802499808405997 -52.735977574278621 0
30 11 52 96.799999999999997 20.754758490524534 116
43 21 52 88.421739110864266 -10.128970955149274 116
43 21 52 73.931019241828935 -49.550019110635276 116
43 21 52 65.052828200454627 24.769367155158179 116
26 13 53 56.078796246913946 -20.613914774705250 116
30 11 52 44.381112125389905 0.342329788504176 116
26 13 53 31.324486052956601 20.479969064364070 116
15 17 56 36.642142807331226 50.004916594252315 116
15 17 56 68.207967463951860 62.638155044763757 116
20 24 59 29.078345862592062 -45.911655366382050 116
50 14 54 21.096789875082230 -8.759336945881742 116
50 14 54 5.065644572642871 14.197195464133422 116
30 11 52 11.138259129371679 38.448450121272408 116
30 11 52 10.660593500327368 60.443263954238347 116
50 14 54 26.913780270595169 79.438892920155524 116
18 16 48 44.336090705461466 -82.887339569786491 116
50 14 54 14.397973359790583 -80.961429448093199 116
49 15 55 -6.808470557497142 -61.180460402494589 116
1 28 95 -19.356570547706070 -20.052061617279058 116
41 26 57 -30.334663167402898 32.820251387103092 116
49 15 55 -13.447093081474158 70.180791755155113 116
20 24 59 -80.293986890689695 30.803825561084956 116
1 28 95 -71.895586233830642 -39.433801238199479 116
46 14 77 -56.460800219413123 -0.372728791463693 116
19 20 63 -47.929868944660655 76.175636938247223 116
19 20 63 -33.861536593286900 -83.387027405595234 116
46 14 77 -95.923443219007254 -3.833150272281529 116
48 13 84 -4.985919195171174 96.871774061277634 116
33 18 120 -91.979325665784600 1.950294866818673 211
35 34 111 -63.592190449200793 -41.617704332081743 211
33 18 120 -56.878741317386556 9.947105381079643 211
33 18 120 -24.995845606130253 -6.770578700908342 211
35 34 111 3.887826555162640 -50.010993621199688 211
33 18 120 -34.209164933099181 -85.403354937496559 211
35 34 111 69.259982851541665 -31.289850996835309 211
33 18 120 47.755253342724387 -78.634825479377852 211
5 29 108 21.972040497700068 10.337670043214082 211
8 22 104 85.094835131658115 22.424741557394231 211
42 12 101 21.215767491625513 -92.622523315666825 211
21 20 101 -80.935799238580273 39.362372916431610 211
28 28 108 -34.110655422263477 49.917272564521568 211
5 29 108 19.844195062128907 68.298624778296897 211
42 12 101 -39.945524945532178 89.489412987380064 211
14 18 100 70.146783810127474 59.526705948634842 211
34 16 99 -87.004334645190042 35.584347021517537 331
4 28 98 -81.600685592562257 -8.082580703203785 331
34 16 99 -55.991610367077868 27.696956271098745 331
4 28 98 -25.732243332773130 -4.246285685271818 331
27 36 97 -14.256902348424809 58.716533099253198 331
27 36 97 37.046031994577959 8.199120974347709 331
14 18 100 -74.790671838601114 -53.575697904280048 331
21 20 101 7.188928143899503 -39.177596405076144 331
39 21 92 86.820009985383422 -19.577687967120234 331
12 18 69 89.892470950364469 19.301097811484887 331
39 21 92 54.280515246549200 -46.132937582617743 331
39 21 92 24.906060737052186 -76.151955259242186 331
39 21 92 -16.920575313308227 -72.339801444049186 331
38 26 87 47.439342462518511 69.321777146318809 331
38 26 87 33.029187643773440 -77.233883520074301 432
36 33 83 70.273238188254368 -31.474942327776692 432
36 33 83 68.833887093356765 34.509360869465745 432
36 33 83 12.409479820978873 0.270694657698259 432
6 33 82 10.970128726081263 66.254997854940683 432
23 20 75 -11.365678870452914 -89.279456448915170 432
6 33 82 -37.351160376948698 -43.086873160300890 432
6 33 82 -76.324441872680637 10.177405014235912 432
25 17 72 -29.459036510898038 27.602495552761070 432
37 25 72 -47.027685350067259 65.751448067423368 432
19 20 63 -11.365678870452914 -89.279456448915170 519
10 18 64 26.614945903707167 -88.066137956326557 519
10 18 64 8.558685950778678 -56.921772871896422 519
16 25 66 -33.936003811613531 -50.349000093377498 519
16 25 66 1.010463883993830 -14.589464363730904 519
16 25 66 46.162748327552571 -36.066689732198853 519