1 17 75 93.000000000000000 0.000000000000000 0
1 17 75 86.784946236559136 33.427131296561186 0
1 17 75 60.943728239819734 11.331171203254726 0
1 17 75 54.728674476378870 44.758302499815898 0
1 17 75 49.984183053155206 78.425642773959282 0
1 17 75 23.199656809503921 57.483122536338513 0
3 21 70 65.645595002631154 -26.376817989286010 0
2 24 107 24.669086949789516 -7.777737694943380 0
1 17 75 5.489733960179997 28.459707288111879 0
1 17 75 -10.790319524706945 58.308657998802204 0
1 17 75 -11.357106647887289 92.303933440501410 0
1 17 75 -43.775070883273678 82.053294688052375 0
1 17 75 -70.342187397413170 60.835652968857062 0
1 17 75 -87.507573233854686 31.486896111264386 0
1 17 75 -53.508111307465917 31.295614339940776 0
1 17 75 -70.673497143907440 1.946857482348097 0
3 21 70 -32.754744213532518 -0.536723844120452 0
1 17 75 -57.482873016697013 -29.390140381752637 0
2 24 107 -50.300032277710343 -69.756051729303735 0
3 21 70 -81.007563426524555 -36.861560841852601 107
3 21 70 -88.891573364793018 4.391831591901074 107
3 21 70 -49.223082555739367 -9.407111734746293 107
3 21 70 -57.107092494007823 31.846280699007377 107
3 21 70 -17.438601684954172 18.047337372360008 107
1 17 75 -44.413246456471313 -47.101481031740477 107
1 17 75 -12.628765585686125 -19.647031924634177 107
3 21 70 -7.818929486418075 -57.341401221628367 107
1 17 75 5.794181204348851 -92.819326996973913 107
3 21 70 33.176661196922559 -66.471655573178197 107
1 17 75 -30.433801820023810 -87.879370200175615 107
1 17 75 -45.548017329163400 -81.082538917958345 182
1 17 75 -13.360489901335313 -92.035304691169017 182
1 17 75 -71.647730208198226 -59.292518550093973 182
1 17 75 -88.171217382449015 -29.577633869140385 182
1 17 75 -92.909997967023401 4.090510697664325 182
1 17 75 -61.383139181596320 -8.639657216536140 182
1 17 75 -19.968880213948207 -58.683705367056177 182
3 21 70 16.672485713200487 -68.753973635219964 182
1 17 75 54.033639634175650 -75.692574192479697 182
1 17 75 77.628947594884536 -51.212757153961846 182
1 17 75 44.631150179178505 -43.018529569129690 182
1 17 75 90.848597858786093 -19.887993038327576 182
3 21 70 10.043406121391669 -27.280424187825609 182
1 17 75 43.380224279022585 -9.041549356163159 182
1 17 75 72.401206681620735 8.672359878900913 182
1 17 75 -13.360489901335313 -92.035304691169017 257
2 24 107 26.357175756782951 -81.861463987190291 257
1 17 75 64.549574889224743 -66.950372527868467 257
1 17 75 84.299895475235047 -39.275025434294051 257
1 17 75 92.782939015416730 -6.350293509867051 257
1 17 75 60.027762985979606 -15.466128264873737 257
1 17 75 68.510806526161289 17.458603659553255 257
1 17 75 -7.381278591975474 -58.565183207702255 257
1 17 75 40.165114812426609 -43.256531413286851 257
1 17 75 26.178645925676609 -12.266554193547332 257
1 17 75 34.661689465858288 20.658177730879657 257
1 17 75 54.357160423068457 48.372585965112094 257
2 24 107 -48.545876987304453 -70.988011857872891 257
1 17 75 -30.877559247573043 -33.990301817278592 257
1 17 75 -7.676934132723678 -9.136107115373227 257
3 21 70 -80.063699287426545 -38.869062973173584 257
1 17 75 -55.146825303861263 -10.178482796273570 257
1 17 75 -31.946200189011893 14.675711905631802 257
3 21 70 -0.257178666458285 35.647262037730634 257
3 21 70 65.706799219902948 -60.030130237034825 364
3 21 70 85.919306826109619 -23.213632083774261 364
3 21 70 86.997657477227605 18.772522299227223 364
3 21 70 50.097405848773995 -1.286675834217853 364
3 21 70 51.175756499891961 40.699478548783617 364
2 24 107 25.827962251384179 -39.181188728212348 364
3 21 70 8.245891173336613 2.241881855780857 364
3 21 70 9.324241824454575 44.228036238782330 364
3 21 70 33.305819760431092 78.708232289568997 364
3 21 70 29.269407710460094 -84.049400784769773 471
3 21 70 -12.533543409571244 -88.113054024930904 471
3 21 70 -51.545285013823808 -72.554004664413043 471
3 21 70 64.554086490982314 -61.268017083261093 471
3 21 70 85.462624813217360 -24.842297801033745 471
3 21 70 -79.077935245221255 -40.837239835138121 471
3 21 70 -88.999996185800597 -0.026056236871447 471
3 21 70 43.462757402570290 -24.947832099091411 471
3 21 70 64.371295724805321 11.477887183135941 471
3 21 70 4.848705212293941 -49.878809781744060 471
2 24 107 -74.686643169250189 42.636901061276639 471
2 24 107 -44.334613469692108 5.451496759089146 471
3 21 70 -1.507376273502022 -8.362545159960920 471
3 21 70 24.483508866906739 24.629482507614760 471
3 21 70 55.817017947147335 52.597521565054599 471
2 24 107 -27.307123543781614 50.329827686419954 471
3 21 70 15.039391777026010 65.553908617123284 471