3 14 57 96.000000000000000 0.000000000000000 0
1 16 113 89.333333333333329 29.249881291307091 0
3 14 57 68.951365813099443 7.236807902883316 0
1 16 113 75.618032479766100 -22.013073388423763 0
3 14 57 47.710139033606282 -11.006280785771978 0
3 14 57 96.000000000000000 0.000000000000018 113
1 16 113 89.333333333333329 -29.249881291307073 113
3 14 57 68.951365813099443 -7.236807902883299 113
1 16 113 57.875887733013897 -35.117514229975242 113
1 16 113 75.618032479766100 22.013073388423781 113
1 16 113 45.433305713755303 11.388466569285887 113
3 14 57 75.315830548206890 -59.527520264443957 226
1 16 113 51.948346816030764 -78.341363678974773 226
3 14 57 75.315830548206890 -59.527520264443964 339
1 16 113 51.948346816030757 -78.341363678974773 339
3 14 57 49.607709943312997 -48.432812743998433 339
3 14 57 72.070068806024025 -31.716280976828923 339
1 16 113 44.998185469594809 -18.789056502148899 339
3 14 57 75.315830548206876 -59.527520264443964 452
3 14 57 54.935715420368382 -78.727804308594173 452
1 16 113 88.222782259798720 -32.445965702073707 452
1 16 113 56.444505376365186 -36.206433534649094 452