2 10 112 100.000000000000000 0.000000000000000 0
20 30 111 74.000000000000000 30.397368307141328 0
20 30 111 32.053164045208327 73.297985474983989 0
20 30 111 73.091046105675346 -29.595746321272426 0
18 12 109 32.009657680264453 31.298008008368498 0
18 12 109 44.155019268854687 0.846105641096666 0
18 12 109 21.799833715905301 9.577982810022212 0
27 11 106 9.147342829283705 28.785129249927273 0
29 33 104 -27.588292664267897 53.002748556640967 0
27 11 106 -66.700855874096661 73.157336102833767 0
29 33 104 -76.507194116001230 8.697657644245787 0
27 11 106 -74.692629725312671 52.660225313480545 0
45 13 99 -11.946199941671743 96.261561939091777 0
31 27 99 -65.968931368022780 -50.369634643911198 0
5 17 100 -34.973420710480283 -19.140188297903563 0
6 25 100 -14.239306553910101 -55.665474198801263 0
45 13 99 -41.570192052906805 -82.066661631201569 0
42 14 98 -16.258923040795640 -94.613146134950426 0
39 10 92 7.186776761947122 -99.741416872701066 0
5 17 100 21.884064971323689 -77.092140520231865 0
5 17 100 55.665846589676171 -73.246203613580633 0
5 17 100 28.255500318818669 -43.694463780484064 0
5 17 100 8.362893417156776 -16.121212418775670 0
21 15 78 -13.701707399798284 7.055357447976099 0
39 10 92 98.000000000000000 19.899748742132399 112
39 10 92 100.000000000000000 0.000000000000000 112
24 14 92 86.755771184755062 41.102751320786574 112
24 14 92 77.291936981849346 7.768131948139056 112
24 14 92 85.384914705410736 -19.036787592235225 112
24 14 92 83.715148114519295 -46.986955383000691 112
14 24 92 52.256576585021350 -68.302636871601081 112
14 24 92 49.489356143940036 33.672118103777692 112
41 33 95 25.438804342469755 -18.005449157508863 112
23 16 86 9.832640322678550 28.442883908246834 112
23 16 86 18.688651541054764 59.193023181102085 112
40 13 82 72.734734745211099 64.176774315509036 112
15 10 72 43.447273550863308 67.130947102092009 112
15 10 72 57.475569980783810 81.386012842883247 112
47 17 64 18.241698889925317 -91.193423126940999 112
23 16 86 3.350254188968723 -61.744401501115242 112
30 37 78 -49.085776791133178 -54.033198284120218 112
10 22 84 -26.381797155951791 0.423475399876210 112
50 19 83 -89.677985369857709 -15.455061954052070 112
50 19 83 -65.202401875192635 13.612889686813139 112
15 10 72 -99.288691632018754 11.906120862896088 112
19 16 63 -83.288545452676459 43.577725920215791 112
38 24 63 -25.899547285485504 46.420947450657820 112
40 13 82 -4.501684120107116 76.605901516479150 112
15 10 72 16.860943442339202 85.128702912042044 112
26 11 71 -15.930786635329287 97.709825694141998 112
21 15 78 -39.370034161929901 86.458084700555759 112
15 10 72 -62.823720736733748 77.802185784159633 112
26 11 71 -59.867626213974845 57.011286208323213 112
22 23 55 74.926084511042731 -44.216307623365417 207
22 23 55 86.999832135365224 0.170904705233987 207
22 23 55 42.522504843463061 -11.566529297520420 207
22 23 55 54.596252467785561 32.820683031078985 207
32 17 58 58.031450137661473 72.672902755567094 207
16 16 54 27.292346318954031 60.668424573541628 207
46 14 38 32.541975605045465 90.316221265731812 207
38 24 63 8.163801895184115 25.538682356612956 207
16 16 54 -4.586340353190174 63.452187505124627 207
48 18 69 50.325037127529285 -77.015522059600428 207
16 16 54 31.217968239398232 -48.892223559882886 207
32 17 58 5.920953207065107 -27.701163405801118 207
16 16 54 -17.868716456441888 -4.830841648090434 207
16 16 54 -31.805613395334642 23.974763773679161 207
32 17 58 -36.863869696578249 56.584793568068022 207
16 16 54 -69.075766714973270 63.753732853367822 207
32 17 58 -25.796580401264897 88.733123348226783 207
17 17 46 -85.991301508322422 35.418865946057409 207
4 19 76 15.553053911671334 -89.661042342929775 207
16 16 54 -2.421646699935641 -59.629223584767693 207
47 17 64 -20.431131706586640 -90.727993790164405 207
30 37 78 -54.362870329537508 -48.720409784133494 207
12 14 61 -95.811353857134890 6.015353028948624 207
9 19 82 -62.861421432152298 7.832480759484147 207
26 11 71 -95.884945321913193 -24.638937895406890 207
45 13 99 4.108470982968235 91.118055570822690 207
28 11 120 80.044138493010024 55.368523212506247 207
28 11 120 88.521925988527784 35.067608967555529 207
28 11 120 91.893363314501485 36.832184007319356 327
28 11 120 97.758639993170263 15.628445434070901 327
28 11 120 76.463025394198709 21.150836116743548 327
34 17 120 80.647430057755273 -6.534733366501804 327
34 17 120 83.770942714042619 -40.390953898126618 327
34 17 120 65.824754491993517 47.051168010587965 327
28 11 120 60.054675960715443 -25.506778029606771 327
34 17 120 48.677504946612572 17.691811188129591 327
25 32 120 17.567208653732266 55.548771770949742 327
25 32 120 17.404746855843769 -20.031054575174430 327
42 14 98 -8.742111870651158 17.815236904133233 327
25 32 120 -45.610678331374743 45.323577587118976 327
3 18 118 -21.914477145757708 89.351864510082066 327
42 14 98 -90.023317543445017 33.343699531876553 327
44 17 117 -75.085719373052271 6.179970758015635 327
44 17 117 -89.711097381090752 -24.513649395397096 327
1 21 118 -39.568735608011089 -7.330908718680202 327
1 21 118 -57.810833409914451 -45.162454653069304 327
1 21 118 -36.323959443553690 -81.250045971328944 327
35 27 115 11.667110500869704 -82.175899949805824 327
36 21 97 57.503939690886618 -67.928616355898754 327
12 14 61 -16.513719556896874 -52.396027262783136 327
12 14 61 95.849893404227402 5.366370691467811 447
19 16 63 90.828710240988514 -24.210439813405891 447
47 17 64 65.890510643524294 -2.598262670946689 447
19 16 63 60.774679969844783 -35.199309839990811 447
38 24 63 26.619780880068518 -14.380019069957349 447
48 18 69 43.323989780173711 24.155281694687609 447
7 18 75 78.413874628297833 32.198911555974689 447
8 20 76 61.139209119515940 66.045417011629951 447
7 18 75 29.527220527951805 87.132905655060654 447
41 33 95 -2.179321802379924 47.186752230045094 447
41 33 95 -67.419034733959251 37.197765464355477 447
7 18 75 -40.684272183466149 80.628773642484987 447
8 20 76 -28.522328624354760 1.197123055878151 447
7 18 75 -63.501146584553837 -13.651523148650199 447
33 21 73 -72.518918725063912 -51.594635641194088 447
41 33 95 27.718330189016658 -71.369432028995718 447
11 25 80 -30.259455609246675 -69.764329561645326 447
5 17 100 -9.890931175027864 -33.033916926165290 447