1 14 113 96.000000000000000 0.000000000000000 0
2 31 98 69.958333333333329 36.699204313203069 0
2 31 98 21.921943850813339 75.897485978138874 0
2 31 98 58.023711432311671 -24.141282207531251 0
2 31 98 23.280211414323979 -75.491931731174958 0
2 31 98 -38.384036143499323 -69.048285781288868 0
2 31 98 -3.640536125511632 -17.697636257645161 0
2 31 98 -28.103835630504804 39.272066017590589 0
1 14 113 -45.844693155112701 -2.083247719480291 0
3 23 60 -77.401954218576662 17.233565531477574 0
3 23 60 -82.193846362303617 -28.516164191034317 0
1 14 113 25.317408693009313 31.025770850394863 0
1 14 113 -70.751482768651599 53.630972437653341 0
1 14 113 91.916666666666671 27.700656831362114 113
2 31 98 77.572175731454564 -14.951841100290363 113
2 31 98 48.589758006112049 39.857094875458635 113
3 23 60 23.993901742481363 -8.216222616252086 113
3 23 60 -4.133145400539895 28.182530370825088 113
1 14 113 9.700884910414226 62.498992970510429 113
1 14 113 96.000000000000000 -0.000000000000004 226
2 31 98 69.958333333333329 36.699204313203069 226
2 31 98 21.921943850813339 75.897485978138874 226
2 31 98 58.023711432311671 -24.141282207531255 226
2 31 98 23.280211414323976 -75.491931731174958 226
2 31 98 -3.819005564988906 -19.727853337390655 226
2 31 98 -26.979473106890275 37.783821505553483 226
2 31 98 -78.903515272422283 3.903239379621013 226
2 31 98 -57.421717171489988 -54.256302832734669 226
1 14 113 -22.580863202165290 82.568330332893055 226
1 14 113 -50.564261334939232 81.604261381694826 226
1 14 113 -70.766512642727434 48.161449784068452 226
1 14 113 25.317408693009313 31.025770850394863 226
1 14 113 91.916666666666671 27.700656831362110 339
1 14 113 80.014033564814810 53.044834175334046 339
1 14 113 64.016648697843010 30.064762865218793 339
1 14 113 52.114015595991162 55.408940209190739 339
2 31 98 77.572175731454564 -14.951841100290366 339
3 23 60 27.064798237145009 28.177768554095167 339
2 31 98 16.351096572678845 -24.748752176487677 339
2 31 98 -26.343888950771557 20.208318581651813 339
2 31 98 -77.634769645154535 -14.623356049272431 339
2 31 98 1.366816043731150 75.671070304836661 339
3 23 60 -73.362982502578646 46.764011786055534 339
1 14 113 45.815830716260642 82.691404673031499 339
1 14 113 -42.944539026225648 67.828633702337783 339
1 14 113 96.000000000000000 -0.000000000000004 452
2 31 98 69.958333333333329 36.699204313203069 452
2 31 98 21.921943850813339 75.897485978138874 452
2 31 98 58.023711432311671 -24.141282207531255 452
2 31 98 23.280211414323976 -75.491931731174958 452
2 31 98 -3.819005564988906 -19.727853337390655 452
2 31 98 -26.979473106890275 37.783821505553483 452
2 31 98 -78.903515272422283 3.903239379621013 452
2 31 98 -57.421717171489988 -54.256302832734669 452
1 14 113 -22.580863202165290 82.568330332893055 452
1 14 113 -50.564261334939232 81.604261381694826 452
1 14 113 -70.766512642727434 48.161449784068452 452
1 14 113 25.317408693009313 31.025770850394863 452