43 10 105 100.000000000000000 0.000000000000000 0
43 10 105 98.000000000000000 19.899748742132399 0
43 10 105 81.766312060385914 8.217823563497323 0
43 10 105 83.766312060385914 -11.681925178635078 0
43 10 105 65.532624120771828 -3.464101615137756 0
3 30 104 58.735721188830851 -42.882398261920606 0
3 30 104 11.005537558686903 -79.239372429647204 0
6 33 108 49.221950798968464 36.322352559485701 0
47 31 100 2.686777234168069 -18.809262164455632 0
10 29 99 -12.712110507651264 39.181032336562794 0
10 29 99 -70.711185584000148 39.508584298922820 0
46 14 98 -95.887344583649991 4.649424555401303 0
46 14 98 -93.150387538746259 -23.216487705537723 0
23 20 96 -21.621316135988231 87.364287260571501 0
23 20 96 17.436383040470631 78.733172903708507 0
20 18 94 -65.449439122362378 -7.195955353807325 0
22 27 96 -64.127718239594586 -52.176540653556998 0
26 17 95 -35.791017889034748 -85.837072634537080 0
5 13 89 50.155921189041216 83.026402846797396 0
5 13 89 -35.931978056236680 2.276082030502048 0
40 10 69 56.081330994660270 -82.794228747342999 0
19 11 120 -25.163938945188974 -59.932146594857485 0
26 17 95 -36.215607554779133 -85.658798552385875 120
23 20 96 -64.929068809438931 -62.323478910753565 120
23 20 96 -85.523052529012688 -28.032257956142878 120
22 27 96 -80.857753567802931 18.735626169638724 120
20 18 94 -28.496998329674124 -51.520505220262137 120
7 22 90 -45.495589124038879 -15.312109632971360 120
11 33 92 -23.079700357634863 34.912664441305992 120
12 23 93 -0.507252079828753 -16.336575345697373 120
12 23 93 11.449408410623398 -60.755470761005270 120
32 15 84 -5.533912315914483 -94.749099827339876 120
11 33 92 64.327726456286626 -42.319541691341136 120
11 33 92 73.470881948857027 23.044077452940336 120
37 32 75 30.424858182319547 71.821500990899267 120
29 12 84 40.396934618420644 -80.428821427551412 120
33 17 80 23.781772025795917 17.476999668864579 120
31 13 73 -7.043421185714948 96.743941505401892 120
38 16 89 -34.509195418931114 87.436350744630374 120
4 14 71 -61.280119553644617 73.896866966678772 120
19 11 120 -81.130634792252152 56.734646365393019 120
19 11 120 32.705597687286122 -9.062882312096251 120
14 12 73 -91.138001359414261 36.025889415965878 240
48 16 73 -73.901142551419511 58.091489304327290 240
48 16 73 -93.647019881089662 8.138529805240971 240
13 19 72 -62.512452590644315 24.127235807814507 240
16 34 70 -67.674139433370470 -34.586281268050939 240
25 22 76 -35.996662482951706 55.398834343303392 240
16 34 70 -12.181728792618131 4.715021016709517 240
14 12 73 -22.020488320860093 -40.220475096557429 240
14 12 73 -31.072011453294607 -62.448158938627053 240
17 13 112 -55.056572905371389 -79.860965307937050 240
36 34 119 19.163746638128671 65.059541646344556 240
33 17 80 70.018129779387607 61.208345037231922 240
33 17 80 87.339129188100486 31.951158236663261 240
34 24 81 49.681297809774463 15.737345116932143 240
34 24 81 84.169898413864018 -17.647328438033075 240
28 19 78 32.554419606449194 -23.704638137063363 240
28 19 78 6.797977842995333 -51.643960027292010 240
50 17 77 -10.711606326692653 -83.098919289777342 240
25 22 76 36.216117716698101 -80.202199580374767 240
8 16 48 69.977791045325631 -62.762319590792252 240
14 12 73 -13.935200954804920 97.004176066544701 359
4 14 71 -38.331871121856665 88.015155832943734 359
49 23 76 -11.962972030979410 62.059787202636571 359
44 28 110 -62.223475148840045 53.406358613948640 359
45 22 84 -87.405608940837325 10.210755392301763 359
1 29 82 -71.416885618231944 -38.218169090007102 359
21 24 65 -41.631532080160241 5.657307517028922 359
1 29 82 -13.425431698604946 -39.213795670497312 359
8 16 48 13.532791430403584 91.571921071965775 359
8 16 48 27.033826715010626 62.559474669709452 359
8 16 48 14.280606959582297 33.210618033210771 359
18 19 52 16.540257307053167 -1.716362659474000 359
42 22 89 37.523845490884703 -36.939778549068883 359
35 26 68 81.903197530528629 -18.651172463821368 359
35 26 68 77.188688872073897 33.134669308900214 359
21 24 65 20.710396393873925 -79.756923823622486 359
38 16 89 68.781617629912546 -58.548843334584589 359
15 18 112 -43.056067737849688 -75.697016579701739 359
17 13 112 50.596777582337850 4.606257962335393 359
27 14 119 49.842373308240603 82.047168281434224 359
7 22 90 70.550195056619174 52.599144265596067 478
42 22 89 87.195871895218644 11.869284916650194 478
9 26 89 76.405730502070497 -34.902211197071367 478
9 26 89 39.382233826184198 16.094922691398612 478
2 25 60 25.241888909845891 65.095439480989569 478
39 29 98 21.414554929599824 -35.887406181683218 478
49 23 76 -8.673862172328644 6.523525855945696 478
35 26 68 -24.294938008551753 52.966846040004100 478
35 26 68 -74.388797962902615 39.016749449876720 478