1 11 84 99.000000000000000 0.000000000000000 0
1 11 84 96.555555555555557 21.863775779997951 0
1 11 84 78.843192529652626 8.814936902970350 0
1 11 84 81.287636974097069 -13.048838877027592 0
1 11 84 76.398748085208183 30.678712682968296 0
1 11 84 84.861216147439819 50.986017632067515 0
1 11 84 63.043340148006621 48.161077478124973 0
1 11 84 61.130829503749695 -4.233901974057249 0
1 11 84 58.686385059305252 17.629873805940697 0
3 12 77 43.970973885323005 35.306317848242827 0
3 12 77 42.911153742540002 59.282906038912316 0
3 12 77 63.772201973195131 71.149525891181980 0
2 32 115 18.299544558176542 -0.428507131058870 0
1 11 84 22.093455829038231 42.403796534151908 0
3 12 77 19.671450190852383 65.275916870679438 0
2 32 115 58.998310748349930 -49.820919813550901 0
1 11 84 95.307614998964723 -26.785416241102443 115
1 11 84 87.038882626572317 -47.172374448587689 115
3 12 77 97.920992250072331 -3.934371202781019 115
1 11 84 77.307483878875018 -14.136492189643430 115
1 11 84 78.167349075721972 7.846697566241662 115
1 11 84 97.100490825282677 19.050988864268575 115
2 32 115 44.377327346845178 -41.787980228734789 115
1 11 84 52.313730433100972 -84.049233239648558 230
1 11 84 69.583988840243080 -70.420653909779375 230
1 11 84 83.418000884904046 -53.314511423871707 230
1 11 84 49.146163719513815 -62.278461064207129 230
3 12 77 92.556235383412087 -32.207814139590624 230
2 32 115 77.464632288261896 9.123088536475553 230
1 11 84 69.575418783972665 -33.146999117606036 230
2 32 115 24.610176783420812 -26.965781399929689 230
1 11 84 34.840937802056757 14.799413786727335 230
1 11 84 43.227126594413150 35.138337984898584 230
1 11 84 94.187254820177145 -30.491983035529458 345
1 11 84 85.127604396349142 -50.539993764727349 345
1 11 84 85.127604396349142 -50.539993764727349 429
3 12 77 93.566179058451411 -29.143955400765520 429
3 12 77 69.925340462224881 -33.280469690256901 429
3 12 77 62.837439533400186 -56.209962934181121 429
3 12 77 46.523866352670510 -38.606914048349509 429
2 32 115 21.684648449675283 -74.925136113416542 429
2 32 115 74.449634357231986 10.486307261577256 429
2 32 115 13.617062500011599 -9.398314968581360 429
1 11 84 35.109250139255472 27.845286770234566 429
1 11 84 48.844001888506000 45.031228536296140 429
1 11 84 69.281363759370038 53.174584095238224 429
2 32 115 -36.767871445561894 -48.861695858973867 429
1 11 84 -78.045908261921156 -60.908424733954391 429
1 11 84 -89.570244167310904 -42.168369186017912 429
1 11 84 -29.286331329732292 -6.517551547212971 429
1 11 84 -22.246231160404484 14.325600556195731 429
3 12 77 -95.924227734039789 -20.063462652993625 429
2 32 115 18.723628912381088 75.719388008299745 429
3 12 77 62.720784151089305 75.219057216712713 429
2 32 115 -44.238681278619381 64.241256827125753 429
1 11 84 -85.044260943416546 50.680111292183206 429
1 11 84 -94.136913656574293 30.647046957491295 429
1 11 84 -98.580829892864173 9.100548205145490 429
1 11 84 -77.699056492578052 16.025253228401226 429
1 11 84 -43.126231750969282 21.255649281710845 429
1 11 84 -58.415032847448181 5.436276315872231 429
1 11 84 -7.606210274100746 41.723218100293849 429
3 12 77 -73.278293859350811 -12.116030429739737 429