5 10 93 100.000000000000000 0.000000000000000 0
5 10 93 98.000000000000000 19.899748742132399 0
5 10 93 81.766312060385914 8.217823563497323 0
45 24 92 77.530773183718040 -25.517324434165815 0
45 24 92 48.016710175546272 12.336606468049176 0
21 20 91 33.690741776610146 -29.265876984656909 0
40 23 90 2.558883132959295 0.395670132641976 0
16 11 96 78.792131108951992 29.006143545355592 0
16 11 96 18.162014181603645 30.603985237573440 0
45 24 92 38.176024834186890 59.317037628398850 0
24 12 87 73.280177964123837 51.335907819284216 0
14 14 115 72.300502548921003 -63.155659533991638 0
28 22 96 37.192456224898379 -71.119646180783690 0
16 11 96 17.328601971891388 -97.471634610792094 0
28 22 96 -6.653119765235274 -74.802778827514743 0
26 39 94 -57.687984543783223 -41.389569208633077 0
26 39 94 -48.178624685403726 36.028594519808848 0
40 23 90 -11.755826570644672 86.202091283453939 0
8 10 79 -98.888813941516858 -14.866152065684702 0
11 15 79 -0.099654393891143 -38.387780658812424 0
36 12 71 -97.742180984050478 7.103946542670545 0
36 12 71 2.534097016050424 54.252160393287440 0
9 13 68 23.537859227153568 93.298269325632347 0
2 11 120 -34.259179171594816 -92.883306586751971 0
2 11 120 -53.926200673820283 -83.023881388952574 120
18 18 118 -70.437072422172889 -59.182926833619604 120
18 18 118 -34.510588171859553 -61.482433174551886 120
18 18 118 -50.482399389605462 -29.219431974652863 120
18 18 118 -14.555915139292125 -31.518938315585146 120
18 18 118 1.415896078453784 -63.781939515484169 120
37 13 120 -18.159482606241813 -87.819504894506338 120
27 17 116 -88.329367182839320 -29.101939678982710 120
37 13 120 -70.137522598677535 -5.247028431491064 120
18 18 118 -41.070557387930762 5.528477748602604 120
18 18 118 -5.144073137617422 3.228971407670326 120
38 33 79 36.263264388923652 -26.544043202259644 120
14 14 115 31.953228303348624 -73.346004581469401 120
14 14 115 59.903305227427623 -75.017291492226263 120
14 14 115 12.737995346757753 -93.712025852791498 120
27 17 116 -91.676209685894150 15.635618875758283 120
47 23 116 86.956549331895559 -2.749277776001307 120
33 36 114 56.503759014056065 47.784152365417960 120
15 15 113 78.818174585397642 -53.034850381855307 120
15 15 113 -63.121488576076572 30.079576170784414 120
7 20 108 -30.191568368605690 41.937921549866644 120
15 15 113 4.095397525249815 34.909125792868885 120
47 23 116 3.114890189980780 72.896473757230439 120
25 12 104 -87.405854591791254 44.319483109335145 120
25 12 104 32.029569666681937 92.618068793120329 120
25 12 104 -66.913471203448609 56.811969773933924 120
49 20 100 -39.102781104506569 81.061535328989692 120
43 12 56 -32.887240328711499 -92.317005061697984 240
39 23 58 -56.315141631333191 -66.314439023812028 240
43 12 56 -21.645596686038505 -71.112631734217871 240
43 12 56 -8.902892534448061 -91.450367372804578 240
39 23 58 -21.618578886121664 -36.112642162241023 240
10 20 68 9.863869435396426 -65.531095678422446 240
39 23 58 52.705518657722678 -69.217976733074522 240
17 13 60 31.194373991749355 -40.351548911822235 240
17 13 60 56.245746181584934 -33.392472004190545 240
50 26 63 33.878439142296990 -1.444020151084729 240
50 26 63 81.980084553273059 18.310263150435631 240
1 15 63 74.723810769848313 58.663038653243163 240
1 15 63 52.705180359054573 79.039002798109294 240
41 19 63 42.990582894692878 46.456390930651246 240
50 26 63 11.705862880854994 78.802430775673585 240
41 19 63 -84.082010759924131 -34.802520980066987 240
50 26 63 -83.379393554134325 10.191993452940611 240
41 19 63 -73.223330367150140 54.030953072689627 240
41 19 63 -39.118843065466493 2.067729151473834 240
50 26 63 -28.470827106024466 45.789803165951568 240
31 13 54 -24.244378745143308 93.921297367860305 240
11 15 79 -49.216719883337447 81.257088822607315 240
31 13 54 79.450518212368905 -45.120155279217471 240
31 13 54 -8.747012109556142 12.145024641118162 240
11 15 79 10.648066673238256 32.339848705942259 240
9 13 68 -72.007710555788037 64.991458058069853 319
35 16 69 -85.403723565473726 39.270905275434487 319
10 20 68 -89.929700256211135 3.556544928440978 319
10 20 68 -82.588917766176934 -35.764097391261878 319
35 16 69 -58.753405375831726 21.557618161213217 319
38 33 79 -26.478547127177059 58.426758713024938 319
19 16 80 -29.112949662494760 9.497627070598345 319
6 21 65 -43.093375588290684 -24.759455276462869 319
38 33 79 19.849363740475177 11.419050040522393 319
6 21 65 -3.065379937736118 -37.477928620350667 319
34 27 75 -29.364837501569710 -77.631864066930703 319
23 30 84 79.513476693915180 -8.809484891082363 319
12 19 76 81.667169471120289 40.143161691318213 319
4 21 77 38.879470148223604 -39.629567824856153 319
12 19 76 16.369435421026559 -72.694629999005826 319
11 15 79 78.302571663631113 -53.793189818618430 319
19 16 80 50.777312575725176 -79.105401380608015 319
44 15 107 78.302571663631113 -53.793189818618430 403
20 38 98 26.918025020644038 -66.778888347950073 403
3 28 97 65.027939335599115 -12.893505998867845 403
49 20 100 17.140447683416909 -9.608975094434083 403
3 28 97 35.550278776652846 34.720226557733348 403
28 22 96 -31.026537707713160 -82.348976665601953 403
40 23 90 -67.072396580251834 -55.410230255625379 403
40 23 90 -85.951990552543606 -13.463109598285804 403
30 25 87 -38.093419521588672 -17.145117050076450 403
32 19 85 86.239334711104249 29.047842408449721 403
32 19 85 -86.410582552007924 28.534386676825982 403
32 19 85 -48.523997098741496 25.600678666075535 403
30 25 87 -14.165539692881415 53.086973518050407 403
29 20 84 12.845685893244234 89.078551593142251 403
19 16 80 71.640327995502219 60.857730853991427 403
46 19 77 -52.824604281577123 74.098321050444753 403
12 19 76 51.659440330856128 -74.915300337799593 510
4 21 77 13.832004839513889 -87.918573931335260 510
12 19 76 23.719248812919606 -49.159801935690808 510
12 19 76 59.994260475243593 -37.840635495609675 510
22 27 76 -21.804482016394026 -55.762069075105899 510
12 19 76 -67.502017142223380 -61.028498930671574 510
4 21 77 -85.348805704098453 -25.230564101582271 510
4 21 77 -87.415616674990488 16.718551412461665 510
6 21 65 3.228653499467638 -14.806701585062477 510
41 19 63 -46.248557426242542 -16.794298066775958 510
41 19 63 -24.292445102825752 14.220684306933457 510
6 21 65 13.998184296050402 25.789076599638641 510