28 10 101 100.000000000000000 0.000000000000000 0
28 10 101 98.000000000000000 19.899748742132399 0
28 10 101 81.766312060385914 8.217823563497323 0
28 10 101 83.766312060385914 -11.681925178635078 0
24 21 102 53.570593196141445 -4.666330957793120 0
39 17 103 67.057640942975382 30.859709393963243 0
37 16 99 69.032514720994868 63.800563565658479 0
27 38 99 37.531263024956537 -61.444318661301232 0
37 16 99 86.071871879527961 -37.784029313376891 0
37 16 99 40.167035830737092 49.988100771642237 0
37 16 99 17.192383790361617 -11.421024172827529 0
17 12 93 44.681455547965733 77.621776144576216 0
39 17 103 16.121460523347906 72.589213756109956 0
39 17 103 -11.600806286970371 92.273621872625057 0
18 25 96 -47.506858365338232 70.484738832286894 0
34 16 97 -81.273527784710495 47.229373078920830 0
18 25 96 -84.760381284292464 6.377912240017466 0
17 12 93 -93.425052358362578 -29.593235575671883 0
26 19 93 -62.488057794119598 -31.568676623134571 0
34 16 97 -44.529662812288862 -1.527104599078363 0
34 16 97 -14.755174562580923 -13.252284745583740 0
26 19 93 -58.866277584780214 -69.395686921534278 0
3 20 90 -26.754826074229683 -47.193533449763521 0
36 11 116 -83.799666487252736 -52.712578163330342 0
26 19 93 7.410451658967638 37.659021592815336 0
23 13 90 0.964414113322007 -96.995205579544120 0
23 13 90 -55.784810164146570 33.397335121369011 0
7 12 90 -11.081587053669656 62.539626574413433 0
7 12 90 -23.725001163832232 42.140016783073250 0
7 12 90 34.189939910180115 22.043035904964150 0
23 13 90 -22.367527077118041 17.176898706520802 0
14 17 84 -27.017940065428334 -86.179113188344147 0
29 10 74 -0.954124771476049 8.782483795597813 0
36 11 116 -93.371912553491200 -32.904193442526321 116
16 14 115 -95.665282118175881 -8.009606560238478 116
6 35 114 -48.692923177652744 -21.959427188571183 116
6 35 114 -58.120311375578765 47.402841746099668 116
6 35 114 6.662869684937398 20.886064949505773 116
6 35 114 16.090257882863416 -48.476203985165071 116
33 14 107 54.272396331252097 -79.186532923619623 116
26 19 93 74.106956781397713 -52.812488642366127 116
35 31 92 71.374667246897346 33.862322356782897 116
21 19 92 47.348805160087124 77.711586329916770 116
7 12 90 -38.510253188383295 90.116371428096315 116
3 20 90 88.464925407629309 -16.551645616753088 116
23 13 90 -18.728149497190607 74.830156280097754 116
2 12 89 -96.018894208956340 19.605406266875704 116
11 13 89 -28.744570860053191 -65.617911356175085 116
11 13 89 -32.733069371722500 -91.310164656000936 116
2 12 89 -8.544231912092403 -97.626820602907998 116
2 12 89 -51.840220035368624 -75.188229489380035 116
2 12 89 -73.490607946548749 -64.831555153695533 116
21 19 92 10.640944018043898 87.536703651174236 116
11 13 89 56.697316436661637 -7.617496509664356 116
11 13 89 -96.570475736739724 -9.118290189490789 232
47 26 89 -79.838909122168573 26.110315780972599 232
11 13 89 -96.570475736739724 -9.118290189490793 321
19 31 86 -73.692981359200729 28.466550517976263 321
19 31 86 -30.449300592521830 72.896091070963820 321
19 31 86 -58.821181331964723 -31.723395186849753 321
4 21 85 -25.726675209807645 8.385876366377284 321
14 17 84 13.584127080902849 92.002562417847258 321
11 13 89 -15.497427204123820 -24.038843913653096 321
3 20 90 -14.539905874645203 -57.024949365852116 321
25 30 85 32.859566845463803 -72.940036103147747 321
11 13 89 -43.443729086550064 -72.948799520100295 321
5 22 91 18.816849866064743 53.355200124235971 321
4 21 85 16.223382156134988 10.433481551495301 321
50 15 82 75.285920150688838 -57.939884596572206 321
4 21 85 56.043386649698910 -27.514156923050891 321
50 15 82 91.884084586209525 -24.131203860443673 321
50 15 82 -8.162245689887195 -91.438979216593992 321
50 15 82 52.158652801786701 8.275629929218642 321
22 13 81 79.142781882597248 0.801890721154546 321
22 13 81 22.342881419535757 -23.011274820247600 321
20 18 76 51.740179019841158 76.072030832591750 321
22 13 81 52.827209640692423 45.091095333008589 321
13 14 79 73.581987529153906 27.821492129673818 321
38 16 37 39.140680738198284 85.463484081509534 412
46 17 55 65.676232198437901 65.845520152982829 412
46 17 55 84.954141159197093 37.839052576712511 412
46 17 55 51.060874287502209 35.147127472986540 412
15 21 55 70.698268247698721 2.614486042385828 412
15 21 55 80.356570352714755 -38.259921604065070 412
15 21 55 40.129143913739355 -26.187052761208221 412
15 21 55 21.393014390284275 11.402273522729280 412
15 21 55 18.507765839240438 54.750574372848533 412
32 25 58 45.353119651823604 -71.889460547756045 412
32 25 58 0.567488585702819 -49.657788320743592 412
15 21 55 -16.407342098899065 -6.904365963824629 412
44 24 58 -23.094180894412105 37.596040628956317 412
48 13 38 -10.549685318442457 72.404597489942063 412
49 15 63 12.165145779284728 -94.217881679481366 412
43 18 70 -20.113907397550079 -87.357653840184000 412
44 24 58 -55.892763816784978 -65.360530543448704 412
48 13 38 -38.636742522438603 -32.630884515893435 412
38 16 37 -85.680215851349843 -38.663944595269896 412
35 31 92 -67.136167228991624 4.523070359362183 412
21 19 92 -62.705978089956695 54.326417879306831 412
30 14 69 9.554252882543208 90.427684595400706 412
1 13 78 -86.406328970516327 44.078864706783342 504
40 24 77 -85.707620554457051 7.085462503831948 504
40 24 77 -76.155373419090651 -39.954462822053571 504
1 13 78 -61.895825998999904 35.405039478933489 504
1 13 78 -49.143374977438938 12.747259513926128 504
1 13 78 -50.584244158890613 -13.212784707953450 504
1 13 78 -62.369482864503439 -74.290292819549535 504
20 18 76 -37.340831766685490 -55.999130357210063 504
9 25 74 -13.264619385082213 -20.371388394577444 504
20 18 76 -1.814349103447178 -61.818840794906052 504
30 14 69 -23.854675579663681 -85.018496154884787 504
45 13 71 0.341563299350454 -96.999398629643764 504
42 28 66 -21.633632006344023 43.148148344095119 504
20 18 76 -57.793817139260440 71.581245452099566 504
42 28 66 26.549950965266522 14.611464373845138 504
9 25 74 33.903137939982734 -37.875968801295592 504
9 25 74 81.737988741099372 -23.321689401926115 504
43 18 70 90.044339534354251 18.868410580171531 504
43 18 70 28.907607135194951 -80.584804795483223 504
30 14 69 66.533703664352672 -59.235888756847245 504