1 16 87 94.000000000000000 0.000000000000000 0
2 23 84 79.170212765957444 36.070450656916229 0
3 22 84 56.086168179551393 -2.557607610783656 0
1 16 87 40.378617274815866 32.044023052743498 0
3 22 84 48.644833471772046 69.134044214575951 0
1 16 87 88.553191489361708 31.533034694561785 87
2 23 84 86.682827482237840 -7.422089980901077 87
3 22 84 51.978298523217475 21.223951102161649 87
3 22 84 44.133976011817424 -22.071159526374021 87
3 22 84 10.561471603547908 6.369778358244407 87
1 16 87 67.710524528520779 55.814369788816180 87
2 23 84 28.921810693403295 59.868463894453789 87
1 16 87 94.000000000000000 0.000000000000000 174
2 23 84 79.170212765957444 36.070450656916229 174
3 22 84 56.086168179551393 -2.557607610783656 174
1 16 87 40.378617274815866 32.044023052743498 174
3 22 84 48.644833471772046 69.134044214575951 174
1 16 87 88.553191489361708 31.533034694561785 261
2 23 84 86.682827482237840 -7.422089980901077 261
3 22 84 51.978298523217475 21.223951102161649 261
3 22 84 44.133976011817424 -22.071159526374021 261
3 22 84 10.561471603547908 6.369778358244407 261
1 16 87 67.710524528520779 55.814369788816180 261
2 23 84 28.921810693403295 59.868463894453789 261
1 16 87 94.000000000000000 0.000000000000000 348
2 23 84 79.170212765957444 36.070450656916229 348
3 22 84 56.086168179551393 -2.557607610783656 348
1 16 87 40.378617274815866 32.044023052743498 348
3 22 84 48.644833471772046 69.134044214575951 348
1 16 87 88.553191489361708 31.533034694561785 435
2 23 84 86.682827482237840 -7.422089980901077 435
3 22 84 51.978298523217475 21.223951102161649 435
3 22 84 44.133976011817424 -22.071159526374021 435
3 22 84 10.561471603547908 6.369778358244407 435
1 16 87 67.710524528520779 55.814369788816180 435
2 23 84 28.921810693403295 59.868463894453789 435