16 10 91 100.000000000000000 0.000000000000000 0
17 14 92 93.200000000000003 23.016515809305290 0
7 19 90 71.035376708618728 -1.431990778033716 0
23 20 92 61.989842438192902 36.504512879559087 0
11 17 92 36.726424746953569 9.471944992693885 0
17 14 92 28.100687449293311 39.247717964553956 0
31 36 95 -15.924413264672907 15.545597655916342 0
23 20 92 7.594252127636345 66.367565132240941 0
11 17 92 44.492779536756828 69.105936005293785 0
6 11 93 72.290124612972306 65.743257502403651 0
4 23 97 -33.020465625793776 80.490054353663922 0
6 11 93 -66.298764909779209 73.521927147197587 0
29 21 93 -77.598292049082588 43.583311841406527 0
46 31 80 -78.551297253892514 -8.407954550936775 0
31 36 95 -30.390447361557111 -54.986195583074718 0
22 10 87 -3.094739106949636 94.398716845771091 0
45 13 71 -81.695686820269273 -52.295456351049083 0
30 30 99 37.882686428856566 -37.513830077245771 0
17 14 92 77.503619180409842 -56.649704447049032 0
22 10 87 92.526216640757099 -37.932825285597744 0
44 14 79 15.305922365794080 -75.280081207597732 0
22 10 87 -2.395614255696026 -91.486734200675755 0
36 14 107 77.503619180409842 -56.649704447049032 99
33 22 106 46.398799221107730 -74.774002372745386 99
33 22 106 85.330442406706908 -21.510825150971630 99
27 33 109 70.307754802802663 31.397764483940243 99
27 33 109 20.164877722558650 74.312702187676223 99
25 11 106 64.160025044999770 74.966163798409269 99
49 21 110 42.814169711536280 -15.079141381546275 99
25 11 106 29.822769680212964 14.165063603820187 99
33 22 106 -1.722415873146023 23.855330287671116 99
33 22 106 -31.714438098570323 56.049718041278965 99
33 22 106 -74.677550269477905 46.553877236483757 99
34 24 110 10.332018359227462 -46.222516977741726 99
12 11 103 -58.504330569783711 75.318907473655827 99
12 11 103 -40.439577117867991 87.875367274152907 99
12 11 103 -20.367766606300624 96.882165972232812 99
3 32 102 -77.651587866556071 -7.364163347083135 99
34 24 110 -60.840942230698673 -60.781409563128655 99
22 10 87 54.463714845513309 -43.806969321915041 99
10 18 86 10.040899013447422 -91.450425625044261 99
39 10 86 -10.855662261319662 -72.813534068513036 99
10 18 86 -29.480201472374056 -32.843908975403252 99
14 10 66 -26.840944538026331 -60.793935467311421 99
44 14 79 -35.575042276597202 -89.165107340362255 99
45 13 71 -5.748038244485540 -12.899375174763634 99
14 10 66 -24.092888182829100 0.973853747864887 99
48 12 64 -48.153049907963464 25.282984435004529 99
48 12 64 -39.426196645814784 -89.719423861533699 209
1 26 62 -60.602265098824631 -58.166704091703380 209
1 26 62 -83.229936185992102 -11.348027250393926 209
1 26 62 -73.962234902563949 39.819440079161737 209
48 12 64 -24.741376667943690 -70.736377156183210 209
47 15 60 -43.373152857996260 -20.962434291142344 209
26 25 66 -7.246391786998377 -38.133838849856588 209
8 20 66 5.464251920045040 -81.301413909762346 209
26 25 66 48.896739539174206 -69.527756057837479 209
2 25 54 39.509453930357473 -20.416872652033199 209
8 20 66 80.954316668030117 -37.947513046938170 209
2 25 54 84.719913210367537 6.894657760019165 209
47 15 60 82.649365990055131 46.841032241421829 209
2 25 54 44.123387463305910 36.082362316358676 209
9 13 38 -59.984884736433834 76.228692781371691 209
9 13 38 67.051102102454266 70.093863546292368 209
9 13 38 -40.206314121202936 59.352432993778791 209
9 13 38 -49.992601747931516 9.054903898157056 209
5 18 52 37.219506511003857 78.524516217833110 209
5 18 52 7.369115749193668 58.401043074082878 209
50 20 75 -17.157386729276276 5.761174298041452 209
32 14 71 -18.619007617783012 39.729743069455431 209
13 21 79 -19.265178479192080 86.889889504849037 209
37 13 119 15.665900173925451 9.171722182195353 209