1 14 119 96.000000000000000 0.000000000000000 0
3 39 97 59.625000000000000 38.546846498773412 0
3 39 97 -11.742346630506560 70.022262856958790 0
3 39 97 -3.317183476134101 -7.521380504842341 0
1 14 119 71.282759513049854 -13.155151945541055 0
1 14 119 38.068637175163659 88.129330325526396 0
1 14 119 -43.208506889466335 27.373924570954483 0
1 14 119 -60.548278775343732 49.358744582629271 0
2 24 84 -83.804863340761230 19.306601990933981 0
1 14 119 91.916666666666671 27.700656831362114 119
3 39 97 68.211502258267856 -19.702562261551634 119
3 39 97 45.136380713024892 54.806086670449972 119
3 39 97 -7.852441291123306 -2.431879249144870 119
1 14 119 -7.693891240836102 50.567883598263741 119
1 14 119 -2.480873246861682 78.078326040988998 119
2 24 84 -40.418951714223915 75.909869861061125 119
2 24 84 -74.808343081976062 42.423010328468735 119
1 14 119 -95.423915005307123 10.501259213062113 119
1 14 119 96.000000000000000 -0.000000000000004 238
3 39 97 59.625000000000000 38.546846498773412 238
3 39 97 -11.742346630506560 70.022262856958790 238
3 39 97 -3.317183476134101 -7.521380504842341 238
1 14 119 38.068637175163659 88.129330325526396 238
1 14 119 -43.208506889466335 27.373924570954483 238
1 14 119 -60.548278775343732 49.358744582629271 238
2 24 84 -83.804863340761230 19.306601990933981 238
1 14 119 91.916666666666671 27.700656831362110 357
1 14 119 80.014033564814810 53.044834175334046 357
1 14 119 64.016648697843010 30.064762865218793 357
1 14 119 52.114015595991162 55.408940209190739 357
3 39 97 67.226696022704743 -22.837936462624093 357
1 14 119 37.508715886964197 21.046475993870416 357
1 14 119 25.606082785112353 46.390653337842359 357
1 14 119 31.049983661348371 73.856339989548644 357
3 39 97 -14.711574996550588 11.988815145665566 357
3 39 97 1.203482699470626 -64.370276903233986 357
2 24 84 -6.944425143316789 74.508183209949550 357
1 14 119 -43.258556971581918 85.701209143957826 357
1 14 119 -66.147522355911207 69.573739917976440 357
2 24 84 -79.063938111774377 33.836277724618469 357
2 24 84 65.833351928504058 55.335068210473281 476
3 39 97 70.604458782842187 -7.484009619310946 476
2 24 84 22.965070535263131 33.740845594460595 476
2 24 84 25.698065871440154 81.662977605593355 476
3 39 97 -5.992943036178033 -22.209430991059772 476
2 24 84 -24.854320792810892 37.900871196848044 476
2 24 84 -71.968440055684297 47.080183049255204 476