22 10 76 100.000000000000000 0.000000000000000 0
22 10 76 98.000000000000000 19.899748742132399 0
22 10 76 81.766312060385914 8.217823563497323 0
6 14 75 86.755771184755062 41.102751320786574 0
6 14 75 64.176011190593613 24.545141632003997 0
28 22 75 55.853255915229681 59.569872103863474 0
28 22 75 55.785300530365944 -10.463371255811474 0
28 22 75 28.185180894803729 25.357628320912294 0
6 14 75 19.862425619439797 60.382358792771775 0
21 15 74 31.134996885045489 87.101811202240071 0
39 20 72 76.889532150651434 -46.776060604265723 0
21 15 74 41.946613289584441 -44.777956135303036 0
13 25 73 25.297327775557832 -81.148291463320348 0
10 23 74 4.583941490715475 -37.847533633752228 0
13 25 73 -14.693481431230339 6.111321736792148 0
39 20 72 -12.838293526076429 51.073064116692997 0
39 20 72 -39.556563138100657 80.841068230828427 0
16 14 78 1.787214207666590 81.766622456029012 0
30 14 78 -69.998199401951737 65.698189324247011 0
30 14 78 -85.977959985509258 42.705859044517169 0
30 14 78 -58.076137579282289 40.363145572628035 0
30 14 78 -74.055898162839810 17.370815292898193 0
1 23 78 -85.131811986494114 -17.932500882370448 0
45 29 80 -32.681814373821140 -74.114094538320430 0
26 16 64 -75.670313952915848 -55.767406128195958 0
8 12 45 61.930535178929183 -75.951358200175818 0
8 12 45 -55.419585206388646 -36.430705653849856 0
42 12 87 -30.105466869082573 -33.195120534383975 0
15 13 91 -47.746227173868824 -12.637438192133644 0
24 24 98 -84.664309563261426 -15.098168305335623 91
3 18 98 -88.019867511431059 26.767572233396955 91
23 17 97 -72.562567961187753 58.169353880527240 91
24 24 98 -46.020145407470473 26.920357016949033 91
11 22 96 -39.396876909453013 78.688538490566771 91
23 17 97 -12.465395623533279 50.480466671561572 91
23 17 97 -6.223927098198434 17.058257429094450 91
4 15 100 -78.436508034379202 -53.597707109285636 91
11 22 96 -44.833968906193370 -38.109990552648227 91
15 13 91 -60.945799882170391 -75.462636295867910 91
23 17 97 -30.959426020018824 -74.558544154947782 91
11 22 96 -2.049713454510325 -48.381674224039692 91
23 17 97 0.565336409692840 -87.293902561770892 91
11 22 96 38.682389731216524 -79.042221152256801 91
31 23 96 72.016362007152395 -48.812330442776201 91
49 17 99 91.922280304649206 -14.117166273494874 91
31 23 96 52.535288630375575 -7.141143993520437 91
4 15 100 25.664495892611907 19.728178618784995 91
31 23 96 58.738949869080784 38.438616725853535 91
4 15 100 13.862051093784009 -7.852653434846388 91
15 13 91 86.372425616692354 15.365016701016417 91
42 12 87 -10.996384432141202 97.381104581025170 91
29 23 95 17.467337129645145 77.014058775285477 91
42 12 87 27.547730613710442 -31.648733519293764 91
17 17 119 -89.921615502953287 -23.729792779100091 191
17 17 119 -92.441521137586150 10.176697390077642 191
17 17 119 -61.817686480594482 -4.594245399779619 191
27 22 118 -56.115092546268968 -43.175075126733319 191
27 22 118 -61.880839462125145 34.405703468147429 191
27 22 118 -23.803832850198503 -13.308999106387214 191
12 21 117 -14.881525214207603 -55.373145673847006 191
34 16 115 -43.375512692222209 -78.975956472621533 191
18 31 106 27.751302920903409 -25.599970411505787 191
12 21 117 21.023956343964898 -77.162968850636091 191
37 16 111 57.893317504538743 -74.056490521214059 191
12 21 117 77.944669384046691 -42.960778794286938 191
12 21 117 88.966742630283591 -2.432839032258691 191
5 23 108 77.267897690011239 39.983396386074510 191
18 31 106 33.464065643881739 71.562254789672295 191
37 16 111 41.178534091639996 25.199694716176111 191
12 21 117 4.325413765495583 28.493252401525172 191
37 16 111 -12.441002750992098 61.476388656218248 191
37 16 111 -26.678233421912079 90.134742810339091 191
46 18 78 -73.873317087674010 -54.833685107458990 310
46 18 78 -47.175635321645018 -78.983918818954265 310
36 39 79 -24.243265387478168 -26.800526736774323 310
1 23 78 -85.191085233088558 -15.426729830418878 310
44 37 87 -61.314219472266132 39.617754738333936 310
45 29 80 4.511220693353629 34.820732015601465 310
48 25 80 41.454431990049528 74.205997522992433 310
48 25 80 57.942283430285968 27.002705742813657 310
48 25 80 39.327784108812949 -19.403117329413831 310
19 31 82 27.351751913029911 -74.107547249170494 310
50 22 58 87.479602294842280 -9.556107070152883 310
25 19 66 72.879569396640449 -47.868494614802515 310
9 19 103 -90.639694175297763 -8.089860308342338 397
20 26 100 -69.181237586233920 -47.644059084392190 397
20 26 100 -76.525272359613638 34.639322890133862 397
20 26 100 -41.471924899838839 73.048473256476257 397
20 26 100 -41.389129487428207 -3.694102003363109 397
29 23 95 -20.181744857648241 -47.867021729871709 397
40 19 84 -79.433313345200332 -44.399873096701739 500
38 20 87 -52.796944412064846 -72.886779739190928 500
44 37 87 4.203055043532991 -72.878901804987649 500
38 20 87 60.826049374190177 -66.333940916612065 500
44 37 87 45.456928724725330 -11.445051963908767 500
44 37 87 -28.373282730523744 -6.435074272021389 500
40 19 84 11.387740764990886 32.999187615189513 500
1 23 78 77.686551059164785 39.163756006437680 500
2 21 46 -88.828718423776948 -5.518947652347187 500
35 23 51 -71.741827348450769 35.027792702210775 500