2 10 120 100.000000000000000 0.000000000000000 0
2 10 120 98.000000000000000 19.899748742132399 0
2 10 120 81.766312060385914 8.217823563497323 0
2 10 120 83.766312060385914 -11.681925178635078 0
2 10 120 65.532624120771828 -3.464101615137756 0
2 10 120 63.532624120771821 16.435647126994645 0
3 27 100 60.012280859995641 -40.049970612377699 0
2 10 120 95.512185170558482 -29.621318065625442 0
3 27 100 28.703804031440306 3.947521119263250 0
2 10 120 51.945289692447083 32.736986975183818 0
2 10 120 98.000000000000000 19.899748742132399 120
2 10 120 100.000000000000000 0.000000000000000 120
2 10 120 81.766312060385914 8.217823563497323 120
2 10 120 83.766312060385914 -11.681925178635078 120
2 10 120 65.532624120771828 -3.464101615137756 120
2 10 120 63.532624120771821 16.435647126994645 120
3 27 100 60.012280859995641 -40.049970612377699 120
2 10 120 95.512185170558482 -29.621318065625442 120
3 27 100 28.703804031440306 3.947521119263250 120
2 10 120 51.945289692447083 32.736986975183818 120
2 10 120 100.000000000000000 0.000000000000000 240
2 10 120 98.000000000000000 19.899748742132399 240
2 10 120 81.766312060385914 8.217823563497323 240
2 10 120 83.766312060385914 -11.681925178635078 240
2 10 120 65.532624120771828 -3.464101615137756 240
2 10 120 63.532624120771821 16.435647126994645 240
3 27 100 60.012280859995641 -40.049970612377699 240
2 10 120 95.512185170558482 -29.621318065625442 240
3 27 100 28.703804031440306 3.947521119263250 240
2 10 120 51.945289692447083 32.736986975183818 240
2 10 120 98.000000000000000 19.899748742132399 360
2 10 120 100.000000000000000 0.000000000000000 360
2 10 120 81.766312060385914 8.217823563497323 360
2 10 120 83.766312060385914 -11.681925178635078 360
2 10 120 65.532624120771828 -3.464101615137756 360
2 10 120 63.532624120771821 16.435647126994645 360
3 27 100 60.012280859995641 -40.049970612377699 360
2 10 120 95.512185170558482 -29.621318065625442 360
3 27 100 28.703804031440306 3.947521119263250 360
2 10 120 51.945289692447083 32.736986975183818 360
3 27 100 70.187735159568291 44.302165107027236 480
3 27 100 82.588500451966581 -8.254670986509161 480
3 27 100 30.872562606230019 7.284369290673755 480
3 27 100 43.273327898628310 -45.272466802862645 480
3 27 100 -8.442609947108259 -29.733426525679725 480
3 27 100 -43.986540948689097 -70.385966039895322 480