3 13 39 97.000000000000000 0.000000000000000 0
2 16 61 89.711340206185568 28.069118946095067 0
3 13 39 71.575422248941891 5.439746885692533 0
2 16 61 57.844279924987688 30.982959887962117 0
1 28 86 31.792402923859598 -4.475462309283120 0
2 16 61 26.932001280472427 39.255264826964677 0
3 13 39 48.640651970613973 58.483745921773419 0
3 13 39 74.379384943837721 54.807113640311869 0
1 28 86 76.716336787202536 28.958654491403998 86
1 28 86 77.414475250277476 -27.036993577766310 86
1 28 86 28.571752289465472 0.356224812436921 86
1 28 86 27.873613826390528 56.351872881607221 86
3 13 39 66.945435083514525 68.777362153718542 86
3 13 39 96.760828005280899 -6.807507894409515 172
2 16 61 91.460044418851794 21.703923030218661 172
3 13 39 71.780703520651173 0.403135678282379 172
3 13 39 96.760828005280899 -6.807507894409500 233
1 28 86 76.716336787202550 28.958654491404005 233
1 28 86 59.728138256697150 -24.402390388621857 233
3 13 39 96.760828005280899 -6.807507894409529 319
2 16 61 87.520235164941241 -34.295895332727248 319
2 16 61 67.848191088156682 -9.056824790390602 319
3 13 39 96.760828005280899 -6.807507894409536 380
2 16 61 87.520235164941241 -34.295895332727255 380
2 16 61 67.848191088156682 -9.056824790390609 380
1 28 86 74.411958547053516 34.450840703698226 380
2 16 61 40.108301076640643 6.896184397502217 380
1 28 86 33.544533617743802 -36.611481096586608 380
3 13 39 12.354026451502847 -1.512159079808412 380
3 13 39 16.769895976138105 24.110098750862903 380
1 28 86 26.764120730038080 63.873341470346091 380
3 13 39 67.329644303313628 69.826348880557020 466
2 16 61 42.064624059341710 84.062877673478738 466
3 13 39 45.766083062045858 55.300068331356044 466
2 16 61 82.476254828411541 45.096201497231675 466
3 13 39 67.329644303313614 69.826348880557035 527