47 10 102 100.000000000000000 0.000000000000000 0
47 10 102 98.000000000000000 19.899748742132399 0
18 16 100 84.144800066126621 41.900508610655038 0
38 12 102 76.564976377583164 14.945986302689803 0
38 12 102 58.474866613785572 30.717730934586271 0
49 22 100 53.484709456366105 64.349536291186666 0
49 22 100 46.614508525455022 -1.146542256819995 0
38 12 102 34.475097456494552 30.612467471110758 0
38 12 102 22.132376520831016 51.195403119466008 0
21 36 100 -11.554946502406629 17.002358979933142 0
38 12 102 1.367824829358074 63.230077732938042 0
21 36 100 -69.261077630421013 -26.055769523711895 0
48 12 102 -97.130608684162524 13.024778564109727 0
48 12 102 -59.394862056498241 20.919306742845500 0
21 36 100 -3.118578942842383 -54.501680782865797 0
25 14 97 -88.370802031153872 37.504684352366056 0
25 14 97 21.127139394902844 80.128879107587380 0
6 22 95 -55.624892788633247 54.709650507290306 0
37 15 95 -37.823351733906478 87.145820689308991 0
3 10 92 -15.685998641733072 98.762085066140372 0
17 12 92 -32.510917813617802 -92.450204017709922 0
37 15 95 -54.977727532611119 -77.475476606149215 0
2 26 92 58.622552955798717 -60.161418574902108 0
17 12 92 36.402833608014532 -90.988096503373498 0
3 10 92 15.160965424871636 -96.713743723555808 0
20 11 74 90.180831656742640 -40.846267904157941 0
20 11 74 96.799999999999997 20.754758490524534 102
40 21 75 88.421739110864266 -10.128970955149274 102
40 21 75 73.931019241828935 -49.550019110635276 102
26 24 75 43.820714726552652 -16.107986247824250 102
40 21 75 65.052828200454627 24.769367155158179 102
7 23 72 31.580979703797357 -61.486272757704036 102
20 11 74 13.128085190243183 -32.929475246924881 102
20 11 74 9.153714200830525 -11.291444485357989 102
7 23 72 -6.874948012414094 -86.727937193424609 102
7 23 72 21.053483842158279 25.009567155274521 102
35 12 66 -2.123524232650627 -52.051951669360577 102
32 18 65 45.053491842095077 58.251101656602366 102
32 18 65 -16.118020827360404 -25.516050232615367 102
7 23 72 -23.790036017057549 14.759751223458188 102
35 12 66 -7.246726437284273 45.603209332882003 102
1 13 64 39.251881475141502 88.703380999043347 102
35 12 66 19.300468090866868 73.638816485928899 102
39 26 64 -51.456800305135040 -66.394259558771012 102
27 23 89 -56.435793886179525 -17.647878945232961 102
35 12 66 -58.699262859692155 17.278854486422883 102
39 26 64 -18.016019806002166 82.045249895102017 102
33 19 61 -60.700733643929581 67.796909480364334 102
8 12 56 -70.263861849946394 38.308834281815237 102
8 12 56 -37.906721378499284 46.786602370676157 102
37 15 95 -94.129384961240305 -12.831947896505362 102
4 16 90 -92.238902105642566 18.110354451133396 102
22 16 119 -92.238902105642566 18.110354451133396 197
30 20 114 -75.016997466500925 49.723737702539950 197
43 32 118 -45.575716476475044 6.861038608031897 197
43 32 118 -53.639165939571001 -56.628966768846894 197
28 13 118 -91.475322136152471 -32.268644844293227 197
43 32 118 5.376516334764617 -31.867116157580590 197
28 13 118 -11.890232747270311 -73.422613701684739 197
41 22 119 -34.207015693333751 59.650740657801066 197
28 13 118 -9.979651971071586 34.391388982248998 197
43 32 118 34.097826218687615 25.326295688117757 197
28 13 118 48.010898888659142 -17.468872367167315 197
46 19 119 -7.427053339546809 90.696410506102865 197
22 16 119 27.563143582937261 89.868087304817962 197
41 22 119 55.630382708401683 -51.629426612095514 197
27 23 89 23.989514279946693 -83.627167861958782 197
30 20 114 86.864215968311314 -23.550116437303775 197
16 12 113 97.782220378859122 6.529730299195066 197
16 12 113 73.797958464083933 5.660719135018042 197
22 16 119 88.091969048947163 32.799466292598972 197
17 12 92 12.035931473237616 66.567750738570751 197
5 17 54 70.462793226457876 60.695920544345014 197
17 12 92 -86.760841450930101 45.569248301091925 316
4 16 90 -67.262286634218100 65.664181992440035 316
27 23 89 -86.355320180927606 10.571597629945796 316
4 16 90 -56.412189803538261 35.559773697891686 316
4 16 90 -47.793431907016483 4.742294691309340 316
24 19 91 -32.552455524379255 61.166668865559409 316
24 19 91 -19.577013299747790 25.450595466104488 316
24 19 91 -17.325387961110788 -12.482637764591892 316
24 19 91 -50.988746669729153 -30.111542451352456 316
17 12 92 -81.395362091129755 -24.075174452709305 316
50 21 89 -55.089784502432970 -69.900755671705696 316
23 20 61 -18.418844290213897 -51.563849063669146 316
13 34 81 20.438784480020423 60.203090744122974 316
13 34 81 73.818760860104462 18.077348950515688 316
14 27 87 27.708936454040085 -21.858651014952940 316
50 21 89 18.687331050785872 -69.003222663743799 316
34 12 80 -82.940787990874085 -52.199862906456737 316
34 12 80 95.367159904396686 -22.563351075787342 316
34 12 80 71.964656102395352 -27.885269507829797 316
15 22 81 60.728895371373724 -59.975107163935711 316
34 12 80 14.006652798706414 14.655009752337643 316
8 12 56 -24.769679080453368 -82.927313436519995 316
34 12 80 -73.083264096963816 65.290401353747541 408
31 27 83 -78.594424913675198 26.681761045490823 408
15 22 81 -85.240257822992049 -21.865462406952279 408
32 18 65 -46.575971952011095 79.339012073036770 408
42 19 80 -35.938858133465146 43.901012558232054 408
42 19 80 -37.538853598751238 5.934711520192224 408
31 27 83 -39.724817798684697 -40.013319564029544 408
1 13 64 -78.987578621409796 -56.302419339905875 408
33 19 61 -31.685754250856451 -85.305410013400277 408
23 20 61 -9.229870663037822 72.319844137038316 408
8 12 56 -5.116690749743309 40.585292761591546 408
5 17 54 23.246609677830143 90.047738108664419 408
8 12 56 20.759090310394090 61.154620461089060 408
1 13 64 19.493312275813466 36.186684904315982 408
1 13 64 2.276794519287064 16.703576416725731 408
9 13 64 -8.292263460031140 -7.051318098506496 408
9 13 64 -0.561393429907959 -31.875371928961819 408
9 13 64 -3.832155587004184 -57.668822937148128 408
27 23 89 55.775207912919342 66.769200850920924 408
31 27 83 79.776516595531291 22.906492526856198 408
31 27 83 76.984925944873851 -31.021301991732837 408
27 23 89 31.777586278813764 -52.382398412971867 408
12 19 94 35.779500880116601 -10.573491712080020 408
12 19 94 8.366521088459699 -87.252471923834904 408
44 27 84 76.984925944873936 -31.021301991732656 502
44 27 84 79.776516595531248 22.906492526856390 502