1 18 66 92.000000000000000 0.000000000000000 0
3 21 69 80.782608695652172 37.351976284062154 0
2 24 97 50.222784573805974 4.320216572508379 0
3 21 69 40.205345855068003 48.191060210582279 0
3 21 69 8.354385187251133 20.813764790158032 0
2 24 97 73.453985709706373 -37.683489142384687 0
1 18 66 90.648470590125910 15.711612892095983 97
3 21 69 85.974779572515331 -23.007330950316689 97
2 24 97 50.222784573805974 4.320216572508353 97
3 21 69 47.844699936927512 -40.616902977590122 97
3 21 69 66.446671596079398 46.293845077660350 97
2 24 97 21.579617017293550 42.837342014700347 97
1 18 66 44.124311961070156 78.273717815451391 97
1 18 66 91.999999999999986 -0.000000000000009 194