1 13 41 97.000000000000000 0.000000000000000 0
3 26 94 77.030927835051543 33.499793385498386 0
1 13 41 71.506489677803316 -5.106949329301317 0
1 13 41 48.468285203272508 6.944653659086121 0
1 13 41 38.124588565087947 30.798540970323455 0
1 13 41 45.072598269109427 55.852984910527425 0
1 13 41 97.000000000000000 0.000000000000000 94
3 26 94 77.030927835051543 33.499793385498386 94
1 13 41 71.506489677803316 -5.106949329301317 94
1 13 41 48.468285203272508 6.944653659086121 94
1 13 41 38.124588565087947 30.798540970323455 94
1 13 41 45.072598269109427 55.852984910527425 94
1 13 41 97.000000000000000 0.000000000000000 188
3 26 94 77.030927835051543 33.499793385498386 188
1 13 41 71.506489677803316 -5.106949329301317 188
1 13 41 48.468285203272508 6.944653659086121 188
1 13 41 38.124588565087947 30.798540970323455 188
1 13 41 45.072598269109427 55.852984910527425 188
1 13 41 97.000000000000000 0.000000000000000 282
3 26 94 77.030927835051543 33.499793385498386 282
1 13 41 71.506489677803316 -5.106949329301317 282
1 13 41 48.468285203272508 6.944653659086121 282
1 13 41 38.124588565087947 30.798540970323455 282
1 13 41 45.072598269109427 55.852984910527425 282
1 13 41 97.000000000000000 0.000000000000000 376
3 26 94 77.030927835051543 33.499793385498386 376
1 13 41 71.506489677803316 -5.106949329301317 376
1 13 41 48.468285203272508 6.944653659086121 376
1 13 41 38.124588565087947 30.798540970323455 376
1 13 41 45.072598269109427 55.852984910527425 376
1 13 41 97.000000000000000 0.000000000000000 470
3 26 94 77.030927835051543 33.499793385498386 470
1 13 41 71.506489677803316 -5.106949329301317 470
1 13 41 48.468285203272508 6.944653659086121 470
1 13 41 38.124588565087947 30.798540970323455 470
1 13 41 45.072598269109427 55.852984910527425 470