8 10 116 100.000000000000000 0.000000000000000 0
8 10 116 98.000000000000000 19.899748742132399 0
8 10 116 81.766312060385914 8.217823563497323 0
31 10 115 83.766312060385914 -11.681925178635078 0
31 10 115 65.532624120771828 -3.464101615137756 0
31 10 115 63.532624120771821 16.435647126994645 0
32 39 115 39.386880486437697 59.073459739100045 0
31 10 115 87.294070683661317 48.782632395924907 0
32 39 115 18.158626132662249 -15.982261009497217 0
33 33 111 -29.465408188465592 38.017288571772781 0
37 26 109 -82.965466803789951 13.142728713217352 0
13 11 110 -72.188963975227139 48.538589866549643 0
4 29 109 -70.227600805504736 -40.361913793856090 0
12 30 107 -8.746884322797023 -79.520387415074936 0
13 11 110 29.474923556495845 -64.684842179444843 0
13 11 110 31.641121300208784 -86.577936691987688 0
13 11 110 -24.691539877909996 -41.747805305444068 0
46 18 100 57.605406604121214 -71.732957069772795 0
50 16 99 -3.143178191635620 93.947434402731972 0
13 11 110 -30.140873581421342 94.300200104500192 0
13 11 110 -50.222497218966026 85.315302103965792 0
11 11 105 -67.823997537055590 72.117302764963938 0
42 17 99 80.997835709138883 -45.698474924611489 0
29 15 85 -35.759678469063736 -13.013013819468220 0
49 10 78 80.683511866400295 29.906708256335541 0
41 12 71 -50.509344172987667 -83.980986843539043 0
49 10 78 98.000000000000000 19.899748742132399 116
49 10 78 100.000000000000000 0.000000000000000 116
43 21 78 69.804281135755531 7.015594220841957 116
3 24 79 68.500674037665576 51.996708130279650 116
43 21 78 32.105880091115878 25.531278347482065 116
43 21 78 26.111388439915082 67.101292418248079 116
7 27 79 -19.962058374036477 80.563740140782699 116
7 27 79 -65.301390723722804 51.232102919436066 116
43 21 78 -88.520933207480454 9.221951207677471 116
3 24 79 -43.717098493125249 5.024762280700251 116
40 20 80 84.379633173918762 -31.306189570672906 116
14 17 75 -71.762206123567026 -24.882961437378615 116
14 17 75 48.076363709471906 -24.159678100608588 116
15 16 73 18.773272524720895 -8.983089319918523 116
41 12 71 1.542173596384696 13.087008770527092 116
15 16 73 -1.543738855051117 40.916438235431215 116
26 13 62 -80.950895665209373 -53.441112366794776 116
16 12 60 -56.279046356021077 -49.403804889687642 116
5 15 48 70.656229365433632 -63.503521570533650 116
28 23 63 32.732340274424850 -61.099642161564667 116
25 21 56 -4.539161114100725 -37.715134806370372 116
39 17 55 -31.508985361782241 -64.485054119830608 116
6 13 44 -59.913502761050239 -74.138208594647722 116
16 12 60 -36.691354669026794 -30.283011986706384 116
47 11 102 13.782939747783306 98.035863702570481 116
47 11 102 35.093470170983906 92.571314948845057 218
18 28 100 56.159597003120943 59.750310998747530 218
9 24 101 84.472972138012167 16.134341578466113 218
46 18 100 88.341216978469873 -25.687144309224113 218
18 28 100 1.637181053773517 72.529440822266238 218
47 11 102 63.031960107801439 -11.529407320053750 218
9 24 101 36.695083756217116 11.522033937302783 218
27 30 97 46.380407271158354 -48.995736045036715 218
18 28 100 -4.194803440314764 -20.602989409846682 218
18 28 100 -32.187360555672811 27.898729592096103 218
50 16 99 -42.325385659548417 70.714853272237775 218
10 24 102 -83.606515665711072 20.148214269240075 218
18 28 100 -75.806319539413764 -31.263427801319160 218
47 11 102 -37.864094197236248 -40.284931893399509 218
50 16 99 -47.956395618569523 -65.327804173171145 218
20 14 45 -71.562184314466435 63.991044499541758 218
26 13 62 11.389469309180434 96.329019453408932 320
28 23 63 -22.452733154334730 84.052809434903708 320
21 27 66 -62.699789477109192 54.385075154183497 320
21 27 66 -82.888488688239505 4.300981629766916 320
21 27 66 -29.420041765013892 11.859102005773501 320
21 27 66 -49.608740976144205 -38.224991518643080 320
5 15 48 12.146167549350654 68.339246182206409 320
22 16 46 38.408610937755014 85.794980073615989 320
20 14 45 38.292811594822240 55.795203565912196 320
20 14 45 -9.734907970881615 49.307206510171980 320
44 18 45 13.023241741523490 26.811281953315998 320
44 18 45 10.404510445705824 -9.093345135686132 320
6 13 44 -89.490405125912133 -35.150440389597456 320
30 33 105 -3.744220253169502 -76.908912452951483 320
20 14 45 -50.505425279593531 -81.640688491262708 320
30 33 105 57.192187770724800 -51.556315403625938 320
21 27 66 82.958336437997346 2.629527607773362 320
17 15 43 61.920701433700089 38.980840010848532 320
24 17 94 -53.734150365253761 -75.905474667670049 425
36 20 94 -18.773681866803738 -88.020161719710813 425
24 17 94 18.087332203347405 -91.224165733459856 425
38 25 94 -75.126553887997602 -39.761802033029042 425
24 17 94 -92.983590168953313 -1.746985773304317 425
24 17 94 -87.397554801207846 31.790995812806337 425
34 37 93 53.089865947487169 -50.104552025518032 425
34 37 93 -41.419865187569869 60.111519427174180 425
19 20 93 7.296674971326809 89.703726424061188 425
19 20 93 45.447472741442802 77.682219467622147 425
19 20 93 -28.184759316215697 -49.143026778447847 425
19 20 93 15.961143440337246 50.653412902278497 425
1 22 91 -54.196282829423822 2.320542880421645 425
1 22 91 2.237857560391794 -20.186777325537733 425
23 25 97 73.578228898261813 42.558715114474381 425
48 16 89 17.347450858981276 14.680115142120169 425
45 18 120 52.831360536562215 4.894840470695256 425