3 18 98 92.000000000000000 0.000000000000000 0
1 23 78 78.000000000000000 38.535697735995385 0
2 21 46 53.066815744764632 2.281921065219645 0
1 23 78 32.063146583975460 40.945157890194785 0
3 18 98 84.956521739130437 35.304240736612037 98
1 23 78 86.816111363881205 -5.653565923749053 98
1 23 78 47.604610830749515 18.397592591803022 98
1 23 78 46.381446832400826 -27.586142248172120 98
1 23 78 46.412080002677506 -73.586132048267515 98
1 23 78 6.559603676831507 -50.612666251877876 98
1 23 78 7.169946299269142 -3.534983732620037 98
2 21 46 -17.913512743192690 -87.178587171389012 98
2 21 46 -55.897664327621371 -69.256415751297482 98
2 21 46 56.123099118703749 61.565119244229926 98
2 21 46 16.032827957461677 49.044330202876232 98
1 23 78 -34.863598062758889 -30.609707529698913 98
3 18 98 -82.492479378834787 -40.730711335950389 98
1 23 78 -70.500650322612358 -1.523619682955527 98
1 23 78 -74.896838812302846 44.265828083567207 98
1 23 78 -41.855488748501422 76.270033837832216 98
1 23 78 -30.659708569264527 31.653282430113098 98
3 18 98 92.000000000000000 0.000000000000000 196
1 23 78 78.000000000000000 38.535697735995385 196
2 21 46 53.066815744764632 2.281921065219645 196
1 23 78 32.063146583975460 40.945157890194785 196
3 18 98 84.956521739130437 35.304240736612037 294
1 23 78 86.816111363881205 -5.653565923749053 294
1 23 78 47.604610830749515 18.397592591803022 294
1 23 78 46.381446832400826 -27.586142248172120 294
1 23 78 46.412080002677506 -73.586132048267515 294
1 23 78 6.559603676831507 -50.612666251877876 294
1 23 78 7.169946299269142 -3.534983732620037 294
2 21 46 -17.913512743192690 -87.178587171389012 294
2 21 46 -55.897664327621371 -69.256415751297482 294
2 21 46 56.123099118703749 61.565119244229926 294
2 21 46 16.032827957461677 49.044330202876232 294
1 23 78 -34.863598062758889 -30.609707529698913 294
3 18 98 -82.492479378834787 -40.730711335950389 294
1 23 78 -70.500650322612358 -1.523619682955527 294
1 23 78 -74.896838812302846 44.265828083567207 294
1 23 78 -41.855488748501422 76.270033837832216 294
1 23 78 -30.659708569264527 31.653282430113098 294
3 18 98 92.000000000000000 0.000000000000000 392
1 23 78 78.000000000000000 38.535697735995385 392
2 21 46 53.066815744764632 2.281921065219645 392
1 23 78 32.063146583975460 40.945157890194785 392
2 21 46 80.782608695652172 37.351976284062154 490
2 21 46 88.916564533193807 -3.852862781670453 490
2 21 46 49.165149224649120 9.705344362624068 490
2 21 46 41.031193387107479 50.910183428356653 490
1 23 78 56.559161743172915 -33.668940402382873 490
2 21 46 16.150840363767642 -16.257232752106333 490