2 18 110 92.000000000000000 0.000000000000000 0
1 31 99 66.869565217391298 42.064964609958395 0
1 31 99 45.767107426038251 -16.233288152574403 0
3 25 96 12.465924898414322 28.789275548995001 0
2 18 110 26.277381593232917 69.510813633492134 0
2 18 110 84.956521739130437 35.304240736612037 110
1 31 99 77.892144654831966 -13.183846216894796 110
2 18 110 92.000000000000000 0.000000000000000 220
1 31 99 66.869565217391298 42.064964609958395 220
1 31 99 45.767107426038251 -16.233288152574403 220
3 25 96 12.465924898414322 28.789275548995001 220
2 18 110 26.277381593232917 69.510813633492134 220
2 18 110 84.956521739130437 35.304240736612037 330
1 31 99 77.892144654831966 -13.183846216894796 330
2 18 110 92.000000000000000 0.000000000000000 440
1 31 99 66.869565217391298 42.064964609958395 440
1 31 99 45.767107426038251 -16.233288152574403 440
3 25 96 12.465924898414322 28.789275548995001 440
2 18 110 26.277381593232917 69.510813633492134 440