3 19 95 91.000000000000000 0.000000000000000 0
2 23 79 77.395604395604394 39.735631619984375 0
1 24 59 48.103394229726682 2.980136471666070 0
1 24 59 72.069383417180589 -38.608700519368462 0
1 24 59 31.104766308830349 47.869407448224862 0
1 24 59 24.069399475367753 -38.569437487009459 0
1 24 59 0.728831246215101 10.703528350969782 0
2 23 79 -15.372531301227843 54.859458010708593 0
2 23 79 -60.774420227844075 62.253271769196331 0
2 23 79 -84.023782377709850 22.561116881556522 0
3 19 95 -88.962769210759149 -19.147472270594943 0
3 19 95 -53.287050296912625 -6.061484345328692 0
2 23 79 -58.226037129961909 -47.770073497480155 0
3 19 95 -16.523020180340747 -52.755891113439532 0
3 19 95 83.065934065934073 37.162489122149680 95
1 24 59 85.807559475678246 -5.750020593697133 95
3 19 95 50.116663371114761 18.232471671562863 95
2 23 79 47.931959793766623 60.175612592089102 95
2 23 79 42.084539596344797 -22.992338669623365 95
3 19 95 13.565288476802074 7.840311485374036 95
1 24 59 2.204606735663805 49.312409459512835 95
3 19 95 91.000000000000000 0.000000000000000 190
2 23 79 77.395604395604394 39.735631619984375 190
1 24 59 48.103394229726682 2.980136471666070 190
1 24 59 72.069383417180589 -38.608700519368462 190
1 24 59 31.104766308830349 47.869407448224862 190
1 24 59 24.069399475367753 -38.569437487009459 190
1 24 59 0.728831246215101 10.703528350969782 190
2 23 79 -15.372531301227843 54.859458010708593 190
2 23 79 -60.774420227844075 62.253271769196331 190
2 23 79 -84.023782377709850 22.561116881556522 190
3 19 95 -88.962769210759149 -19.147472270594943 190
3 19 95 -53.287050296912625 -6.061484345328692 190
2 23 79 -58.226037129961909 -47.770073497480155 190
3 19 95 -16.523020180340747 -52.755891113439532 190
3 19 95 83.065934065934073 37.162489122149680 285
1 24 59 85.807559475678246 -5.750020593697133 285
3 19 95 50.116663371114761 18.232471671562863 285
2 23 79 47.931959793766623 60.175612592089102 285
2 23 79 42.084539596344797 -22.992338669623365 285
3 19 95 13.565288476802074 7.840311485374036 285
1 24 59 2.204606735663805 49.312409459512835 285
3 19 95 91.000000000000000 0.000000000000000 380
2 23 79 77.395604395604394 39.735631619984375 380
1 24 59 48.103394229726682 2.980136471666070 380
1 24 59 72.069383417180589 -38.608700519368462 380
1 24 59 31.104766308830349 47.869407448224862 380
1 24 59 24.069399475367753 -38.569437487009459 380
1 24 59 0.728831246215101 10.703528350969782 380
2 23 79 -15.372531301227843 54.859458010708593 380
2 23 79 -60.774420227844075 62.253271769196331 380
2 23 79 -84.023782377709850 22.561116881556522 380
3 19 95 -88.962769210759149 -19.147472270594943 380
3 19 95 -53.287050296912625 -6.061484345328692 380
2 23 79 -58.226037129961909 -47.770073497480155 380
3 19 95 -16.523020180340747 -52.755891113439532 380
3 19 95 83.065934065934073 37.162489122149680 475
1 24 59 85.807559475678246 -5.750020593697133 475
3 19 95 50.116663371114761 18.232471671562863 475
2 23 79 47.931959793766623 60.175612592089102 475
2 23 79 42.084539596344797 -22.992338669623365 475
3 19 95 13.565288476802074 7.840311485374036 475
1 24 59 2.204606735663805 49.312409459512835 475