1 10 49 100.000000000000000 0.000000000000000 0
1 10 49 98.000000000000000 19.899748742132399 0
1 10 49 81.766312060385914 8.217823563497323 0
1 10 49 83.766312060385914 -11.681925178635078 0
1 10 49 65.532624120771828 -3.464101615137756 0
1 10 49 63.532624120771821 16.435647126994645 0
3 32 103 53.113097196255730 57.122665433443252 0
1 10 49 90.784922224442582 38.552969715804949 0
3 32 103 23.700013252656426 0.281918667353164 0
2 20 60 2.003784373674677 47.539443490716884 0
2 20 60 10.320228208005377 86.665352578563301 0
3 32 103 54.456858256902350 -55.843088997544243 0
2 20 60 3.134048862197588 -47.478327444767942 0
1 10 49 91.558471364788062 40.212514486702830 103
1 10 49 97.729491283239753 21.188358443238709 103
1 10 49 99.991331550361849 1.316668062045039 103
1 10 49 78.168578904814723 25.356176448331830 103
2 20 60 68.070699579387792 58.875970130204522 103
2 20 60 70.400402769619205 -3.620632201562294 103
1 10 49 58.229252747228927 23.799490101820474 103
1 10 49 45.443076166686041 39.178491644546732 103
3 32 103 56.535147589012269 -53.738041340270314 103
2 20 60 30.711930250830406 -8.603116433885194 103
3 32 103 -2.707026736537287 -77.953011527763778 103
2 20 60 -54.335393686520099 -71.747229862419573 103
2 20 60 -80.059275146457310 -41.115841995803073 103
2 20 60 -89.968978799686880 -2.362806327546473 103
2 20 60 -82.107032319644972 36.856956516521777 103
2 20 60 -51.453013610597417 -13.157269054002507 103
1 10 49 37.206535516084372 -91.026172901589746 103
1 10 49 -46.598873796236084 -42.761953255368887 103
1 10 49 -26.609637491309901 -43.418026380730218 103
1 10 49 16.621585336390606 -40.664879966444346 103
3 32 103 -30.170527026792612 34.288023281593539 103
1 10 49 -22.106332942422679 -6.930525622626915 103
3 32 103 18.798135293076342 75.495669545395685 103
1 10 49 -16.226603561520282 98.674704645401690 103
1 10 49 -35.538089786766058 93.472157214369204 103
1 10 49 -53.428052420541192 84.530723494761958 103
1 10 49 -23.201339160342734 75.705778175867181 103
1 10 49 11.828947426626463 34.077914651122043 103
1 10 49 27.114728637334728 21.180438433723609 103
1 10 49 8.302295983007921 14.391301697258616 103
1 10 49 -2.637593489046877 -2.351422643159368 103
1 10 49 -8.406343708970869 -21.501397079176954 103
1 10 49 36.460224825464671 -93.116335869043780 206
1 10 49 54.260937204775203 -83.998516020578847 206
2 20 60 32.466036526146233 -63.383417078087724 206
1 10 49 62.375027060250630 -65.718429975451187 206
2 20 60 61.372360363947223 -35.735190332341830 206
3 32 103 13.741326350151660 -14.871715099853589 206
3 32 103 77.474767850172327 -9.036611453520941 309
2 20 60 67.091507781033968 -59.989412263060714 309
2 20 60 33.983974682289265 -37.541890080968457 309
2 20 60 67.091507781033968 -59.989412263060714 412
1 10 49 51.582354249441742 -85.669485408079225 412
1 10 49 51.582354249441742 -85.669485408079225 472
2 20 60 67.091507781033954 -59.989412263060714 472
1 10 49 90.883563507815552 -41.715439397432419 472
2 20 60 70.079181517492486 -20.101145747148095 472
2 20 60 34.041092533558682 -37.457877651111744 472
2 20 60 37.028766270017215 2.430388864800882 472
2 20 60 73.066855253951019 19.787120768764531 472
1 10 49 89.292459049488031 45.020625905194862 472
1 10 49 99.808269946087535 6.189446693276995 472
3 32 103 34.219732477227737 54.354461597503267 472
3 32 103 -12.330990417307198 -13.928535909405193 472
1 10 49 4.727311389619058 24.451333025543196 472
3 32 103 -76.288947094726865 -16.247970678763707 472
2 20 60 -42.824522888112554 -56.049130366890466 472
1 10 49 -45.295835118903447 12.096817379256262 472
3 32 103 -29.697095908582988 51.092706073430314 472
1 10 49 -60.567107995563070 79.571511416170807 472
1 10 49 -75.190296677787003 65.927378876354354 472
2 20 60 -79.531737064274509 36.243176084792388 472
1 10 49 0.874922297841650 79.891173094888956 472