16 10 85 100.000000000000000 0.000000000000000 0
16 10 85 98.000000000000000 19.899748742132399 0
16 10 85 81.766312060385914 8.217823563497323 0
36 24 85 77.530773183718040 -25.517324434165815 0
8 27 84 45.210516405258176 13.933923984286283 0
48 14 82 72.300502548921003 -63.155659533991638 0
8 27 84 33.218027349201293 -50.763721337595797 0
26 19 82 7.603120567150064 -12.555390432584701 0
8 27 84 -5.878348345789718 31.424718661748372 0
8 27 84 13.193385921370481 81.944704331212179 0
26 19 82 53.196937769606237 59.235326543049126 0
32 28 80 -48.636075398944413 66.019180317451642 0
45 16 88 84.144800066126621 41.900508610655038 0
1 30 74 -78.341791624751551 16.203816989339515 0
35 19 81 -85.062139467092564 -32.333147531301272 0
18 27 83 -39.561908808319799 -25.570824705638817 0
2 12 71 -64.513638649914483 -55.544332640347982 0
43 22 71 -36.260920294642574 -74.459509233171062 0
19 13 71 -1.464281100993423 -70.692029860035731 0
19 13 71 -8.466828649880599 -95.731285596290647 0
2 12 71 17.823887243676776 -86.596952428462856 0
25 11 109 -22.504571115773224 94.969905418882277 0
25 11 109 40.519203039531519 -90.328257954204005 0
5 11 118 59.467383218776305 -79.149417768617866 109
37 23 118 72.678405530068673 -47.821013891456559 109
37 23 118 86.904462359397797 -4.076079246532238 109
5 11 118 94.647961015126413 29.030388831001051 109
5 11 118 85.899722684938695 49.216233527674873 109
5 11 118 72.792387545865637 31.547114547034642 109
37 23 118 53.507847159257004 59.549016305259215 109
37 23 118 15.589864035546107 85.591799486593260 109
50 17 120 51.126417322600638 13.810549651751373 109
50 17 120 23.292865316911595 33.337284728220332 109
24 35 114 -27.067249836145894 46.293318140140421 109
44 33 111 -76.999884331136457 0.133465319862935 109
50 17 120 -27.342043447842968 -5.705955782395950 109
50 17 120 -42.557183551167711 -36.111539342594213 109
40 34 111 -9.970640759428321 -75.343123925454719 109
25 11 109 -58.557155996240361 79.825180749134361 109
25 11 109 -89.498207276337766 42.321045524912080 109
29 14 103 -84.080431056480094 -46.330131808106238 109
29 14 103 -57.955921106568198 -76.531766010521693 109
9 13 91 -72.892738423229332 60.577035994924799 109
9 13 91 36.102165104411583 -84.632718094896106 109
9 13 91 38.371682218757059 -58.731959571878036 109
39 27 114 24.496268992277784 -21.215657677975372 109
2 12 71 -18.712553697089589 92.544794359003305 109
35 19 81 -75.269034118950188 -51.142668123596295 229
22 21 78 -88.011680560710104 -13.226642993576355 229
41 19 80 -49.321867972134456 -23.380381313076885 229
41 19 80 -86.976460079697574 26.759958744451996 229
18 27 83 -41.233597863506489 21.902947701582313 229
11 18 76 -13.628331863823554 -13.635050118873883 229
18 27 83 -19.343985620474680 -58.270588674312869 229
15 30 74 -24.126482459195074 76.275243979591124 229
11 18 76 -69.416905579659101 60.376263711368338 229
19 13 71 -55.176342526717029 -76.048164396094123 229
19 13 71 -4.599916758663198 37.964498333717664 229
7 18 72 11.916936310913911 11.731054703915627 229
7 18 72 21.111993395139862 -23.074848893287914 229
46 30 71 36.737840212549756 -68.460231024970369 229
14 21 72 79.311922413548359 -40.380923256746911 229
19 13 71 96.377248977683379 -10.973872584171318 229
14 21 72 63.763293499822240 -1.365027279552692 229
10 14 69 0.867846910824627 -93.942451896279721 229
12 12 48 96.992163947460782 14.018563863281027 229
34 21 72 75.414424696876978 38.986566763669671 229
10 14 69 42.687796402868045 26.578190540094980 229
34 21 72 39.939211150558840 61.470099044944476 229
17 16 52 19.095118038221813 92.040080764340786 229
12 12 48 -46.493013144010163 -86.269344084621963 312
30 17 50 -66.366578977361371 -65.149652300236070 312
30 17 50 -85.348236234623258 -36.941556161576912 312
30 17 50 -51.428479757519753 -34.607006840188447 312
28 18 57 -70.489048445225251 -5.252369705635740 312
30 17 50 -35.495676262446914 -4.571265251417998 312
17 16 52 -18.475635003646396 -32.843481216013494 312
28 18 57 -88.227839347087738 26.073901973898685 312
31 23 60 -47.898146994573558 33.457391308323132 312
31 23 60 -3.916746985900737 19.980134418395025 312
20 15 65 -69.622605557384446 64.635074034156261 312
49 22 61 -34.554105204638944 76.433390990802636 312
20 15 65 7.681800008024181 -16.206516540621827 312
49 22 61 13.940003407116293 -52.673417837765129 312
49 22 61 54.882563647993479 -68.788837811260805 312
49 22 61 81.324496097991315 -33.620326209122283 312
23 15 66 94.996953306167029 0.760830168908463 312
23 15 66 23.515446801407606 -88.412904177145037 312
43 22 71 58.118940182555747 3.762854161942910 312
23 15 66 85.099965752194478 29.081311050357360 312
46 30 71 48.176084914785264 54.803422625902726 312
34 21 72 -12.440395149911566 -86.630369585122594 312
9 13 91 34.968362706878281 -22.486922266488918 312
45 16 88 -0.861585398499631 58.860283436561986 312
42 14 89 15.350050332711888 84.102764830404908 312
3 29 106 76.854168524181588 -25.581962013432364 403
6 21 105 85.811464192226893 23.609163754486563 403
6 21 105 65.429579830048638 60.332164582942767 403
6 21 105 45.151939102221263 13.082862435637534 403
38 17 102 29.575309207643457 47.743627013577026 403
38 17 102 33.853504927972033 81.473391930910239 403
27 26 102 -9.098437078030379 83.505798856948388 403
33 21 98 -6.743210722173556 36.564847558400146 403
13 33 91 -59.249400411870404 49.178334160825855 403
33 21 98 -88.907711508235835 4.052016086876954 403
33 21 98 -47.601510727524897 -3.550468840013426 403