47 10 85 100.000000000000000 0.000000000000000 0
47 10 85 98.000000000000000 19.899748742132399 0
49 34 85 56.366210583622760 5.665017313940489 0
4 25 85 66.943468928908700 -52.379117668821372 0
49 34 85 8.718154474770927 -42.849544923059106 0
49 34 85 -9.472660821526013 22.672163226652685 0
5 16 86 32.615778822243954 49.664074021421044 0
29 11 87 93.379034512564630 -19.928944177105567 0
16 28 82 -65.357206106137738 49.522071947767202 0
4 25 85 -84.999483717426799 0.296256258831647 0
5 16 86 -84.730614383532199 -40.702862137559400 0
8 13 89 87.866229081876696 40.546944362337058 0
8 13 89 64.502835224249452 51.955354744742905 0
8 13 89 -27.794077948485231 65.954095651857145 0
4 25 85 6.853745066553038 81.559490882949007 0
25 10 80 -52.668995161204705 13.702952709336987 0
25 10 80 -50.605821549885434 -6.190345525233264 0
23 17 77 -0.560936528653386 -92.998308319080849 0
24 15 80 -27.547282428027650 -75.801298840705670 0
24 15 80 -57.546517197431498 -75.587025066777969 0
23 17 77 -51.904727237427466 -44.088291662921904 0
40 14 93 45.553671782468427 76.730860416369637 0
26 10 34 30.334347889558064 95.288128001946106 93
33 12 55 49.539478291597959 84.556727057025412 93
17 17 55 68.647360853398268 62.741850848244198 93
33 12 55 39.647406928331122 62.690156129144739 93
38 13 62 49.447041175240287 39.690869865723315 93
26 10 34 26.997121735138435 44.690981577769058 93
22 29 75 80.232913880594793 11.121129898938356 93
33 12 55 94.070292730315799 -27.473260193007569 93
11 11 56 40.718421324387606 17.334412286328035 93
10 23 58 60.374173422583738 -36.937484598582856 93
11 11 56 44.506054366240932 -6.867519556805201 93
11 11 56 24.556889943792580 2.407761508807906 93
10 23 58 -0.084613786104342 25.834163151601370 93
21 24 78 5.031757647306495 72.577361237419723 93
48 15 72 58.452205566986841 -74.888848731668404 93
32 23 71 22.395668105617901 -62.891928031051165 93
11 11 56 27.256693930774027 -29.241215885137148 93
1 13 68 7.978480354647271 -14.946094993264909 93
32 23 71 -27.791751042522549 -10.885239690138881 93
22 29 75 -68.466046549855193 -43.282796465028241 93
1 13 68 -96.278257592532128 -11.810889676312691 93
1 13 68 -26.619186949186197 -46.866138698460205 93
36 18 69 -66.125397707939612 3.658883979954119 93
48 15 72 -47.773917512481333 -82.113657850022918 93
48 15 72 -40.801846094081768 24.818225502323806 93
48 15 72 -28.094005891962588 51.993780646559657 93
36 18 69 -46.504067365903765 79.381179875506291 93
32 23 71 -72.677460958148743 47.822449421550601 93
37 11 103 -21.971039840894434 94.845026759678888 93
42 12 98 -12.316590340921522 -67.370668204431709 93
42 12 98 -2.965896185990353 -38.771582745740233 93
37 11 103 -43.201336630251909 89.076621587034012 196
28 34 100 -59.591927014668514 47.167809305483132 196
28 34 100 2.005394567347786 75.973537449754517 196
45 35 100 -72.089417573443725 -20.690961164761351 196
45 35 100 62.096117720199913 42.060339562099031 196
9 37 98 66.642321444174286 -29.795989537710415 196
46 38 86 -0.306246293864412 4.010655930677096 196
6 15 99 -26.805458150026755 -41.889145495932866 196
6 15 99 -47.089638265661989 -63.992358769945042 196
3 18 73 -25.024936879727328 -88.531082305400872 196
7 24 93 6.992721017802310 -61.348926711026870 196
44 16 95 38.782588068958866 -85.626578015668997 196
40 14 93 -62.346287142128602 72.999592324829109 299
40 14 93 -38.630481638832222 87.884503118307762 299
7 24 93 -77.148636120749671 38.001157149594263 299
7 24 93 -85.499269089560016 -9.266875695238802 299
40 14 93 -37.597673510262716 59.903557684502971 299
30 34 81 7.767638859979705 75.587576096578715 299
40 14 93 -39.629124936588070 31.977347682025353 299
7 24 93 -37.612686733103864 -5.969114300240257 299
7 24 93 63.154392329408267 58.373990179729695 299
41 20 94 -73.700235725280081 -51.655350681591052 299
41 20 94 87.361744443305582 21.631588194641786 299
7 24 93 83.095639109014400 -22.161109202033071 299
44 16 95 54.853438926565403 6.165170625266498 299
15 31 96 29.220964550731928 -33.229959243439872 299
15 31 96 -13.914026979186779 -77.765029757741772 299
43 15 96 33.031609754202613 33.602676731975521 299
43 15 96 3.825591535301466 26.746402248174981 299
31 15 119 -59.747909685947882 -73.859239693892164 395
35 24 119 -76.766061833181084 -38.768179614526900 395
2 21 118 -88.882596538214813 4.569905100210022 395
2 21 118 -76.889865959950200 44.821295303247219 395
34 24 118 -29.833841039197488 -48.836280296620529 395
34 24 118 -44.743728793750627 13.331203761749867 395
18 20 120 -12.236794572298720 -89.164235310999899 395
20 27 115 32.935697445389131 -76.185561845967825 395
18 20 120 73.336840058156341 -52.169990322832106 395
18 20 120 40.209428182155591 -29.751815053693797 395
20 27 115 80.610570794922779 -5.736243530558070 395
20 27 115 68.488932394618118 46.885670939482445 395
20 27 115 -32.388958767971666 62.812105709977473 395
50 20 110 37.196371679722489 81.953828061073139 395
50 20 110 12.884495531001097 50.190127424509512 395
50 20 110 37.060761413598222 11.938996293848721 395
6 15 99 2.399617357063278 16.797503543213772 395
6 15 99 -12.811978116212909 -9.059939546879328 395
19 17 97 -0.377440823488520 92.999234074398515 395
48 15 72 51.713436553546956 -79.691407816792093 515