1 11 55 99.000000000000000 0.000000000000000 0
1 11 55 96.555555555555557 21.863775779997951 0
1 11 55 78.843192529652626 8.814936902970350 0
1 11 55 81.287636974097069 -13.048838877027592 0
1 11 55 76.398748085208183 30.678712682968296 0
1 11 55 84.861216147439819 50.986017632067515 0
1 11 55 63.043340148006621 48.161077478124973 0
1 11 55 61.130829503749695 -4.233901974057249 0
1 11 55 58.686385059305252 17.629873805940697 0
3 18 61 36.550741275713321 36.365222062269638 0
2 15 72 59.649623878065348 73.938639230143650 0
2 15 72 79.731556784198247 51.651513557379616 72
2 15 72 59.649623878065341 73.938639230143650 72
2 15 72 91.862420315729651 24.213544427369968 72
2 15 72 62.035010255122387 27.426893004226393 72
3 18 61 73.800289533827325 -3.404555283099914 72
2 15 72 41.930971499229955 5.159705806432973 72
3 18 61 30.165692220525020 35.991154093759278 72
3 18 61 26.717342661776982 71.825619142378088 72
1 11 55 66.039975782624197 73.754468329928386 144
1 11 55 48.120963557860605 86.518049366956092 144
3 18 61 78.692504311432657 47.660148606515627 144
3 18 61 41.513068851085379 58.280915526139808 144
1 11 55 26.399072572004020 83.031008788103804 144
3 18 61 51.761425238085820 23.770465060157381 144
3 18 61 5.778017930178443 62.640518223655775 144
1 11 55 66.039975782624197 73.754468329928386 205
1 11 55 48.120963557860605 86.518049366956092 205
3 18 61 78.692504311432657 47.660148606515627 205
3 18 61 41.513068851085379 58.280915526139808 205
1 11 55 26.399072572004020 83.031008788103804 205
3 18 61 51.761425238085820 23.770465060157381 205
3 18 61 5.778017930178443 62.640518223655775 205
1 11 55 66.039975782624197 73.754468329928386 266
1 11 55 48.120963557860605 86.518049366956092 266
3 18 61 78.692504311432657 47.660148606515627 266
3 18 61 41.513068851085379 58.280915526139808 266
1 11 55 26.399072572004020 83.031008788103804 266
3 18 61 51.761425238085820 23.770465060157381 266
3 18 61 5.778017930178443 62.640518223655775 266
1 11 55 66.039975782624197 73.754468329928386 327
1 11 55 48.120963557860605 86.518049366956092 327
3 18 61 78.692504311432657 47.660148606515627 327
3 18 61 41.513068851085379 58.280915526139808 327
1 11 55 26.399072572004020 83.031008788103804 327
3 18 61 51.761425238085820 23.770465060157381 327
3 18 61 5.778017930178443 62.640518223655775 327
1 11 55 66.039975782624197 73.754468329928386 388
1 11 55 48.120963557860605 86.518049366956092 388
3 18 61 78.692504311432657 47.660148606515627 388
3 18 61 41.513068851085379 58.280915526139808 388
1 11 55 26.399072572004020 83.031008788103804 388
3 18 61 51.761425238085820 23.770465060157381 388
3 18 61 5.778017930178443 62.640518223655775 388
1 11 55 66.039975782624197 73.754468329928386 449
1 11 55 48.120963557860605 86.518049366956092 449
3 18 61 78.692504311432657 47.660148606515627 449
3 18 61 41.513068851085379 58.280915526139808 449
1 11 55 26.399072572004020 83.031008788103804 449
3 18 61 51.761425238085820 23.770465060157381 449
3 18 61 5.778017930178443 62.640518223655775 449
1 11 55 66.039975782624197 73.754468329928386 510
1 11 55 48.120963557860605 86.518049366956092 510
3 18 61 78.692504311432657 47.660148606515627 510
3 18 61 41.513068851085379 58.280915526139808 510
1 11 55 26.399072572004020 83.031008788103804 510
3 18 61 51.761425238085820 23.770465060157381 510
3 18 61 5.778017930178443 62.640518223655775 510