2 12 110 98.000000000000000 0.000000000000000 0
1 15 108 91.326530612244895 26.162278309250819 0
1 15 108 78.614717174874443 53.335975134185944 0
1 15 108 61.437512128429326 28.740373356787195 0
1 15 108 48.725698691058874 55.914070181722302 0
3 27 92 61.323216806016539 -13.259471126011482 0
1 15 108 33.386965707669368 18.102382686703361 0
3 27 92 7.037176103381128 50.808476733680962 0
1 15 108 34.684529782955018 82.425305077405639 0
3 27 92 -43.064314978646841 70.953962365888302 0
3 27 92 -77.602152108114495 29.443267281146998 0
3 27 92 -79.292279040563443 -24.530276895164150 0
3 27 92 -31.704755185371866 0.992802333870372 0
3 27 92 -33.394882117820814 -52.980741842440779 0
2 12 110 -74.835190529645018 -63.274752140105058 0
2 12 110 -7.514602404454886 86.991977701095408 0
2 12 110 95.061224489795919 23.819395426849606 110
1 15 108 94.946749803267011 -3.180361896988405 110
1 15 108 70.073254811780572 13.591914242775680 110
3 27 92 60.577405283606765 -27.320539139272690 110
2 12 110 43.694013897394186 7.835556993545623 110
1 15 108 48.471669896112097 34.409491650609766 110
3 27 92 7.938050381940954 23.408324027107049 110
1 15 108 30.791719316201110 58.646227146379516 110
1 15 108 52.938285728969838 78.883064748258533 110
1 15 108 74.896667276782139 58.442187081174438 110
2 12 110 98.000000000000000 0.000000000000000 220
1 15 108 91.326530612244895 26.162278309250819 220
1 15 108 78.614717174874443 53.335975134185944 220
1 15 108 61.437512128429326 28.740373356787195 220
1 15 108 48.725698691058874 55.914070181722302 220
3 27 92 61.323216806016539 -13.259471126011482 220
1 15 108 33.386965707669368 18.102382686703361 220
3 27 92 7.037176103381128 50.808476733680962 220
1 15 108 34.684529782955018 82.425305077405639 220
3 27 92 -43.064314978646841 70.953962365888302 220
3 27 92 -77.602152108114495 29.443267281146998 220
3 27 92 -79.292279040563443 -24.530276895164150 220
3 27 92 -31.704755185371866 0.992802333870372 220
3 27 92 -33.394882117820814 -52.980741842440779 220
2 12 110 -74.835190529645018 -63.274752140105058 220
2 12 110 -7.514602404454886 86.991977701095408 220
2 12 110 95.061224489795919 23.819395426849606 330
1 15 108 94.946749803267011 -3.180361896988405 330
1 15 108 70.073254811780572 13.591914242775680 330
3 27 92 60.577405283606765 -27.320539139272690 330
2 12 110 43.694013897394186 7.835556993545623 330
1 15 108 48.471669896112097 34.409491650609766 330
3 27 92 7.938050381940954 23.408324027107049 330
1 15 108 30.791719316201110 58.646227146379516 330
1 15 108 52.938285728969838 78.883064748258533 330
1 15 108 74.896667276782139 58.442187081174438 330
2 12 110 98.000000000000000 0.000000000000000 440
1 15 108 91.326530612244895 26.162278309250819 440
1 15 108 78.614717174874443 53.335975134185944 440
1 15 108 61.437512128429326 28.740373356787195 440
1 15 108 48.725698691058874 55.914070181722302 440
3 27 92 61.323216806016539 -13.259471126011482 440
1 15 108 33.386965707669368 18.102382686703361 440
3 27 92 7.037176103381128 50.808476733680962 440
1 15 108 34.684529782955018 82.425305077405639 440
3 27 92 -43.064314978646841 70.953962365888302 440
3 27 92 -77.602152108114495 29.443267281146998 440
3 27 92 -79.292279040563443 -24.530276895164150 440
3 27 92 -31.704755185371866 0.992802333870372 440
3 27 92 -33.394882117820814 -52.980741842440779 440
2 12 110 -74.835190529645018 -63.274752140105058 440
2 12 110 -7.514602404454886 86.991977701095408 440