7 10 108 100.000000000000000 0.000000000000000 0
7 10 108 98.000000000000000 19.899748742132399 0
7 10 108 81.766312060385914 8.217823563497323 0
6 21 107 78.826457749985337 -22.642462511547727 0
41 20 104 51.766369048126435 8.159349114516221 0
23 30 106 29.821534047314600 -36.767527215662177 0
50 17 110 45.665321536797322 -81.016531701504690 0
50 17 110 11.677040383371068 -80.123926393627968 0
50 17 110 76.251048392612034 35.899220732779355 0
23 30 106 42.002433137150177 68.086677188413518 0
42 23 112 -28.264775030609290 -82.280632547817987 0
28 11 111 -61.893137316836942 -77.267325261582371 0
42 23 112 -54.047030049688658 -44.185024846520498 0
42 23 112 -86.257197194164888 -11.344422956102825 0
42 23 112 -41.711318109253810 0.130099105947618 0
15 34 103 -20.170378384122401 52.903083821218914 0
32 13 100 6.156852569177636 91.837347784103855 0
43 22 100 -75.612640407488442 45.019202687384919 0
32 13 100 -18.220056952350941 -47.710361523015330 0
32 13 100 -10.839800141698003 -22.779821829522714 0
45 13 98 -6.563323328137162 7.915885056421535 0
45 13 98 19.042996546691576 12.423254851318639 0
27 10 92 70.647176239977441 -70.774123020476679 0
27 10 92 -98.087873530526522 19.461990295430589 0
27 10 92 83.318105370700437 -55.300029994900171 0
27 10 92 -61.116008350834946 -79.150701344085846 112
36 16 92 -74.741119746755928 -57.006710298008699 112
31 25 91 -83.300929945871957 -16.910206094336399 112
38 20 93 -43.839300799004427 -38.538424353709850 112
38 20 93 -42.207127598406338 1.428261906765254 112
36 16 92 -13.114884824428731 -19.776487805974760 112
38 20 93 -7.540096253212766 -55.342225987351505 112
36 16 92 -35.124813611474615 -78.474095091788513 112
38 20 93 -85.522173673304735 28.034939097367463 112
12 23 95 -60.212293907057315 62.797131004928474 112
38 20 93 -25.308214447002264 37.683285480075789 112
36 16 92 -2.013323767780005 10.236098588828012 112
12 23 95 25.793796106952357 -17.109176766747847 112
24 21 96 18.426045382147642 -87.071699487118295 112
21 18 96 55.062993848208251 -73.702555644103555 112
39 19 97 78.875442058270934 -45.383528290695338 112
24 21 96 88.753278136668385 -6.622357585873864 112
21 18 96 86.147116817699313 32.290467076176938 112
21 18 96 55.392493037576045 13.578088388712409 112
14 10 88 58.667926544727194 -14.229671955123836 112
24 21 96 52.786331718606974 52.490913050763218 112
8 22 97 -21.292168282581365 85.385265531157287 112
24 21 96 21.420511980759567 80.422711277387691 112
25 16 98 9.883878445219363 45.267255275983736 112
14 10 88 52.268731333885611 83.486591617972181 112
14 10 88 -12.327244006267895 -90.974927867878066 112
14 10 88 49.886525169582555 -46.185212530728542 112
19 12 71 23.838268387755289 20.992268121885129 112
10 10 69 30.217978215308381 -49.811265578811557 112
34 25 79 35.640457616284579 77.167077052988233 210
11 19 78 -6.197943049155505 90.788685979913964 210
40 16 80 0.291560275757574 56.395571166103593 210
34 25 79 -40.195964187353667 62.857797009338199 210
4 20 81 73.192937701938320 52.371689590466502 210
49 25 72 84.540538857268459 8.825944126419721 210
49 25 72 74.876245562945542 -40.231180077117784 210
4 20 81 47.860408919554686 -76.219297150085367 210
4 20 81 29.876988757120639 -40.489805140523288 210
35 17 71 -79.547367986350764 48.179002132091725 210
19 12 71 -95.091817696162153 23.696966203289875 210
35 17 71 -92.853582630639593 -5.216530710633666 210
19 12 71 -71.323607705134819 20.369475583854786 210
19 12 71 52.748598884625686 27.754033115429650 210
20 20 87 40.869609391118075 -2.029926154793060 210
10 10 69 30.801439990572469 26.230151073019272 210
35 17 71 3.930165940257353 23.596782334528267 210
10 10 69 -21.204419502275616 33.458456362400497 210
46 33 89 -35.639232325797629 -7.046310995898015 210
22 22 68 7.455344626758134 -87.683623536532011 210
35 17 71 -5.616692172134037 -50.939619210269356 210
35 17 71 -39.085278549818909 -56.927417292991194 210
18 14 68 -28.316667186565709 -91.728765169085719 210
5 12 119 -52.646771809597823 -82.561104124287453 210
18 14 68 -71.222320301638746 -64.369100435308070 210
9 13 66 9.783223903500453 -14.312704193179664 210
1 16 60 -82.196196897812143 -36.448247431648632 210
5 12 119 -71.201004099447871 -67.338079978793630 329
16 17 119 -45.637828473782534 -81.032022140617983 329
16 17 119 -83.449206447040680 -41.051552264916644 329
5 12 119 -52.129749270532507 -52.767999702742557 329
5 12 119 -28.612184835281855 -57.555918147519350 329
30 26 119 -49.338186297203904 -14.870675573380325 329
30 26 119 -0.310182620223642 -32.198539130380375 329
17 23 115 -84.946685783085243 18.789906185763236 329
15 34 103 -33.321146525401844 42.951936240239021 329
15 34 103 30.441091440924737 19.321933922728750 329
30 26 119 51.479685204539507 -36.868613079855145 329
43 22 100 86.383748267624185 16.788330329003411 329
43 22 100 -6.720525862240851 -83.570438466142818 329
48 16 99 91.659939709396554 -20.843594998698975 329
39 19 97 41.822329514508233 -80.820125921579049 329
9 13 66 -36.578187187810698 89.838946020384057 329
9 13 66 -77.926934263454172 57.761517607307454 329
9 13 66 82.177710586355261 51.534686210214119 329
9 13 66 65.536832513305498 71.511702427805091 329
48 16 99 -7.837389628919578 85.970282726836956 329
25 16 98 18.566249815947934 67.891349570662157 329
26 13 60 -85.097231888900097 -46.555999880216987 448
3 19 60 -89.771993620183395 -14.899300703648848 448
26 13 60 -95.574190122206815 16.570280096735310 448
26 13 60 -63.137334640299819 -32.636125138290680 448
3 19 60 -63.793138505497183 12.833335069572250 448
3 19 60 -77.027051466586769 48.454446053626427 448
3 19 60 -39.561307962826149 42.104795377375062 448
3 19 60 -37.025282866393773 -14.138537399429968 448
29 21 54 -36.799649964709161 -54.137901016788646 448
46 33 89 5.383763237839801 15.952537831092968 448
33 16 42 -6.660148109128261 -31.544243106844014 448
46 33 89 68.560716958173359 35.048938502916741 448
29 21 54 87.645900270024228 -15.465967989652846 448
29 21 54 45.868315673199803 -19.782613128551603 448
29 21 54 3.107119677602736 -67.231782668745552 448
33 16 42 33.963280759295991 -87.649846320830662 448
13 15 40 37.581183963639845 -56.861686642084045 448
13 15 40 94.862831347019153 -5.103256688331157 537