37 10 79 100.000000000000000 0.000000000000000 0
37 10 79 98.000000000000000 19.899748742132399 0
37 10 79 81.766312060385914 8.217823563497323 0
35 19 81 80.277628055073677 42.854433071168344 0
18 21 76 78.826457749985337 -22.642462511547727 0
35 19 81 52.770807551650876 7.707217762584213 0
35 19 81 42.302785353551194 44.236938693082607 0
35 19 81 39.156496546022758 -27.770247420853472 0
26 22 83 12.610726186188614 15.963601033693331 0
10 30 83 -1.608008392806823 65.981873564560289 0
26 22 83 -53.460186470650939 69.899989002311216 0
26 22 83 -37.901718800397546 28.742558521853859 0
10 30 83 -79.979521881548180 -1.809994364343886 0
10 30 83 -56.226849089878492 -56.908184309675804 0
28 12 84 -89.905391868459574 39.000262986020026 0
23 26 84 -7.053483594188435 -83.703335472288771 0
28 12 84 -15.497972746252724 -46.653496026473782 0
39 24 86 42.174153272995355 -74.948921244444179 0
29 14 86 14.141766464220414 -49.293799147614848 0
29 14 86 62.271839363519710 70.509298350086397 0
18 21 76 -18.438204968853253 -13.784741342470596 0
47 11 97 82.114249667333382 55.301446649891901 86
47 11 97 92.299852783027504 35.801357184210914 86
47 11 97 97.927438477337546 14.533299462519512 86
47 11 97 70.319478371831394 36.730410865994372 86
17 33 97 58.885639287170449 -5.758026664539507 86
17 33 97 29.593518519353019 53.385626088089829 86
17 33 97 -6.980326853120715 -1.553921003876468 86
17 33 97 -36.272447620938138 57.589731748752868 86
15 17 88 -0.946737310835392 92.974674748377737 86
4 18 95 74.187038347224714 -54.408485930665364 86
14 21 96 35.187249846199634 -54.280045768283358 86
14 21 96 -6.793436972137751 -55.553597597096783 86
14 21 96 -41.988978077541496 -78.472451981595043 86
4 18 95 -83.561182251790513 38.490632895329881 86
9 20 98 -58.837572624545125 9.633343920105979 86
14 21 96 -86.597585057192333 -20.539188451892130 86
5 21 90 -47.911935339634354 -36.892185300494717 86
6 14 93 -78.156758097481742 -54.506120021232078 86
2 12 92 -97.421199838739867 10.635310149699961 86
34 17 71 22.728973094316906 -90.179785883965252 86
2 12 92 50.993062515447292 -83.688156720623766 86
34 17 71 -92.871817557213689 -4.881137533363971 184
31 22 70 -81.775847284943012 32.507088470511711 184
31 22 70 -54.008045587916456 -1.624263523140833 184
42 19 69 -75.609248498239353 -36.472334242006440 184
42 19 69 -41.054085983642935 37.275542781914851 184
42 19 69 -14.669406156195564 9.928720838531888 184
7 15 69 -23.701548861791743 -22.849631745845286 184
46 31 71 -36.120073982354597 -67.141620116542185 184
17 33 97 27.707063191591363 -71.842317956042891 184
48 19 74 75.354586897447973 -51.016529022611508 184
46 31 71 78.991644054528706 -1.148986319605491 184
21 11 59 51.464670658977198 -32.870678198832238 184
21 11 59 -3.438011519957303 -40.762029649592897 184
44 20 58 75.034537499999615 49.697265338860966 184
7 15 69 45.704256320071153 30.599239108217798 184
7 15 69 16.627359711259931 23.214519506194780 184
7 15 69 24.770453240488699 52.088210433650396 184
48 19 74 17.191474730087876 -10.780800381188737 184
48 19 74 47.530034980264780 77.346900800145079 184
44 20 58 10.436953743167074 89.392784924528399 184
16 18 40 -27.529005593000889 87.784701691470858 184
16 18 40 -9.149957841706641 56.829724648099528 184
25 17 51 -58.795716350023952 72.055976427271645 184
1 12 114 72.340741501323009 -66.112155607261528 281
45 14 113 51.180145264461174 -81.219411046305012 281
1 12 114 50.954544123409107 -55.220389831552403 281
1 12 114 71.080188666200087 -42.145282499785367 281
45 14 113 92.150539889829517 -26.912413455744492 281
38 22 115 43.686340260393010 -22.006338398376752 281
38 22 115 77.606599393898364 6.018936271389585 281
38 22 115 18.645334833789789 -65.808826688783839 281
38 22 115 -0.130576787052597 -26.016049168154343 281
32 12 100 19.415527575348211 1.803904179292807 281
32 12 100 41.187844620253927 11.901736149379655 281
8 18 107 54.596877679541059 38.738238015586901 281
41 30 99 -32.863614464307126 -72.938212511285087 281
17 33 97 -53.682264000454467 -13.477436940400779 281
8 18 107 -9.949125987468785 12.760181845173996 281
8 18 107 18.866671955789936 34.339101857382360 281
8 18 107 32.922011149953683 67.481935775697252 281
6 14 93 -95.700122150392318 7.581993168025768 281
2 12 92 -73.963835653124036 -64.291142589610729 281
2 12 92 -76.616180584839398 25.239942491844815 281
33 24 92 -62.983149610225048 58.558712974040063 281
33 24 92 -14.987390277656768 59.196745959225915 281
32 12 100 9.206379267256358 85.854981369838427 281
32 12 100 -41.334432796383965 29.795315046915480 281
22 13 56 63.339088086418670 73.465365447814236 281
27 12 45 80.751568983849467 55.526427101395612 281
27 12 45 45.319733974098824 -86.891436358923841 396
16 18 40 65.453788030736078 -64.651385386760808 396
12 13 45 34.455013796320330 -64.375711732375109 396
27 12 45 45.718450876407800 -42.056773918426373 396
12 13 45 69.349365906540996 -33.897125957967219 396
50 21 46 46.131159227503787 -9.059354749392323 396
27 12 45 79.081492855451231 -10.869192810368075 396
12 13 45 96.760880747015591 6.806758190344960 396
27 12 45 72.341862180226428 12.165072499417017 396
49 15 91 88.836225632419911 33.661922336458730 396
25 17 51 56.987189224965618 36.766576893193076 396
50 21 46 12.965273301243798 -38.028206092290930 396
48 19 74 14.415312115557864 -89.323865101834059 396
36 13 54 -7.001743273596654 -65.547621949100957 396
36 13 54 -20.608876062946088 -43.392578792902604 396
44 20 58 -35.083316705102767 -82.880401114916523 396
43 21 60 -54.443753470487792 -46.739378879048203 396
36 13 54 -32.866624174414213 -20.463391907280169 396
36 13 54 -8.424284608195386 -11.599305009598377 396
36 13 54 13.892268379720193 1.741289532533424 396
36 13 54 30.950261754387267 21.363339935837722 396
43 21 60 -86.747260702160020 -19.897556650792161 396
36 13 54 -96.155086200554834 12.774951967184411 396
36 13 54 -70.317936326370457 9.869493934630089 396
22 13 56 -45.447155681292813 2.290294101901615 396
12 13 45 -21.004816115073993 11.154380999583408 396
13 18 63 25.411016231399856 51.864434326630722 396
13 18 63 27.460919061070079 87.806024419292314 396
23 26 84 -13.648609336502066 72.121424490406355 396
43 21 60 -60.188589305460880 65.561678726360867 396
49 15 91 -36.742125430270526 38.243857954026296 396
4 18 95 91.996402537533982 0.813584754042413 487
24 26 85 74.177563153887064 -39.416863453997664 487
5 21 90 53.035500874352977 2.559477531947049 487
3 18 89 76.827352201369450 33.461707393773274 487
33 24 92 52.781977249171497 67.897443822782776 487
33 24 92 19.861817405395826 32.965179712647291 487
33 24 92 6.069669196198927 78.941006489069125 487
39 24 86 -26.850490647576752 44.008742378933647 487
20 18 91 -60.130377231319812 69.630005988935366 487
39 24 86 -72.614164153877525 29.528197250772728 487
3 18 89 -91.659731086852986 -7.905295509074723 487
39 24 86 -49.943670030486572 -12.780769838974294 487
3 18 89 -80.111203406432466 -42.002678229960509 487
39 24 86 -42.238045557077257 -60.158225991397629 487
3 18 89 -13.700692764997513 -90.974122791918944 487
3 18 89 -0.318882273024503 -57.553662771791721 487
9 20 98 24.058615777900812 -86.703921583286558 487
3 18 89 30.188393299258827 -38.440679300947473 487
3 18 89 10.872413584392387 -8.061526454713125 487