2 15 57 95.000000000000000 0.000000000000000 0
2 15 57 90.263157894736835 29.623678483095365 0
2 15 57 66.976720827465385 10.709613644674024 0
1 28 75 66.602178044098466 -32.288755134890486 0
2 15 57 58.842252382530134 -74.582768348665013 0
2 15 57 38.771133107050716 0.489788727093819 0
2 15 57 44.023298966404383 30.026456680433441 0
2 15 57 67.309736033675833 48.940521518854780 0
1 28 75 18.218813145935982 -60.485386159380973 0
3 17 79 52.051922301151592 77.068783464869071 0
1 28 75 11.318217352935399 57.943792453324320 0
2 15 57 -11.675033424736721 94.279868447783059 0
2 15 57 -40.492019955463093 85.938328584668071 0
1 28 75 -42.648973463823339 42.992460895648527 0
1 28 75 -81.941700226119252 3.091563367102196 0
2 15 57 -39.042848162082770 0.143938630485788 0
2 15 57 -51.410648590555503 -27.188048354756788 0
3 17 79 -79.849022824997945 -41.859751422287850 0
2 15 57 76.462669821935435 56.377833620153254 79
1 28 75 80.863716874912384 13.603649994542316 79
2 15 57 90.700575948629989 -28.256070543987562 79
2 15 57 49.565923511718736 43.090055855461202 79
3 17 79 58.809226509080275 -25.621335087716403 79
1 28 75 25.573414336840351 4.716443164020959 79
2 15 57 19.867946047104702 47.336246443656364 79
3 17 79 50.494291994252890 75.076586332532912 79
2 15 57 76.462669821935449 56.377833620153247 158
2 15 57 90.230324799235291 29.723534221631585 158
2 15 57 94.999941846417471 0.105115066936140 158
2 15 57 60.263196911389343 31.127544960011498 158
2 15 57 46.495541934089502 57.781844358533135 158
1 28 75 53.552612364853140 -11.345600144204527 158
1 28 75 14.626867466899320 28.913391201076621 158
3 17 79 79.654157743894999 -48.002241136333332 233
3 17 79 91.584505530276687 -16.164106742245817 233
3 17 79 91.273936633458035 17.834474801111689 233
3 17 79 61.985585772683017 0.566223475162674 233
1 28 75 36.198971510401158 -36.312639371843360 233
3 17 79 28.826056451699603 8.079253171020502 233
3 17 79 51.912295688191065 33.039733092598183 233
2 15 57 80.262872061712940 47.880380628642669 233
2 15 57 60.251513177339433 -73.448996996833742 312
2 15 57 34.343814477715441 -88.574840711797293 312
2 15 57 80.150750729084692 -50.998599564734405 312
1 28 75 40.043600370402146 -35.493229846277821 312
1 28 75 81.984101644857304 1.614644693332032 312
1 28 75 -4.293211943307050 -69.702104043756535 312
1 28 75 -58.855942900743564 -57.096216908516915 312
1 28 75 -11.750559876335021 -14.200861158522301 312
1 28 75 30.189941398120133 22.907013381087552 312
2 15 57 -90.713281340010610 -28.215254535943547 312
3 17 79 69.481377636890926 44.842898097565481 312
3 17 79 -62.960980641161100 -12.283845121813325 312
1 28 75 -46.598067465910816 29.635781217399437 312
2 15 57 -66.698179624988768 67.648745995123463 312
3 17 79 -90.685467794645035 20.619067167706653 312
3 17 79 -6.176335611939606 49.411614800984452 312
3 17 79 22.745487546337994 67.286965012975188 312
3 17 79 0.498944891162221 92.998661570990279 312
2 15 57 -90.713281340010653 -28.215254535943419 391
2 15 57 -94.988493320363702 1.478559003631574 391
2 15 57 -67.135290469676931 -9.665905584606605 391
1 28 75 -54.007017578864208 -50.612803524552582 391
1 28 75 -66.091575943608149 33.321425804862940 391
2 15 57 -38.774059996782533 0.113695944257770 391
2 15 57 -20.492511104118758 -23.672538942439701 391
2 15 57 -11.034236637814196 -52.142541473525839 391
2 15 57 -22.492945863745980 -79.867944678448680 391
1 28 75 -30.142200549787209 76.259083039441336 391
2 15 57 -23.094709529978608 33.840539095480722 391
2 15 57 -9.587708330866228 7.053211520540055 391
2 15 57 -90.713281340010639 -28.215254535943433 466
2 15 57 -94.988493320363702 1.478559003631553 466
2 15 57 -67.135290469676931 -9.665905584606612 466
2 15 57 -62.860078489323861 -39.359719124181581 466
1 28 75 -72.572559491498737 38.173598322045521 466
2 15 57 -42.493488163538657 7.444955852071512 466