3 19 94 91.000000000000000 0.000000000000000 0
1 25 89 74.560439560439562 40.813488610434170 0
3 19 94 83.065934065934073 37.162489122149680 94
1 25 89 84.727070142601917 -6.806143184698264 94
1 25 89 42.538719316985883 20.029338078262963 94
3 19 94 91.000000000000000 0.000000000000000 188
1 25 89 74.560439560439562 40.813488610434170 188
3 19 94 83.065934065934073 37.162489122149680 282
1 25 89 84.727070142601917 -6.806143184698264 282
1 25 89 42.538719316985883 20.029338078262963 282
3 19 94 91.000000000000000 0.000000000000000 376
1 25 89 74.560439560439562 40.813488610434170 376
3 19 94 83.065934065934073 37.162489122149680 470
1 25 89 84.727070142601917 -6.806143184698264 470
1 25 89 42.538719316985883 20.029338078262963 470