2 16 94 94.000000000000000 0.000000000000000 0
1 31 85 68.446808510638292 39.446601941206715 0
1 31 85 51.567795889420871 -20.211582182455519 0
3 22 83 48.925552819589946 -73.145678486821865 0
2 16 94 88.553191489361708 31.533034694561785 94
1 31 85 51.248002907272181 60.121894497896704 94
1 31 85 77.713344770987916 -14.199860721343843 94
1 31 85 19.419644402320372 6.915169407169103 94
3 22 83 -1.557634609361131 55.587068540715009 94
1 31 85 -54.534356684957061 57.157711124203352 94
1 31 85 -78.999774112694922 0.188918350558055 94
1 31 85 -54.807102822406947 -56.896234323671308 94
2 16 94 71.679995582112838 -60.811004212628205 94
3 22 83 36.214068728807071 -47.166663538342569 94
3 22 83 -2.858213695303936 -67.399230013471396 94
2 16 94 -34.306758649134302 14.733139497595506 94
2 16 94 14.853008123311241 89.860831174843582 94
2 16 94 -19.861825458109298 88.888068486251242 94
2 16 94 -15.269949854196017 -31.483372714472523 94
2 16 94 94.000000000000000 0.000000000000000 188
1 31 85 68.446808510638292 39.446601941206715 188
1 31 85 51.567795889420871 -20.211582182455519 188
3 22 83 48.925552819589946 -73.145678486821865 188
2 16 94 88.553191489361708 31.533034694561785 282
1 31 85 51.248002907272181 60.121894497896704 282
1 31 85 77.713344770987916 -14.199860721343843 282
1 31 85 19.419644402320372 6.915169407169103 282
3 22 83 -1.557634609361131 55.587068540715009 282
1 31 85 -54.534356684957061 57.157711124203352 282
1 31 85 -78.999774112694922 0.188918350558055 282
1 31 85 -54.807102822406947 -56.896234323671308 282
2 16 94 71.679995582112838 -60.811004212628205 282
3 22 83 36.214068728807071 -47.166663538342569 282
3 22 83 -2.858213695303936 -67.399230013471396 282
2 16 94 -34.306758649134302 14.733139497595506 282
2 16 94 14.853008123311241 89.860831174843582 282
2 16 94 -19.861825458109298 88.888068486251242 282
2 16 94 -15.269949854196017 -31.483372714472523 282
2 16 94 94.000000000000000 0.000000000000000 376
1 31 85 68.446808510638292 39.446601941206715 376
1 31 85 51.567795889420871 -20.211582182455519 376
3 22 83 48.925552819589946 -73.145678486821865 376
2 16 94 88.553191489361708 31.533034694561785 470
1 31 85 51.248002907272181 60.121894497896704 470
1 31 85 77.713344770987916 -14.199860721343843 470
1 31 85 19.419644402320372 6.915169407169103 470
3 22 83 -1.557634609361131 55.587068540715009 470
1 31 85 -54.534356684957061 57.157711124203352 470
1 31 85 -78.999774112694922 0.188918350558055 470
1 31 85 -54.807102822406947 -56.896234323671308 470
2 16 94 71.679995582112838 -60.811004212628205 470
3 22 83 36.214068728807071 -47.166663538342569 470
3 22 83 -2.858213695303936 -67.399230013471396 470
2 16 94 -34.306758649134302 14.733139497595506 470
2 16 94 14.853008123311241 89.860831174843582 470
2 16 94 -19.861825458109298 88.888068486251242 470
2 16 94 -15.269949854196017 -31.483372714472523 470