2 17 69 93.000000000000000 0.000000000000000 0
2 17 69 86.784946236559136 33.427131296561186 0
2 17 69 60.943728239819734 11.331171203254726 0
2 17 69 54.728674476378870 44.758302499815898 0
2 17 69 49.984183053155206 78.425642773959282 0
2 17 69 23.199656809503921 57.483122536338513 0
1 34 96 10.039302690507299 8.210360492156244 0
1 34 96 58.389167576529758 -39.604810379684963 0
2 17 69 7.484742027217326 -42.725621090783442 0
1 34 96 -27.230269368145951 65.087236272783045 0
1 34 96 -74.295236896646387 16.006804005521989 0
2 17 69 92.975729504323212 -2.124552456147299 96
2 17 69 87.525928819737871 31.435835987645987 96
2 17 69 61.186680208831866 9.935975927336617 96
2 17 69 66.636480893417200 -23.624412516456658 96
2 17 69 34.847431597925855 -11.563884132972742 96
1 34 96 17.611662216965737 36.435368505441929 96
2 17 69 64.513930416922378 56.464777825223081 96
3 27 107 78.055750159423496 28.218785711820733 192
3 27 107 78.896555617591801 -25.774668022697075 192
3 27 107 31.716450316355463 0.493899958147467 192
1 34 96 28.697816706781069 -60.431364515067159 192
3 27 107 -29.884944081406196 -77.433133200531316 192
3 27 107 -71.198178705873943 -42.659340700090979 192
3 27 107 -20.426573702329950 -24.267926253015226 192
3 27 107 -13.933177255582656 29.340242924689111 192
3 27 107 -60.275330938927773 57.060358220070242 192
2 17 69 -19.270001746690237 73.015388080156129 192
2 17 69 8.516340927119764 92.609243260125311 192
2 17 69 37.048778724151724 44.169594271477038 192
2 17 69 60.660059939752692 68.634005144371756 192
2 17 69 62.103654299820292 69.225256392507589 299
2 17 69 33.071618978852641 86.921044736689595 299
2 17 69 32.262634393282291 52.930670453073510 299
2 17 69 3.230599072314646 70.626458797255495 299
1 34 96 70.227168775352908 18.876388355918998 299
2 17 69 62.103654299820292 69.225256392507589 395
2 17 69 33.071618978852641 86.921044736689595 395
2 17 69 32.262634393282291 52.930670453073510 395
1 34 96 70.227168775352908 18.876388355918998 395
1 34 96 -15.402521615960076 71.069934567545914 395
1 34 96 3.505794472524858 5.751670791646745 395
1 34 96 -62.515639332739156 22.035720604182366 395
1 34 96 -60.546718806032686 -45.935768653884608 395
1 34 96 26.729486050371381 71.144462718352173 491
1 34 96 72.960632890853006 21.277829968447890 491
1 34 96 60.782852015388599 -45.622855027665366 491
1 34 96 8.934049715906283 -1.626244929736259 491