22 10 76 100.000000000000000 0.000000000000000 0
22 10 76 98.000000000000000 19.899748742132399 0
22 10 76 81.766312060385914 8.217823563497323 0
8 25 76 70.291971924572152 41.283508471686559 0
8 25 76 48.941683891439219 -3.928936727641701 0
8 25 76 20.461701798175632 37.167177686830449 0
4 28 75 -3.709436344576062 -10.000142365129413 0
8 25 76 -29.530507193229369 36.284545170046044 0
38 16 73 42.701538510785383 71.611185336876858 0
7 32 90 -77.774416526974292 5.927911427198346 0
17 20 70 -69.352734190958472 57.241411275008758 0
31 19 73 -79.063104457449029 -45.055804437946762 0
25 15 79 -48.264430746281370 -30.652967993932325 0
34 17 76 -47.653792623928268 -62.647141230375382 0
4 28 75 -6.890947114324270 -81.709943384312695 0
10 18 61 -37.838268146134233 78.474367496637910 0
38 16 73 -5.120263160518402 69.226008195593323 0
25 15 79 17.809601194526198 90.087966892207959 0
46 11 104 9.945728361689001 -46.531450538322076 0
4 28 75 45.627687470635706 -62.273044934934362 0
25 15 79 84.382069807356871 -43.642482686326986 0
46 11 104 89.407406082006872 -18.132759141633546 0
12 13 112 96.887429587884341 4.671829176323907 104
12 13 112 92.165991560737197 30.239543641168254 104
47 27 112 77.307534495689850 -30.208361594064073 104
12 13 112 72.384420331048744 13.366801134842781 104
41 29 111 38.957598969368405 -71.016233936627941 104
12 13 112 37.324368490746060 -29.048001209913096 104
41 29 111 56.357731765424305 52.188769833254803 104
14 34 110 -24.033078387966974 -72.100007927862492 104
29 15 94 10.565621501702037 -37.402313970704213 104
14 34 110 -72.108169837236460 -24.008578523608197 104
41 29 111 14.789298096658275 6.394495913364047 104
32 38 114 -8.436172993284870 69.240159985360407 104
35 21 107 -47.890403188478963 25.372589734608717 104
2 16 102 -22.359487938630757 -19.001718294748056 104
50 13 100 -95.546314600167463 16.730264980741438 104
49 14 97 -60.134640740755451 74.831978344690810 104
49 14 97 -79.169486252353892 54.297260027908848 104
50 13 100 -58.822286997287314 77.129362453016327 218
6 31 101 -70.911107117073811 34.822620341250669 218
50 13 100 -96.998082014657911 -0.609988096356872 218
50 13 100 -37.049451600089782 62.918674969064604 218
20 22 102 -66.626179889152851 -18.003882464172879 218
20 22 102 -17.925082808292991 33.605563255782627 218
20 22 102 -23.349447091902377 -10.058796033215348 218
20 22 102 -38.107166806055353 -51.510089243904204 218
45 31 97 7.416049588775600 -78.651142448770713 218
13 27 103 60.951868214142678 -56.337108207697213 218
20 22 102 86.765570707927310 -14.687945388231356 218
13 27 103 38.324758893410419 -7.306363528591717 218
11 22 96 83.030645354264408 29.153249082295638 218
37 23 97 40.106101134951871 42.661894594125549 218
29 15 94 -75.020638244883216 -54.039046802828381 218
15 13 92 73.824045272255930 62.920667031110753 218
15 13 92 5.399781869110010 -30.020805805462409 218
18 27 87 9.787444742927057 82.420907089185505 218
26 13 53 49.473817589788595 77.421726130279197 218
15 13 92 91.910358198465815 -31.007838619125121 321
30 35 93 73.786149260651356 13.438905360366189 321
30 35 93 48.701438045166498 -51.912125719760830 321
19 16 88 17.606722858145112 -92.336359632576318 321
18 27 87 -23.467854663989215 -79.613188590018680 321
33 19 90 -3.519104087075007 -38.163853849638770 321
1 18 90 18.451152922683217 -8.392931678413206 321
33 19 90 21.912993646870383 28.444761772729457 321
1 18 90 44.596074549880640 57.676214708693685 321
1 18 90 25.721120838842698 88.331330471094176 321
39 26 84 -67.458778554842667 -50.053103758795004 321
33 19 90 -35.783750033660617 -18.089177714231827 321
33 19 90 -12.473451647831574 11.921320268367797 321
5 17 86 -8.503578946168259 47.701763400511766 321
25 15 79 -93.244805344548368 -18.177081070878309 321
19 16 88 -66.836255290593058 -1.941672728377728 321
28 27 79 -72.332963686776367 40.705556921475612 321
5 17 86 -36.763694372177362 66.605886657321179 321
5 17 86 -9.233960197195358 86.558674338615944 321
26 13 53 91.910358198465815 -31.007838619125124 414
36 16 52 93.976949724499860 -2.081566832658684 414
26 13 53 69.558737017186928 -17.726083066164321 414
26 13 53 66.834597155936024 8.130812764858092 414
36 16 52 86.851218205600091 29.114970640602007 414
48 17 59 66.923048381951332 -47.610077869705734 414
26 13 53 45.227420816553305 -26.890528054530176 414
21 19 60 35.173063942173307 3.488904261472827 414
36 16 52 52.991653826748234 33.613609314391176 414
21 19 60 60.764752360633167 67.739536982112043 414
48 17 59 27.338522293160782 54.372145932381898 414
43 16 81 31.603930017496147 87.095322687476752 414
40 26 61 -9.182235602290007 77.070917765718363 414
21 19 60 -1.438941534141563 32.742130313610254 414
10 18 61 -53.138168191171118 75.102164291628839 414
40 26 61 -75.352436903095679 37.121560483969205 414
24 13 48 -96.890472697969827 4.608286054919148 414
10 18 61 -88.473654719596780 -25.227215870118723 414
24 13 48 -36.319764981576256 49.061017744683383 414
9 15 65 -64.600901880354456 -2.443632484785148 414
23 13 38 -57.783764465625545 -29.601074143908772 414
44 19 71 -35.809885535033686 15.641648209842517 414
23 13 38 -35.410470657209594 -16.355859001741525 414
23 13 38 -35.126424769710418 -42.354307377246457 414
27 17 69 -73.566789366565231 -56.894002340276828 414
14 34 110 19.420815974833282 -66.171810448862885 414
9 15 65 9.056181406217746 -18.280534100669161 414
27 17 69 -31.233393908607098 -72.100640104399517 414