2 18 94 92.000000000000000 0.000000000000000 0
1 19 88 83.565217391304344 36.025746936656930 0
2 18 94 84.956521739130437 35.304240736612037 94
1 19 88 90.992085331603349 -1.200169573941075 94
1 19 88 55.638628348512270 12.732995154315349 94
1 19 88 51.209231304100982 50.473960189976012 94
1 19 88 61.248882230274432 -24.850579068770095 94
1 19 88 20.739295342084219 27.767507308237796 94
1 19 88 16.309898297672934 65.508472343898461 94
1 19 88 25.895425247183361 -10.917414340513663 94
1 19 88 -9.003907759244694 4.117097813408782 94
1 19 88 -14.614161641006854 41.700672036494225 94
1 19 88 -19.043558685418144 79.441637072154890 94
3 21 87 -57.381752154816937 68.031864002415531 94
3 21 87 -82.190727260472784 34.142119916527989 94
2 18 94 92.000000000000000 0.000000000000000 188
1 19 88 83.565217391304344 36.025746936656930 188
2 18 94 84.956521739130437 35.304240736612037 282
1 19 88 90.992085331603349 -1.200169573941075 282
1 19 88 55.638628348512270 12.732995154315349 282
1 19 88 51.209231304100982 50.473960189976012 282
1 19 88 61.248882230274432 -24.850579068770095 282
1 19 88 20.739295342084219 27.767507308237796 282
1 19 88 16.309898297672934 65.508472343898461 282
1 19 88 25.895425247183361 -10.917414340513663 282
1 19 88 -9.003907759244694 4.117097813408782 282
1 19 88 -14.614161641006854 41.700672036494225 282
1 19 88 -19.043558685418144 79.441637072154890 282
3 21 87 -57.381752154816937 68.031864002415531 282
3 21 87 -82.190727260472784 34.142119916527989 282
2 18 94 92.000000000000000 0.000000000000000 376
1 19 88 83.565217391304344 36.025746936656930 376
2 18 94 84.956521739130437 35.304240736612037 470
1 19 88 90.992085331603349 -1.200169573941075 470
1 19 88 55.638628348512270 12.732995154315349 470
1 19 88 51.209231304100982 50.473960189976012 470
1 19 88 61.248882230274432 -24.850579068770095 470
1 19 88 20.739295342084219 27.767507308237796 470
1 19 88 16.309898297672934 65.508472343898461 470
1 19 88 25.895425247183361 -10.917414340513663 470
1 19 88 -9.003907759244694 4.117097813408782 470
1 19 88 -14.614161641006854 41.700672036494225 470
1 19 88 -19.043558685418144 79.441637072154890 470
3 21 87 -57.381752154816937 68.031864002415531 470
3 21 87 -82.190727260472784 34.142119916527989 470