2 14 64 96.000000000000000 0.000000000000000 0
3 15 42 90.625000000000000 28.497532787944994 0
3 15 42 68.270713559025822 8.490387121586732 0
3 15 42 62.121160375230914 37.853339896123529 0
1 17 90 74.991685203414420 -22.795848512559548 0
3 15 42 77.684222515902420 -54.682369847143228 0
3 15 42 50.095026541115089 -42.899489661688627 0
3 15 42 45.315423725640102 -10.824236060480743 0
3 15 42 39.165870541845194 18.538716714056051 0
3 15 42 33.916561118343793 48.075892452036477 0
3 15 42 56.871850951729513 67.390515634103963 0
2 14 64 95.999999999999986 0.000000000000036 90
2 14 64 91.916666666666671 -27.700656831362110 90
3 15 42 68.832996478211697 -10.146621095080970 90
3 15 42 65.643056294342671 -39.976543683370366 90
3 15 42 41.404555631895313 -22.299013153442289 90
3 15 42 44.594495815764333 7.530909434847104 90
3 15 42 72.022936662080710 19.683301493208425 90
2 14 64 91.916666666666671 -27.700656831362110 154
2 14 64 80.014033564814810 -53.044834175334046 154
2 14 64 64.016648697843010 -30.064762865218793 154
3 15 42 75.822341725290798 -3.576546388044065 154
3 15 42 51.171718680916051 -56.064912342870819 154
3 15 42 46.054007386269078 -7.297604124793198 154
3 15 42 57.715644026806558 20.343058509522823 154
2 14 64 86.557958910705324 23.363136677059586 154
3 15 42 79.789357719969345 51.562179886373784 154
3 15 42 59.732399530060718 73.871783831048802 154
2 14 64 96.000000000000000 0.000000000000004 218
3 15 42 90.625000000000000 -28.497532787944991 218
3 15 42 68.270713559025822 -8.490387121586728 218
3 15 42 75.591049944302256 20.602785190940452 218
3 15 42 80.672423434837242 50.169314298187530 218
3 15 42 61.005769029083325 72.823733392144476 218
3 15 42 62.121160375230914 -37.853339896123522 218
3 15 42 46.735455452337433 12.395796308573804 218
3 15 42 51.816828942872426 41.962325415820878 218
2 14 64 91.916666666666671 -27.700656831362110 282
2 14 64 80.014033564814810 -53.044834175334046 282
2 14 64 64.016648697843010 -30.064762865218793 282
3 15 42 75.822341725290798 -3.576546388044065 282
3 15 42 51.171718680916051 -56.064912342870819 282
3 15 42 46.054007386269078 -7.297604124793198 282
3 15 42 57.715644026806558 20.343058509522823 282
2 14 64 86.557958910705324 23.363136677059586 282
3 15 42 79.789357719969345 51.562179886373784 282
3 15 42 59.732399530060718 73.871783831048802 282
2 14 64 96.000000000000000 0.000000000000004 346
3 15 42 90.625000000000000 -28.497532787944991 346
3 15 42 68.270713559025822 -8.490387121586728 346
3 15 42 75.591049944302256 20.602785190940452 346
3 15 42 80.672423434837242 50.169314298187530 346
3 15 42 61.005769029083325 72.823733392144476 346
3 15 42 62.121160375230914 -37.853339896123522 346
3 15 42 46.735455452337433 12.395796308573804 346
3 15 42 51.816828942872426 41.962325415820878 346
2 14 64 91.916666666666671 -27.700656831362110 410
2 14 64 80.014033564814810 -53.044834175334046 410
2 14 64 64.016648697843010 -30.064762865218793 410
3 15 42 75.822341725290798 -3.576546388044065 410
3 15 42 51.171718680916051 -56.064912342870819 410
3 15 42 46.054007386269078 -7.297604124793198 410
3 15 42 57.715644026806558 20.343058509522823 410
2 14 64 86.557958910705324 23.363136677059586 410
3 15 42 79.789357719969345 51.562179886373784 410
3 15 42 59.732399530060718 73.871783831048802 410
2 14 64 96.000000000000000 0.000000000000004 474
3 15 42 90.625000000000000 -28.497532787944991 474
3 15 42 68.270713559025822 -8.490387121586728 474
3 15 42 75.591049944302256 20.602785190940452 474
3 15 42 80.672423434837242 50.169314298187530 474
3 15 42 61.005769029083325 72.823733392144476 474
3 15 42 62.121160375230914 -37.853339896123522 474
3 15 42 46.735455452337433 12.395796308573804 474
3 15 42 51.816828942872426 41.962325415820878 474
3 15 42 90.625000000000000 -28.497532787944991 538
3 15 42 94.992636137706072 1.182826956650512 538