23 10 117 100.000000000000000 0.000000000000000 0
38 10 117 98.000000000000000 19.899748742132399 0
38 10 117 81.766312060385914 8.217823563497323 0
38 10 117 83.766312060385914 -11.681925178635078 0
6 14 116 86.755771184755062 41.102751320786574 0
9 15 115 62.897056041382726 24.617554576209457 0
47 22 115 56.832099468137272 61.117092953627967 0
13 31 113 43.100309950034706 -16.904594262629523 0
47 22 115 23.536512127201227 32.352464264522666 0
13 31 113 -17.022659698790427 -1.764299661583873 0
13 31 113 -77.338468805086748 -16.117110252294751 0
9 15 115 -90.822321111397315 27.862268176482569 0
9 15 115 -60.840344444530423 26.822520540058580 0
9 15 115 -34.325742443077374 40.857330147051542 0
29 13 105 36.737601609449079 89.773874974768717 0
13 31 113 -5.310550796064454 76.814211426562437 0
29 13 105 -48.742073157679528 83.864237338041875 0
32 12 98 -69.157669807038744 69.434981866927856 0
4 28 90 33.053832102118029 -75.042948925032206 0
36 33 111 -27.107855176666089 -64.964685990885982 0
31 10 70 -82.291211089150281 -56.816868775751004 0
31 10 70 1.859498077265191 -96.743490963099106 0
16 10 62 10.634579721045551 -44.361079316519493 0
16 10 62 98.000000000000000 19.899748742132399 117
18 25 64 84.115767664977298 -12.228557974330423 117
10 23 62 66.002918522158481 -56.679932485468868 117
10 23 62 67.651210033784920 32.859337762875427 117
18 25 64 34.761534136582917 -20.238528812274346 117
20 23 57 22.154080980427999 26.076178624082839 117
20 23 57 39.028257374999505 68.869427752945285 117
25 33 84 12.710874862487920 -73.883364776025502 117
27 22 66 -12.020713669494661 -24.757520979865546 117
27 22 66 -22.127266334696728 18.066042548004216 117
28 34 74 -17.749790799489890 73.894688491987736 117
8 13 67 -29.378295737489445 -92.444122255341952 117
26 19 66 -54.624688965945595 -72.781476732570511 117
48 15 70 -45.753637620557271 -39.959160421446398 117
8 13 67 -44.606042196540542 -11.982687721286791 117
26 19 66 -62.948239291581231 14.238750182205099 117
30 15 71 -59.380372872047886 48.051030927702982 117
20 23 57 -82.085948541303537 -28.825284943508695 117
50 14 43 -94.875711962126275 5.893902138555669 117
21 11 70 -25.526632424853183 -95.652449195231981 201
21 11 70 -3.771863365979396 -98.928120606571639 201
21 11 70 -11.812433238745720 -78.450102242453426 201
22 20 71 -49.048439755775448 -75.460258133166136 201
30 15 71 -77.452500654841941 -55.010091277071226 201
30 15 71 -90.744300560714663 -28.115332396162046 201
30 15 71 -60.806856188253832 -30.051675456111258 201
15 27 71 -73.243481258980765 10.064784468091510 201
15 27 71 26.064594113301357 -75.395466589502675 201
15 27 71 70.200339430466840 -44.282189917022407 201
43 18 72 91.872356414332117 -4.844597700318104 201
43 18 72 56.021190729919432 -1.574441883114496 201
46 20 72 76.986783186339252 30.118521578059539 201
46 20 72 37.004987122132015 31.325162983010763 201
46 20 72 -19.559926575759150 -48.433834203389466 201
19 24 73 14.294837177112981 -6.361029309057587 201
46 20 72 -2.895716644892673 34.141870084599738 201
49 18 74 57.970579578551835 63.018126444184794 201
49 18 74 -28.427687881578667 5.997271228530760 201
40 15 74 -37.718197847168064 37.662495443421200 201
19 24 73 -22.459129649064227 73.553453047330521 201
8 13 67 -59.321105071387564 76.746377719794665 201
12 16 55 16.496429183342265 64.472459926811354 201
50 14 43 30.381858091677994 91.065595583058368 201
29 13 105 84.688041045822743 47.296254648978731 275
33 25 99 52.231308204505609 67.058858052057118 275
1 31 96 78.914395597221812 3.676706070000396 275
4 28 90 62.560289007764453 -53.011416122048509 275
5 40 97 9.373283822487295 -10.642294353698155 275
5 40 97 -69.997200835371075 -0.625999371187440 275
5 40 97 -12.763457812326614 66.234000235684192 275
41 18 90 31.109979593701361 -86.580420244299376 275
1 31 96 -16.866107841335875 -76.615730865012978 275
41 18 90 -70.907187302445024 -58.618860351050664 275
12 16 55 -76.209443476574066 55.028362913963406 275
24 15 83 66.098420641263857 68.234879561193225 380
25 33 84 74.107134939949987 20.907715106917919 380
25 33 84 63.075779347585858 -44.163854674322309 380
37 20 82 33.642009323869921 55.135972568770413 380
17 17 85 24.130497294603856 19.379418779050582 380
17 17 85 -1.037563384145617 42.239180844102449 380
37 20 82 1.646314631340047 79.141711906320836 380
28 34 74 -1.106684444572970 -24.938575961954566 380
19 24 73 -42.154518737588170 74.959966315376164 380
35 28 81 -74.505316870765242 34.248470885382105 380
36 33 111 -72.219430915493305 -26.708683948152341 380
3 21 86 -47.977158512428545 -74.961271741301900 380
14 16 49 -38.215293870627939 8.571886679801150 380
14 16 49 -58.342970018110748 -73.702766905088652 491
19 24 73 -19.620667777826288 -83.731889958080899 491
42 17 80 -38.498279587588350 -47.336343906950802 491
2 29 74 6.457718702250389 -37.591693181346685 491
2 29 74 62.869148275632696 -51.073184697025809 491
11 19 49 29.891016442930404 -85.950725046438464 491
35 28 81 -38.331589354871021 -2.336652637272998 491
45 20 80 7.662793877945859 11.393486146904458 491
2 29 74 56.424576508544661 6.567664487722087 491
34 22 90 -86.733177552012677 -14.878034538575474 491
42 17 80 -75.815293620090287 22.562582583062241 491
44 17 80 -73.864778703276301 56.506587820501252 491
44 17 80 -48.618255035942056 79.279664966875927 491
44 17 80 -41.519453538505886 46.028995540532065 491
2 29 74 -3.267461736134351 71.578655482521526 491
39 26 86 51.485533940596646 66.371980495173347 491