3 10 82 100.000000000000000 0.000000000000000 0
3 10 82 98.000000000000000 19.899748742132399 0
16 19 81 80.277628055073677 42.854433071168344 0
28 17 80 74.033873422557264 7.400018281343792 0
16 19 81 87.171645257842428 -26.117125857201014 0
16 19 81 49.802129194139049 -19.223703690771988 0
28 17 80 58.997030392644128 71.891240112056948 0
28 17 80 44.314526977700197 41.224905256548695 0
42 17 84 25.097953659341830 69.273493632796033 0
47 19 78 8.527615604289036 37.313770593613270 0
47 19 78 -10.895211445775253 69.974967592242876 0
19 23 77 -52.885683991614265 69.080420009863246 0
19 23 77 -80.719067459200787 32.456619486893473 0
42 17 84 -27.600751937311205 38.085707379976228 0
42 17 84 -47.345580188606384 10.406441542045201 0
9 28 75 -79.150749338812489 -21.427992885580153 0
8 16 74 73.655869068087938 -58.402165643276334 0
9 28 75 29.783199194894408 -61.747137720555415 0
8 16 74 14.820881240345120 -20.369256655583374 0
45 16 73 28.489636490011826 8.564549349239238 0
45 16 73 -4.765443141821150 4.936392855870769 0
7 27 71 -25.753270501063813 -34.607873528900939 0
45 16 73 -59.759584655160310 -60.924609604123035 0
37 11 65 -3.123117973797729 98.950725788756813 0
13 17 55 -2.629470958967026 -92.962819893094618 0
34 14 73 -33.484757178670058 -89.970945514013025 0
40 12 109 49.859784918518507 84.368251421248942 84
6 18 112 68.787231618212829 61.092689957983850 84
4 30 114 78.741158698923158 14.136121347491219 84
21 13 114 37.817390783583576 62.459788592951632 84
49 22 114 28.804841955425328 28.640061160282052 84
18 18 116 85.742292328423872 -33.350551813532334 84
18 18 116 20.065281751458905 87.873616028258539 84
15 17 104 67.953397102335799 -63.492801341980972 84
49 22 114 45.789745499198560 -31.402732042978940 84
49 22 114 7.443092099677806 -9.826491103996466 84
49 22 114 -15.189044429315452 27.906603072508712 84
18 18 116 -9.627330929802691 67.518057766187141 84
40 12 109 -8.351396763886157 97.490912018063909 84
2 31 104 -65.753220022595713 43.789428594811781 84
2 31 104 -77.113575839755526 -17.160898030297645 84
15 17 104 -67.330191678320432 -64.153295227607998 84
17 22 101 30.001248932205218 -72.472470003599526 84
17 22 101 -32.738692818113662 -46.141404527175865 84
48 12 104 -42.285314598878244 -78.773628058143402 84
30 13 95 -4.550343652249238 -66.887897515228346 84
32 15 102 -29.552854326623486 -9.278815997527811 84
30 13 95 -19.199670793853958 -88.368056134247979 84
46 14 38 -33.264662489979820 90.052552598067592 84
26 15 117 94.985295330193111 -1.671427843490431 200
26 15 117 89.727988094991332 -31.207181103475119 200
26 15 117 66.777929069536441 -11.886342852298306 200
26 15 117 72.035236304738220 17.649410407686368 200
24 16 120 42.697086032552804 7.635772776602088 200
36 19 120 48.468422683898893 42.156660268913598 200
26 15 117 81.954354474650444 48.046683367776218 200
39 38 120 -6.958293059341308 28.857066969942061 200
36 19 120 27.792056866533567 74.039067589981542 200
39 38 120 20.999969563902550 -41.813546095813393 200
32 15 102 67.964476889862581 -66.376425642597951 200
22 19 91 -32.485235454372884 -22.107383502526879 200
31 32 89 -76.022771436942762 17.451023552971328 200
10 26 68 -73.592850837873357 -40.498053108199194 200
1 15 68 -55.345124992002056 -77.213451804848546 200
15 17 104 -52.131487796702125 60.231937124581393 200
22 19 91 -24.357755353184341 83.136517150329254 200
33 15 72 81.954354474650444 48.046683367776218 320
33 15 72 92.850298298659922 20.095325472603562 320
33 15 72 63.195740379164931 24.634840270389532 320
7 27 71 41.960089983846039 60.870832768012562 320
9 28 75 23.052585287429721 9.222926071274163 320
10 26 68 72.249124510885295 -15.353110861964254 320
33 15 72 34.838856481436167 -32.130233558206797 320
23 16 65 1.133062778372931 47.374394365102020 320
11 23 64 -1.083851302923829 86.311334305936469 320
23 16 65 -40.062962225350446 85.035046055906520 320
11 23 64 -66.372826343443478 56.246314752018158 320
1 15 68 -90.992755962508397 27.300519451970008 320
50 15 64 -94.968792730397908 -2.434832094974780 320
50 15 64 -62.324106389513872 18.462616326180434 320
23 16 65 -34.991853513266754 33.089576116542943 320
50 15 64 -37.137740158412520 2.163936745526133 320
29 21 90 -1.139136361651055 -33.388816484662179 320
12 18 60 -40.046860581468025 -30.707586163584139 320
13 17 55 -74.885216252595029 -27.347679299986154 320
41 30 89 -33.934020515201887 -72.446409515405648 410
41 30 89 25.979637065042162 -75.664116052252197 410
41 30 89 71.279748796199996 -36.320757309706877 410
41 30 89 76.485001829495332 23.453027419548555 410
31 32 89 -73.876030987813380 -25.026626730097636 410
41 30 89 14.557344789372252 -16.761389127523394 410
5 33 90 -66.093092000069703 39.505736164135982 410
20 19 90 -37.477732831440179 82.924179476285389 410
29 21 90 -13.337153207820847 51.030098278738791 410
20 19 90 21.691204482430376 31.716523841990469 410
50 15 64 66.923794863780969 67.425556586731744 410
14 15 59 -35.684338031644252 2.366704376974786 410
13 17 55 -92.961911570779037 -2.661390070368853 500
38 23 56 -79.627050966459080 35.050431586286180 500
38 23 56 -52.962563793322566 -2.432966389266124 500
25 25 87 -47.357874634373516 70.584925516111170 500
27 25 87 -17.808860747392288 30.250625245659087 500