2 12 99 98.000000000000000 0.000000000000000 0
3 24 91 80.122448979591837 31.247290594749217 0
3 24 91 64.959798383266161 -14.294931868518258 0
3 24 91 33.100402083437046 21.607419968240784 0
2 12 99 95.061224489795919 23.819395426849606 99
3 24 91 70.124964677828459 49.784428578957403 99
3 24 91 85.314588569542948 -10.836096031763912 99
2 12 99 86.088085799022693 -46.827785378556037 99
3 24 91 50.233313215977340 -43.597416511367769 99
2 12 99 49.459815986497588 -7.605727164575679 99
2 12 99 59.457957210927859 14.212548937269498 99
2 12 99 98.000000000000000 0.000000000000000 198
3 24 91 80.122448979591837 31.247290594749217 198
3 24 91 64.959798383266161 -14.294931868518258 198
3 24 91 33.100402083437046 21.607419968240784 198
2 12 99 95.061224489795919 23.819395426849606 297
3 24 91 70.124964677828459 49.784428578957403 297
3 24 91 85.314588569542948 -10.836096031763912 297
2 12 99 86.088085799022693 -46.827785378556037 297
3 24 91 50.233313215977340 -43.597416511367769 297
2 12 99 49.459815986497588 -7.605727164575679 297
2 12 99 59.457957210927859 14.212548937269498 297
2 12 99 98.000000000000000 0.000000000000000 396
3 24 91 80.122448979591837 31.247290594749217 396
3 24 91 64.959798383266161 -14.294931868518258 396
3 24 91 33.100402083437046 21.607419968240784 396
3 24 91 80.122448979591837 31.247290594749217 495