11 10 79 100.000000000000000 0.000000000000000 0
11 10 79 98.000000000000000 19.899748742132399 0
11 10 79 81.766312060385914 8.217823563497323 0
25 24 81 77.530773183718040 -25.517324434165815 0
29 17 79 54.768793634636154 8.583882098846740 0
17 14 84 72.300502548921003 -63.155659533991638 0
29 17 79 44.392470077130255 -49.659670368559070 0
18 20 80 27.698943216896641 -16.639583134170074 0
29 17 79 22.752786512607315 20.028325639805757 0
25 24 81 51.319221009880408 49.438507892097320 0
19 13 83 87.525017657294384 41.813529916646644 0
1 34 75 -5.736906667205346 -59.042931380833309 0
25 24 81 -13.645321625988750 -1.584624994030619 0
25 24 81 -8.829584903926733 46.173187768111070 0
44 22 82 -43.340033575859550 76.587476062626365 0
41 20 82 -3.516138091045875 89.931289176374520 0
41 20 82 -75.283922955971491 49.318667301127967 0
21 18 83 -90.827221813368865 14.642942930473069 0
21 18 83 -54.920685234884317 17.235360901779217 0
21 18 83 -70.628853703748149 -15.156820922756651 0
13 17 84 33.352288319420346 86.813736608086728 0
17 14 84 -46.872055372432584 -83.779534643990559 0
19 13 83 -68.945727648267365 -68.231126614258258 0
19 13 83 -80.010620121500324 -44.703097488218120 0
19 13 83 -54.102302960752908 -46.884634079275223 0
14 11 61 88.589815674745580 -44.191000879303502 84
14 11 61 76.642997316369076 -62.664590977385643 84
47 16 63 61.911159679970687 -40.037771495744039 84
9 22 63 86.709431827355814 -11.244617821576572 84
9 22 63 81.786942153844407 32.479163984371716 84
47 16 63 48.711113229494288 -10.887149311899222 84
9 22 63 38.317956073643465 25.663942112759862 84
47 16 63 55.253314421114617 59.681491078591293 84
3 20 64 29.640257409633126 84.979145328078516 84
50 29 66 -5.838811637936253 51.182168251455153 84
50 29 66 16.996759580275246 -42.812057653384983 84
3 20 64 -2.066634940321804 2.327581128422636 84
27 11 57 -0.796228410291278 90.863049723421895 84
26 24 57 -57.213243773958766 64.207824576616588 84
3 20 64 -84.860361585991214 29.978642922834691 84
3 20 64 -89.469783850595505 -9.754884813657196 84
2 20 66 -52.754828316517774 6.120002276671835 84
2 20 66 -57.364250581122064 -33.613525459820053 84
26 24 57 -42.217783283232492 -74.924353681897159 84
2 20 66 -0.879490621932881 -89.995702654326408 84
27 11 57 -75.486569586776653 -64.052929769220754 84
39 13 55 -32.221646925321970 91.491887451401340 84
7 14 54 -23.691968028801167 -28.904238070345265 84
4 14 90 -91.176662331155555 -30.046900774463239 150
4 14 90 -78.628499917423468 -55.077754136636123 150
36 19 90 -90.952095728022258 2.952335123368663 150
4 14 90 -65.741051373123540 -18.340932416756065 150
36 19 90 -47.039791097415907 -45.530321231149081 150
35 27 90 -17.826368151421299 -81.063065563362414 150
35 27 90 35.817766039537169 -74.873811415854732 150
36 19 90 -54.189674031927069 12.571293021107397 150
36 19 90 -10.339650600411009 -35.676403862909105 150
45 30 89 73.337139354674434 -31.963479023301936 150
10 25 88 82.009416049731698 22.348505077118912 150
37 18 89 42.678029496254496 4.969148593607989 150
37 18 89 7.651222662111365 -3.344863855482034 150
45 30 89 36.013405323244122 52.504217591480774 150
30 18 87 8.211379057071589 91.632817559982769 150
30 18 87 -11.174188295121358 61.298022712586963 150
10 25 88 -53.949904172443155 65.684152120463580 150
48 14 86 -23.758819684323470 93.013539268258171 150
48 14 86 -85.766289279615705 43.129382365219151 150
17 14 84 -21.263573123957904 10.364059685405877 150
43 16 38 24.546056305941459 -32.850195511765897 150
17 14 84 -95.968476734077527 -2.459974256129428 240
44 22 82 -82.401833876877575 30.885883081554752 240
41 20 82 -62.143502200489991 -5.905420207258913 240
21 18 83 -84.342490966338161 -36.747030051327478 240
41 20 82 -46.837598149272729 -42.861195143998252 240
44 22 82 -38.452494263781865 28.775066279277464 240
24 21 87 -21.405970977006451 -10.701712259927378 240
13 17 84 -10.066486966201630 -46.970377831860162 240
13 17 84 -28.945313882169870 -75.247398436529835 240
17 14 84 -59.928934516618952 -74.239801105974934 240
16 26 86 -34.455226116927925 76.608337622163347 240
44 22 82 2.197413652905034 45.615048059697415 240
44 22 82 18.693209884028839 4.824256124491718 240
44 22 82 27.933320803157866 -38.194581030900949 240
16 26 86 41.659498114293775 72.941663107343217 240
16 26 86 76.614031175383388 34.442564176573484 240
10 25 88 83.462162672964382 -16.095570879954273 240
5 14 73 78.810401937697975 -54.817155584894152 240
5 14 73 8.699342227040738 95.605028344835631 240
46 20 71 50.486492695414590 -73.625562355136395 240
20 19 99 11.532326440674414 -75.771267738509778 240
7 14 54 42.954221910468355 -85.854148531484725 339
7 14 54 65.900262534270837 -69.807989499155326 339
15 15 54 82.932987101885345 -46.337022458920671 339
15 15 54 93.247014364701940 -18.165745568763974 339
7 14 54 53.993421012744847 -44.465789022849705 339
26 24 57 83.724129684821889 19.653755583071785 339
15 15 54 63.575509203670620 -13.738355651567627 339
22 18 50 42.493825240364998 11.649881807368008 339
43 16 38 52.174369282729394 44.242627427273106 339
50 29 66 12.446777438359710 -55.550752157790775 339
40 21 44 7.608154051192678 -5.785425637037791 339
23 20 43 12.457422469676631 34.926791151114315 339
43 16 38 29.379714608756814 66.701561469082392 339
40 21 44 -0.146290894461579 88.999879769436760 339
23 20 43 -40.254639072553317 80.495739223504643 339
6 30 91 -37.353272319314328 30.579989494955043 339
1 34 75 -72.457198896646233 -22.933694164958439 339
32 22 71 -48.392527809168151 -73.499409876807093 339
20 19 99 -86.296767561665860 28.227485836740190 339
34 16 107 -93.811096653516756 -5.956353302527980 438
1 34 75 -66.850680824843991 36.152267885360047 438
33 33 95 -50.469239496231118 -28.814249490879337 438
49 17 114 -21.837778914722712 12.176474642386838 438
1 34 75 16.166141445045316 -21.833847868409926 438
1 34 75 75.005806027859563 12.252716519658193 438
28 23 94 74.611011113950283 -44.745916244434945 438
32 22 71 -13.365795719496941 -69.413934956492568 438
20 19 99 40.326637721720815 -69.006619884317047 438
34 16 107 -50.425680244482351 -77.814230129565175 438