3 21 86 89.000000000000000 0.000000000000000 0
3 21 86 79.089887640449433 40.814086698358011 0
3 21 86 51.566524201773390 72.538910811701044 0
2 29 74 2.282114240219279 80.967845189276147 0
2 29 74 39.949982538886381 9.700298297704533 0
2 29 74 63.784487841347719 -43.176127044662778 0
2 29 74 6.074907582315689 -37.379201452045535 0
2 29 74 -15.757811176310057 25.844700404475820 0
2 29 74 -73.022003555953120 35.054058205496979 0
3 21 86 -88.101001250954397 -12.617986312376871 0
3 21 86 79.089887640449433 40.814086698358011 86
3 21 86 51.566524201773390 72.538910811701044 86
2 29 74 80.479646689080255 -9.166595267645111 86
3 21 86 41.478908778018173 22.121460638605207 86
2 29 74 2.282114240219279 80.967845189276147 86
2 29 74 53.718975309705918 -60.624019098664235 86
2 29 74 -8.486674101381695 23.976326542605577 86
3 21 86 -43.124891980515429 60.034527581449154 86
1 31 96 -67.684835549402067 14.199942693036519 86
2 29 74 -27.872055113452653 -30.688168360547408 86
3 21 86 -77.488744863550181 -36.867496660821438 86
3 21 86 4.404446473524905 -68.874912726961199 86
3 21 86 -36.093231709284701 -80.007659998034342 86
3 21 86 21.442473722728359 -22.437274732250444 86
3 21 86 -81.414031304876545 -35.954909354475902 182
3 21 86 -88.837004223414638 5.383927990696868 182
3 21 86 -49.325034460313120 -8.857007562831612 182
2 29 74 -53.695314242449363 40.951632798313071 182
2 29 74 -3.688060771374950 11.570097775790554 182
3 21 86 -17.652314142038598 -36.440313884597330 182
3 21 86 -49.741310986602024 -63.538215676241613 182
3 21 86 -88.837004223414638 5.383927990696868 268
3 21 86 -81.414031304876559 -35.954909354475909 268
3 21 86 -55.860222479028501 -69.286618798967510 268
3 21 86 -49.325034460313127 -8.857007562831630 268
3 21 86 -81.414031304876559 -35.954909354475909 354
3 21 86 -55.860222479028501 -69.286618798967510 354
2 29 74 -79.777735100852553 14.018308820189390 354
2 29 74 -32.626020034211514 -25.012790900837217 354
2 29 74 -6.421211525496979 -76.755500638747179 354
2 29 74 -24.785984477495990 32.454885600561695 354
1 31 96 27.335816799333699 -27.152445907444797 354
1 31 96 78.625745940297975 7.680629878578813 354
2 29 74 80.999385531744082 -0.315505118639038 450
2 29 74 60.023169290257087 -54.389513220409867 450
2 29 74 23.681812710421497 -9.186573029120982 450
1 31 96 57.015897243616308 54.682606571974830 450
2 29 74 -1.817318589252920 42.907517835025644 450
2 29 74 -58.254819933159439 56.279445222524799 450
2 29 74 -80.947954427659809 2.903217866008511 450
1 31 96 -58.733861202205524 -52.833072485707824 450