13 10 98 100.000000000000000 0.000000000000000 0
31 15 99 92.000000000000000 23.685438564654024 0
1 31 99 60.107078509271190 -9.463340580077809 0
29 33 97 54.595175640583626 54.298865520136090 0
19 29 98 5.800878262550185 16.048159077195198 0
19 29 98 -4.475715774704774 73.130482216617750 0
31 15 99 -47.517693055881075 82.262195731982928 0
19 29 98 -50.923437030561018 38.394201613503661 0
29 33 97 -74.647658376273796 -18.887220519153153 0
16 38 89 4.969685163543883 -50.946684888830760 0
48 17 96 -48.952874396474655 -61.779854807938193 0
22 13 80 -90.487795725945887 24.299467808889823 0
22 13 80 -26.491522678294842 -10.807023690302614 0
30 14 72 43.974387543163232 -85.336119200510225 0
49 16 89 66.921353927066022 -66.011607983508213 0
45 11 76 86.755329267191684 -47.691853012240507 0
38 10 64 22.326766513180349 -95.698575653602944 0
38 10 64 2.582600617418436 -98.887292179202561 0
23 12 111 -19.035733939146635 -94.807143774986770 0
45 11 76 -41.501988676050601 -89.880948681758852 0
5 11 105 -41.501988676050601 -89.880948681758852 111
5 11 105 -60.327115981292117 -78.496108676670900 111
5 11 105 -76.173126447951304 -63.234917625821424 111
5 11 105 -88.257501040637578 -44.851014593449904 111
8 16 102 -38.154394665230363 -63.089278066832264 111
8 16 102 -14.928327761509216 -85.101770342444070 111
8 16 102 -61.610588420299017 -40.498768299403345 111
1 31 99 -78.935503803270137 3.191588840048965 111
1 31 99 3.858413132509295 -42.019774490568622 111
19 29 98 63.239785121489113 -50.613531568029160 111
1 31 99 78.655249857518498 7.372358499919571 111
1 31 99 17.648755473148888 18.427115074800767 111
48 17 96 17.952484487860108 -87.903945537131946 111
18 22 96 55.816937692009894 55.199249444562646 111
49 16 89 -37.656237264137573 -19.281109128625179 111
45 11 76 43.603136925423001 -15.765259765485874 111
45 11 76 -60.327115981292117 -78.496108676670900 216
45 11 76 -76.173126447951304 -63.234917625821424 216
28 22 76 -46.667537852543489 -48.455870239790741 216
41 27 75 -81.765301779903041 -14.263079079966730 216
28 22 76 -33.382666642789218 -6.509330490483144 216
28 22 76 -3.698333223912236 -38.987636318788645 216
6 25 75 -76.305536229073283 37.449501208875695 216
6 25 75 -26.368822555417616 39.964382413889396 216
41 27 75 13.751566849835214 6.883355314192549 216
24 11 74 -19.890031869670349 -67.742268901469217 216
47 36 78 71.982503537647275 -17.161561247526354 216
27 28 79 35.644184797188217 -69.844827956385657 216
40 11 63 -37.962849446611052 -80.287119033321062 216
9 22 59 78.119859121229368 40.512807985614586 216
30 14 72 62.440558645217422 72.918973087072231 216
44 16 63 35.886999294707053 86.879936012992644 216
7 24 72 -4.101048389452458 85.902161801129139 216
49 16 89 13.400546439153031 49.934201357766085 216
30 14 72 42.128253584772210 41.290195217350586 216
12 17 55 -44.860246747050475 81.465073877053271 216
23 12 111 -2.286247585847525 -82.544524773079885 216
40 11 63 -21.615366307567378 -95.009883550173285 216
40 11 63 14.855902786633706 -97.879017937421551 327
17 23 61 -16.759541529347359 -85.370473629505426 327
26 11 62 15.895910795584951 -75.903613883313298 327
26 11 62 34.407164960394617 -87.791989266258483 327
26 11 62 -50.757502252459865 -84.998093890931059 327
17 23 61 -67.209659727808443 -55.243657004874358 327
9 22 59 3.644400117639423 -45.262130790809650 327
46 11 57 -93.216262158517310 -33.342592418625372 327
46 11 57 32.432731071883524 -61.393838724841657 327
32 14 56 -95.626588104970665 -8.459057122533419 327
32 14 56 -69.416509812108842 -18.309528983416705 327
25 13 51 -95.212138866429200 18.537761798011140 327
32 14 56 -69.703327653463333 9.689001969579397 327
42 30 96 -27.848800032450804 -3.882973480659940 327
25 13 51 -31.318548088803908 -52.445781861750014 327
15 15 41 55.736394167836053 -72.923768746760288 327
12 17 55 -74.567792965854693 40.304961487852566 327
32 14 56 78.612686573346792 -55.100322228828588 327
10 16 111 51.522496006987829 -42.211506337585675 327
37 25 90 83.403718573739823 -16.395722859099781 327
33 23 67 81.078531918492899 31.547926428561478 327
33 23 67 41.818359383789023 7.576300439795429 327
23 12 111 13.232586855561445 -12.619085393716873 327
25 13 51 47.016085981811983 43.199097048318528 327
25 13 51 63.746587579645514 63.101114943117281 327
7 24 72 -34.655511589998696 49.686315088186518 327
34 14 70 -1.407514542505357 31.286024538038294 327
15 15 41 20.062145722814371 50.780990249517536 327
21 14 117 78.612686573346707 -55.100322228828702 438
35 18 115 53.455326005329368 -74.876752878740390 438
35 18 115 50.980231681901422 -38.961938274038125 438
4 17 114 22.059384250811366 -90.345910623973765 438
4 17 114 20.620110584448398 -56.376387646555990 438
4 17 114 20.157775965561569 -22.379531222760285 438
4 17 114 48.781775067563622 -4.031052391843915 438
10 16 111 89.941783522829652 -27.321705231051123 438
1 31 99 -23.508766442904609 -75.261360834378024 438
23 12 111 -5.271643376019147 -36.320285576454367 438
2 18 110 -11.243212029762100 -6.920619459070746 438
48 17 96 18.468460584388644 11.578475396341087 438
2 18 110 47.619075926082125 30.949629858598239 438
18 22 96 -71.075818896596843 -51.886683919654843 438
18 22 96 52.456945242450331 70.655989808582873 438
39 23 87 11.921053767489106 51.115224666701508 438
18 22 96 85.869182419647046 19.247948217443263 438
3 25 96 -54.229420639334002 -8.009595755583465 438
20 17 89 -27.268912124463743 24.194922260055403 438
36 27 86 -35.335729307945186 67.449129691567649 438
14 17 85 -76.734208476157690 52.543898309295344 438
14 17 85 18.885445508979323 90.504274511437075 438
30 14 72 -93.101678584651111 -23.411053900247968 438
34 14 70 -91.161361141715602 4.521636056514886 438
25 13 51 -57.074125138478749 29.883776439465969 438