9 10 40 100.000000000000000 0.000000000000000 0
11 16 55 90.799999999999997 24.317894645713078 0
50 14 58 80.400229624536493 52.457631249626623 0
35 27 62 43.634882585123464 70.604511341574266 0
11 16 55 59.424372038071752 30.608361241655455 0
16 18 46 69.214873585339902 -1.951523270623454 0
11 16 55 36.721299079951976 8.056854013572215 0
21 12 62 28.280418936358938 34.754261048741320 0
35 27 62 -6.903081639232205 51.580469393088478 0
46 15 71 7.032004818780250 91.201339719315769 0
6 27 80 -60.664974821365163 56.645925095483534 0
46 15 71 -90.926274745119983 27.521129355005677 0
25 18 67 -91.837463435653603 -5.466288476195420 0
25 18 67 -60.166064944953959 11.648690858974961 0
25 18 67 -61.179757300800539 -24.337034474936235 0
40 23 71 -23.850036952855710 -7.381446052701116 0
7 16 72 -34.171899868121763 -44.990742057259020 0
16 18 46 -64.592986433998945 -60.174861793068757 0
42 16 77 -30.644721339651998 87.432032041534512 0
31 14 94 13.030799277054586 -10.348585918385906 0
40 23 71 4.801832087801955 -46.421901526993388 0
16 18 46 -22.567611947023362 -76.949160382392847 0
45 31 96 58.370389462951657 -53.234365159578473 0
41 17 76 20.785112584193651 -83.089799538382920 0
33 13 100 -89.738501927477586 -36.395148147822425 0
39 11 100 -34.096594570439322 25.037808364844317 0
3 12 96 -97.195272519990922 -12.533116123482422 100
45 31 96 -66.500219113884569 -42.646463602570158 100
38 32 97 -73.944954788869111 24.822241262063812 100
45 31 96 -17.961617840956642 -4.071806294076538 100
29 30 98 -9.544681271729132 -64.488320417200200 100
19 35 99 -18.158128353173382 61.927901156931057 100
19 35 99 41.298706495595965 24.983553960557888 100
45 31 96 71.435256450964829 -33.734316886293811 100
33 13 100 15.975522839860911 95.675402638259541 100
17 18 94 43.357869694894781 81.142437327951427 100
49 12 87 70.407053926289493 68.167783867605408 100
36 17 82 92.014910315878581 13.500232574323345 100
10 21 74 43.543112955172752 -77.620856180366019 100
17 18 94 43.357869694894781 81.142437327951427 200
18 24 98 70.570569032193305 49.150735360444394 200
14 23 99 23.742062417648352 45.139380445765354 200
44 27 100 49.899873196546586 2.527540128133502 200
14 23 99 0.003057631467883 5.738115849794571 200
26 29 103 -28.074236720840560 49.506432493844613 200
22 30 99 -77.951068638190989 17.989744249544994 200
44 27 100 -73.359510067447431 -38.825021347889546 200
27 18 88 -38.885960775259520 -9.901425458043999 200
30 24 88 -23.370742506835683 -48.930619685995559 200
8 37 84 40.446851264943270 -60.770488090450264 200
15 19 80 7.608618409537023 90.681359307732336 200
15 19 80 -11.526100369910260 -90.267098160197634 200
27 18 88 -74.912216721013124 53.405615677978659 303
15 19 80 -47.131287827660316 77.843700501108245 303
8 37 84 -27.599960056165557 25.360110346828236 303
2 27 84 -82.685167691239826 -7.222398761599180 303
8 37 84 -33.682408117186341 -48.389491859454779 303
27 18 88 -12.600243324646215 91.133055847808095 303
30 24 88 28.217716849795714 81.238909740251657 303
27 18 88 66.380250992942621 63.699782402406527 303
37 29 78 38.397511554787179 25.937813524495773 303
10 21 74 16.257138410876319 -18.893022705139636 303
4 18 74 20.530986770443441 -57.658138727143566 303
47 19 74 54.132353152061427 -73.148399450845844 303
4 18 74 79.532701117898029 -46.244453212154013 303
47 19 74 90.349548122607771 -10.860900240798763 303
4 18 74 88.226585433631612 26.078144541399041 303
4 18 74 3.185016846794911 -89.203619027939126 303
16 18 46 -89.670935662690695 20.569961044629775 391
29 30 98 -75.860532641225873 -25.400385575607004 391
48 38 117 -23.032714696860200 -68.216523318716852 391
29 30 98 -21.392475750481424 -0.236308430863026 391
22 30 99 31.798578500348754 -27.998004122683454 391
26 29 103 80.859140617262824 4.774869489076870 391
16 18 46 77.675039962687066 -42.117150120037110 391
43 23 109 32.949136695818837 24.989505875794837 391
13 19 107 66.302899987069736 50.514522512639658 391
5 35 107 -44.089533539365412 60.672176755751650 391
28 29 106 18.311917631112674 74.886918815262973 391