2 14 86 96.000000000000000 0.000000000000000 0
1 25 76 77.708333333333329 34.444374439893032 0
1 25 76 58.847691723208435 -11.861955559950676 0
1 25 76 28.175554392380761 27.625004206013173 0
2 14 86 48.859424341458180 60.688239436850040 0
1 25 76 17.062148504606640 83.269941085644760 0
1 25 76 -17.754594542204892 47.384088669792888 0
2 14 86 -21.829833382391385 86.170586686440842 0
2 14 86 -49.550288380949240 82.223895075365803 0
1 25 76 -67.753379726857929 47.732628565530234 0
1 25 76 -84.996236440821505 0.799869299302117 0
3 24 66 -72.323441288439270 -46.532997326603379 0
1 25 76 -36.858988327294782 -12.720683354223874 0
2 14 86 91.916666666666671 27.700656831362114 86
1 25 76 84.341903837006654 -10.556668847184763 86
1 25 76 52.921871915727579 28.337824260012354 86
3 24 66 40.662799906836881 75.779526943209049 86
3 24 66 6.027377356219837 42.547200742050507 86
1 25 76 16.037601890271013 -5.419406442300982 86
3 24 66 -30.135334214275289 10.983641185670011 86
1 25 76 -40.145558748326465 58.950248370021498 86
1 25 76 -79.991633775947065 28.746104533567035 86
1 25 76 -82.313804902210791 -21.199941568805759 86
2 14 86 -75.288579504845927 -59.561982809024187 86
1 25 76 -38.792057539960936 -45.814114448195753 86
3 24 66 -9.945302976446946 -85.423011821795853 86
2 14 86 -6.379030709321086 78.464898871402852 86
2 14 86 0.095494295854799 -48.773559027292379 86
1 25 76 35.061294288472340 -66.047609822524720 86
2 14 86 68.675475012557882 -46.271693807115575 86
2 14 86 96.000000000000000 -0.000000000000004 172
1 25 76 77.708333333333329 34.444374439893032 172
2 14 86 91.916666666666671 27.700656831362110 258
2 14 86 80.014033564814810 53.044834175334046 258
2 14 86 64.016648697843010 30.064762865218793 258
2 14 86 52.114015595991162 55.408940209190739 258
1 25 76 84.341903837006654 -10.556668847184767 258
2 14 86 49.181517648558327 6.317786494519519 258
1 25 76 20.430114895830119 32.668438094630147 258
2 14 86 28.709966496147949 70.779382158989335 258
2 14 86 96.000000000000000 -0.000000000000004 344
1 25 76 77.708333333333329 34.444374439893032 344
2 14 86 91.916666666666671 27.700656831362110 430
2 14 86 80.014033564814810 53.044834175334046 430
2 14 86 64.016648697843010 30.064762865218793 430
2 14 86 52.114015595991162 55.408940209190739 430
1 25 76 84.341903837006654 -10.556668847184767 430
2 14 86 49.181517648558327 6.317786494519519 430
1 25 76 20.430114895830119 32.668438094630147 430
2 14 86 28.709966496147949 70.779382158989335 430
3 24 66 65.833351928504058 55.335068210473281 516