17 10 42 100.000000000000000 0.000000000000000 0
17 10 42 98.000000000000000 19.899748742132399 0
17 10 42 81.766312060385914 8.217823563497323 0
16 25 57 70.291971924572152 41.283508471686559 0
48 11 41 60.832768862568592 6.548461653929389 0
48 11 41 42.387293519020425 18.538642609634628 0
15 18 50 27.340687393017632 43.329762876555513 0
48 11 41 44.675958301621115 66.578168897728787 0
2 24 69 77.530773183718040 -25.517324434165815 0
30 20 51 35.743074159278450 -11.740960246077170 0
30 20 51 4.362873913455580 13.063939119412270 0
28 22 66 -11.740435582187985 51.854188194244408 0
15 18 50 18.190428524742661 78.389888181477659 0
16 25 57 -57.494308327327715 62.605147631502113 0
15 18 50 -86.627590444734054 30.978388817680976 0
34 15 52 -28.841576866894492 90.516094943556951 0
34 15 52 -54.681745691616854 22.704151510851144 0
34 15 52 -74.582560684618528 0.255152365804168 0
38 28 95 -34.476499918868605 -15.253035466885226 0
48 11 41 -98.499546492656449 -9.941797661439903 0
23 21 79 -79.116759059254903 -35.458165109606107 0
48 11 41 -28.167295478561801 23.233247015713854 0
9 33 83 -19.701984609357954 -74.436763782774861 0
10 15 58 25.117143766358069 -91.619479855651335 0
35 18 58 53.525062816731179 -74.826917953801768 0
35 18 58 25.944414264345461 -51.690197671320419 0
11 12 81 -64.694414125361277 -73.611363124019491 0
47 24 77 -85.747971912319414 -6.579157463086140 95
19 26 78 -72.895234695544801 41.740684693491076 95
47 24 77 -39.131534729494007 4.862336511902161 95
19 26 78 -21.875575376776474 51.790279859308299 95
47 24 77 8.341681008382999 11.954147811209813 95
23 21 79 -73.675283149403185 -49.929476793325883 95
23 21 79 -9.770864512211677 -29.239731524977806 95
45 16 79 -36.940928380116354 -54.355217373632627 95
11 12 81 -54.089970120097448 -76.489136308163552 95
45 16 79 -29.215530613229681 -89.344573259865314 95
36 20 83 6.782252502105180 -89.744086440264624 95
19 26 78 47.856655033462047 -69.034343402455946 95
11 12 81 -9.572491817016070 -62.239135281315598 95
11 12 81 13.646869467010427 -52.490747315226329 95
6 19 75 31.467544295298438 -27.124952459467874 95
45 16 79 66.222118622976424 -31.262531860749057 95
41 15 64 -52.224296874077801 79.357563067474473 95
33 27 91 82.562399069637905 8.511771840566102 95
20 15 87 80.490521619925460 50.460637425148647 95
29 16 75 51.847275966874371 38.604648286364402 95
27 18 67 55.815076738656870 72.372333386700234 95
29 16 75 25.562272765170427 56.855637483841171 95
32 12 98 93.648145993544460 -28.879486698550977 186
39 18 98 91.993720852523509 1.074859855042185 186
32 12 98 71.155840272452920 -20.507140351859800 186
39 18 98 56.271726636246783 5.540185062940518 186
39 18 98 77.999808810584128 34.243676924127783 186
31 20 96 40.452362987635944 40.090839669662664 186
32 12 98 64.602105972287205 61.085837020824371 186
7 26 90 12.310061729187289 3.703879369594734 186
22 13 97 7.533979345870840 42.410326339935146 186
22 13 97 19.430770012957407 65.528855095535533 186
22 13 97 43.713465234686609 74.821363517302515 186
32 12 98 97.344724805214213 11.313909695463959 284
39 18 98 90.254475216465508 -17.836190832137138 284
22 13 97 72.613899659463186 7.655182101027769 284
22 13 97 82.738161765340706 31.603027866597010 284
22 13 97 56.936587913507381 28.396973162074460 284
31 20 96 66.097203533084041 60.100019095712568 284
31 20 96 52.257532777737140 -18.318233680816693 284
8 27 96 21.168032335852978 46.302570942887257 284
50 16 112 40.040015254459234 84.939965533100434 284
24 25 94 56.984829827733556 -63.069241072841912 284
46 18 96 20.867225791479328 -39.734317060101851 284
46 18 96 17.085388151482199 -3.933511146481681 284
8 27 96 -23.371549113147882 15.770199853372793 284
46 18 96 -21.456672448323761 60.729439697463931 284
46 18 96 -55.027697274356100 73.728912461000149 284
31 20 96 3.130093919226173 89.703409387299587 284
46 18 96 22.784906544143514 -89.133877026496762 284
8 27 96 -21.322281958754878 -80.214464356943481 284
38 28 95 -49.186398235362390 -32.795153690046419 284
38 28 95 -78.366179995469949 15.001711651024793 284
14 13 113 -8.333392972244127 -29.326441973626135 284
14 13 113 -94.286947883234163 -22.780945082772210 284
18 14 115 -61.767126181769214 -73.490285910761017 284
18 14 115 -80.345391027711457 -52.541584869550171 399
37 13 116 -92.707077955826236 -28.537654018723334 399
18 14 115 -65.707415060082596 -28.672574425647802 399
18 14 115 -52.355233636281497 -53.283938695551676 399
25 33 113 -75.008762589208260 17.397860064841087 399
43 15 113 -36.708069650288571 -28.867422580523183 399
25 33 113 -9.361747954695609 10.581008183211157 399
50 16 112 -67.163060894493512 65.765669245302732 399
43 15 113 -40.207194059423117 50.456154453188901 399
14 13 113 -12.855842486113396 56.448112990529410 399
14 13 113 12.570352597434422 51.015930779541897 399
50 16 112 34.620817170860533 32.180405512215785 399
13 20 111 -10.614325207679714 89.371897710553370 399
13 20 111 -4.338895563385702 -42.180445112306707 399
13 20 111 41.845477871926299 -3.087203958153424 399
13 20 111 35.658841966678480 -42.605877217460836 399
21 18 108 -26.940366220718921 -72.728334141267538 399
21 18 108 15.316319901571216 -74.702322441669452 399
1 19 106 72.744886824662160 -54.673407072059199 399
24 25 94 74.790364685804946 40.390609678046445 399
2 24 69 85.682462889756721 -7.383464846903500 399
20 15 87 56.826402660859486 76.129888746968902 399
49 17 87 24.981324186728646 79.274881112054800 399
12 20 71 -71.891426271571149 -54.144462585191945 515
12 20 71 -88.253543724232983 -17.644036389525418 515
4 25 71 -80.692295146431562 26.716165593160561 515
12 20 71 -48.462188663495851 -21.724240113648801 515
12 20 71 -32.100071210834031 -58.224666309315332 515
4 25 71 -31.170052176992801 19.820699599054482 515
40 20 71 -8.670833602758723 -25.804443837772205 515
40 20 71 7.691283849903094 -62.304870033438746 515
40 20 71 44.347233345843442 -78.315534184281162 515
4 25 71 72.970612750586071 -43.592312106654845 515
4 25 71 84.854286510093047 4.974943302495106 515
42 26 72 -50.034381508764973 67.472666073272649 515
42 26 72 1.295650784244266 59.152342473878853 515
2 24 69 50.131934894506713 69.876956886608468 515
27 18 67 48.481081151977236 27.909413690457754 515
27 18 67 44.929250035689321 -10.993508798993400 515
27 18 67 14.151001143155124 17.072181267561565 515
41 15 64 82.182240473548120 47.655842776598860 515
41 15 64 -15.134266918448558 -88.837759663507342 515