44 11 74 99.000000000000000 0.000000000000000 0
44 11 74 96.555555555555557 21.863775779997951 0
44 11 74 78.843192529652626 8.814936902970350 0
44 11 74 81.287636974097069 -13.048838877027592 0
19 18 74 53.398748085208169 -5.098374957028339 0
19 18 74 59.461995954742065 30.387354925173501 0
45 25 75 66.737162716848928 -45.977302231535333 0
45 25 75 19.045472168060449 -30.960556492241469 0
19 18 74 21.695589682846649 11.957701594006897 0
35 17 52 28.302980388066651 46.328363328523622 0
24 11 70 53.398642028216315 58.746405317626440 0
24 11 70 74.393995066341958 65.318707106533310 0
24 11 70 86.982495859035467 47.276266922557227 0
18 23 64 18.291856876123767 85.055323008165715 0
24 11 70 52.012094080477127 80.702668314516885 0
13 37 101 -32.620641699384393 3.312066369690524 0
19 18 74 -6.297185813896597 51.603635719265178 0
26 25 71 -72.762679011414477 -43.938508657917190 0
26 25 71 -24.839025125830318 -58.197660044122998 0
21 13 75 -17.423610508152027 80.538090501117608 0
24 11 70 -79.142449004991263 -8.508316239175553 0
24 11 70 -98.995233132659394 0.971502450029869 0
38 20 77 -49.934398729751436 74.876937861388257 0
17 18 77 -77.823569427090248 49.066200603132756 0
27 22 99 -84.362753492773109 -25.038486837618574 101
27 22 99 -85.939114623217762 18.933266431797733 101
27 22 99 -47.070278677739473 -1.687441418406995 101
46 20 98 -46.729416120513676 -43.686058213690643 101
50 13 100 -80.869524775404173 53.564166777802967 101
15 18 98 -52.548589565588657 40.957635579989990 101
47 22 99 -14.675479054406637 28.088000767463480 101
46 20 98 -6.662001488719859 -13.140438171019678 101
46 20 98 -7.858439861664223 -53.122540857343544 101
8 14 100 -33.780437392390411 -75.123678191968452 101
14 26 89 -29.714386402968223 78.568793045935848 101
15 18 98 9.979993126488075 59.585741821976058 101
15 18 98 25.310070854213315 27.012920070369965 101
15 18 98 31.056719601229471 -8.525453952345508 101
49 15 96 24.959327488579049 -40.957256391072043 101
50 13 100 4.716811671619091 96.885250103689557 101
43 19 95 24.458831997895537 -74.953572430663826 101
40 14 96 -0.962635801831617 -95.995173484467600 101
40 14 96 57.398336284218153 -76.950834899978858 101
50 13 100 77.255627528641668 -58.656355283598913 101
14 26 89 81.608746925333691 -19.900060936510677 101
8 14 100 94.290447893894594 18.036391988664104 101
8 14 100 66.307558535271752 17.057666724316011 101
10 13 85 52.608369716985067 -50.379116470701661 101
42 15 80 31.736755796731650 89.542047840657631 101
43 19 95 59.025225101802135 69.260542891906269 101
10 13 85 -92.192325419152780 30.159163347298534 201
20 19 89 -90.981839494100342 -1.817933516320128 201
10 13 85 -68.051963291400426 20.502926174311330 201
32 20 85 -68.857214548971612 53.493100020658062 201
32 20 85 -52.584515185532638 -8.647683580757038 201
32 20 85 -36.458396781811487 30.034272102572508 201
32 20 85 -13.072703696271034 -2.417374371973361 201
32 20 85 -27.433003392663046 -39.750761475607604 201
34 14 83 -77.397570548695356 -31.892301958881074 201
34 14 83 -75.101273368105211 -59.797982729262131 201
30 32 117 -13.696828974128486 76.787999557570672 201
42 15 80 -1.485137178857052 31.402158334813766 201
48 20 81 25.300577014915991 8.873831385625872 201
20 19 89 15.565053593419325 -28.891491116763667 201
14 26 89 4.787018003518593 -72.581695382969997 201
14 26 89 55.848216228951195 -62.745332448273096 201
14 26 89 82.082007449881914 -17.847802469702799 201
48 20 81 -40.960581339338205 -77.393883488754028 201
42 15 80 92.460959732335482 21.816757902480230 201
21 13 75 28.374361594351534 92.757186266687654 201
21 13 75 30.185350067867130 66.820333706116742 201
45 25 75 65.860926943811165 53.733958556037614 201
33 14 59 -59.669526998828601 75.203374576783872 318
33 14 59 -35.431678662470006 89.222172956947574 318
25 15 63 -78.652724135779692 53.279911655528664 318
36 25 63 -83.900779408308082 13.625682172956605 318
25 15 63 -34.835127029842234 60.228309362221026 318
36 25 63 -34.339053426226457 20.231385593263539 318
36 25 63 4.301624833328844 51.963041453642639 318
36 25 63 51.881729264889316 67.329682670310632 318
36 25 63 41.399578713584575 18.440782909528714 318
36 25 63 84.753580270831733 -6.467660417468082 318
36 25 63 2.758900454029279 -13.290872950850382 318
1 16 64 -90.066396055428811 -26.908071309304912 318
1 16 64 -59.060746932103164 -18.992913544533831 318
31 18 64 -67.143111089293100 -52.018288480037157 318
5 16 66 79.265151507265784 34.163327137688171 318
5 16 66 46.888007477150531 -22.190204645627539 318
35 17 52 79.567218630200216 -48.146211891008839 318
28 25 52 40.144282374777916 -62.631794274914242 318
2 14 51 2.540390480522092 -52.290260810039634 318
3 15 49 20.928966290361217 92.665950434973269 318
17 18 77 -32.946847596545126 -40.765930365643882 318
2 14 51 -41.775273444662368 -71.524000803242785 318
38 20 77 -12.672580543083701 -89.103342823819219 318
16 15 118 -47.049893627530295 -82.530645881624380 395
39 27 120 -68.716898496076340 -46.550916866157863 395
39 27 120 -82.812423278589137 5.576966086304033 395
6 23 120 -35.140387308355322 -9.502058631917423 395
6 23 120 -19.655805760409073 -56.195043554575889 395
29 16 114 -8.627381580497104 -93.603249340311365 395
39 27 120 28.051753018148784 -71.161300113597164 395
6 23 120 12.759749620321415 -23.557154999113315 395
29 16 114 70.178236216246489 -62.538109673835763 395
6 23 120 83.104294595178331 -25.742498321604554 395
37 16 114 93.241544567824633 11.916978081979213 395
7 20 109 57.384032517163256 8.717160972100302 395
13 37 101 -37.191640105700259 50.462867466272549 395
3 15 49 -9.565311206105555 94.517219709058040 395
23 29 110 26.188796714686589 68.872653680592109 395
7 20 109 12.150829435048877 21.926562526420163 395
17 18 77 80.994037049488725 43.634458429388673 395
3 15 49 -82.230263361542455 47.572931247626194 515
3 15 49 -92.964720687439780 19.559159171761614 515