50 10 98 100.000000000000000 0.000000000000000 0
50 10 98 98.000000000000000 19.899748742132399 0
50 10 98 81.766312060385914 8.217823563497323 0
46 23 98 77.961298070185492 -24.562076810579150 0
33 16 97 84.144800066126621 41.900508610655038 0
24 29 97 43.216491018724284 14.126401874382498 0
32 19 94 54.650739817329381 60.744616709483147 0
24 29 97 6.676606437227363 59.169013197116492 0
46 23 98 -42.566618128941343 75.875444124333683 0
24 29 97 -39.421908643954083 23.970619664029115 0
40 22 93 34.470387334422313 -36.118057226531697 0
5 26 95 19.467240825095008 -81.713074441350912 0
42 19 88 61.892733905830994 -66.710490102097125 0
5 26 95 -13.249604643625254 -41.295157342916973 0
46 23 98 -59.149198440466719 -24.142102533788883 0
21 17 93 -92.958837309956621 -2.766688631020177 0
21 17 93 -84.986407834555379 30.285397055964150 0
6 10 92 -18.356931301518419 98.300676870463775 0
15 11 83 2.632587989714049 98.964062070012375 0
6 10 92 36.970002847057486 83.731385516517790 0
6 10 92 -67.595252222066534 50.938428466926510 0
6 10 92 10.838708786808702 -14.541593915269154 0
6 10 92 5.373520599061466 4.697213689998593 0
37 21 77 -42.039587693129349 -78.445350828405935 0
23 12 77 -67.955692351578747 -58.016069898028142 0
1 10 40 -85.217511002298480 -44.376802437139183 0
1 10 40 -12.510329269857753 -4.256439970153698 0
15 11 83 96.799999999999997 20.754758490524534 98
8 12 84 88.454669343210313 42.187337808675835 98
43 19 84 66.809617453389151 19.995183143412945 98
14 25 85 57.148096050215933 62.921340718672653 98
14 25 85 23.245181297914165 26.170934308699994 98
11 18 81 91.669783940372170 -7.787856722197951 98
11 18 81 56.515210034313640 -15.543882346412234 98
11 18 81 20.535205702293812 -16.743585754690461 98
35 26 80 7.523894524329705 74.687335063318216 98
18 23 79 -16.931733074010051 -0.093405613541900 98
16 13 114 88.019085240488238 40.763226484512536 183
16 13 114 95.684826216355944 15.918983382922494 183
22 16 114 69.609507709549405 63.170534558717975 183
22 16 114 93.101503457127976 -12.965726127849033 183
4 34 114 48.989672033232587 10.574586708428981 183
4 34 114 20.449160618078594 72.295241340095558 183
41 19 115 69.116338775857301 -38.455172477511596 183
41 19 115 -2.183274764087280 24.370583087040828 183
38 16 111 60.102991587964993 -72.274687146863599 183
41 19 115 32.967008632831636 -50.169519672747697 183
48 13 111 16.084662332230764 -22.985215683375657 183
38 16 111 -9.745913784962777 -9.802600713125223 183
48 13 111 -30.829598102712396 10.109161026848440 183
48 13 111 -31.962203812274538 36.084480164573534 183
27 27 88 -71.499209992473254 42.152852459260828 183
42 19 88 -90.998679300198106 0.490270965585999 183
20 23 109 -77.608560550803375 -39.318078910754110 183
10 25 78 5.824505376140102 -84.800207176181573 183
2 15 76 -0.766273702190219 -45.346923014522190 183
36 23 108 -41.450780936428664 -76.490736431022825 183
21 17 93 -37.696489393969010 -36.667309971033021 183
13 15 64 -57.808109651933407 -6.884421327906017 183
19 18 89 -33.992819848416723 67.017902195020838 183
44 16 61 60.102991587964993 -72.274687146863599 298
34 20 58 79.594760899857420 -42.008023487121235 298
34 20 58 89.936952913907092 -3.368159818307298 298
26 19 58 83.930422556996177 35.166520575741743 298
26 19 58 53.992122680560065 11.763567759727577 298
9 17 57 50.129427840500682 47.555739928689029 298
3 25 63 36.619508191401479 -28.661576220363294 298
9 17 57 18.095835216126616 9.032900026231136 298
26 19 58 14.233140376067240 44.825072195192590 298
26 19 58 31.782681922291975 78.529872914338398 298
3 25 63 19.233340784306733 -75.541435252707629 298
47 25 66 -30.625871817809305 -79.290957715234555 298
44 16 61 -68.721808998539487 -64.135114936891298 298
9 17 57 -45.998203368728731 -40.205264390328480 298
13 15 64 -8.037841544094338 -46.279128193777616 298
47 25 66 -11.854421009282056 84.169309742534381 298
47 25 66 -29.108242667519846 37.240580394876517 298
45 16 50 -50.981395798492088 71.918601850966525 298
45 16 50 -77.220024847144217 53.601005238767939 298
47 25 66 -82.675689627236522 -19.741589213152409 298
13 15 64 -62.026518667635933 14.516427931469195 298
45 16 50 -40.391093351564464 -7.685111911359133 298
25 15 100 -68.347008680906981 -65.982470432471885 364
25 15 100 -44.363929964060659 -84.005010077637166 364
25 15 100 -40.747492149058516 -54.223784825303724 364
46 23 98 -68.232079472772114 -27.982644231854636 364
40 22 93 -87.050288086101958 12.893693967465502 364
40 22 93 -43.188813956823076 9.404985437565141 364
40 22 93 -16.935387001861049 -25.904469006258726 364
31 24 92 -6.818240753759468 -73.454122829473008 364
39 17 78 -68.459014505633917 -62.947306002063385 464
39 17 78 -41.258753019177149 -83.346957348799123 464
10 25 78 -81.795039709670135 -23.120801865278910 464
39 17 78 -91.281886574427759 17.793740006342212 464
39 17 78 -78.786020809511058 49.414197605579822 464
39 17 78 -55.759846331934519 74.430098327484757 464
10 25 78 -31.815840350643576 -42.422253314017780 464
10 25 78 -39.015466003198782 35.912235881514995 464
37 21 77 -3.542988999906072 -78.707868597475510 464
37 21 77 -17.830328863712566 76.743473486823532 464
37 21 77 6.508284871829996 42.514364800910329 464
37 21 77 -11.662709004452370 -1.071905105772111 464
17 25 67 38.026459722521388 76.019657727271166 464
28 21 75 74.745705455425750 48.312312260651922 464
28 21 75 42.686062305891276 21.179688334379922 464
17 25 67 84.946600157543969 3.012494261297782 464
28 21 75 45.543230070010210 -20.723015544578534 464
19 18 89 11.183811656363591 -42.595248332109890 464
17 25 67 42.041841031574471 -72.541567355966947 464
42 19 88 81.321961036564858 -40.837956035622405 464