2 13 120 97.000000000000000 0.000000000000000 0
3 30 95 71.958762886597938 34.956207514980449 0
2 13 120 72.275191978972543 -8.042628197507149 0
1 15 68 90.318814370579474 -29.453552768601739 0
1 15 68 76.630934999948423 -56.148907389491384 0
1 15 68 58.370756336535308 -32.346263099828263 0
1 15 68 44.363790763500987 -5.816941294779584 0
1 15 68 29.443575580064390 20.209721550847551 0
1 15 68 29.622648115817967 50.209187096535842 0
3 30 95 33.838823293457772 -70.071377561814472 0
3 30 95 -12.892539190715588 35.462701132402941 0
1 15 68 10.906081848667736 73.654658880387288 0
2 13 120 32.599160611834122 91.358057813221066 0
2 13 120 93.515463917525778 25.765442132630543 120
3 30 95 78.658961197679346 -14.586563107942020 120
3 30 95 52.783921256547629 39.547366252901895 120
3 30 95 18.840083193950363 -9.928040340477132 120
3 30 95 -7.034956747181354 44.205889020366776 120
3 30 95 -67.032519627883048 43.665104057330197 120
1 15 68 74.169697269892083 -59.362075493471103 120
1 15 68 44.715875367976174 83.818199038607489 120
1 15 68 -45.698479937367750 83.286547121452912 120
1 15 68 47.024139530369368 -46.590282549242836 120
3 30 95 7.963128046580444 -68.933903156998198 120
3 30 95 -37.698970551061450 -30.011252275291401 120
1 15 68 -72.136291685979785 -1.044531490043603 120
2 13 120 -36.591675311220492 12.974488351709844 120
2 13 120 83.312206014640552 49.679737609754852 240
3 30 95 79.707819539621511 6.831069040723442 240
1 15 68 55.722172147930181 44.905847033529270 240
3 30 95 20.548225493617288 16.838188122256469 240
3 30 95 41.461603173315794 -39.399082739924324 240
3 30 95 -17.697990872688422 -29.391963658391294 240
3 30 95 -38.611368552386935 26.845307203789492 240
3 30 95 -9.684278146197883 79.411678969702407 240
1 15 68 58.608382012723453 74.766687487481178 240
1 15 68 43.719052048374955 -84.342424010645331 240
2 13 120 -52.634622029799999 81.477583197957543 240
2 13 120 28.239959267662393 59.144656085786757 240
2 13 120 17.961754993800856 -95.322480861246319 240
1 15 68 7.778781013200380 -69.239784664142491 240
1 15 68 -21.807659286589157 -74.203911010942122 240
2 13 120 -46.613978797675301 -61.217513807949011 240
2 13 120 -72.398817758004014 -64.555489210781474 240
1 15 68 -86.103847429086343 -40.138852224604307 240
2 13 120 -95.992640095001391 -13.943207937613661 240
2 13 120 67.123290627867888 70.024737452465914 360
3 30 95 75.029981526075971 27.757915487238936 360
3 30 95 73.227006488247468 -32.214989069843909 360
3 30 95 22.190435121988457 -0.667114606153792 360
3 30 95 23.993410159816957 59.305789950929046 360
3 30 95 -28.846136244270554 30.880759857536319 360
3 30 95 -79.998566521337281 -0.478909731759856 360
1 15 68 -83.480049603050290 -45.344032884959226 360
3 30 95 -38.505900287547284 -43.818944904926290 360
1 15 68 -34.237371265254446 -88.616039230181855 360
2 13 120 -70.523369328846144 41.464154512086324 360
2 13 120 -17.020646899309320 72.222721612540255 360
2 13 120 -35.880426227414659 90.119892441896837 360
2 13 120 -2.078459654582795 93.500198914690813 360
2 13 120 -9.477252598345693 -75.541769705631083 360
1 15 68 82.697586715839677 46.755846173245295 480
1 15 68 93.153952436703278 18.637090583576153 480
1 15 68 94.320727332854077 -11.340211435480086 480
1 15 68 63.574212912812328 23.640990032882065 480
1 15 68 53.117847191948727 51.759745622551193 480
3 30 95 50.025061734952516 -19.270785767700936 480
3 30 95 14.325411703279094 28.953015281325058 480
3 30 95 -9.587800056387366 -26.075689076831061 480
1 15 68 -28.393175091198135 14.806554865987389 480
1 15 68 -27.791762994178598 44.800525985023270 480
3 30 95 22.511101407343624 -76.767508188219139 480
1 15 68 -21.875937683568548 -69.365430051517592 480
3 30 95 -71.781496373586080 35.318787894955392 480
1 15 68 -94.943970021324645 -3.262293148968411 480
1 15 68 -89.192646671845708 -32.705837088680212 480
1 15 68 -43.526904901532959 70.342751987379074 480
1 15 68 -22.960490270271357 92.183598793650788 480
1 15 68 -66.569451317351422 -13.003272992796948 480
1 15 68 -60.818127967872471 -42.446816932508732 480