33 10 113 100.000000000000000 0.000000000000000 0
33 10 113 98.000000000000000 19.899748742132399 0
15 16 111 84.144800066126621 41.900508610655038 0
19 15 112 74.097453556158229 12.573885414169800 0
19 15 112 53.965263787547528 34.815623995509313 0
43 37 111 27.117814873703800 -9.717672388416183 0
16 14 109 62.395164779609274 62.563358484365097 0
21 21 115 27.550032189601588 59.274478008460903 0
28 12 108 46.654298114638237 86.182228257515249 0
3 11 116 82.731949924876872 -11.950499847413919 0
15 16 111 85.620720481684970 -38.795518094197078 0
16 14 109 57.936300014122985 -50.352890778991643 0
19 15 112 31.188525882640217 -61.558093990499287 0
19 15 112 1.874484108787481 -55.179461309366374 0
19 15 112 -19.037561478517663 -33.669316043597675 0
28 12 108 61.790038565970633 -76.065702744508059 0
28 12 108 40.394958160949216 -86.940008904565772 0
8 20 116 8.501278657491266 -89.546387183079162 0
8 20 116 -31.170151678484551 -84.429980719767229 0
16 14 109 -62.988277556335163 -72.446372514337000 0
16 14 109 -43.205350302261508 -52.631333042763146 0
43 37 111 -72.213810571388535 -10.684828625654930 0
6 36 103 -46.439777705609764 57.613774799552502 0
10 15 106 -0.128041707141739 36.254394920721722 0
10 15 106 -25.088962517928714 11.298089650550455 0
11 16 100 -0.971028707907760 82.844566792353149 0
48 10 87 -81.792215131873874 -57.532890973957343 0
48 10 87 -22.488903078163009 97.438438197361265 0
48 10 87 24.004515942919532 90.071057600105718 0
3 11 116 94.089581465460157 -30.792055138534320 116
21 21 115 88.996404194486644 0.800025281824826 116
6 36 103 47.729160218024667 -38.519366557154100 116
6 36 103 42.144414566334838 33.263713733440355 116
6 36 103 -17.229183701373096 -7.464358019894945 116
10 15 106 -7.977006568753545 42.689377816098684 116
35 21 100 4.815483007795757 76.339819275816225 116
24 11 96 87.039815794439079 47.170652597458457 116
20 15 94 39.943288973941854 84.216192045358738 116
12 13 87 -24.293600155282434 93.908577837678180 116
11 16 100 -30.591752560983025 65.600747184755164 116
11 16 100 -62.220685651358117 70.459820302601372 116
35 21 100 -80.375532831721557 38.220069623390941 116
24 11 96 -58.672257618662009 14.704801285007154 116
24 11 96 -78.982916779067011 6.250386789025992 116
45 19 95 -88.227973025927554 -22.289566521944671 116
12 13 87 -43.914916811793177 33.631525573956999 116
23 12 88 83.542562570038925 -51.231242803890012 232
29 27 85 82.089791232855561 -12.258310460507651 232
29 27 85 72.257678448939174 40.839048778953106 232
29 27 85 44.542902109223142 -51.068503929977162 232
23 12 88 49.501658109589272 9.166291742106859 232
46 32 85 13.589630248849986 34.589239150491387 232
32 17 82 43.048304465815278 73.745164798836171 232
14 37 80 -15.200321132123904 -28.117528422723225 232
46 32 85 -50.324421864877138 31.273527702887169 232
32 17 82 -20.289884193996020 69.989500464738626 232
32 17 82 10.655372951188722 84.074636609568500 232
23 12 88 10.392281500694603 -69.902916903370993 232
23 12 88 -12.520641864511326 -77.044201301866849 232
49 14 80 -94.324509218813930 17.857406324264655 232
40 15 77 -94.344277814462487 -11.142586937848808 232
40 15 77 -39.366265653182055 -74.161063532498844 232
32 17 82 -69.075130295715766 -62.270589965327055 232
49 14 80 -66.093653849612650 -31.414297281316337 232
31 12 72 31.785757594662790 -14.213989093465983 232
3 11 116 94.089581465460142 -30.792055138534337 320
21 21 115 88.996404194486658 0.800025281824809 320
5 19 117 64.090998566867810 -30.500466256228904 320
5 19 117 49.162774312718952 4.444463570826720 320
44 21 117 70.294994741484246 38.406637525832537 320
6 36 103 13.893872716577540 46.647598290912313 320
11 16 100 67.591800024923714 -65.324945996079649 320
5 19 117 34.401017140710252 -54.217654177953925 320
24 11 96 34.755821171394921 -24.219752349662496 320
47 16 69 15.465243147070739 -5.328653930368243 320
2 23 95 -35.018626477861531 79.641043436183182 320
38 11 94 -68.112690586983803 71.844703221614111 320
38 11 94 -82.297526891189364 55.028329682028001 320
20 15 94 60.676855413719366 73.098011033834538 320
20 15 94 -56.742273593968989 48.462795313897082 320
18 11 92 -92.418287793360889 35.494507763082481 320
18 11 92 -97.975182631662733 14.207870645960043 320
36 29 81 -78.327685162475944 -20.634285475587589 320
31 12 72 -2.221371933533248 91.861521919227030 320
2 23 95 -39.900202087819686 14.398963653589787 320
45 19 95 -30.697403995203974 -26.580403194453979 320
18 11 92 -71.465592915366031 27.033286029730618 320
30 17 79 -50.064192271226254 -56.927190699422702 320
31 12 72 21.682130301375217 94.011540734429843 320
18 11 92 -77.818137961201714 -60.631039864533619 320
18 11 92 94.089581465460157 -30.792055138534309 437
45 19 95 90.995019258778143 -0.952087230559336 437
36 29 81 69.332089900602270 41.881515135138123 437
14 37 80 46.242037241933176 -34.614686663757467 437
14 37 80 5.062199370150537 26.868814804959300 437
14 37 80 -68.888005577043131 24.154558319647990 437
14 37 80 -54.601168471112928 -48.453198053267279 437
30 17 79 34.617542533519881 72.062638392873140 437
25 28 77 1.077254724234670 -81.992923610877028 437
42 19 75 -49.173889916869371 76.569762638025807 437
30 17 79 -13.191328601577442 77.690155957917327 437
39 12 70 -93.264945346845138 -18.351497807208165 437
39 12 70 41.054588345852054 -83.339324927684544 437
39 12 70 -5.950204044195425 -42.615076751786134 437
37 14 68 12.996912443150162 94.278586594455703 437
22 13 54 91.901163074875299 31.035080561925025 532