1 19 43 91.000000000000000 0.000000000000000 0
3 23 67 77.395604395604394 39.735631619984375 0
1 19 43 53.369512757221770 5.286438297294795 0
1 19 43 35.406642479196663 38.772783146723228 0
1 19 43 51.815688871972441 73.047310079705582 0
3 23 67 66.973908361617362 -34.449193322689581 0
1 19 43 26.875503548880744 -21.954477180499655 0
1 19 43 8.912633270855636 11.531867668928783 0
1 19 43 -1.431686951088547 48.096810430348178 0
1 19 43 14.977359441687229 82.371337363330525 0
1 19 43 91.000000000000000 -0.000000000000007 67
3 23 67 77.395604395604394 39.735631619984368 67
1 19 43 53.369512757221770 5.286438297294788 67
1 19 43 35.406642479196663 38.772783146723228 67
1 19 43 51.815688871972448 73.047310079705582 67
3 23 67 66.973908361617362 -34.449193322689588 67
1 19 43 26.875503548880744 -21.954477180499662 67
3 23 67 44.649412738997974 -74.668801664835939 67
3 23 67 0.332855440364241 -86.999363257760805 67
1 19 43 -41.252529032318826 -81.112445706178121 67
1 19 43 -3.223630284570216 -45.150212617773647 67
1 19 43 -8.262159515986948 -7.485730367460437 67
1 19 43 -1.546855391667739 29.916203947731091 67
1 19 43 9.259870966808435 66.347161462089900 67
3 23 67 -44.809014757253266 -39.263295066190956 67
1 19 43 -44.861373766562579 2.736672297298078 67
2 20 97 -38.857077705963377 41.271700892287768 67
1 19 43 -77.256966824839296 48.087015680177956 67
3 23 67 -86.704588812654492 7.163398552957254 67
1 19 43 -26.791866108995883 78.358500014352771 67
1 19 43 -77.256966824839296 48.087015680177956 164
3 23 67 -86.704588812654492 7.163398552957254 164
1 19 43 -84.101315380874937 -34.755844849558883 164
1 19 43 -48.103029866338765 23.713916578508979 164
1 19 43 -51.342646740508577 -15.497869127518991 164
1 19 43 -84.101315380874937 -34.755844849558883 231
3 23 67 -86.704588812654492 7.163398552957236 231
1 19 43 -77.256966824839296 48.087015680177956 231
1 19 43 -48.103029866338773 23.713916578508979 231
1 19 43 -51.342646740508570 -15.497869127518999 231
1 19 43 -51.044084859941243 -53.496696225252848 231
3 23 67 -13.737880330616605 -34.202989903858864 231
1 19 43 -20.206883897545815 -75.701809078036064 231
1 19 43 -77.256966824839296 48.087015680177956 298
3 23 67 -86.704588812654492 7.163398552957254 298
1 19 43 -84.101315380874937 -34.755844849558883 298
1 19 43 -48.103029866338765 23.713916578508979 298
1 19 43 -51.342646740508577 -15.497869127518991 298
1 19 43 -84.101315380874937 -34.755844849558883 365
3 23 67 -86.704588812654492 7.163398552957236 365
1 19 43 -77.256966824839296 48.087015680177956 365
1 19 43 -48.103029866338773 23.713916578508979 365
1 19 43 -51.342646740508570 -15.497869127518999 365
1 19 43 -51.044084859941243 -53.496696225252848 365
3 23 67 -13.737880330616605 -34.202989903858864 365
1 19 43 -20.206883897545815 -75.701809078036064 365
1 19 43 -77.256966824839296 48.087015680177956 432
3 23 67 -86.704588812654492 7.163398552957254 432
1 19 43 -84.101315380874937 -34.755844849558883 432
1 19 43 -48.103029866338765 23.713916578508979 432
1 19 43 -51.342646740508577 -15.497869127518991 432
1 19 43 -84.101315380874937 -34.755844849558883 499
3 23 67 -86.704588812654492 7.163398552957236 499
1 19 43 -77.256966824839296 48.087015680177956 499
1 19 43 -48.103029866338773 23.713916578508979 499
1 19 43 -51.342646740508570 -15.497869127518999 499
3 23 67 -48.739373308729014 -57.417112530035112 499