3 15 117 95.000000000000000 0.000000000000000 0
3 15 117 90.263157894736835 29.623678483095365 0
3 15 117 66.976720827465385 10.709613644674024 0
2 16 102 61.515748820247723 41.224819440086662 0
1 18 90 35.217771493639276 19.674497202839532 0
1 18 90 30.601215490907755 55.377261951156214 0
2 16 102 29.203462199401869 89.348518709422962 0
1 18 90 -0.697621252564751 73.164415138371282 0
2 16 102 -30.901870392721303 88.775415550880155 0
1 18 90 -31.651597920398171 54.783682605438209 0
2 16 102 -61.474105612157786 71.112125120722354 0
2 16 102 -61.825473152375650 39.114054228062571 0
1 18 90 -89.835100048666362 19.840735854451125 0
2 16 102 -58.225597142197330 7.317184999924041 0
2 16 102 -82.625834433251086 -13.386158211747588 0
3 15 117 59.035331900403818 72.125426746477132 0
3 15 117 90.263157894736835 29.623678483095365 117
3 15 117 95.000000000000000 0.000000000000000 117
3 15 117 66.976720827465385 10.709613644674024 117
2 16 102 61.515748820247723 41.224819440086662 117
1 18 90 35.217771493639276 19.674497202839532 117
1 18 90 30.601215490907755 55.377261951156214 117
2 16 102 29.203462199401869 89.348518709422962 117
1 18 90 -0.697621252564751 73.164415138371282 117
2 16 102 -30.901870392721303 88.775415550880155 117
1 18 90 -31.651597920398171 54.783682605438209 117
2 16 102 -61.474105612157786 71.112125120722354 117
2 16 102 -61.825473152375650 39.114054228062571 117
1 18 90 -89.835100048666362 19.840735854451125 117
2 16 102 -58.225597142197330 7.317184999924041 117
2 16 102 -82.625834433251086 -13.386158211747588 117
3 15 117 59.035331900403818 72.125426746477132 117
3 15 117 95.000000000000000 0.000000000000000 234
3 15 117 90.263157894736835 29.623678483095365 234
3 15 117 66.976720827465385 10.709613644674024 234
2 16 102 61.515748820247723 41.224819440086662 234
1 18 90 35.217771493639276 19.674497202839532 234
1 18 90 30.601215490907755 55.377261951156214 234
2 16 102 29.203462199401869 89.348518709422962 234
1 18 90 -0.697621252564751 73.164415138371282 234
2 16 102 -30.901870392721303 88.775415550880155 234
1 18 90 -31.651597920398171 54.783682605438209 234
2 16 102 -61.474105612157786 71.112125120722354 234
2 16 102 -61.825473152375650 39.114054228062571 234
1 18 90 -89.835100048666362 19.840735854451125 234
2 16 102 -58.225597142197330 7.317184999924041 234
2 16 102 -82.625834433251086 -13.386158211747588 234
3 15 117 59.035331900403818 72.125426746477132 234
3 15 117 90.263157894736835 29.623678483095365 351
3 15 117 95.000000000000000 0.000000000000000 351
3 15 117 66.976720827465385 10.709613644674024 351
2 16 102 61.515748820247723 41.224819440086662 351
1 18 90 35.217771493639276 19.674497202839532 351
1 18 90 30.601215490907755 55.377261951156214 351
2 16 102 29.203462199401869 89.348518709422962 351
1 18 90 -0.697621252564751 73.164415138371282 351
2 16 102 -30.901870392721303 88.775415550880155 351
1 18 90 -31.651597920398171 54.783682605438209 351
2 16 102 -61.474105612157786 71.112125120722354 351
2 16 102 -61.825473152375650 39.114054228062571 351
1 18 90 -89.835100048666362 19.840735854451125 351
2 16 102 -58.225597142197330 7.317184999924041 351
2 16 102 -82.625834433251086 -13.386158211747588 351
3 15 117 59.035331900403818 72.125426746477132 351
3 15 117 95.000000000000000 0.000000000000000 468
3 15 117 90.263157894736835 29.623678483095365 468
3 15 117 66.976720827465385 10.709613644674024 468
2 16 102 61.515748820247723 41.224819440086662 468
1 18 90 35.217771493639276 19.674497202839532 468
1 18 90 30.601215490907755 55.377261951156214 468
2 16 102 29.203462199401869 89.348518709422962 468
1 18 90 -0.697621252564751 73.164415138371282 468
2 16 102 -30.901870392721303 88.775415550880155 468
1 18 90 -31.651597920398171 54.783682605438209 468
2 16 102 -61.474105612157786 71.112125120722354 468
2 16 102 -61.825473152375650 39.114054228062571 468
1 18 90 -89.835100048666362 19.840735854451125 468
2 16 102 -58.225597142197330 7.317184999924041 468
2 16 102 -82.625834433251086 -13.386158211747588 468
3 15 117 59.035331900403818 72.125426746477132 468