44 10 94 100.000000000000000 0.000000000000000 0
44 10 94 98.000000000000000 19.899748742132399 0
49 14 94 86.755771184755062 41.102751320786574 0
12 12 94 76.146413435419703 17.365828012433866 0
49 14 94 77.591443094221532 -8.593984954634735 0
12 12 94 55.504070947666733 5.122719885070590 0
20 19 93 81.029939749355520 -41.414355774487362 0
49 14 94 53.611830326814840 -23.050062276136103 0
20 19 93 53.830494479946410 38.883257254161322 0
20 19 93 26.129152279050992 -4.782538981421002 0
46 28 95 38.985702511441289 -62.421071726343953 0
7 18 91 52.077225796318011 75.841694030126405 0
7 18 91 21.489675049304648 56.857444260939246 0
32 28 98 -9.852661656944207 -35.020082960312905 0
7 18 91 -7.376708314143514 10.913234523233550 0
13 21 89 -16.666915904231857 48.790563401245322 0
39 17 85 -1.204776954202764 83.502553535635386 0
39 17 85 -35.103847492953975 86.120380231344924 0
39 17 85 -63.712287899734648 67.747652140729770 0
13 21 89 -54.640662638533911 30.846356565637223 0
23 30 85 -67.255624626452374 -43.320675850057249 0
13 21 89 -34.206956172893129 -82.163764211395332 0
36 14 84 -71.952957075820592 0.427867758388880 0
36 14 84 -88.716227253550059 22.855368130665013 0
3 11 78 -82.627348775836793 47.102544438095954 0
3 11 78 -48.103448265761806 -7.068860162439538 0
24 11 58 27.132421638982606 25.200680502007103 0
48 10 53 76.966858085684947 63.015696817429728 0
28 13 34 -96.302177149829134 -11.614244538622735 0
18 23 79 -32.651103456869947 -80.640594262745694 98
43 15 78 -67.899256739142416 -66.443140611142269 98
43 15 78 -46.616401642135187 -45.299818286592767 98
42 32 78 -77.385514582055364 -9.771495938212219 98
42 32 78 -58.647799594617247 51.424076099718249 98
43 15 78 -31.392726826732705 -19.449485114370784 98
18 23 79 -3.395290171892402 -45.142743778039844 98
17 20 80 10.013780469893476 -85.998549051263822 98
17 20 80 48.667099441880595 -75.706759486284341 98
34 21 80 76.454694591750808 -45.559627685947007 98
34 21 80 88.834469653546080 -5.425587652337718 98
34 21 80 81.430883464381196 35.916726162198692 98
38 24 80 44.613281519052848 -13.761445135149867 98
25 26 80 34.436472467932262 35.191926122987510 98
38 24 80 -13.750268574893376 84.893640009828175 98
10 21 76 31.161538589426002 82.077689506891289 98
10 21 76 -11.784303209706122 26.669021937357346 98
45 15 59 64.860244074347861 69.412885969508750 98
48 10 53 -95.173789170466677 30.691201588330820 98
28 13 34 -6.364435378905604 -6.896213540688295 98
8 13 113 -21.871823523413788 -94.501975300840371 178
26 31 104 -50.299147639824170 -60.917942732065157 178
40 20 106 -0.066629046124905 -69.732367031680951 178
40 20 106 -9.157336835181972 -30.779074078530279 178
40 20 106 29.122558317832393 -42.382936671401126 178
40 20 106 38.213266106889463 -81.336229624551791 178
26 31 104 23.592437824869805 8.316350969879551 178
37 20 103 -86.468773588357493 -24.962996497323196 178
29 25 74 -46.101882953955197 -5.075459180948290 178
22 13 105 -18.520498816581348 21.063922010400184 178
32 28 98 81.999996564102190 -0.023737885949213 178
22 13 105 61.389692945006011 -35.466866764882454 178
50 13 98 64.425996967832049 -61.288966948271302 178
9 22 98 72.989843310482428 49.157733608367487 178
39 17 85 -4.221098024880931 47.436770491334464 178
32 28 98 30.694819799486883 75.824772930428239 178
32 28 98 -43.399783153822348 69.573405998277806 178
50 13 98 -7.805549257789739 89.921637207759460 178
9 22 98 -80.349591584520425 35.887924601469578 178
8 13 113 -46.188029892241005 -85.297514000546656 291
41 28 98 -65.608472905003538 -49.188700766267630 291
50 13 98 -28.376168072212504 -66.357144983439014 291
41 28 98 -13.749383974457785 -28.054962448266558 291
23 30 85 14.594725580566422 -78.657447105966767 291
25 26 80 64.676099730073645 -53.600392943574292 291
25 26 80 83.835237009049308 -5.258615372560563 291
25 26 80 70.867038563468640 45.098368543039868 291
25 26 80 33.740710457384644 8.689087290048928 291
5 31 76 -78.554995515964563 8.373331444938010 291
16 28 76 19.165380243040858 60.684853936410029 291
10 21 76 -27.638929549138442 18.935254871180575 291
31 20 82 -28.828493599518946 59.917994376611915 291
1 17 72 -74.122400178084376 56.168227601019403 291
28 13 34 -55.343460656927526 79.563770562462594 291
28 13 34 27.215102051948918 -29.761093918092435 291
1 17 72 -67.398475702078798 -64.081553297624538 404
1 17 72 -85.927264365572299 -35.573940443097499 404
1 17 72 -92.971266625250152 -2.311618934134028 404
27 17 72 -51.974553100553322 -33.781345186422534 404
27 17 72 -33.445764437059822 -62.288958040949559 404
19 30 70 -48.568175542412789 13.095051773363068 404
27 17 72 -19.468625753932596 -23.813161433290034 404
15 17 70 -79.207986726758151 48.734944738798106 404
15 17 70 -47.154426606124275 60.073784344018307 404
29 25 74 1.897843286312771 -84.978810246205484 404
29 25 74 -6.705034612181457 48.766853402319100 404
2 23 75 48.223574676398421 -72.411924746065310 404
2 23 75 78.407445990368942 -37.699766753487729 404
2 23 75 9.630514690821020 3.632057191754735 404
21 21 76 14.886446727359639 -40.052896492864036 404
45 15 59 44.782612323033781 -19.997491169709136 404
35 17 47 68.814077478073656 1.132787638250413 404
16 28 76 61.936270489863247 -53.739170051336814 480
21 21 76 88.141072621821138 -12.334963197142201 480
21 21 76 83.983233567615102 29.458725015305866 480
21 21 76 46.449937543466788 -7.250746848636595 480
21 21 76 42.292098489260752 34.542941363811458 480
16 28 76 0.316602492941435 9.263350072356975 480
11 15 58 66.677295396537900 61.026184590299437 480