25 10 60 100.000000000000000 0.000000000000000 0
25 10 60 98.000000000000000 19.899748742132399 0
25 10 60 81.766312060385914 8.217823563497323 0
25 10 60 83.766312060385914 -11.681925178635078 0
25 10 60 65.532624120771828 -3.464101615137756 0
19 12 61 62.203565730167995 18.282561812430856 0
33 29 63 26.560848502383777 -1.980624230741492 0
33 29 63 41.961586554545242 53.937326978585787 0
50 15 57 84.624121548633752 43.171264194161139 0
31 17 66 15.655154562873101 91.672875680937125 0
38 21 64 -7.461212484633165 61.512743477563632 0
41 28 77 -56.420039501735104 59.504446410521695 0
8 19 65 -87.668596632931312 24.397072865661237 0
38 21 64 -87.621627041484885 -15.602899557547751 0
8 19 65 -51.493226799237767 12.763388264663348 0
8 19 65 -48.775035744110269 -25.139269127501450 0
1 18 66 -74.046721502037641 -52.164107683033492 0
1 18 66 -48.901710232049325 -77.927034695160074 0
13 24 66 -15.535585316967165 -52.418179210228296 0
1 18 66 -15.146746695041639 19.686782232601004 0
50 15 57 22.903644937342513 -45.828370604801009 0
31 17 66 17.058741962680976 -77.290047438955810 0
13 24 66 57.380847278470185 -64.058085872158884 0
30 12 55 -27.828235469229337 87.477804131159871 0
30 12 55 -20.661699380777758 -88.051351320002681 0
4 10 52 -8.449176005010624 -19.164866547225600 0
4 10 52 -24.181203765567979 -6.815643796742361 0
7 11 95 87.522703614183641 -46.268524420644383 0
30 12 55 70.680730493187937 -30.604937941435399 0
4 10 52 96.240075093525022 -27.163356677565922 95
42 16 47 80.780431725830965 -48.067887931428416 95
44 22 47 87.920647533758881 3.736273175845017 95
10 18 53 58.008405330381251 -22.820416496749232 95
42 16 47 50.498833516481056 10.339896094839460 95
31 17 66 48.906859265323874 -56.616301737790621 95
30 12 55 30.316162407026496 -34.359033479468977 95
50 15 57 25.371628981556242 -7.815642791683675 95
42 16 47 21.059560582960966 22.882990176672358 95
42 16 47 46.641835166646551 42.106601365127943 95
49 21 67 41.476868106907325 78.744329396104547 95
6 12 79 68.425741687420725 59.698116839758676 95
24 13 98 86.977742405947197 42.940334488272150 95
23 35 115 -11.898950638572273 61.802606542459785 95
13 24 66 -69.764495041473367 50.288321025942381 95
49 21 67 -88.504730470720801 9.376176422458435 95
49 21 67 -82.949542314414472 -32.254820257275703 95
23 35 115 -34.258862960426598 -4.530147968106014 95
39 15 69 -52.311471445244514 -51.157428897770785 95
41 28 77 -10.996899425607943 -63.078256840252919 95
7 11 95 -53.557827317421598 81.309989602635326 95
7 11 95 -47.535110533436651 -76.714940052813915 95
7 11 95 -75.288981727773375 -63.324352141396538 95
37 12 104 -54.639095114877513 81.354589821517564 210
29 27 100 -69.539313136847468 45.313176102050861 210
14 31 101 -14.930578716980754 64.855082996222308 210
14 31 101 -28.475451803519839 4.352715992364104 210
14 31 101 30.693571554180302 22.873695310314218 210
29 27 100 82.969481670176179 -2.250580232362047 210
35 32 100 37.431862832162473 -39.764914433621428 210
35 32 100 -23.773215504397896 -58.471554586666258 210
22 16 103 -61.629750565903798 -28.960831905969769 210
22 16 103 84.725479404338671 40.713549829325650 210
37 12 104 -71.428623537583562 6.358965723586369 210
46 18 84 25.640692324134822 -88.354710667508016 210
37 12 104 54.788292151768601 -81.254187849565341 210
43 21 81 34.086507157657529 82.213806807560985 210
9 15 98 66.913481743320702 67.435791394379649 210
26 16 74 -71.718357448056679 -60.765756845058490 210
17 14 108 -72.720607138926624 62.671471159897735 314
48 15 109 -50.045028309555107 80.749582918401671 314
35 32 100 -35.110991414553354 36.185308639347980 314
17 14 108 -21.055103414121273 79.985217457966655 314
5 18 109 6.560051949964851 63.817249304318352 314
48 15 109 11.624739739239740 31.208217770137978 314
5 18 109 -0.193828904589444 0.397157496088699 314
48 15 109 -31.286671253918701 -10.658843346881461 314
5 18 109 -63.761047097221009 -4.792420792381678 314
5 18 109 -83.860744941875083 25.073984189698255 314
2 24 97 47.860296292401337 71.452026135047817 314
34 27 92 52.274273058510936 20.643396857057599 314
34 27 92 78.666856318569216 -26.467446362533494 314
45 23 84 -74.907222784664555 -44.248253916834173 314
12 15 77 67.416739594092320 -66.932676791701269 314
9 15 98 93.537648575152801 12.811804364301072 314
28 21 77 36.244372416634718 -48.924802831853484 314
23 35 115 -18.826868521400488 -59.081496267459158 314
26 16 74 20.312137111597441 -91.779175666158963 314
9 15 98 -68.348569500082448 -65.980853641737596 429
2 24 97 -31.903129497612820 -79.863573224959993 429
36 24 90 -46.038795860013202 -33.992199401071709 429
9 15 98 -9.593355857543575 -47.874918984294105 429
9 15 98 6.519956727524143 -73.180277261463360 429
18 31 91 50.749989732575692 -60.542865328157887 429
18 31 91 78.824469731856894 -5.263361235140195 429
36 24 90 -85.716326100759161 -6.979358121511908 429
36 24 90 70.593841392840019 49.117304052671173 429
16 29 88 -39.284190068231851 18.575616804260939 429
16 29 88 25.229833149180692 21.710977117651062 429
27 19 87 32.545423291326472 69.150223958975815 429
46 18 84 -85.075829139107057 35.015757828347247 429
27 19 87 -59.752889358640786 61.992576040932647 429
27 19 87 -30.176275233933101 85.850989586643180 429
12 15 77 3.792972113646341 87.296753965429403 429
12 15 77 -8.285534576247906 59.835696517796762 429
12 15 77 -11.624723026426036 -15.643586619595347 429
12 15 77 14.624362147422481 -30.168927494633230 429
42 16 47 -42.877729255819624 -83.651062957171263 527