50 10 90 100.000000000000000 0.000000000000000 0
25 20 90 86.000000000000000 26.532998322843198 0
33 34 90 61.725029457984448 -21.703147928534278 0
25 20 90 46.150724311198076 30.002180802601195 0
43 24 84 10.112885380512992 4.757891048163682 0
13 19 88 11.416926505145980 47.738112973431427 0
47 20 92 43.498437267232234 69.914151105211062 0
21 14 73 75.764291275742906 58.955679688087628 0
47 20 92 8.667571276778681 89.581656650019383 0
29 33 84 -38.992479191919372 66.397187940964301 0
33 34 90 -75.325354519971938 10.104007444600541 0
33 34 90 -53.259651332061942 -54.216321712074794 0
4 17 92 -7.146005488784832 -32.432573939002964 0
18 23 92 1.028579720263849 -71.588367337426178 0
27 11 74 -81.406740757654248 54.691188802342012 0
21 14 73 -28.484060501678741 20.587001992524822 0
21 14 73 -25.797057857509245 -7.670945447744574 0
14 10 52 -93.302780285794398 -35.980427887127419 0
20 11 96 -27.034104544385130 -90.784350038570253 0
20 11 96 -48.565777016968539 -86.269144557820269 96
20 11 96 -28.314407550668850 -94.864610498618646 96
1 34 96 -62.363837618216508 -43.436755835682803 96
1 34 96 -72.159452940854095 23.854000739428677 96
37 34 94 2.918545716685955 -62.468582498272198 96
5 15 96 -19.847210910273759 -19.078257249410100 96
20 11 96 6.109692560102918 -17.581874200338945 96
20 11 96 27.007216599768146 -24.458900375337411 96
20 11 96 37.035952515304551 -91.811427509238229 96
20 11 96 56.397691270181070 -81.365228564745891 96
31 28 97 68.919913396079266 -44.430232246488778 96
31 28 97 81.367024612068803 10.168938281796613 96
45 20 93 -51.556776966651782 73.769226299392116 96
37 34 94 -6.991569173276659 43.274271727638819 96
26 27 79 52.454237977453545 56.956231097487638 96
34 17 79 19.929709884714939 86.589912481086571 96
21 14 73 40.078813414958375 17.868523734456083 96
23 13 120 92.469189127210882 -29.299301393652804 193
19 26 118 63.314091665949483 -55.202588675856006 193
23 13 120 69.709042942691326 -16.730461126575637 193
46 26 115 81.471835488249965 20.453362124001369 193
46 26 115 30.764585050060759 -14.649788290898421 193
46 26 115 32.285981227138819 37.327950729497346 193
44 32 112 6.606694682742884 -67.379251904713527 193
44 32 112 -27.213208627610911 -13.044970460322268 193
15 15 112 -8.028385608992663 29.861236150659963 193
15 15 112 -2.321000132962972 59.313328623487863 193
39 32 109 -69.875233078671954 34.661964776989606 193
15 15 112 -32.132542384311392 62.670700898953939 193
15 15 112 -14.319201578121994 86.809567676881770 193
42 23 108 -85.075933385439129 -18.195756609614346 193
36 18 104 48.260787115710599 78.325579646575633 193
49 13 82 76.855833966057219 59.179225961327390 193
10 26 78 -51.385847786037139 -66.449188462389984 193
49 13 82 96.929985297868242 -3.684827018334332 313
41 24 81 80.749341845537401 29.589589242038198 313
41 24 81 61.511452817256000 -14.386581870685220 313
12 22 81 35.177281257874718 23.329613699402096 313
10 26 78 11.683231457993386 -18.527639244391239 313
26 27 79 -13.594224495083949 28.056158588548865 313
29 33 84 -73.402342557571671 23.261472590119968 313
29 33 84 -64.452723278714032 -42.128926665149145 313
17 24 76 50.366234846420497 66.749605510605875 313
35 21 75 -41.693874805771436 66.971575230505579 313
35 21 75 -5.817720572033465 88.809651093480483 313
7 18 63 -36.191398709088169 -84.582401594420404 313
7 18 63 -15.193644695738975 -55.340405657157874 313
7 18 63 -0.368210363382882 -88.145992023766183 313
11 14 33 13.092120377687252 59.357691646675150 313
11 14 33 -27.876997986680117 -12.612552914946175 313
11 14 33 -94.115484756279997 -18.928167610480092 397
16 28 63 -79.417756593163745 20.416168536456489 397
8 15 51 -65.141007408564647 -20.144581366868138 397
8 15 51 -42.095009168203738 -0.938281225891432 397
8 15 51 -36.984864453589715 -30.499851228103800 397
16 28 63 0.170005236922158 -8.854628700232151 397
16 28 63 -9.944486668694545 -63.933636075921257 397
24 23 58 -60.912174951523639 -62.118491149374975 397
48 22 66 37.540827012141804 -79.590742597644137 397
24 23 58 71.306408266835390 -49.843717157565507 397
2 17 69 32.496364368971562 -40.159684286602953 397
48 22 66 54.628999136350274 -8.048214711794955 397
36 18 104 -65.758533547455329 64.341396205617059 397
16 28 63 -22.141264027386345 78.954191955016341 397
6 19 66 -34.290603842205620 33.551619978705929 397
6 19 66 3.444441361764824 38.031169448720433 397
48 22 66 44.310911811329134 34.724873485729880 397
2 17 69 80.774494210271826 20.889875884157366 397
17 24 76 29.830731079956344 80.660569569246945 397
35 21 75 -83.863306403474510 29.798420076858974 501
17 24 76 -84.647028468328500 -15.194754735828568 501
40 23 69 -44.748864810949520 9.647478190561182 501
32 19 67 -45.217335590774383 -32.349909051128634 501