39 10 103 100.000000000000000 0.000000000000000 0
39 10 103 98.000000000000000 19.899748742132399 0
39 10 103 81.766312060385914 8.217823563497323 0
50 10 99 83.766312060385914 -11.681925178635078 0
13 33 100 41.154895357754896 -5.914155540834175 0
27 15 101 71.708830462824906 31.105529082284516 0
22 20 101 40.568289903376638 47.082598077108258 0
27 15 101 72.521918528308632 61.364251262224052 0
20 38 100 -16.318385365041955 35.773036772376216 0
20 38 100 -69.604670195545083 -18.417108539871208 0
50 10 99 -75.030228864910470 -66.109490668731937 0
50 10 99 -22.051435525089421 -11.883359816774121 0
13 33 100 -7.171412383388092 -52.226697696806220 0
15 15 97 -42.079893013533599 -85.172076433356764 0
9 20 97 -70.869413531006529 55.475456066364949 0
50 10 99 -46.556787372722027 73.050899425993180 0
38 10 98 -93.416046252276359 35.685323349979114 0
15 15 97 -26.378060150902961 87.809590685973461 0
15 15 97 19.384153513799834 74.943545035670311 0
38 10 98 44.311497125894661 76.848155348714798 0
25 11 90 -2.889406528041349 98.957826016519334 0
31 14 79 11.659743220200994 -95.289298391996653 0
15 15 97 34.036256640937552 -76.842302779388163 0
28 15 96 63.409242283601145 -70.740850949218625 0
25 11 90 61.755826528251191 -44.793476971492851 0
28 15 96 86.933927786459478 -38.307860807132613 0
4 11 76 -13.335185379513948 -95.792830213386452 0
25 11 90 96.799999999999997 20.754758490524534 103
19 27 85 81.784471433402700 -14.152746459925602 103
19 27 85 62.039715634385622 36.108019734365364 103
33 33 88 22.040649749001645 -8.614175295582708 103
42 15 85 20.164961999045083 39.349162739469264 103
42 15 85 33.009717745939859 66.460272082368050 103
14 12 82 58.637171160571640 74.959309173761298 103
23 17 79 73.239275315323056 -57.314994122710260 103
48 20 84 36.313420318780821 -59.656197397596330 103
14 12 82 5.645053749466769 -50.521029529944379 103
47 27 72 -30.888529473720126 -36.871952752576718 103
14 12 82 -21.903018565366295 1.078812637805783 103
49 15 84 -11.305188028660165 25.911975704867118 103
49 15 84 -5.246948816818451 55.293904464771629 103
31 14 79 7.977868565606780 81.102899121702833 103
17 22 79 -22.332308410002998 -85.119140039596914 103
14 12 82 -52.460837063225497 -69.362498227587892 103
31 14 79 -69.749131139931166 -49.943052099612366 103
17 22 79 -74.347738803696615 -14.237971122883614 103
23 17 79 -90.541833218416826 21.240914232875923 103
17 22 79 -69.449000804941306 54.044761884897433 103
23 17 79 -53.254906390221116 18.565876529137899 103
41 11 56 30.319755567041838 92.320745849801213 103
1 11 55 -33.891319783337465 38.790898499897686 103
37 12 105 -51.869851058316449 83.147570927767148 103
36 15 73 -26.140445399790856 91.332782254240740 103
1 11 55 -38.199813709782454 64.650812322820016 103
1 11 55 -70.434541118602993 69.569931848549516 208
1 11 55 -53.331160172130396 83.407357917000184 208
30 15 54 -47.065207744478442 58.173693098460589 208
11 22 57 -77.663716845218545 37.371499925337588 208
30 15 54 -94.887360531045942 4.624803936525865 208
11 22 57 -82.624893374171094 -30.284104657507346 208
11 22 57 -57.635552578233657 -66.499196077859949 208
11 22 57 -52.192112378352931 1.493967040765496 208
40 25 58 -22.677761422714987 -35.083390541042320 208
40 25 58 -16.627415261173105 32.221028712250806 208
40 25 58 17.055555994998954 -4.731067944852247 208
29 17 60 -20.076598373409215 -77.002764949434038 208
6 16 43 -26.414029693866311 81.293572966702030 208
18 15 44 1.526192778684806 67.864352282524194 208
18 15 44 21.202174486561269 45.218033733335879 208
47 27 72 21.479976479851079 -62.544165900239314 208
3 18 61 66.467379379394330 -63.608863206597746 208
29 17 60 86.265238115757981 -34.746347906385424 208
35 16 62 52.395748517141058 -32.657462513309547 208
29 17 60 70.122501361899040 -4.822911437697339 208
47 27 72 73.230848564305276 39.067157799765631 208
44 21 75 44.166785473837230 77.267684454162605 208
21 12 116 96.312304445704783 7.630771328114529 208
21 12 116 1.699016279941208 -96.155378517007279 208
7 13 108 26.535406298306064 -93.299904676177533 324
10 31 109 53.260772120534511 -58.346295110525183 324
7 13 108 90.500041364089398 -34.910492879621565 324
10 31 109 78.646717226592912 7.462832537336741 324
10 31 109 18.378766930658855 -7.089630042131503 324
8 32 109 -9.521906819867645 -63.574605073255327 324
8 32 109 -68.158138548121002 -37.927142650813316 324
8 32 109 -73.594947809103900 25.841510346248580 324
7 13 108 -51.518919484657097 -79.737863631897341 324
32 22 114 38.422634766519870 41.974036373848215 324
12 20 114 -21.610684969731899 24.562285171743536 324
13 33 100 -5.513737328403499 75.058703625256982 324
36 15 73 78.528604666986197 53.462680900383155 324
2 15 72 -53.384258762647995 78.581937596133642 324
34 16 66 -28.589699448902095 -10.754755430486044 324
34 16 66 70.867837961105479 61.755562848366111 438
24 26 70 81.313204271661959 21.075170487447416 438
43 26 70 78.138623950577198 -30.827835589127591 438
34 16 66 45.242172180608691 42.589831625522663 438
47 27 72 31.988141307100300 1.683467015549240 438
47 27 72 29.668261543890310 -52.266678099030841 438
34 16 66 -2.607302161972694 -23.853864308968106 438
45 20 62 38.740121939209956 77.997787548709283 438
45 20 62 9.242864960660796 42.813169226045488 438
35 16 62 2.740814719262058 78.221125149232108 438
5 30 74 -42.113376956319527 68.018111421406985 438
44 21 75 -81.540140232178601 35.667990284240126 438
5 30 74 -78.534324536059373 -15.243354934688870 438
5 30 74 -45.848319591083140 -65.558611872689184 438
35 16 62 -32.604146160296388 -12.709836754253796 438
3 18 61 -45.861036563575489 19.919924961633932 438
6 16 43 -12.712889768691110 12.356832732605088 438
6 16 43 -93.996355453145156 0.827744843529452 513