39 10 98 100.000000000000000 0.000000000000000 0
39 10 98 98.000000000000000 19.899748742132399 0
43 14 98 86.755771184755062 41.102751320786574 0
39 10 98 81.766312060385914 8.217823563497323 0
39 10 98 83.766312060385914 -11.681925178635078 0
43 14 98 64.176011190593613 24.545141632004004 0
23 12 98 63.268619889259611 -3.691642601795420 0
26 20 100 57.143792165486502 57.809956310323230 0
26 20 100 30.362241751980854 28.098871553134444 0
8 31 93 8.905764780971055 74.365701961025223 0
34 10 95 48.095844922711549 86.413009481129336 0
48 34 95 -22.588437095368125 17.505212619370827 0
23 12 98 -32.408768474011019 62.444739670883529 0
43 14 98 -33.848205177399528 88.404863360437446 0
23 12 98 -58.066201900491436 78.945020088992095 0
43 14 98 -75.332690024291153 59.506182987182640 0
8 31 93 -76.858825445480079 -18.268030850127907 0
43 14 98 -69.799023086561263 26.174732235137220 0
8 31 93 -22.179103049155898 -47.493498488147395 0
17 14 91 -53.808798425911405 -79.502284319129046 0
46 28 91 63.287584602238859 -43.691638106040941 0
25 21 85 9.857922885435308 -88.452367726278595 0
24 17 81 34.741104281417044 -8.905168591401583 0
38 13 73 -30.003870046501582 -92.242982292598526 0
38 13 73 43.804423916670544 -86.545782365916722 0
42 13 69 20.023832934950256 -35.047125750621099 0
28 12 37 25.558657898652054 -59.426742495377027 0
45 12 70 86.732410488989800 45.623338005557770 100
18 16 72 92.227591705030122 18.167865265084359 100
15 26 73 80.985940659964356 -22.299717832760415 100
45 12 70 64.888090694457830 12.122066352375050 100
20 21 68 37.051971120351027 -5.602223395200969 100
45 12 70 45.518543408412135 26.293186206982160 100
47 29 75 5.039092108772337 32.805791099042608 100
42 13 69 42.822498854840504 51.147387939589805 100
42 13 69 66.930566356798565 60.883972624222999 100
7 25 78 54.046934397264614 -65.604335849528837 100
4 15 76 24.030990793796555 -39.164912073783938 100
42 13 69 5.471727674980595 -18.199374816500075 100
47 29 75 -35.446101297873000 -8.726715625528222 100
4 15 76 -38.899077317888164 35.137585994413250 100
4 15 76 -27.191554768367503 62.758844397180951 100
20 21 68 -63.191451187952040 62.672485962826414 100
32 19 67 -85.982220879955179 29.800296853397281 100
32 19 67 1.696173299926691 80.689242246985842 100
16 13 66 31.759214756762134 91.653435713200963 100
30 15 66 -94.952778761759163 -2.994963342082254 100
40 18 81 18.693046263498033 -90.080908195858683 100
14 21 66 -5.617336073833510 -59.584919761102903 100
14 21 66 -43.549233605532066 -77.617422350724823 100
16 13 66 -55.327889236481738 -45.722857429291928 100
16 13 66 -73.296017003457052 -26.930667973306477 100
28 12 37 -16.550157420391020 -96.592402855298488 100
28 12 37 48.304502707015530 -85.268253284724480 181
9 20 48 67.427941898117567 -59.611011158879712 181
9 20 48 27.451907261268541 -60.995444152363795 181
49 16 59 88.852297595113740 -30.680111017878431 181
49 16 59 57.351478176345950 -25.049979940702492 181
49 16 59 77.977724425200449 -0.584535622611401 181
49 16 59 89.302254301183581 29.344631139728751 181
41 15 63 58.806416540545037 23.776518418454831 181
44 25 80 17.109993128828368 -17.199955662369366 181
31 13 62 31.407091323466357 18.007898336601937 181
44 25 80 34.900636734042870 55.846967305912479 181
41 15 63 74.808897744221326 58.554494432918112 181
3 22 84 0.617668925817028 87.997832274994593 181
47 29 75 -16.734166721992239 40.040415751046851 181
21 28 84 -73.601273998313900 36.150414462701860 181
12 17 80 -92.890791998005867 -4.505636690103913 181
44 25 80 -51.575003736749181 -12.055844657504821 181
36 28 84 -49.949769146954232 -65.030920047051310 181
27 13 104 -47.952488179677559 68.136970795475776 181
1 16 87 -6.612731533025785 -72.640201934913776 181
50 14 111 -20.269381612917268 -35.314348982586559 181
13 30 90 -13.690892827401040 -78.819791001934391 292
22 37 90 48.694835355851424 -54.385779480177717 292
13 30 90 79.847884378604718 4.931060764275038 292
13 30 90 19.859107166518079 6.091495423631287 292
35 40 88 -63.443599813406337 -29.578871559211766 292
35 40 88 -49.752706986005293 49.240919442722635 292
1 16 87 -14.627038596396154 92.854993090837809 292
5 30 87 50.858461666995858 57.463083101585227 292
27 13 104 -94.673992497537625 21.114808655921770 292
27 13 104 26.926401318072593 93.187815255311676 292
50 14 111 8.362974890534014 73.581714182702612 292
33 13 119 3.203194542174577 47.079324351657476 292
37 16 110 -7.562739068874691 -33.229816977902971 292
6 26 115 22.637452981654558 80.892185793829171 411
6 26 115 65.916852902252685 52.066961726826136 411
29 31 115 16.158841213302658 24.261561662048912 411
29 31 115 70.974460181691043 -4.708214262394470 411
29 31 115 18.478088804986065 -37.695044850965267 411
50 14 111 -15.277717969035542 -7.936928159297485 411
33 13 119 -10.043281837624804 59.609103975823089 411
19 37 120 -57.752980945749023 44.649671800360977 411
5 30 87 -77.628473960310885 -19.334426047683284 411
24 17 81 -23.519658632088660 86.411851381520819 411