42 11 120 99.000000000000000 0.000000000000000 0
42 11 120 96.555555555555557 21.863775779997951 0
42 11 120 78.843192529652626 8.814936902970350 0
42 11 120 81.287636974097069 -13.048838877027592 0
23 18 120 53.398748085208169 -5.098374957028339 0
23 18 120 59.461995954742065 30.387354925173501 0
29 14 113 88.602132246115488 -36.954866546124379 0
20 24 119 51.974289803441650 -47.074212275699026 0
3 18 119 20.367905625858555 -19.414919457208079 0
3 18 119 24.484835623967317 16.348901471080222 0
20 24 119 27.992400133734719 58.202180807469382 0
5 16 116 67.655154114724382 63.385417889012984 0
1 36 109 -26.705262108331976 33.541164095809023 0
3 18 119 -5.694445681103232 83.285968779929505 0
20 24 119 -84.334668752327900 16.842317133789187 0
34 30 116 -71.622518912485475 -35.640072736046150 0
5 16 116 -46.929076322075808 81.447294587093467 0
43 17 113 -50.908092764466012 -77.829082553275185 0
39 24 103 -19.866346428052921 -51.044572395615319 0
5 16 116 -20.666362626130205 -91.036571271425643 0
43 17 113 12.313780797239009 -92.181184644576717 0
8 13 102 40.637953261750695 -82.294766981914577 0
8 13 102 -72.180657573495282 51.789134045559734 0
14 12 79 20.376390695498603 -64.324510011223822 0
7 12 72 -9.496925998833005 -16.570304891256704 0
8 13 102 94.111111111111114 23.496782022908963 120
45 24 101 85.102828671914082 -12.389856820756165 120
22 31 100 50.671971966606641 30.499723575169678 120
9 22 99 39.996684706864798 -21.414034157458321 120
22 31 100 -5.889989218611056 5.107903103176596 120
45 24 101 3.784820897421824 59.250289910729769 120
22 31 100 -51.207717761823169 60.156210332977764 120
9 22 99 -85.713945405998956 19.927858965213282 120
26 39 99 -55.514372076390117 -44.262337183706379 120
44 15 98 56.897932439345489 76.076443687436367 120
44 15 98 25.831980396905529 91.420505297082499 120
44 15 98 -17.773701262556092 91.749984098179311 120
25 18 97 75.075819759080773 -53.175382344671654 120
6 19 98 39.246024207930212 -62.407161737765477 120
6 19 98 5.900702364676199 -44.183838463186632 120
6 19 98 -9.130934794873170 -79.084409866870772 120
17 15 75 22.873162423993666 -92.205305925014997 120
12 14 71 -50.029518104833706 15.171636915324125 120
12 14 71 95.938299501781984 -3.441320779348601 222
12 14 71 92.850578560703113 24.387908088696317 222
24 16 68 68.023264642604886 7.547347420707665 222
36 17 68 66.370213507313281 40.505918717778655 222
36 17 68 57.278520541500058 73.267803874395995 222
24 16 68 34.570071543584312 49.323569827154898 222
27 26 66 26.028356443466208 8.201323984443256 222
27 26 66 -7.409834182520704 48.024525860487344 222
36 17 68 21.672032579639755 79.698569265583998 222
38 26 65 -57.769937217536224 60.980606375157691 222
25 18 97 -23.745746546060907 88.879610822468948 222
50 20 64 82.969969977747468 -34.870963306047116 222
31 27 74 36.805063670851318 -43.691474950815831 222
17 15 75 -0.007184829848867 -23.471228653535064 222
50 20 64 -86.452810073191273 25.018225965258143 222
35 15 61 -94.570104982162903 -9.027471609630577 222
16 20 60 -59.822856942064817 -4.828810675487422 222
16 20 60 -78.577064516372587 -40.159812617970985 222
11 16 55 -42.760659849175084 -36.528675507429298 222
33 19 47 -53.338301140746388 -69.892031224545732 222
19 15 39 -14.605896258390970 2.737121630795201 222
10 15 106 8.755431409446558 94.595678658353506 319
10 15 106 -21.178727186503760 92.609186988978834 319
10 15 106 -49.000879747234862 81.387430135107650 319
47 17 106 -24.516444193937893 60.783731058571718 319
47 17 106 -56.883510793063415 50.373495721761444 319
39 24 103 42.377922034007582 74.833894219662085 319
40 20 103 76.624721045897815 47.208602231355520 319
40 20 103 89.513825305992100 9.342113202500215 319
40 20 103 84.721186295766955 -30.369731520676119 319
39 24 103 -83.777199893770884 19.426290895566105 319
40 20 103 -86.605994426001772 -24.482682236294103 319
39 24 103 10.298031006141123 39.128424167578842 319
39 24 103 -32.506250560210525 17.407616641418848 319
1 36 109 -33.611585135501002 -42.582201123570812 319
2 16 95 69.690107601907272 -63.081605103505296 319
2 16 95 54.732587498742788 18.630035284191614 319
4 31 95 32.826781493121352 -33.925213210863603 319
18 20 86 8.941363919053813 -78.986136717960363 319
19 15 39 -22.371809306400618 -92.328230505940311 428
19 15 39 -50.046862855112366 -80.748445919172795 428
19 15 39 -72.731093515225638 -61.116184731047319 428
19 15 39 -26.180948458264346 -62.571038788277519 428
33 19 47 11.565353376897995 -90.262077315268314 428
46 24 54 9.705896382480251 -47.302300550416390 428
46 24 54 53.226618843144635 -67.549441496777760 428
46 24 54 -48.478737707329522 -30.574029637354155 428
13 24 58 -85.997653840396325 -0.635243219065565 428
15 26 77 -69.835084421537601 46.680413278341007 428
49 17 81 -46.547799537183799 10.532074966394397 428
15 26 77 -17.989284201293117 42.678788667948666 428
41 21 79 -11.376053153966332 -3.853621275172411 428
41 21 79 82.504644486540187 -33.376393426336733 428
30 29 84 79.297343547707470 16.520632744445866 428
2 16 95 49.310348635594153 -17.032014485555081 428
41 21 79 29.354755723625544 14.125236861952907 428
41 21 79 45.148441925563937 53.042578448380681 428