3 16 115 94.000000000000000 0.000000000000000 0
1 25 104 76.489361702127653 37.072598322765131 0
1 25 104 53.677021051076572 -7.420065274960761 0
3 16 115 88.553191489361708 31.533034694561785 115
1 25 104 84.493495987626233 -9.265480871978014 115
1 25 104 48.077599446417366 24.996487534696648 115
3 16 115 71.527921447934659 58.628056008753191 115
1 25 104 35.087990810192281 77.419848236120060 115
1 25 104 0.737530488311613 41.087412649238445 115
2 18 102 -5.421966032879837 91.840090833678389 115
1 25 104 -41.306542400648219 68.148379647995768 115
1 25 104 -77.879939741705840 34.054588322695494 115
3 16 115 79.615178379436230 -49.974227073668175 115
1 25 104 41.518016796871123 -34.821462330825852 115
2 18 102 14.261224012587874 -1.563873014781842 115
3 16 115 94.000000000000000 0.000000000000000 230
1 25 104 76.489361702127653 37.072598322765131 230
1 25 104 53.677021051076572 -7.420065274960761 230
3 16 115 88.553191489361708 31.533034694561785 345
1 25 104 84.493495987626233 -9.265480871978014 345
1 25 104 48.077599446417366 24.996487534696648 345
3 16 115 71.527921447934659 58.628056008753191 345
1 25 104 35.087990810192281 77.419848236120060 345
1 25 104 0.737530488311613 41.087412649238445 345
2 18 102 -5.421966032879837 91.840090833678389 345
1 25 104 -41.306542400648219 68.148379647995768 345
1 25 104 -77.879939741705840 34.054588322695494 345
3 16 115 79.615178379436230 -49.974227073668175 345
1 25 104 41.518016796871123 -34.821462330825852 345
2 18 102 14.261224012587874 -1.563873014781842 345
3 16 115 94.000000000000000 0.000000000000000 460
1 25 104 76.489361702127653 37.072598322765131 460
1 25 104 53.677021051076572 -7.420065274960761 460