13 10 87 100.000000000000000 0.000000000000000 0
12 20 88 86.000000000000000 26.532998322843198 0
47 27 88 66.821256052915942 -16.375925930885032 0
12 20 88 46.007390463788006 25.764114401769099 0
12 20 88 65.337822223682437 60.783172184297527 0
47 27 88 18.436543984539156 63.827855999485053 0
47 27 88 13.453559843036274 -8.136447716216608 0
47 27 88 -24.146975360365765 30.621774023405607 0
50 37 89 11.404604126143205 -72.103640717552935 0
47 27 88 -36.209999605490133 -29.338590600903608 0
20 21 90 -84.207116738127141 -28.812523156631542 0
20 21 90 -67.319704177867223 9.642844440357775 0
7 14 90 -62.781268488343713 44.347348492311312 0
7 14 90 -44.961797103576650 65.945182632971523 0
7 14 90 -19.885552119392297 78.402386873617559 0
1 11 84 -96.177331883459715 23.471702788226573 0
33 15 93 63.387256168734531 -70.760552254764278 0
26 11 79 -98.986219785808458 1.651754375087755 0
26 11 79 -69.552205557540404 70.452045407366583 0
26 11 79 -1.996881659482760 95.866506352616781 0
38 16 57 -69.844163066309207 -62.910991770650142 0
18 14 44 -47.796536272127220 -83.255577112811054 0
26 11 79 44.376354496104824 -88.497113860487204 93
3 12 77 63.029776305334863 -75.041637101674738 93
11 13 78 40.195188943175381 -64.864131513373323 93
11 13 78 61.585146950219340 -50.083411082457374 93
11 13 78 86.724558166134031 -43.449407486050205 93
11 13 78 68.409636914890754 -24.995040535088236 93
7 14 90 94.363637114125908 -17.552603188485854 93
3 12 77 97.653098341498080 8.238469779376810 93
3 12 77 75.131872489439090 -0.055768348417073 93
3 12 77 79.209464491761594 23.595304427729797 93
39 11 76 23.736388962414502 -96.112350085849869 93
39 11 76 18.341275616711929 -74.784135158504867 93
39 11 76 19.440975296903737 -52.811637334784734 93
49 26 70 -16.391755709556762 -62.032016319330026 93
11 13 78 8.084161032703964 -31.668724343229652 93
39 11 76 -39.901560370054689 -90.602789581970825 93
23 23 70 -65.191896994083919 -57.610906661089381 93
23 23 70 -85.456526725747096 -16.315086269207185 93
23 23 70 -81.830812878115665 29.541801971220703 93
16 15 67 -48.168648704383301 -23.637254845789855 93
16 15 67 -18.278230500948975 -21.075439156907851 93
29 21 66 42.285326818908771 -3.234516138627242 93
21 15 82 6.200544853714963 -3.732153506953932 93
29 21 66 49.581239647943903 38.126935189766940 93
10 20 56 43.665164661010074 78.697861439348387 93
42 13 56 -56.035066834730429 4.430460189763171 93
10 20 56 -24.291612607615235 13.450056285544981 93
8 24 56 7.394724114881534 53.788924436943915 93
42 13 56 37.390754373072269 -36.880365222466068 93
4 11 40 -76.294788734143424 63.088075038095923 93
4 11 40 -56.914713988804237 52.675932949886274 93
38 16 57 6.457389546955826 93.777940477699048 93
29 21 66 -28.324401207426085 81.159421074916764 93
14 14 105 -32.706279720660071 46.434802420491508 93
6 12 95 86.243213350945496 46.541467004202794 93
22 20 96 -44.032977202423268 78.492655189456244 198
22 20 96 -5.670695307896132 89.821173532330363 198
6 12 95 -17.777178817552858 60.199676996361589 198
45 15 97 -73.707844764997091 59.934577833660342 198
5 23 97 35.997764287931332 79.203288860188977 198
5 23 97 71.353648919309506 49.776066396411039 198
5 23 97 28.190984387172620 33.870583364254699 198
6 12 95 -6.422847537253392 39.055430469771593 198
44 18 99 -40.535975289254765 40.653905505840960 198
34 20 91 89.358440520124901 10.727026979144846 198
6 12 95 57.638906353191139 14.954455539478190 198
6 12 95 38.530788318787643 0.432753670093046 198
33 15 93 91.870543773562218 -24.182704289429402 198
33 15 93 63.912400542562267 -13.304182925066886 198
46 26 119 64.054874847506028 -54.303935376422388 198
40 36 102 5.377879844211918 -34.278694868917903 198
44 18 99 -30.497207407963494 6.081906150502036 198
44 18 99 -65.456821049951870 14.674077820277970 198
34 20 91 27.755794720375654 -85.613175735048912 198
34 20 91 -88.670739295800928 -15.411034771750604 198
19 24 91 -67.117302129713551 -53.770510085257229 198
17 13 83 -5.062355299379313 -82.153547246199679 198
17 13 83 -28.869551720540869 -92.604260071850987 198
42 13 56 -32.510155228913355 -66.860406318094036 198
14 14 105 -54.670765609282157 -15.453335079451726 198
35 14 115 92.391734229491291 -26.072350221394469 317
2 32 115 56.037443826744848 -54.256841866850451 317
2 32 115 63.053514493736714 9.357423454661962 317
31 18 116 70.794827958442184 58.754509055344620 317
41 37 116 -1.217084744607540 -15.748155079682626 317
41 37 116 -72.961034196459210 2.384845693773254 317
9 40 118 -20.542016996533469 58.787386733994929 317
25 29 112 -28.811692102539052 -75.702618172613356 317
43 18 108 15.750907643653292 -90.641651068375324 317
43 18 108 -69.695418597470436 -52.518121027157605 317
43 18 108 36.451017469596643 69.548149826940787 317
28 16 104 -76.397510904520075 54.766963833991525 435
15 32 103 -31.375656479744212 71.411260879955648 435
48 36 103 -73.946065584801346 2.824780438947087 435
28 16 104 -80.353024031267722 -48.779007052527348 435
48 36 103 -28.528144970187626 -53.043032181958758 435
36 31 105 -7.391241452907565 10.535512231240848 435
14 14 105 15.024749155708033 -28.484013201988823 435
36 31 105 36.813578088910745 -67.857188508530058 435
40 36 102 35.920644889858039 61.653811317100057 435
40 36 102 61.600617912104624 -5.610882137762953 435
38 16 57 84.566451120197598 41.042847670882082 435
24 17 46 80.137132300258855 -47.191524945595994 540
24 17 46 57.819563632135605 -72.841595681241230 540
24 17 46 91.743806652380329 -15.233973248324091 540
27 21 45 53.996743240087227 -19.611096018857744 540
27 21 45 73.020767915221697 17.833349298971111 540
27 21 45 26.484155619168519 -51.345265653516073 540
27 21 45 31.080914701797397 15.586415290945137 540