2 17 100 93.000000000000000 0.000000000000000 0
2 17 100 86.784946236559136 33.427131296561186 0
2 17 100 60.943728239819734 11.331171203254726 0
2 17 100 54.728674476378870 44.758302499815898 0
2 17 100 49.984183053155206 78.425642773959282 0
2 17 100 23.199656809503921 57.483122536338513 0
1 25 70 -8.932948523722395 84.529299243945744 0
3 22 93 -10.321428689238390 37.549813052311329 0
3 22 93 -48.578085019946343 59.285227619190501 0
3 22 93 -82.335050235575423 31.063475380344517 0
3 22 93 -87.081709309053309 -12.679743838640409 0
1 25 70 -65.350182995072686 -54.353965655787377 0
3 22 93 -43.082625441601465 -12.963678382045888 0
3 22 93 -18.599155618296415 -49.522667774687903 0
1 25 70 64.172396839578795 -30.544546092965163 0
1 25 70 15.881410588028931 -17.583811281519367 0
3 22 93 22.932796820737657 -64.051842789182416 0
2 17 100 28.790158584168580 22.383227952981862 0
2 17 100 -36.019541116536580 -84.415792729221621 0
2 17 100 86.784946236559136 33.427131296561186 100
2 17 100 93.000000000000000 0.000000000000000 100
2 17 100 60.943728239819734 11.331171203254726 100
2 17 100 54.728674476378870 44.758302499815898 100
2 17 100 49.984183053155206 78.425642773959282 100
2 17 100 23.199656809503921 57.483122536338513 100
1 25 70 -8.932948523722395 84.529299243945744 100
3 22 93 -10.321428689238390 37.549813052311329 100
3 22 93 -48.578085019946343 59.285227619190501 100
3 22 93 -82.335050235575423 31.063475380344517 100
3 22 93 -87.081709309053309 -12.679743838640409 100
1 25 70 -65.350182995072686 -54.353965655787377 100
3 22 93 -43.082625441601465 -12.963678382045888 100
3 22 93 -18.599155618296415 -49.522667774687903 100
1 25 70 64.172396839578795 -30.544546092965163 100
1 25 70 15.881410588028931 -17.583811281519367 100
3 22 93 22.932796820737657 -64.051842789182416 100
2 17 100 28.790158584168580 22.383227952981862 100
2 17 100 -36.019541116536580 -84.415792729221621 100
2 17 100 93.000000000000000 0.000000000000000 200
2 17 100 86.784946236559136 33.427131296561186 200
2 17 100 60.943728239819734 11.331171203254726 200
2 17 100 54.728674476378870 44.758302499815898 200
2 17 100 49.984183053155206 78.425642773959282 200
2 17 100 23.199656809503921 57.483122536338513 200
1 25 70 -8.932948523722395 84.529299243945744 200
3 22 93 -10.321428689238390 37.549813052311329 200
3 22 93 -48.578085019946343 59.285227619190501 200
3 22 93 -82.335050235575423 31.063475380344517 200
3 22 93 -87.081709309053309 -12.679743838640409 200
1 25 70 -65.350182995072686 -54.353965655787377 200
3 22 93 -43.082625441601465 -12.963678382045888 200
3 22 93 -18.599155618296415 -49.522667774687903 200
1 25 70 64.172396839578795 -30.544546092965163 200
1 25 70 15.881410588028931 -17.583811281519367 200
3 22 93 22.932796820737657 -64.051842789182416 200
2 17 100 28.790158584168580 22.383227952981862 200
2 17 100 -36.019541116536580 -84.415792729221621 200
2 17 100 86.784946236559136 33.427131296561186 300
2 17 100 93.000000000000000 0.000000000000000 300
2 17 100 60.943728239819734 11.331171203254726 300
2 17 100 54.728674476378870 44.758302499815898 300
2 17 100 49.984183053155206 78.425642773959282 300
2 17 100 23.199656809503921 57.483122536338513 300
1 25 70 -8.932948523722395 84.529299243945744 300
3 22 93 -10.321428689238390 37.549813052311329 300
3 22 93 -48.578085019946343 59.285227619190501 300
3 22 93 -82.335050235575423 31.063475380344517 300
3 22 93 -87.081709309053309 -12.679743838640409 300
1 25 70 -65.350182995072686 -54.353965655787377 300
3 22 93 -43.082625441601465 -12.963678382045888 300
3 22 93 -18.599155618296415 -49.522667774687903 300
1 25 70 64.172396839578795 -30.544546092965163 300
1 25 70 15.881410588028931 -17.583811281519367 300
3 22 93 22.932796820737657 -64.051842789182416 300
2 17 100 28.790158584168580 22.383227952981862 300
2 17 100 -36.019541116536580 -84.415792729221621 300
2 17 100 93.000000000000000 0.000000000000000 400
2 17 100 86.784946236559136 33.427131296561186 400
2 17 100 60.943728239819734 11.331171203254726 400
2 17 100 54.728674476378870 44.758302499815898 400
2 17 100 49.984183053155206 78.425642773959282 400
2 17 100 23.199656809503921 57.483122536338513 400
1 25 70 -8.932948523722395 84.529299243945744 400
3 22 93 -10.321428689238390 37.549813052311329 400
3 22 93 -48.578085019946343 59.285227619190501 400
3 22 93 -82.335050235575423 31.063475380344517 400
3 22 93 -87.081709309053309 -12.679743838640409 400
1 25 70 -65.350182995072686 -54.353965655787377 400
3 22 93 -43.082625441601465 -12.963678382045888 400
3 22 93 -18.599155618296415 -49.522667774687903 400
1 25 70 64.172396839578795 -30.544546092965163 400
1 25 70 15.881410588028931 -17.583811281519367 400
3 22 93 22.932796820737657 -64.051842789182416 400
2 17 100 28.790158584168580 22.383227952981862 400
1 25 70 75.860215053763440 38.343549287941023 500