38 10 79 100.000000000000000 0.000000000000000 0
38 10 79 98.000000000000000 19.899748742132399 0
38 10 79 81.766312060385914 8.217823563497323 0
38 10 79 83.766312060385914 -11.681925178635078 0
3 13 79 62.157818665671201 -3.803282325289676 0
34 26 78 65.435225337234513 -42.665328147778133 0
3 13 79 38.459805808806223 -14.499271603325733 0
34 26 78 57.636227729075678 34.933718273647997 0
10 12 78 66.644620902230500 71.850501075482995 0
37 18 78 36.697575426179498 73.632204545573686 0
37 18 78 14.814230898559273 45.046907060931794 0
6 26 80 -6.116948544721609 83.776983357609794 0
46 24 78 -53.371066844906274 67.435370717721625 0
10 12 78 -22.235068991573101 49.364686234912682 0
6 26 80 -44.119114966819623 18.298812164587588 0
3 13 79 -77.127815713085724 39.069601149203756 0
10 12 78 -95.477733664771591 22.090775772682644 0
46 24 78 -85.103946268114072 -12.382177901885914 0
6 26 80 -39.792176798170210 -33.520852115342720 0
3 13 79 -75.914862244365708 -48.222947073382400 0
27 22 77 -33.993333581694579 -81.169287738673887 0
6 26 80 7.001322544586984 -56.200543895862623 0
2 12 75 -66.681559886873600 -71.816220807372545 0
21 13 71 -1.531831411868930 -94.255573570735052 0
30 24 67 2.231714709559331 -6.428555377218494 0
44 10 69 33.082090719929347 7.863200988560568 0
25 18 96 43.185850155341662 -81.234120579719317 0
14 13 60 70.517290801317586 -66.605643139620014 96
29 16 54 84.492395724357493 -41.195085444244143 96
29 16 54 52.598894624789054 -43.803645892427653 96
29 16 54 66.286565559139035 -14.878783500482712 96
16 19 52 90.392623608968591 10.496361135523763 96
29 16 54 55.727872173504210 15.329063062755647 96
5 20 50 74.439399211179648 46.084205005499811 96
22 17 67 41.701860310407461 -74.952556678379551 96
14 13 60 24.373845239984089 -50.462969223316520 96
43 15 69 29.648497517424630 -22.964277557128266 96
14 13 60 28.623255513367791 5.016946126497828 96
50 33 88 21.624852134949073 50.514060209976044 96
14 13 60 59.516790951555464 76.594723022078000 96
43 15 69 3.443748555407272 94.937561564889222 96
20 19 67 -29.393546921820903 86.122119106270915 96
24 17 68 -61.473390234530868 69.785545015232813 96
20 19 67 -81.726233737984359 40.022777502371667 96
24 17 68 -33.565840174817005 50.364714712061826 96
43 15 69 -51.728472505304232 24.018580520732343 96
9 19 68 -77.824093398487420 2.223659777603661 96
9 19 68 -83.878165950475363 -35.290980105184317 96
43 15 69 -53.015519256509748 -21.025741269347989 96
25 18 96 -63.746892806784921 -66.335010797317835 96
9 19 68 -31.829963237651061 -47.618451100649509 96
49 20 69 -5.145906347465823 -19.176209489247672 96
26 16 70 -33.867483002143416 -82.559093813818123 96
32 19 74 -1.171622931446397 -70.069869088583957 96
23 15 83 -38.054617627684081 -87.045080718043778 192
28 16 83 -63.487610047226923 -69.320439774219921 192
12 19 83 -4.273812458958396 -90.899584856398832 192
15 32 82 -23.855302908958777 -42.241292245208236 192
40 20 86 -81.510985955931375 -38.157033014792404 192
40 20 86 -89.995165408844258 0.932846737015105 192
13 22 87 -77.800158756116630 41.123415440878077 192
13 22 87 -48.626179443070292 8.185915064529778 192
8 30 87 -27.942439109037657 55.895273536367483 192
8 30 87 29.092864694573343 74.522514878815301 192
13 22 87 73.789855238936028 47.948485521618565 192
8 30 87 33.801824414323427 14.707586153974610 192
50 33 88 66.202608858253825 -39.321935104481476 192
7 17 90 92.019183048937307 13.471078316384670 192
31 20 76 33.445378800157542 -80.986834947406265 192
43 15 69 -12.053606629550409 13.793670212517796 192
42 12 100 15.838552848674574 -23.257145830575883 192
42 12 100 22.702683048534603 -50.843933826444754 192
27 22 77 23.380630517704471 -84.837174143146626 292
31 20 76 -18.494043844258780 -88.079341177637303 292
35 21 76 61.286756081876987 -64.536296213530207 292
35 21 76 84.057894845092335 -29.245004944629425 292
36 17 75 -53.492811080512247 -76.075746218519782 292
36 17 75 92.675264639532472 7.765006374280905 292
32 19 74 80.848749027886427 41.766969971807065 292
32 19 74 56.952131900637681 12.221214102754026 292
11 26 73 23.316227641526609 -36.837217348691695 292
26 16 70 46.046116481939542 45.478676839516112 292
11 26 73 12.634690759172791 20.029185073037919 292
11 26 73 13.496921726205905 72.022036098534585 292
26 16 70 -24.033610799980561 90.875659843079319 292
50 33 88 -71.200732691395672 -29.316474279974720 292
49 20 69 -21.681386069314843 -48.206532779677993 292
4 19 95 -88.866170243418040 19.590910807510785 292
48 18 105 -74.661467804670664 53.755606454137649 292
49 20 69 -36.819983702660771 57.222893716152910 292
49 20 69 -49.866588078911811 19.410381048391894 292
48 18 105 -24.480555649403186 -8.865922767487866 292
18 12 111 51.485706068273714 72.945217668900597 292
19 18 117 74.607596538867440 53.830349605901418 403
1 21 105 87.365937160487263 16.976248822098192 403
33 30 108 73.301117972426439 -32.045999812650876 403
33 30 108 36.394799395510084 15.260697906585026 403
33 30 108 13.879156689958599 -40.354460400804044 403
33 30 108 -23.027161886957749 6.952237318431866 403
41 32 99 -70.970998803404342 -32.359192339228414 403
4 19 95 -89.745268592989405 15.059441064401785 403
1 21 105 -60.128363768250665 41.945105434142917 403
17 31 95 -14.780318927213820 67.392204072205999 403
1 21 105 37.207227726627337 66.254226517643104 403
19 18 117 -49.530470506968925 -77.528913905447439 403