1 10 114 100.000000000000000 0.000000000000000 0
1 10 114 98.000000000000000 19.899748742132399 0
1 10 114 81.766312060385914 8.217823563497323 0
1 10 114 83.766312060385914 -11.681925178635078 0
1 10 114 65.532624120771828 -3.464101615137756 0
1 10 114 63.532624120771821 16.435647126994645 0
1 10 114 98.000000000000000 19.899748742132399 114
1 10 114 100.000000000000000 0.000000000000000 114
1 10 114 81.766312060385914 8.217823563497323 114
1 10 114 83.766312060385914 -11.681925178635078 114
1 10 114 65.532624120771828 -3.464101615137756 114
1 10 114 63.532624120771821 16.435647126994645 114
1 10 114 100.000000000000000 0.000000000000000 228
1 10 114 98.000000000000000 19.899748742132399 228
1 10 114 81.766312060385914 8.217823563497323 228
1 10 114 83.766312060385914 -11.681925178635078 228
1 10 114 65.532624120771828 -3.464101615137756 228
1 10 114 63.532624120771821 16.435647126994645 228
1 10 114 98.000000000000000 19.899748742132399 342
1 10 114 100.000000000000000 0.000000000000000 342
1 10 114 81.766312060385914 8.217823563497323 342
1 10 114 83.766312060385914 -11.681925178635078 342
1 10 114 65.532624120771828 -3.464101615137756 342
1 10 114 63.532624120771821 16.435647126994645 342
1 10 114 100.000000000000000 0.000000000000000 456
1 10 114 98.000000000000000 19.899748742132399 456
1 10 114 81.766312060385914 8.217823563497323 456
1 10 114 83.766312060385914 -11.681925178635078 456
1 10 114 65.532624120771828 -3.464101615137756 456
1 10 114 63.532624120771821 16.435647126994645 456