3 20 90 90.000000000000000 0.000000000000000 0
2 27 73 71.000000000000000 42.988370520409354 0
1 20 85 50.010936742917380 0.935318032032432 0
2 27 73 17.598475006148355 34.971068709261289 0
1 20 85 38.587538263230982 77.024121197638209 0
3 20 90 81.111111111111114 38.999841721742762 90
2 27 73 82.615872611783175 -7.976063728031122 90
3 20 90 90.000000000000000 0.000000000000000 180
2 27 73 71.000000000000000 42.988370520409354 180
1 20 85 50.010936742917380 0.935318032032432 180
2 27 73 17.598475006148355 34.971068709261289 180
1 20 85 38.587538263230982 77.024121197638209 180
3 20 90 81.111111111111114 38.999841721742762 270
2 27 73 82.615872611783175 -7.976063728031122 270
3 20 90 90.000000000000000 0.000000000000000 360
2 27 73 71.000000000000000 42.988370520409354 360
1 20 85 50.010936742917380 0.935318032032432 360
2 27 73 17.598475006148355 34.971068709261289 360
1 20 85 38.587538263230982 77.024121197638209 360
3 20 90 81.111111111111114 38.999841721742762 450
2 27 73 82.615872611783175 -7.976063728031122 450