4 17 61 93.000000000000000 0.000000000000000 0
4 17 61 86.784946236559136 33.427131296561186 0
4 17 61 60.943728239819734 11.331171203254726 0
4 17 61 54.728674476378870 44.758302499815898 0
4 17 61 49.984183053155206 78.425642773959282 0
4 17 61 23.199656809503921 57.483122536338513 0
2 27 76 63.446695633814798 -32.597579680700505 0
4 17 61 30.381996927706766 -3.567841489075390 0
4 17 61 12.354278628247863 25.259252934666911 0
4 17 61 -10.129721964408855 50.763560754119936 0
4 17 61 0.715656216847207 82.987430355791531 0
1 23 83 -40.176938560748056 77.167438780134944 0
4 17 61 -74.176956296268273 56.096159891934740 0
2 27 76 -44.647206580310730 23.477240815532081 0
4 17 61 -88.608971593612210 25.311148369162321 0
4 17 61 -92.615136899504677 -8.452006689893761 0
3 20 91 -58.022229414647910 -21.579487474268980 0
2 27 76 -11.102149172008545 -18.839766681143658 0
1 23 83 -58.297543989775434 -64.578606091802556 0
4 17 61 -26.686656963703928 -89.088845205792140 0
3 20 91 10.311972658608365 -89.407288404738651 0
4 17 61 46.266674184617102 -80.674623394810382 0
4 17 61 23.958934365257292 -55.016004099303672 0
4 17 61 -92.615136899504677 -8.452006689893757 91
4 17 61 -89.463720579113641 25.401627903389929 91
4 17 61 -61.721321171089826 5.745604015388571 91
4 17 61 -64.872737491480848 -28.108030577895107 91
4 17 61 -58.569904850698791 39.599238608672252 91
4 17 61 -30.827505442674976 19.943214720670895 91
4 17 61 -33.978921763066005 -13.910419872612781 91
4 17 61 -37.130338083457026 -47.764054465896450 91
4 17 61 -46.822349428160280 -80.353391926086474 91
2 27 76 -2.898996123807592 -82.949356968418684 91
3 20 91 -2.064859536057586 -35.956759507191052 91
2 27 76 -6.615677424048453 -82.735922139182904 182
2 27 76 -56.116023236211205 -61.155473476648055 182
2 27 76 -81.863382583460051 -13.688922236394276 182
2 27 76 -72.959323203263764 39.571923856715614 182
2 27 76 -12.676633563308737 -29.077140838467891 182
2 27 76 36.823712248854008 -50.657589501002732 182
3 20 91 81.893924444833829 -37.328074408196400 182
2 27 76 82.434908100623986 9.668812049144236 182
3 20 91 89.981068874077252 1.845872227042648 273
5 23 84 77.600815904880946 -39.333362059411819 273
5 23 84 47.463972852964197 -4.580366636511402 273
5 23 84 32.435417485086489 -48.056136020786063 273
5 23 84 2.298574433169733 -13.303140597885648 273
5 23 84 17.327129801047448 30.172628786389019 273
5 23 84 62.492528220841905 38.895402747763264 273
5 23 84 77.600815904880946 -39.333362059411819 364
2 27 76 82.340607268684323 10.441474734169095 364
1 23 83 38.946358046455188 -14.396784754753764 364
1 23 83 65.326892284831217 57.457785759686743 364
3 20 91 89.981068874077238 1.845872227042619 448
3 20 91 80.294175007206647 40.655202126075721 448
3 20 91 51.527756344228301 12.861441004085565 448
3 20 91 41.840862477357717 51.670770903118672 448
5 23 84 77.600815904880918 -39.333362059411840 448
3 20 91 37.240336075669354 -24.499897597061626 448
3 20 91 12.028177861963194 6.554040610628705 448
5 23 84 -0.960782903389028 47.545343325181953 448
2 27 76 -46.120791207450729 69.006323032014507 448
5 23 84 -37.603659452788477 19.737078399346110 448
3 20 91 -78.000545963204871 34.471105692131275 448
3 20 91 -89.923474906152677 -3.710614612504266 448
5 23 84 -75.025540301213169 -44.047341605493507 448