2 14 84 96.000000000000000 0.000000000000000 0
4 27 80 75.125000000000000 35.287878584579154 0
1 31 90 55.312597888271078 -19.223301209690199 0
2 14 84 36.463598579839072 21.638847841365958 0
3 19 94 33.324159604565054 54.489173911597440 0
2 14 84 41.984452826796939 86.332529911004357 0
5 22 69 6.006841544870476 85.063086550078708 0
4 27 80 -9.885534514215820 38.711901201734264 0
4 27 80 -60.914044942968488 56.378002170048696 0
2 14 84 -91.493723514123857 29.067138791443806 0
2 14 84 -95.989342948658802 1.430398645402096 0
3 19 94 -64.246118085503795 10.450801922815906 0
4 27 80 -75.642449195255082 -34.164599803645501 0
4 27 80 -25.445603011466297 -14.257901604269231 0
2 14 84 11.918485355195358 -31.137620219468346 0
2 14 84 -7.629361880737102 -51.184606737163421 0
2 14 84 -35.486508965861525 -54.009382175626449 0
2 14 84 13.704922565906230 -2.082666616167366 0
4 27 80 21.323922730552550 -80.214028195705424 0
3 19 94 -24.416162707646890 -85.097119850202148 0
2 14 84 41.984452826796939 86.332529911004357 94
4 27 80 64.589310958460317 52.126969122627088 94
4 27 80 82.988884590717760 1.358320429253958 94
4 27 80 66.260633071787367 -49.985282883324359 94
4 27 80 29.822158290320267 10.808146591603263 94
2 14 84 25.299931796184580 63.846383998930989 94
1 31 90 -16.107248104453291 46.226921672395278 94
2 14 84 6.865164468921421 84.921472458761258 94
3 19 94 6.629656391733590 90.758182309517110 184
1 31 90 48.030121183335197 62.722463751945654 184
3 19 94 -1.122711585914509 53.557365238663188 184
1 31 90 19.158204922600888 7.855238093697295 184
3 19 94 -27.393708904539942 26.101314905726085 184
3 19 94 -38.035847321134945 62.580691132877135 184
2 14 84 -70.971160411249500 64.645915492633335 184
3 19 94 -84.235596421850985 34.429119876276886 184
1 31 90 -77.539482368946011 -15.120472014983825 184
5 22 69 84.569419501618853 24.331323128001262 184
1 31 90 70.576468564798986 -26.788118614644482 184
3 19 94 22.946981604825044 -42.001006963990662 184
1 31 90 -26.384300618566169 -50.151135441268025 184
2 14 84 -67.639067264777097 -68.124566637527749 184
2 14 84 39.469498027566836 87.510906322880103 278
4 27 80 63.054377879887838 53.973562326201069 278
4 27 80 82.914861925356291 3.758413481657215 278
4 27 80 67.678853392171959 -48.047609758664322 278
4 27 80 30.431525463598653 -8.949827696489438 278
5 22 69 16.701149941185037 38.087144867797747 278
5 22 69 4.204168961581082 80.275122614964260 278
1 31 90 -35.779854606141512 45.486074635236442 278
2 14 84 -80.183403093945955 52.788463401332095 278
5 22 69 -86.281004058541129 17.308620356631788 278
4 27 80 -46.636240316878926 -11.488822374759959 278
2 14 84 -7.643112042732434 -24.159100485202462 278
2 14 84 -8.603303639166185 3.824430959169216 278
2 14 84 -24.868888659820918 -46.233352906024507 278
5 22 69 -58.519224535553285 -59.026120216125918 278
2 14 84 -82.192010979862289 -31.904188464089145 278
2 14 84 -80.183403093945955 52.788463401332095 368
4 27 80 -82.151781714639554 11.835740834870215 368
4 27 80 -39.853755561858442 45.404729255414630 368
4 27 80 -31.931171886711873 -8.010930133104587 368
4 27 80 -66.835583921474196 -49.213867170499626 368
2 14 84 -41.945790375929278 86.351321181199069 368
1 31 90 7.690182984039147 78.624812150312934 368
5 22 69 58.988393445930818 65.302139617841519 368
4 27 80 30.619480039531176 25.349608382133830 368
5 22 69 83.229106666640931 28.581738986158726 368
5 22 69 86.662543220690807 -15.284096392063745 368
1 31 90 -16.111426308007712 -77.339653104482153 368
4 27 80 41.624209250106901 -71.808253037539600 368
2 14 84 12.687730265454976 -42.762079727260023 368
2 14 84 78.887218015601206 -54.706552018556273 368
2 14 84 52.660182864796525 80.267709202681189 458
2 14 84 73.581424398460967 61.658527256929951 458
4 27 80 80.245865952925925 21.203796770037311 458
3 19 94 43.260084020169678 48.634844303794068 458
4 27 80 11.701227413062128 82.101821604590512 458
2 14 84 39.598419574897264 15.838621754692046 458
2 14 84 94.435177503847555 -17.262596844530748 458
5 22 69 5.138639413033406 33.543275098935304 458
5 22 69 -31.177194510533287 58.385984420503327 458
5 22 69 -73.885145723343840 47.801519237784134 458
1 31 90 50.954280218478743 -28.856197288707151 458
5 22 69 36.806467972783324 -79.932996411797774 458
5 22 69 3.104219290935049 -51.645924562861978 458
3 19 94 4.380582504560365 -10.665796489039366 458
1 31 90 -43.246399255716632 4.554933073180788 458
1 31 90 -55.498008202546096 -56.222514045088076 458
3 19 94 -17.929241118466244 -89.216267086870971 458
3 19 94 -87.828731960007033 -18.081665846355651 458