5 12 45 98.000000000000000 0.000000000000000 0
1 16 74 90.081632653061220 26.857018795073568 0
5 12 45 74.292187369438807 3.733580088092849 0
5 12 45 62.184783518681833 24.455809022130698 0
3 21 95 68.428911924058895 56.859680094228906 0
3 21 95 31.558597254759775 36.745508567992339 0
1 16 74 35.404710155481141 73.545065841890420 0
1 16 74 82.210554716377573 -23.123438706980703 0
5 12 45 56.401950748873446 -12.264527101827529 0
5 12 45 39.421234662012694 4.695876229975305 0
5 12 45 15.628735206556243 7.844998276213669 0
5 12 45 0.261947908827281 26.280340642070506 0
1 16 74 -1.038777744395238 54.250112052917771 0
1 16 74 5.732047859383410 85.525596391984621 0
5 12 45 91.999931236167015 33.764073399703108 95
1 16 74 93.819452689973062 5.823254841916718 95
5 12 45 71.029969403171862 22.090997510173096 95
1 16 74 63.679207788297425 -4.926891076489049 95
5 12 45 47.406081748111063 17.858748455466348 95
3 21 95 80.546427984424113 -37.858591349256258 95
4 15 95 45.419462336067753 -29.978471785493777 95
1 16 74 29.299730063821706 -3.499154734800996 95
1 16 74 54.756843362985499 44.876637042128493 95
5 12 45 80.499206022926202 55.891661539790377 95
3 21 95 17.368597120772154 31.524381161725472 95
5 12 45 31.954276749617513 61.126035672321422 95
5 12 45 52.914838431123243 72.815982378606861 95
1 16 74 93.939653970412053 -3.367701281178036 190