4 15 76 95.000000000000000 0.000000000000000 0
4 15 76 90.263157894736835 29.623678483095365 0
4 15 76 66.976720827465385 10.709613644674024 0
3 22 84 68.913960353439521 -26.239636726869424 0
4 15 76 40.227010371787401 -2.871733510059632 0
5 30 87 39.857481839376462 -69.364119985939240 0
4 15 76 2.844196628364465 -94.957414378968849 0
4 15 76 23.190004211361348 -27.564655999906893 0
4 15 76 10.323809121686551 -0.463714615622321 0
4 15 76 27.360815282112604 24.229207874224944 0
4 15 76 54.110525737790596 37.810555028958603 0
4 15 76 2.844196628364465 -94.957414378968849 87
4 15 76 32.312779815772316 -89.335794956878388 87
4 15 76 58.559035930139160 -74.805342796705844 87
4 15 76 78.965609791084916 -52.815078058468451 87
4 15 76 12.710022992130060 -66.626063014093432 87
3 22 84 86.424973634665150 -16.574798105781991 87
4 15 76 92.902235505124196 19.853831825379260 87
4 15 76 82.079006542321778 47.833426440361734 87
4 15 76 63.259581299557901 24.470437900108109 87
2 23 84 42.393628361105854 -7.288214589730064 87
2 23 84 27.078893241443154 36.087572298977442 87
4 15 76 55.357779115185167 61.470728401792456 87
2 23 84 -25.195087368673612 -69.309830614928927 87
3 22 84 -0.140950029763222 -31.929485482720530 87
4 15 76 5.826674870373114 4.586092741528820 87
4 15 76 -10.400438725038752 29.818626985270559 87
4 15 76 -3.267857881507606 58.958398612901625 87
4 15 76 22.778903024804485 73.843500100275236 87
3 22 84 -32.343697802248244 81.840608578363117 87
3 22 84 -67.921649835402235 55.952207138208614 87
3 22 84 -86.519189409705675 16.075753913501956 87
4 15 76 -92.786109723746577 -20.389650372992133 87
4 15 76 -63.698256724845422 -13.048205834325561 87
4 15 76 -50.259451539262592 23.439951735855459 87
4 15 76 -36.675183733048598 -26.077155372949974 87
2 23 84 -69.698165899124177 -50.571546435881892 87
1 16 87 -25.987141509661733 3.022084366794078 87