2 15 86 95.000000000000000 0.000000000000000 0
2 15 86 90.263157894736835 29.623678483095365 0
2 15 86 66.976720827465385 10.709613644674024 0
3 26 64 67.366600030153549 -30.288532584238709 0
5 21 64 57.987130537111895 45.569149878129316 0
5 21 64 31.071975118597791 13.326718071622681 0
3 26 64 12.250585676135053 56.393588162855828 0
5 21 64 -24.634187072169443 85.522843891520353 0
5 21 64 -61.110694976745421 64.703036709718518 0
3 26 64 -81.031511724293935 22.133551628141706 0
5 21 64 -85.517754810072176 -24.651848049271621 0
5 21 64 -64.690415231847112 -61.124055633859925 0
5 21 64 -35.032151711625900 31.780254610246892 0
5 21 64 -46.323626585828741 -9.558130391200635 0
4 16 42 45.226552007697443 82.404848118876103 0
1 25 118 -20.678652054209095 -47.746286687002353 0
5 21 64 -64.690415231847112 -61.124055633859925 118
5 21 64 -85.517754810072176 -24.651848049271614 118
5 21 64 -87.300362727526206 17.310305244054877 118
5 21 64 -43.518226720606705 -24.850946673577795 118
3 26 64 -17.790109329715300 -64.183680821110840 118
3 26 64 -40.540428772881889 22.054625696691030 118
3 26 64 2.715283976437469 -16.397397795958256 118
3 26 64 33.846722375576313 -58.048730826254221 118
3 26 64 78.144140380747643 -30.813849551038007 118
5 21 64 87.691330429082981 15.206267378202476 118
2 15 86 11.768471114866767 -92.596535695290072 118
2 15 86 -18.224723409704808 -93.235505343403148 204
2 15 86 11.757447860882138 -94.269626178311739 204
2 15 86 40.567131256145657 -85.902897865244611 204
2 15 86 -2.338062860797722 -67.787243779913211 204
5 21 64 65.656189845756529 -60.085478569600966 204
5 21 64 85.899714712954236 -23.286026115099016 204
5 21 64 87.013445772090918 18.699204658685179 204
5 21 64 -48.886526114025379 -74.371416313680029 204
3 26 64 -75.927945946483064 -35.929751242500231 204
3 26 64 -82.529342789548025 15.649523274696818 204
5 21 64 -66.040901981616642 59.662377303075203 204
5 21 64 -28.951078088598788 -37.404161722278261 204
3 26 64 38.936800715209721 -21.419288629416574 204
5 21 64 45.507018811120162 25.119214077182953 204
3 26 64 -31.872099232580737 27.390207888896114 204
4 16 42 70.916740393394917 52.014307479349853 204
4 16 42 9.598289432069649 34.039032146073950 204
3 26 64 31.383889577622160 69.947076179383572 204
4 16 42 -7.813556654606074 -7.036330261545038 204
2 15 86 11.757447860882138 -94.269626178311739 290
2 15 86 -18.224723409704808 -93.235505343403148 290
2 15 86 40.567131256145657 -85.902897865244611 290
2 15 86 -2.338062860797722 -67.787243779913211 290
5 21 64 65.656189845756529 -60.085478569600966 290
5 21 64 85.899714712954236 -23.286026115099016 290
5 21 64 87.013445772090918 18.699204658685179 290
5 21 64 -48.886526114025379 -74.371416313680029 290
3 26 64 -75.927945946483064 -35.929751242500231 290
3 26 64 -82.529342789548025 15.649523274696818 290
5 21 64 -66.040901981616642 59.662377303075203 290
5 21 64 -28.951078088598788 -37.404161722278261 290
3 26 64 38.936800715209721 -21.419288629416574 290
5 21 64 45.507018811120162 25.119214077182953 290
3 26 64 -31.872099232580737 27.390207888896114 290
4 16 42 70.916740393394917 52.014307479349853 290
4 16 42 9.598289432069649 34.039032146073950 290
3 26 64 31.383889577622160 69.947076179383572 290
4 16 42 -7.813556654606074 -7.036330261545038 290
2 15 86 -18.224723409704808 -93.235505343403148 376
2 15 86 11.757447860882138 -94.269626178311739 376
2 15 86 40.567131256145657 -85.902897865244611 376
2 15 86 -2.338062860797722 -67.787243779913211 376
5 21 64 65.656189845756529 -60.085478569600966 376
5 21 64 85.899714712954236 -23.286026115099016 376
5 21 64 87.013445772090918 18.699204658685179 376
5 21 64 -48.886526114025379 -74.371416313680029 376
3 26 64 -75.927945946483064 -35.929751242500231 376
3 26 64 -82.529342789548025 15.649523274696818 376
5 21 64 -66.040901981616642 59.662377303075203 376
5 21 64 -28.951078088598788 -37.404161722278261 376
3 26 64 38.936800715209721 -21.419288629416574 376
5 21 64 45.507018811120162 25.119214077182953 376
3 26 64 -31.872099232580737 27.390207888896114 376
4 16 42 70.916740393394917 52.014307479349853 376
4 16 42 9.598289432069649 34.039032146073950 376
3 26 64 31.383889577622160 69.947076179383572 376
4 16 42 -7.813556654606074 -7.036330261545038 376
2 15 86 11.757447860882138 -94.269626178311739 462
2 15 86 -18.224723409704808 -93.235505343403148 462
2 15 86 40.567131256145657 -85.902897865244611 462
2 15 86 -2.338062860797722 -67.787243779913211 462
5 21 64 65.656189845756529 -60.085478569600966 462
5 21 64 85.899714712954236 -23.286026115099016 462
5 21 64 87.013445772090918 18.699204658685179 462
5 21 64 -48.886526114025379 -74.371416313680029 462
3 26 64 -75.927945946483064 -35.929751242500231 462
3 26 64 -82.529342789548025 15.649523274696818 462
5 21 64 -66.040901981616642 59.662377303075203 462
5 21 64 -28.951078088598788 -37.404161722278261 462
3 26 64 38.936800715209721 -21.419288629416574 462
3 26 64 41.523280076251908 30.516345808942834 462
3 26 64 -31.872099232580737 27.390207888896114 462
4 16 42 3.958859577280964 49.302359557912879 462
4 16 42 28.095776456771098 70.312101192511449 462
4 16 42 60.027343963442839 68.220451946852492 462
4 16 42 -7.813556654606074 -7.036330261545038 462