5 18 52 92.000000000000000 0.000000000000000 0
2 25 54 75.217391304347828 39.589696202024840 0
1 26 62 48.150411420593457 -3.635049025361250 0
2 25 54 68.421214411949890 -50.433495004748380 0
2 25 54 25.272938247276095 41.945881430303487 0
5 18 52 26.292383349443917 -41.821782439478234 0
2 25 54 -2.468728066243337 -9.856199852351427 0
5 18 52 -16.275323910694372 30.866986555246733 0
4 23 97 -12.405285168280752 71.683929117523718 0
5 18 52 -53.270271280071263 75.008520834286642 0
5 18 52 26.395606532305369 84.931223303106947 0
5 18 52 -53.270271280071263 75.008520834286642 97
4 23 97 -13.745385579906262 85.907301059105009 97
5 18 52 -29.435925152845890 48.028455143343322 97
5 18 52 -64.718520500588454 40.877338760046555 97
1 26 62 14.511363626098156 45.875362256331933 97
1 26 62 -18.231895491013027 5.478840346770021 97
1 26 62 -69.559649540728643 -2.855526108570409 97
1 26 62 -63.881803454737742 -54.544616483849786 97
3 32 102 70.933900710865672 32.440433565861156 97
2 25 54 81.675897693762437 -23.538218622445743 97
1 26 62 32.289671154000182 -10.810271884527548 97
2 25 54 -6.334860849094083 -44.114108413401333 97
5 18 52 -28.633733376019691 -80.880401183109882 97
5 18 52 91.027043950568967 -13.344559551412175 199
2 25 54 80.164389594546208 28.260761506615729 199
5 18 52 55.586465162897476 -7.022742154899579 199
5 18 52 37.373030811903512 24.029968018965004 199
2 25 54 47.233040503492546 65.884241503064217 199
3 32 102 6.242668158872128 -15.096755854760342 199
3 32 102 -6.745152474757415 47.571549652797998 199
1 26 62 -64.394662406579641 53.938181778241649 199
1 26 62 -83.806564349406685 5.697347799525360 199
1 26 62 -71.102118503005315 -44.726823544541922 199
5 18 52 -39.827719015995122 4.333103268708040 199
5 18 52 -44.213314670261930 80.679506727969041 301
2 25 54 -70.866166864183342 46.935981868687101 301
4 23 97 -86.982944495982323 1.722604658317778 301
2 25 54 -72.668907353655115 -44.093422457617073 301
1 26 62 -38.343000562731724 7.651841891743198 301
1 26 62 -10.964606043079566 51.860704278444366 301
1 26 62 13.632194596387912 6.045887916242364 301
2 25 54 -13.710421150749850 -37.005028033413971 301
5 18 52 -47.372938480784804 -78.865738440058863 301
5 18 52 -81.659728714422826 42.375567327020747 398
1 26 62 -83.985458681799159 -1.562923545093291 398
2 25 54 -41.587143008423041 26.781085135062540 398
5 18 52 -42.494705554198546 -16.209336242559541 398
3 32 102 6.100790539895840 -4.441678898429490 398