4 10 98 100.000000000000000 0.000000000000000 0
4 10 98 98.000000000000000 19.899748742132399 0
4 10 98 81.766312060385914 8.217823563497323 0
4 10 98 83.766312060385914 -11.681925178635078 0
4 10 98 65.532624120771828 -3.464101615137756 0
4 10 98 63.532624120771821 16.435647126994645 0
2 34 81 49.107546252682681 58.003869707465483 0
1 33 97 22.532639435455138 -3.500392971276332 0
1 33 97 -17.301309100330649 49.123333085022360 0
1 33 97 -75.058142599366960 17.183574410846408 0
4 10 98 -59.520913446662078 57.278393406027547 0
4 10 98 -51.265108069174651 75.494915510124414 0
4 10 98 87.839030033162885 37.126318027194188 0
2 34 81 -59.028769689365809 -47.870704496171854 0
4 10 98 -94.138814807790567 -21.351188441345776 0
4 10 98 98.000000000000000 19.899748742132399 98
4 10 98 100.000000000000000 0.000000000000000 98
4 10 98 81.766312060385914 8.217823563497323 98
4 10 98 83.766312060385914 -11.681925178635078 98
4 10 98 65.532624120771828 -3.464101615137756 98
4 10 98 63.532624120771821 16.435647126994645 98
2 34 81 49.107546252682681 58.003869707465483 98
1 33 97 22.532639435455138 -3.500392971276332 98
1 33 97 -17.301309100330649 49.123333085022360 98
1 33 97 -75.058142599366960 17.183574410846408 98
4 10 98 -59.520913446662078 57.278393406027547 98
4 10 98 -51.265108069174651 75.494915510124414 98
4 10 98 87.839030033162885 37.126318027194188 98
2 34 81 -59.028769689365809 -47.870704496171854 98
4 10 98 -94.138814807790567 -21.351188441345776 98
3 12 109 95.599999999999994 21.555509736491995 196
1 33 97 74.783870965159906 -18.340464646957866 196
1 33 97 57.390838712052876 45.326500327370688 196
1 33 97 10.950145788983797 -1.569789939826373 196
1 33 97 -6.442886464123241 62.097175034502179 196
5 17 86 64.266796168351505 -67.221863335194456 196
1 33 97 14.267495797444248 -67.486367436851864 196
1 33 97 -44.476609849735723 -37.400988068910387 196
1 33 97 -73.883179340942661 21.685843549977573 196
3 12 109 -96.472846903788763 -17.233392303262146 196
3 12 109 33.247975904672131 83.301784071721983 196
3 12 109 -51.420518909886141 60.678520892769093 196
3 12 109 -45.752917673559331 83.999719323081095 196
3 12 109 97.972370114952028 -2.326949517899745 305
1 33 97 69.714326740490492 32.694229569147709 305
1 33 97 65.186347950485427 -33.150264567243553 305
1 33 97 10.427332724037605 3.693327160893588 305
1 33 97 14.955311514042670 69.537821297284864 305
5 17 86 -31.738948729997460 87.416469463794940 305
1 33 97 -61.057639268406938 46.914440068800687 305
2 34 81 12.796374305153428 -74.914970497507440 305
2 34 81 -73.612765972542249 -18.898695348402384 305
3 12 109 59.413563961140866 76.499415177287361 305
3 12 109 -36.967124860265557 8.905926344226657 305
3 12 109 58.655841956815415 -78.507911730838273 305
3 12 109 75.978644423957775 -61.897056404144053 414
1 33 97 31.742433097655095 -70.152818482516366 414
5 17 86 86.252514836711143 -34.777919494169353 414
1 33 97 45.627477884644819 -5.629911455141269 414
1 33 97 -17.193521120578339 -25.866563450611032 414
1 33 97 -3.308476333588629 38.656343576764058 414
2 34 81 -75.696075932888334 6.789999143034141 414
5 17 86 -51.570905136246090 51.723017448427782 414
3 12 109 41.688271556585548 39.197342013089170 414
5 17 86 70.647483756606462 37.659802174854079 414
3 12 109 97.663255025321249 -8.117180413115385 414
3 12 109 -90.898831085455683 -36.625162215310340 414
5 17 86 -72.116745527946662 -58.721163258721162 414