1 13 68 97.000000000000000 0.000000000000000 0
5 16 86 89.711340206185568 28.069118946095067 0
3 18 73 66.199276769926939 3.509337331240461 0
3 18 73 57.317763060452414 38.396565857284436 0
4 25 85 75.832854067893052 -38.397633311411724 0
3 18 73 37.712448966076934 -18.502037947778302 0
3 18 73 28.830935256602405 16.385190578265671 0
3 18 73 24.011938994664373 52.061194769142034 0
3 18 73 27.053183201150386 87.932504107895127 0
1 13 68 97.000000000000000 0.000000000000018 86
5 16 86 89.711340206185568 -28.069118946095049 86
3 18 73 66.199276769926939 -3.509337331240443 86
3 18 73 57.317763060452414 -38.396565857284415 86
3 18 73 31.545293744002464 -13.261335097797726 86
3 18 73 40.426807453476989 21.625893428246243 86
2 21 118 83.206046914871393 31.587240411283503 86
1 13 68 96.998656649234874 0.510498035102191 204
4 25 85 78.123790282835031 33.491392802384475 204
3 18 73 67.219338817212531 -8.102993095641276 204
1 13 68 45.495986751572197 14.012521255877660 204
3 18 73 36.335694771376559 43.628210524195616 204
1 13 68 58.047516619548830 65.755044731402691 204
1 13 68 96.998656649234874 0.510498035102209 289
4 25 85 78.123790282835031 33.491392802384489 289
3 18 73 67.219338817212531 -8.102993095641258 289
1 13 68 45.495986751572197 14.012521255877674 289
3 18 73 36.335694771376559 43.628210524195630 289
1 13 68 58.047516619548830 65.755044731402705 289
1 13 68 67.250530118414147 69.902547870533823 374
4 25 85 30.446254620843455 79.360100677624956 374
3 18 73 52.667493390636601 42.546834759808831 374
3 18 73 16.889718161058479 38.552989542253940 374
3 18 73 -9.386017451493508 63.161640826289549 374
1 13 68 -4.700984028191547 93.805571086987896 374
5 16 86 -33.109030911997742 87.976088069818019 374
4 25 85 -50.598838148199150 50.893657690452144 374
3 18 73 -87.415870698670119 28.678660184767786 374
3 18 73 -57.622317986321775 8.471131469545817 374
3 18 73 -90.019327557581690 -7.227077690727633 374
1 13 68 -89.154987619044050 -38.215025613599984 374
2 21 118 -19.554835028675789 16.948556861097934 374
3 18 73 -34.462223071604456 -19.089891797765663 374
5 16 86 -60.307115747459555 -41.181553631442441 374
5 16 86 -59.027176712382833 -73.155945823734186 374
3 18 73 -29.691153549647694 -55.968806882203886 374
2 21 118 -8.344366331296548 -88.607965502708197 374
3 18 73 6.130895903970881 -52.393786191004331 374
3 18 73 29.618994103870463 -79.675817694392677 374
1 13 68 60.389258305516321 -75.908744432440912 374
5 16 86 46.758394831980908 -50.311878199133403 374
5 16 86 78.741900206075201 -51.339197032447757 374
4 25 85 63.962036128990377 -13.095823516727442 374
3 18 73 89.442512664914361 21.541516385496980 374
3 18 73 24.212954875892478 3.305717250365777 374
1 13 68 -2.482089730495116 -12.454187364287726 374
1 13 68 25.280022575083372 -93.647853465006207 492
4 25 85 -11.530413551061688 -84.214307355350797 492
1 13 68 -49.521819369633846 -83.406171272402617 492
3 18 73 -41.567036789933269 -53.444171437450137 492
3 18 73 -7.645040146743170 -41.390203470867533 492
1 13 68 17.432406969537411 -59.614408422803052 492
4 25 85 55.085900955145618 -64.734407512233304 492
4 25 85 81.950264992714750 -22.564442550699813 492