1 18 100 92.000000000000000 0.000000000000000 0
5 25 81 75.217391304347828 39.589696202024840 0
2 27 90 47.197898163971416 -4.215645985388781 0
1 18 100 84.956521739130437 35.304240736612037 100
2 27 90 82.439995497487871 -9.625338558938061 100
2 27 90 41.119498267742422 25.139823725834873 100
4 20 85 37.012293233950736 -21.680373484454577 100
3 21 65 52.695350726088847 71.723078655719235 100
4 20 85 12.724832965202609 62.593034300587227 100
2 27 90 -12.844071720437007 23.156615685597906 100
4 20 85 -26.907603136566415 68.003210696897725 100
3 21 65 -66.850635230249068 58.753660050350753 100
4 20 85 -86.999300093480997 23.046079563440646 100
4 20 85 -88.393370575023468 -16.929620148915756 100
1 18 100 92.000000000000000 0.000000000000000 200
5 25 81 75.217391304347828 39.589696202024840 200
2 27 90 47.197898163971416 -4.215645985388781 200
1 18 100 84.956521739130437 35.304240736612037 300
2 27 90 82.439995497487871 -9.625338558938061 300
2 27 90 41.119498267742422 25.139823725834873 300
4 20 85 37.012293233950736 -21.680373484454577 300
3 21 65 52.695350726088847 71.723078655719235 300
4 20 85 12.724832965202609 62.593034300587227 300
2 27 90 -12.844071720437007 23.156615685597906 300
4 20 85 -26.907603136566415 68.003210696897725 300
3 21 65 -66.850635230249068 58.753660050350753 300
4 20 85 -86.999300093480997 23.046079563440646 300
4 20 85 -88.393370575023468 -16.929620148915756 300
1 18 100 92.000000000000000 0.000000000000000 400
5 25 81 75.217391304347828 39.589696202024840 400
2 27 90 47.197898163971416 -4.215645985388781 400
4 20 85 82.173913043478265 36.707601598618133 500
5 25 81 84.600934344209477 -8.226901487605012 500
5 25 81 41.589312456453591 17.268203583461460 500
5 25 81 48.682135737863966 66.762565463363330 500
5 25 81 2.272349365063640 48.157949669667488 500
3 21 65 71.909021145764456 -52.441326049767284 500
5 25 81 30.912171018994094 -31.578481572488325 500
5 25 81 -8.404792072395853 -0.688735486282301 500
4 20 85 -39.619733420302218 31.724648117512690 500
4 20 85 -76.224300414251459 47.852440129610372 500
4 20 85 -43.954939327848493 71.489029034850958 500