4 13 85 97.000000000000000 0.000000000000000 0
1 28 86 74.494845360824741 34.271241802228424 0
1 28 86 61.293438949947607 -20.150471408353731 0
1 28 86 20.763555997550846 18.493138514439693 0
1 28 86 33.964962408427979 72.914851725021848 0
4 13 85 97.000000000000000 0.000000000000014 86
1 28 86 74.494845360824741 -34.271241802228410 86
1 28 86 61.293438949947607 20.150471408353745 86
1 28 86 20.763555997550846 -18.493138514439678 86
1 28 86 7.562149586673712 35.928574696142476 86
2 16 61 43.990768978931101 60.605602255677468 86
4 13 85 63.112954365651277 -73.659724349465350 172
1 28 86 74.494845360824741 -34.271241802228410 172
2 16 61 38.095842272824832 -58.991933018288151 172
3 13 39 33.684777382709079 -30.329370213556469 172
5 21 101 88.073315165428355 12.809807015374076 172
4 13 85 55.770074983530954 2.203173536713230 172
1 28 86 49.228879622938948 42.678014651343560 172
5 21 101 21.770248735471675 2.094476242453825 172
4 13 85 94.805328385254342 -20.517058994019745 273
1 28 86 80.058282137075949 17.738981404250541 273
4 13 85 68.831986210924086 -21.694130060335489 273
4 13 85 94.805328385254342 -20.517058994019735 359
1 28 86 80.058282137075949 17.738981404250548 359
2 16 61 71.590394526906039 60.916462565401332 359
5 21 101 61.558671151032421 -27.634627592225115 359
4 13 85 42.766520459841594 0.700069731014036 359
4 13 85 94.805328385254327 -20.517058994019749 460
4 13 85 96.849436722088839 5.402463013673319 460
4 13 85 73.380418041059585 -5.787048242386972 460
2 16 61 73.958570305813780 23.207188080695580 460
5 21 101 66.294172836529029 -39.040395876892404 460
4 13 85 47.811648044388491 -10.502766730309279 460
1 28 86 30.079289648364920 26.464292467238099 460