2 11 71 99.000000000000000 0.000000000000000 0
2 11 71 96.555555555555557 21.863775779997951 0
2 11 71 78.843192529652626 8.814936902970350 0
2 11 71 81.287636974097069 -13.048838877027592 0
2 11 71 76.398748085208183 30.678712682968296 0
2 11 71 84.861216147439819 50.986017632067515 0
2 11 71 63.043340148006621 48.161077478124973 0
2 11 71 61.130829503749695 -4.233901974057249 0
2 11 71 58.686385059305252 17.629873805940697 0
1 18 86 36.550741275713321 36.365222062269638 0
4 28 104 56.217199703948303 -42.923128409726701 0
5 29 96 13.851462729532123 -4.789883981608789 0
2 11 71 7.597549519143342 34.718198350452390 0
2 11 71 14.772814872678540 55.515206960018276 0
1 18 86 91.087909348064684 -12.922568266360585 104
2 11 71 89.701054563850718 -41.889387798499470 104
2 11 71 97.812618933393978 15.286974108392329 104
2 11 71 69.767486882995001 -32.580634954388479 104
2 11 71 62.103936411525403 -11.958559545467141 104
5 29 96 68.772334698468441 42.794462026316381 104
5 29 96 22.529935945769878 77.803611653184248 104
1 18 86 23.325870612612224 30.810351625749263 104
1 18 86 -10.158102130518774 44.032438047235885 104
3 27 108 -48.752341975167283 67.172979329015490 104
5 29 96 -78.552667421938438 19.760527343629590 104
1 18 86 -88.177570915241361 -26.243398931685274 104
2 11 71 -24.037235783658268 96.037551488367399 104
2 11 71 -39.941298295170725 30.208597699273692 104
1 18 86 -35.203740966104199 1.598187870789793 104
2 11 71 -58.920662297499263 -15.090360375250595 104
5 29 96 -32.746058185089041 -45.337510646947237 104
5 29 96 47.357454923827731 -65.713556159575063 104
1 18 86 1.787478216575463 -77.219086260378148 104
1 18 86 34.401043714491458 -20.534673829723367 104
1 18 86 4.794722358310647 -0.053811158572228 104
2 11 71 10.732121919607870 -49.632978361187241 104
2 11 71 -24.037235783658268 96.037551488367399 212
1 18 86 -47.396309810196314 78.851695076110374 212
1 18 86 -12.670690736311439 69.357940290176458 212
1 18 86 -38.255333095172745 44.031549403017664 212
1 18 86 -72.980952169057616 53.525304188951580 212
5 29 96 -67.067765623721968 6.898764269287142 212
1 18 86 -84.308536054396825 -36.824865897440418 212
1 18 86 -48.314001284915392 -36.197596634210349 212
5 29 96 5.081028238493726 25.839249208762453 212
1 18 86 -20.086670152643144 -13.854414740195026 212
1 18 86 -14.850572597185494 -49.471591528785822 212
1 18 86 -43.077903729457745 -71.814773422801139 212
5 29 96 46.862560711452161 66.067392892148092 212
5 29 96 79.020318118511398 17.798576472551400 212
5 29 96 70.662247122785629 -39.596045655574933 212
5 29 96 24.661960475495043 -74.922715868985932 212
3 27 108 -66.918518963173440 -49.101036850308944 308
3 27 108 -82.963531667171864 2.460165301391605 308
5 29 96 -28.095585611371753 -8.742892121375171 308
4 28 104 -13.964704441275245 -63.963524111208578 308
4 28 104 -47.793185371826894 44.745467020375642 308
4 28 104 26.470632161740518 -25.220995104949658 308
5 29 96 8.563074664833579 36.203104660916409 308
4 28 104 62.468155039258164 17.676304887970570 308
3 27 108 -82.963531667171864 2.460165301391605 416
3 27 108 -63.891450694080262 52.980020084989683 416
5 29 96 -63.645554913629539 -50.102328685762380 416
4 28 104 -28.503056118142112 -5.224664102930472 416
5 29 96 -8.113004778513591 48.003578460273829 416