2 17 81 93.000000000000000 0.000000000000000 0
2 17 81 86.784946236559136 33.427131296561186 0
2 17 81 60.943728239819734 11.331171203254726 0
2 17 81 54.728674476378870 44.758302499815898 0
2 17 81 49.984183053155206 78.425642773959282 0
2 17 81 23.199656809503921 57.483122536338513 0
5 20 78 66.019502818188272 -25.319019961725406 0
5 20 78 29.718825728051812 -8.518399651818926 0
2 17 81 86.784946236559136 33.427131296561186 81
2 17 81 93.000000000000000 0.000000000000000 81
2 17 81 60.943728239819734 11.331171203254726 81
2 17 81 54.728674476378870 44.758302499815898 81
2 17 81 49.984183053155206 78.425642773959282 81
2 17 81 23.199656809503921 57.483122536338513 81
5 20 78 66.019502818188272 -25.319019961725406 81
5 20 78 29.718825728051812 -8.518399651818926 81
2 17 81 93.000000000000000 0.000000000000000 162
2 17 81 86.784946236559136 33.427131296561186 162
2 17 81 60.943728239819734 11.331171203254726 162
2 17 81 54.728674476378870 44.758302499815898 162
2 17 81 49.984183053155206 78.425642773959282 162
2 17 81 23.199656809503921 57.483122536338513 162
5 20 78 66.019502818188272 -25.319019961725406 162
5 20 78 29.718825728051812 -8.518399651818926 162
2 17 81 86.784946236559136 33.427131296561186 243
2 17 81 93.000000000000000 0.000000000000000 243
2 17 81 60.943728239819734 11.331171203254726 243
2 17 81 54.728674476378870 44.758302499815898 243
2 17 81 49.984183053155206 78.425642773959282 243
2 17 81 23.199656809503921 57.483122536338513 243
5 20 78 66.019502818188272 -25.319019961725406 243
5 20 78 29.718825728051812 -8.518399651818926 243
2 17 81 93.000000000000000 0.000000000000000 324
2 17 81 86.784946236559136 33.427131296561186 324
2 17 81 60.943728239819734 11.331171203254726 324
2 17 81 54.728674476378870 44.758302499815898 324
2 17 81 49.984183053155206 78.425642773959282 324
2 17 81 23.199656809503921 57.483122536338513 324
5 20 78 66.019502818188272 -25.319019961725406 324
5 20 78 29.718825728051812 -8.518399651818926 324
3 18 70 85.419354838709680 34.169194004813818 405
4 26 71 53.662747600140442 64.624372492145881 405
3 18 70 52.052676497566381 20.653840643592400 405
4 26 71 10.616070646965845 35.452749237876553 405
3 18 70 12.226141749539906 79.423281086430038 405
4 26 71 83.372203240683419 -10.250645189166207 405
3 18 70 39.462811439124508 -13.072933554516505 405
3 18 70 3.819312100835816 -8.019127570763862 405
3 18 70 -26.361221314164219 11.605739378748590 405
4 26 71 -31.742839592318553 77.771409493568612 405
4 26 71 -71.440520240205899 44.184296620051910 405
4 26 71 -83.760767961574416 -6.335120400378109 405
5 20 78 -73.962295946957653 -51.279418661434256 405
3 18 70 -44.843522805009158 -26.864319834934708 405
4 26 71 -31.415286825329556 -68.765184724266518 405
3 18 70 -90.411191189976023 -17.023997991353326 483
4 26 71 -79.966066859484201 25.718245488845145 483
4 26 71 -46.509172780516025 -14.089244240962044 483
5 20 78 -34.187850093857470 30.229882637297116 483
4 26 71 2.692927605032835 2.737915877440962 483
3 18 70 -10.421489305034189 -39.262227802181705 483
5 20 78 -73.733020767373091 -51.168377197228679 483