5 16 97 94.000000000000000 0.000000000000000 0
2 20 118 83.191489361702125 34.339133620139606 0
5 16 97 62.386667787454698 4.959559095246824 0
2 20 118 43.206216280971468 35.424461524229677 0
5 16 97 64.011037855218902 64.804036049122459 0
5 16 97 94.000000000000000 0.000000000000007 118
2 20 118 83.191489361702125 -34.339133620139599 118
5 16 97 62.386667787454698 -4.959559095246817 118
2 20 118 43.206216280971468 -35.424461524229670 118
2 20 118 26.900512961331216 1.101201224745509 118
5 16 97 53.193462112980086 25.691459964921606 118
5 16 97 84.806794325525388 30.651019060168430 118
5 16 97 66.631468347780398 -66.304203681355972 236
2 20 118 83.191489361702125 -34.339133620139592 236
5 16 97 93.999999999999986 0.000000000000007 236
5 16 97 47.720796770470699 -40.489740671346809 236
5 16 97 62.386667787454684 -4.959559095246824 236
2 20 118 31.160775756548965 -72.454810732563175 236
5 16 97 15.725664145124075 -39.931629314644404 236
5 16 97 31.146727961064236 -11.892535342393785 236
2 20 118 73.195178425752545 29.379574524892774 236
5 16 97 66.631468347780398 -66.304203681355972 354
2 20 118 83.191489361702125 -34.339133620139592 354
5 16 97 93.999999999999986 0.000000000000007 354
5 16 97 47.720796770470699 -40.489740671346809 354
5 16 97 62.386667787454684 -4.959559095246824 354
2 20 118 31.160775756548965 -72.454810732563175 354
5 16 97 15.725664145124075 -39.931629314644404 354
5 16 97 31.146727961064236 -11.892535342393785 354
2 20 118 73.195178425752545 29.379574524892774 354
5 16 97 66.631468347780398 -66.304203681355972 472