5 15 93 95.000000000000000 0.000000000000000 0
5 15 93 90.263157894736835 29.623678483095365 0
5 15 93 66.976720827465385 10.709613644674024 0
2 20 76 69.699436421203657 -24.184323074985659 0
2 20 76 35.194739630122534 -3.950047714707578 0
2 20 76 42.201201953938202 35.431540441497496 0
5 15 93 90.263157894736835 29.623678483095365 93
5 15 93 95.000000000000000 0.000000000000000 93
5 15 93 66.976720827465385 10.709613644674024 93
2 20 76 69.699436421203657 -24.184323074985659 93
2 20 76 35.194739630122534 -3.950047714707578 93
2 20 76 42.201201953938202 35.431540441497496 93
5 15 93 95.000000000000000 0.000000000000000 186
5 15 93 90.263157894736835 29.623678483095365 186
5 15 93 66.976720827465385 10.709613644674024 186
2 20 76 69.699436421203657 -24.184323074985659 186
2 20 76 35.194739630122534 -3.950047714707578 186
2 20 76 42.201201953938202 35.431540441497496 186
5 15 93 90.263157894736835 29.623678483095365 279
5 15 93 95.000000000000000 0.000000000000000 279
5 15 93 66.976720827465385 10.709613644674024 279
2 20 76 69.699436421203657 -24.184323074985659 279
2 20 76 35.194739630122534 -3.950047714707578 279
2 20 76 42.201201953938202 35.431540441497496 279
5 15 93 95.000000000000000 0.000000000000000 372
5 15 93 90.263157894736835 29.623678483095365 372
5 15 93 66.976720827465385 10.709613644674024 372
2 20 76 69.699436421203657 -24.184323074985659 372
2 20 76 35.194739630122534 -3.950047714707578 372
2 20 76 42.201201953938202 35.431540441497496 372
5 15 93 90.263157894736835 29.623678483095365 465
5 15 93 95.000000000000000 0.000000000000000 465
5 15 93 66.976720827465385 10.709613644674024 465
2 20 76 69.699436421203657 -24.184323074985659 465
2 20 76 35.194739630122534 -3.950047714707578 465
2 20 76 42.201201953938202 35.431540441497496 465