1 15 104 95.000000000000000 0.000000000000000 0
1 15 104 90.263157894736835 29.623678483095365 0
1 15 104 66.976720827465385 10.709613644674024 0
2 36 92 62.214096138057577 -40.067521032933016 0
1 15 104 37.604959310387770 4.602271720078788 0
2 36 92 42.367583999795578 55.379406397685827 0
2 36 92 -13.155391717854769 9.540567325811303 0
2 36 92 -56.117739622575037 -48.236908064809377 0
4 30 90 9.260717416075160 -79.462186686118841 0
4 30 90 -19.812231964215776 77.507905819962048 0
3 21 88 -88.984392285595263 -1.666712201699816 0
3 21 88 -67.117176580182090 58.448991504598752 0
1 15 104 -62.440944701635878 22.652938090966835 0
1 15 104 90.263157894736835 29.623678483095365 104
1 15 104 95.000000000000000 0.000000000000000 104
1 15 104 66.976720827465385 10.709613644674024 104
2 36 92 62.214096138057577 -40.067521032933016 104
1 15 104 37.604959310387770 4.602271720078788 104
2 36 92 42.367583999795578 55.379406397685827 104
2 36 92 -13.155391717854769 9.540567325811303 104
2 36 92 -56.117739622575037 -48.236908064809377 104
4 30 90 9.260717416075160 -79.462186686118841 104
4 30 90 -19.812231964215776 77.507905819962048 104
3 21 88 -88.984392285595263 -1.666712201699816 104
3 21 88 -67.117176580182090 58.448991504598752 104
1 15 104 -62.440944701635878 22.652938090966835 104
1 15 104 95.000000000000000 0.000000000000000 208
1 15 104 90.263157894736835 29.623678483095365 208
1 15 104 66.976720827465385 10.709613644674024 208
2 36 92 62.214096138057577 -40.067521032933016 208
1 15 104 37.604959310387770 4.602271720078788 208
2 36 92 42.367583999795578 55.379406397685827 208
2 36 92 -13.155391717854769 9.540567325811303 208
2 36 92 -56.117739622575037 -48.236908064809377 208
4 30 90 9.260717416075160 -79.462186686118841 208
4 30 90 -19.812231964215776 77.507905819962048 208
3 21 88 -88.984392285595263 -1.666712201699816 208
3 21 88 -67.117176580182090 58.448991504598752 208
1 15 104 -62.440944701635878 22.652938090966835 208
1 15 104 90.263157894736835 29.623678483095365 312
1 15 104 95.000000000000000 0.000000000000000 312
1 15 104 66.976720827465385 10.709613644674024 312
2 36 92 62.214096138057577 -40.067521032933016 312
1 15 104 37.604959310387770 4.602271720078788 312
2 36 92 42.367583999795578 55.379406397685827 312
2 36 92 -13.155391717854769 9.540567325811303 312
2 36 92 -56.117739622575037 -48.236908064809377 312
4 30 90 9.260717416075160 -79.462186686118841 312
4 30 90 -19.812231964215776 77.507905819962048 312
3 21 88 -88.984392285595263 -1.666712201699816 312
3 21 88 -67.117176580182090 58.448991504598752 312
1 15 104 -62.440944701635878 22.652938090966835 312
1 15 104 95.000000000000000 0.000000000000000 416
2 36 92 62.631578947368418 39.411740871973130 416
4 30 90 10.094969606449020 79.360516559841457 416
5 20 79 64.169336471835635 -16.567141769572547 416
4 30 90 15.197506800263568 -6.479530624284759 416