3 21 86 89.000000000000000 0.000000000000000 0
3 21 86 79.089887640449433 40.814086698358011 0
3 21 86 51.566524201773390 72.538910811701044 0
4 28 90 31.887305065646160 27.664326310089400 0
3 21 86 9.584958948799787 71.294652434064091 0
3 21 86 50.831240842799090 -17.525576292938034 0
3 21 86 8.875586198113062 -15.596057353970046 0
4 28 90 -23.714141390123999 20.995057082795888 0
1 31 96 -78.999038742655713 0.389714942466561 0
3 21 86 -72.263583895141409 51.951654859396541 0
3 21 86 -40.392802080992602 79.305873301072481 0
3 21 86 -72.772625993233703 -51.236167948519778 0
3 21 86 -41.173274296211076 -78.903494749782567 0
2 29 74 8.800572002207506 -80.520493866058487 0
3 21 86 -72.263583895141409 51.951654859396541 96
3 21 86 -40.392802080992602 79.305873301072481 96
3 21 86 -32.638744916906873 38.027857390710565 96
3 21 86 -64.509526731055658 10.673638949034640 96
4 28 90 8.555670183493241 81.552440231493293 96
4 28 90 -72.867080024110138 -37.608358761848812 96
3 21 86 -30.188362777624022 -13.534989778790187 96
3 21 86 -27.222991086916881 -55.430175310494811 96
2 29 74 59.162774097502016 55.324191463481377 96
3 21 86 87.833705383439280 14.361065371872300 96
3 21 86 84.639232100999251 -27.517274380889845 96
3 21 86 49.968762648011534 -3.811609490205047 96
4 28 90 20.077922406667675 -42.638631905868834 96
3 21 86 3.959967749886083 -88.911858913307299 96
3 21 86 -88.562905666394016 8.809752546206632 186
3 21 86 -82.741486095267220 -32.784851360753500 186
4 28 90 -41.807633641319832 -5.851234387193018 186
4 28 90 -43.279235243493119 -61.831895232921532 186
2 29 74 7.088186100536717 -35.146264883368836 186
5 40 97 -33.236300264529774 61.606398569677964 186
4 28 90 20.705979086081467 20.203131808942530 186
4 28 90 61.499127556289942 -18.162465252585505 186
4 28 90 -80.939385669106827 13.145944146678293 283
4 28 90 -53.626651091576363 62.033718997834818 283
1 31 96 -65.709787227341863 -43.854576300968418 283
1 31 96 -23.154279140696360 1.234543578304564 283
1 31 96 -5.383709934286770 -58.164167435321033 283
5 40 97 46.925931284761560 -10.156861371197426 283
1 31 96 50.497975428000572 60.753226068029107 283
2 29 74 27.229648310277028 -76.285950560366146 380
2 29 74 71.252529110681365 -38.523721203065335 380
2 29 74 78.742334476192838 18.990649310631120 380
1 31 96 22.911045497235826 -2.983589491843778 380
1 31 96 -23.443313194112548 -44.157287775017416 380
2 29 74 -34.381330837584741 14.837286297782626 380
2 29 74 78.742334476192809 18.990649310631191 476
1 31 96 42.346804649061049 66.691439750647618 476
2 29 74 21.370492874421977 10.477612765348546 476
2 29 74 -16.400150724602792 54.493274547439817 476
5 40 97 43.424029099893474 -54.903130117795698 476
2 29 74 -20.706362351525993 -29.441533697152583 476
1 31 96 -61.323412211771455 14.720160797628008 476