5 10 93 100.000000000000000 0.000000000000000 0
5 10 93 98.000000000000000 19.899748742132399 0
5 10 93 81.766312060385914 8.217823563497323 0
5 10 93 83.766312060385914 -11.681925178635078 0
5 10 93 65.532624120771828 -3.464101615137756 0
5 10 93 63.532624120771821 16.435647126994645 0
4 21 77 35.336905256527359 3.551492605704194 0
5 10 93 49.796632918172662 30.972584413855262 0
1 15 63 78.963536422653917 36.105089049215621 0
3 28 97 44.847758555993060 68.648951576141002 0
1 15 63 10.430315117099994 94.425677262903420 0
4 21 77 -3.593368142697049 61.269436404976105 0
3 28 97 -52.565024701840841 62.935825871238578 0
1 15 63 -21.396713023005915 92.559065854248601 0
4 21 77 -85.042365839058419 26.244923556675698 0
4 21 77 -87.608469037337812 -15.676611653473536 0
4 21 77 -50.020302980565084 3.061845393158633 0
3 28 97 -59.848682167871928 -56.054752187205764 0
3 28 97 -11.694322714753852 -27.468782452738150 0
5 10 93 -22.657451379672935 -63.852979707541365 0
5 10 93 -31.768255411104999 -81.657283959627193 0
1 15 63 31.045506280627407 -32.191812988905340 0
1 15 63 17.555561040880185 -58.987733899159977 0
1 15 63 0.790737436218377 13.678796735187422 0
2 11 120 -4.010086028282605 -73.510917657837354 0
5 10 93 -14.480805415221951 -91.714324908129058 0
1 15 63 11.622625884539190 -94.286343483815514 0
1 15 63 11.622625884539190 -94.286343483815514 120
4 21 77 -23.380694038379588 -85.873995751238226 120
1 15 63 5.841464774004483 -64.848643570030788 120
4 21 77 -23.417120487755238 -43.874011547505653 120
4 21 77 16.370638558042057 -30.422832041098957 120
1 15 63 35.576682565810898 -60.871606623529146 120
5 10 93 -54.321510999641490 -83.959355897456888 120
4 21 77 -68.748588617012373 -56.521071850848649 120
4 21 77 -87.013191864760103 -18.700386132549411 120
4 21 77 -85.900030884577404 23.284859759694687 120
4 21 77 -46.241530790399565 -8.617149884326615 120
5 10 93 -84.019916533634614 54.227793848552182 120
1 15 63 -59.790267699043028 48.069537816819292 120
4 21 77 -28.874782771209862 29.624137531736807 120
1 15 63 -10.934587929011773 -1.587229132092080 120
1 15 63 18.208887110135692 5.530204579758614 120
4 21 77 51.690946296330630 -7.696726759450004 120
4 21 77 68.454199360213096 -46.206379402861828 120
1 15 63 92.915188276876833 -19.793124752613704 120
3 28 97 73.613403312063966 36.125709028549338 120
5 10 93 95.513915233027888 5.071440761534618 120
5 10 93 35.162687463480502 -85.868178549600273 120
2 11 120 55.764911735679036 -81.800211607989908 120
5 10 93 72.398603126327544 -68.981463201040569 240
5 10 93 84.677768919454593 -53.194693822066967 240
5 10 93 64.866442697013639 -50.454008997424850 240
5 10 93 77.145608490140688 -34.667239618451248 240
5 10 93 96.000717136447577 -27.997541129316676 240
5 10 93 80.797034486120907 -15.003387295066599 240
5 10 93 99.652143132427781 -8.333688805932020 240
3 28 97 34.671138382511870 -73.524414224785531 240
3 28 97 42.926395676132415 -18.136232028434968 240
5 10 93 73.961045938343631 3.792071214229148 240
3 28 97 -9.168805822158404 -38.681060595558087 240
5 10 93 7.453684168647726 -4.509539902069044 240
5 10 93 19.285954254552042 11.614894494653646 240
3 28 97 54.778768410138831 36.595123340989076 240
5 10 93 87.960450091939592 18.075512093242864 240
5 10 93 72.398603126327544 -68.981463201040555 337
5 10 93 57.223493208147403 -82.008974051972558 337
5 10 93 53.528892822252935 -62.353187932141367 337
5 10 93 68.704002740433069 -49.325677081209363 337
3 28 97 80.907851301058116 -13.338650525666740 337
5 10 93 52.121347612856482 -38.144641846497954 337
5 10 93 43.512793229934083 -20.092140871944110 337
5 10 93 45.262980694968483 -0.168866948282954 337
5 10 93 56.887093535650983 16.106267480258040 337
3 28 97 61.906656655857297 53.773282043165267 337
3 28 97 15.130600745745909 22.983663768588791 337
5 10 93 24.393635567042566 59.837377094377899 337
3 28 97 19.346541920004661 -78.953395364446749 337
3 28 97 -5.845059301572139 -28.939564998306526 337
5 10 93 29.695001423608254 -42.389623869943115 337
5 10 93 -19.177441768841909 6.644807663670212 337
5 10 93 -22.721928386741737 26.328217292480183 337
5 10 93 -15.780949870988476 45.085157801098632 337
3 28 97 -46.254529688773715 -67.709072385245037 337
3 28 97 -78.929295952800416 -22.229850210814401 337
3 28 97 -60.476226954896404 30.642488914276267 337
1 15 63 -0.149389065746907 64.595521887707463 337
1 15 63 22.089407671457895 84.730961283988080 337
2 11 120 -95.334274365849183 13.152019203723375 337
2 11 120 88.203704154446100 24.972842934412704 337
2 11 120 -44.071248541847638 -4.739380500261509 337
2 11 120 -32.490465069440098 57.804910229220582 337
1 15 63 -24.247682722658205 82.463712697783023 337
2 11 120 -4.113832667758270 98.914490246786826 337
2 11 120 -98.625725190296592 -8.600368055385490 457
2 11 120 -98.089880874818618 13.393105314447892 457
2 11 120 -79.310896376825355 1.932313839853793 457
3 28 97 -71.054816685441793 -36.183787064219864 457
3 28 97 -41.468116321137295 11.362265995449185 457
3 28 97 -15.085376703933314 -38.033594664031341 457
1 15 63 -87.449390612600027 37.116089253649847 457
1 15 63 -44.148083229936923 -69.725219573199183 457
4 21 77 -57.814334408036949 57.555351563048092 457
1 15 63 -22.614260904381403 50.008509485911027 457
4 21 77 4.999404578686597 26.911204911800681 457
1 15 63 15.281400353815174 -7.589238025649245 457
4 21 77 33.913307541211267 -38.392679952814760 457
4 21 77 38.772134715491696 -80.110683242647255 457
1 15 63 70.692001265385315 -63.463697946895287 457
1 15 63 86.956962688837010 -38.255543911075257 457
1 15 63 94.550315644703844 -9.232432587724176 457
4 21 77 85.254698376080214 25.546749397987718 457
4 21 77 45.337527799795097 38.608889084262628 457
4 21 77 38.800346584271296 80.097023071649971 457
1 15 63 56.202256714702727 4.287501210145848 457
2 11 120 12.424998320250353 98.217205298978939 457
1 15 63 3.345812403867846 73.853946422224340 457
2 11 120 -9.504424908095730 96.456410912324074 457
2 11 120 72.805410595101336 55.025813727548282 457
2 11 120 60.950231489121180 -21.275298627537943 457