2 13 87 97.000000000000000 0.000000000000000 0
4 16 73 89.711340206185568 28.069118946095067 0
1 18 73 66.199276769926939 3.509337331240461 0
4 16 73 58.902026339728096 36.717019215993616 0
1 18 73 32.279350979352706 15.569131457258425 0
1 18 73 28.206299987261616 51.337976219367050 0
1 18 73 58.546450857451269 70.715159842745607 0
4 16 73 29.947096412418848 89.102028127676704 0
3 22 68 -4.857601251266630 73.849716154095560 0
1 18 73 -3.277843939829209 33.880923742553271 0
1 18 73 -36.041591289184353 48.798593119088750 0
4 16 73 -41.908731053437990 82.288541924464880 0
5 23 65 79.533724032432048 -35.261689431065840 0
4 16 73 43.074434525834477 -21.415382751156393 0
1 18 73 10.172646563323273 -12.843781449768633 0
1 18 73 -22.067751948460959 3.173606096312070 0
1 18 73 -54.831499297816094 18.091275472847538 0
1 18 73 -82.003317419023361 41.706785206665110 0
4 16 73 -93.497296630870778 9.708528349804617 0
3 22 68 -68.978890038398831 -19.323311725640625 0
2 13 87 -82.005054467021949 -51.808986111105895 0
1 18 73 -51.185375483859708 -55.147756449842625 0
1 18 73 -32.652158369360272 -86.010676975723285 0
4 16 73 -17.190357489580496 -55.729780133753067 0
1 18 73 3.215396063646594 -82.925464017872628 0
4 16 73 37.037847643477193 -86.395589250485287 0
1 18 73 30.542884807116568 -53.021715370542985 0
2 13 87 58.348673641941922 -66.727119679541033 0
2 13 87 -24.687145656421386 -27.715530774159035 0
2 13 87 93.515463917525778 25.765442132630543 87
4 16 73 93.944441834680021 -3.231384899763778 87
5 23 65 59.278644166775322 14.637092149159358 87
2 13 87 83.312206014640552 49.679737609754852 174