5 11 105 99.000000000000000 0.000000000000000 0
5 11 105 96.555555555555557 21.863775779997951 0
5 11 105 78.843192529652626 8.814936902970350 0
5 11 105 81.287636974097069 -13.048838877027592 0
5 11 105 76.398748085208183 30.678712682968296 0
5 11 105 84.861216147439819 50.986017632067515 0
5 11 105 63.043340148006621 48.161077478124973 0
5 11 105 61.130829503749695 -4.233901974057249 0
5 11 105 58.686385059305252 17.629873805940697 0
1 31 99 22.189870512892227 38.414589968627709 0
5 11 105 52.511629967835461 67.476436151493672 0
1 31 99 23.843138232590437 -23.563363416806084 0
5 11 105 -5.310673797695500 6.669983141303469 0
3 25 96 -33.104157552036369 29.550591979295309 0
5 11 105 -13.855400592974975 59.972382780150305 0
5 11 105 1.987594910189538 75.236703711220542 0
5 11 105 96.555555555555557 21.863775779997951 105
5 11 105 99.000000000000000 0.000000000000000 105
5 11 105 78.843192529652626 8.814936902970350 105
5 11 105 76.398748085208183 30.678712682968296 105
5 11 105 84.861216147439819 50.986017632067515 105
5 11 105 81.287636974097069 -13.048838877027592 105
5 11 105 63.043340148006621 48.161077478124973 105
5 11 105 61.130829503749695 -4.233901974057249 105
5 11 105 58.686385059305252 17.629873805940697 105
1 31 99 22.189870512892227 38.414589968627709 105
5 11 105 52.511629967835461 67.476436151493672 105
1 31 99 23.843138232590437 -23.563363416806084 105
5 11 105 -5.310673797695500 6.669983141303469 105
3 25 96 -33.104157552036369 29.550591979295309 105
5 11 105 -13.855400592974975 59.972382780150305 105
2 18 110 3.061705614666877 83.526820102221194 105
2 18 110 39.060966301479922 83.296103820014594 215
1 31 99 66.476494487907274 42.683435670049263 215
1 31 99 76.815733399232258 -18.448390237038961 215
1 31 99 4.734106365083043 48.329452752075710 215
2 18 110 34.230151222675374 5.789352865067737 215
3 25 96 -6.997747612131228 -6.427862761536911 215
1 31 99 -52.944055956017081 25.586770604606233 215
2 18 110 -38.024718476870817 72.260246682388797 215
2 18 110 -7.709496161789030 91.676407373605997 325
4 17 114 -41.654958623117842 83.149650763586138 325
4 17 114 -68.757824063773981 62.620776344717285 325
4 17 114 -86.670720188009398 33.722192427121044 325
4 17 114 -92.999461781392824 0.316399069618225 325
4 17 114 -37.427864585604993 49.413443567192175 325
4 17 114 -60.904825303530217 11.538444754512383 325
4 17 114 -67.233566896913644 -21.867348602990425 325
2 18 110 -34.009762183112215 -10.859224315029913 325
4 17 114 -42.209885429762821 -44.885067122221926 325
4 17 114 -51.102565870863430 -77.701529981166161 325
2 18 110 -17.127087211810267 -69.295172274749973 325
1 31 99 10.462467183847259 46.170586337557744 325
2 18 110 0.851848242113906 -1.877681097978323 325
2 18 110 0.445538227452623 -37.875388138455030 325
2 18 110 18.869556751275901 -68.803620248192843 325
2 18 110 54.471757755260107 -74.140593516994855 325
2 18 110 41.292611683369017 -40.639696382503701 325
2 18 110 76.894812687353209 -45.976669651305698 325
4 17 114 40.156254855195364 83.883700419119563 325
4 17 114 67.623117056139904 63.844451909399311 325
2 18 110 56.898557657067300 30.528032148330098 325
2 18 110 36.760334458774039 0.687590355090457 325
2 18 110 70.989487912557564 -10.464317725473121 325
4 17 114 91.222706809457108 18.094688788587344 325
4 17 114 -68.757824063773981 62.620776344717285 439
4 17 114 -86.670720188009398 33.722192427121044 439
4 17 114 -92.999461781392824 0.316399069618225 439
4 17 114 -60.904825303530217 11.538444754512383 439
4 17 114 -67.233566896913644 -21.867348602990425 439
2 18 110 -34.009762183112215 -10.859224315029913 439
4 17 114 -42.209885429762821 -44.885067122221926 439
4 17 114 -51.102565870863430 -77.701529981166161 439
2 18 110 -17.127087211810267 -69.295172274749973 439
1 31 99 -24.850651281980682 43.225927072043113 439
4 17 114 -1.239860514676906 1.434414065900310 439
4 17 114 -6.262848887642345 -32.192503541948525 439