2 10 63 100.000000000000000 0.000000000000000 0
2 10 63 98.000000000000000 19.899748742132399 0
2 10 63 81.766312060385914 8.217823563497323 0
2 10 63 83.766312060385914 -11.681925178635078 0
2 10 63 65.532624120771828 -3.464101615137756 0
2 10 63 63.532624120771821 16.435647126994645 0
4 18 79 78.566312060385911 40.057421550909162 0
2 10 63 97.999999999999986 19.899748742132431 79
2 10 63 92.079999999999984 39.003507534579533 79
1 12 52 97.977492277647784 -2.100239744283545 79
2 10 63 100.000000000000000 0.000000000000036 142
2 10 63 98.000000000000000 -19.899748742132363 142
2 10 63 81.766312060385914 -8.217823563497287 142
2 10 63 83.766312060385914 11.681925178635113 142
1 12 52 63.268619889259611 3.691642601795456 142
4 18 79 81.560725603953188 -42.565808332001112 142
2 10 63 72.367867282359654 -69.013707225469204 142
2 10 63 57.186955601213214 -82.034456840189222 142
2 10 63 53.501111499122445 -62.377026864348466 142
2 10 63 65.393950224010965 -19.704588464844107 142
1 12 52 44.886662688792718 -11.738964952030914 142
1 12 52 40.714343151584472 11.895580731764877 142
2 10 63 58.294529213266486 25.121958090537060 142
2 10 63 77.507477437028868 30.677371716094221 142
4 18 79 29.638608323842718 -77.025608441066566 142
1 12 52 36.916580044160789 -47.921809245115355 142
1 12 52 26.000405934857163 -26.548060326982878 142
2 10 63 24.065774880019930 -4.633288991610486 142
2 10 63 18.892016257632857 14.685929981144998 142
1 12 52 30.280470846690999 33.508870826638841 142
2 10 63 49.976527443670378 43.310164339669932 142
1 12 52 70.396703651864087 51.496519061175704 142
2 10 63 72.367867282359654 -69.013707225469204 221
2 10 63 57.186955601213214 -82.034456840189222 221
2 10 63 53.501111499122445 -62.377026864348466 221
2 10 63 68.682023180268885 -49.356277249628448 221
2 10 63 88.488521180157903 -46.580914754314840 221
2 10 63 76.181737754561240 -30.815665574062109 221
1 12 52 54.265865217724745 -32.737781842433023 221
4 18 79 29.638608323842718 -77.025608441066566 221
2 10 63 57.186955601213185 -82.034456840189250 300
1 12 52 36.987784223294483 -90.751880521843773 300
2 10 63 41.781268290764828 -69.280445765523737 300
2 10 63 60.529409536797409 -62.315734729248646 300
1 12 52 20.208021291763821 -73.592639397550727 300
2 10 63 39.718565696018224 -91.773828181301695 363
2 10 63 57.186955601213192 -82.034456840189236 363
2 10 63 72.367867282359640 -69.013707225469219 363
2 10 63 40.018217650322200 -71.776073089634977 363
2 10 63 55.199129331468647 -58.755323474914967 363
2 10 63 72.667519236663608 -49.015952133802500 363
1 12 52 18.188632336221499 -96.297319037124595 363
1 12 52 18.024406780243275 -72.297880919394345 363
2 10 63 30.507332852207096 -54.182236942933393 363
1 12 52 46.143075053327117 -38.705688044031078 363
2 10 63 66.362665404136877 -30.035730371386943 363
2 10 63 85.952446536114365 -34.065677666478898 363
2 10 63 98.304593452714656 -18.335945737716663 363
4 18 79 74.683777695139199 -3.300751593753130 363
1 12 52 96.453591730388368 17.340837416559719 363
2 10 63 99.538906374273978 9.591981954399149 442
2 10 63 99.456908555104604 -10.407849953835766 442
1 12 52 92.837339468521449 -31.388348163076508 442
2 10 63 79.732618796345960 -13.717290014107146 442
4 18 79 63.250904830383476 -36.352508253483535 442
1 12 52 73.855329369791704 -64.415761453852141 442
2 10 63 51.989680959740959 -61.988124823702229 442
4 18 79 28.696196872075188 -46.450634709219074 442
4 18 79 37.228316809934640 -11.476316569104014 442
1 12 52 64.132905901086829 1.795574247062870 442
2 10 63 82.166397426148706 -56.997220405982809 521
2 10 63 69.180765826835724 -72.208182636128697 521