2 11 112 99.000000000000000 0.000000000000000 0
2 11 112 96.555555555555557 21.863775779997951 0
2 11 112 78.843192529652626 8.814936902970350 0
2 11 112 81.287636974097069 -13.048838877027592 0
2 11 112 76.398748085208183 30.678712682968296 0
2 11 112 84.861216147439819 50.986017632067515 0
2 11 112 63.043340148006621 48.161077478124973 0
2 11 112 61.130829503749695 -4.233901974057249 0
2 11 112 58.686385059305252 17.629873805940697 0
5 29 108 24.326825308048221 38.109635857776119 0
2 11 112 51.872321997752266 67.113870240319358 0
5 29 108 24.322200105856655 -19.890363957805818 0
2 11 112 -3.225441833360946 9.111832917407954 0
4 28 98 -32.576587296815092 34.792764753756018 0
3 20 116 -7.257533703434975 75.571993843275919 0
2 11 112 -32.550577812787274 93.495774685563617 0
2 11 112 -52.395048267377653 83.998564970237240 0
2 11 112 -69.652108930986415 70.353277972429993 0
2 11 112 -83.469559277015591 53.233755025366946 0
2 11 112 -93.165056078500797 33.485404669643806 0
2 11 112 23.638912080774492 78.103720112722399 0
5 29 108 -80.870509751287429 -4.578280525145267 0
3 20 116 -32.636271073891507 -13.207198140466662 0
5 29 108 -55.313357293643598 -56.643930989311656 0
3 20 116 -47.244250861842943 76.602746429245272 116
3 20 116 -75.772540746750153 48.564617457384429 116
3 20 116 -37.226663840080604 37.877458176458575 116
3 20 116 -65.754953724987800 9.839329204597739 116
3 20 116 -86.669360748017269 -24.257409332615111 116
3 20 116 -46.683515477080341 -25.321447851039881 116
3 20 116 -67.597922500109817 -59.418186388252728 116
5 29 108 1.071553834245719 68.442904729223329 116
3 20 116 -1.687565665081234 19.520647426555517 116
3 20 116 -7.022891933859125 -20.121934396601368 116
3 20 116 -22.350292966606997 -57.068798642181399 116
5 29 108 57.866036038634697 56.679113200326547 116
5 29 108 80.926052088087289 3.460360304387798 116
5 29 108 39.085278117248642 -36.706163487461446 116
4 28 98 -73.475930435016096 36.404500363398412 232
4 28 98 -79.709050180418615 -19.247527616177258 232
4 28 98 -28.396420305282454 3.180446329261604 232
5 29 108 -21.480223657383100 59.759295945771015 232
4 28 98 23.358741621254005 24.567433353103709 232
4 28 98 79.248920265947149 21.062018817804528 232
4 28 98 74.287785108413573 -34.717790593385516 232
4 28 98 18.397606463720425 -31.212376058086331 232
5 29 108 -34.168427419571707 -53.526554419081577 232
4 28 98 -73.475930435016096 36.404500363398427 340
4 28 98 -79.709050180418629 -19.247527616177244 340
4 28 98 -28.396420305282462 3.180446329261606 340
4 28 98 -34.629540050684994 -52.471581650314064 340
5 29 108 17.827279358061276 -30.171758836708999 340
4 28 98 74.711990479726353 -33.795243430951615 340
5 29 108 77.627288428832344 23.130155450988056 340
4 28 98 74.711990479726353 -33.795243430951615 448
4 28 98 35.597087285437411 -73.870477031036899 448
4 28 98 20.448368522312322 -19.958360398170946 448
5 29 108 77.627288428832344 23.130155450988056 448