2 17 100 93.000000000000000 0.000000000000000 0
2 17 100 86.784946236559136 33.427131296561186 0
2 17 100 60.943728239819734 11.331171203254726 0
4 24 100 64.537731304827361 -29.511002367317104 0
4 24 100 49.617584846166721 50.735720126271346 0
2 17 100 31.359001716491822 -5.424244534347796 0
4 24 100 7.418955808717286 27.860499747885278 0
4 24 100 8.707748362592188 75.843194688385211 0
2 17 100 86.784946236559136 33.427131296561186 100
2 17 100 93.000000000000000 0.000000000000000 100
2 17 100 60.943728239819734 11.331171203254726 100
4 24 100 64.537731304827361 -29.511002367317104 100
4 24 100 49.617584846166721 50.735720126271346 100
2 17 100 31.359001716491822 -5.424244534347796 100
4 24 100 7.418955808717286 27.860499747885278 100
4 24 100 8.707748362592188 75.843194688385211 100
2 17 100 93.000000000000000 0.000000000000000 200
2 17 100 86.784946236559136 33.427131296561186 200
2 17 100 60.943728239819734 11.331171203254726 200
4 24 100 64.537731304827361 -29.511002367317104 200
4 24 100 49.617584846166721 50.735720126271346 200
2 17 100 31.359001716491822 -5.424244534347796 200
4 24 100 7.418955808717286 27.860499747885278 200
4 24 100 8.707748362592188 75.843194688385211 200
2 17 100 86.784946236559136 33.427131296561186 300
2 17 100 93.000000000000000 0.000000000000000 300
2 17 100 60.943728239819734 11.331171203254726 300
4 24 100 64.537731304827361 -29.511002367317104 300
4 24 100 49.617584846166721 50.735720126271346 300
2 17 100 31.359001716491822 -5.424244534347796 300
4 24 100 7.418955808717286 27.860499747885278 300
4 24 100 8.707748362592188 75.843194688385211 300
2 17 100 93.000000000000000 0.000000000000000 400
4 24 100 77.225806451612897 37.844085639608522 400
5 25 98 51.158632025561531 -3.646906363979602 400
4 24 100 29.283619530765591 40.199231759605716 400
5 25 98 68.280400408774625 -50.623975742896860 400
4 24 100 20.124785233167039 -41.566562919204188 400
4 24 100 0.127001201827667 2.069301158821228 400
3 22 93 13.075324299226523 -87.023191704683285 400
5 25 98 -25.313483056055581 -59.906785787987047 400
5 25 98 -46.023273846594513 -14.397395928177787 400
5 25 98 -82.717292535131577 19.566540717701368 400
1 25 70 75.860215053763440 38.343549287941023 500