4 14 96 96.000000000000000 0.000000000000000 0
1 22 95 81.583333333333329 32.987266061652072 0
1 22 95 60.438015544416047 -5.598683915064823 0
5 25 104 34.588063887742905 33.654086679476158 0
4 14 96 60.892839550304984 62.447467469898854 0
1 22 95 30.920498579506660 82.388850990863602 0
5 25 104 -9.166349657985378 57.852253867703233 0
4 14 96 -28.693374783744645 91.611627228859803 0
4 14 96 -46.282775738016852 69.826013304302890 0
1 22 95 -74.276601247476719 47.190957895801802 0
4 14 96 -94.418595895698473 17.353061663141464 0
4 14 96 -95.409727210247567 -10.629391029882459 0
4 14 96 -70.680646660618052 2.503490419743723 0
4 14 96 -71.671777975167132 -25.478962273280175 0
4 14 96 -80.709719204369719 -51.980200326199153 0
4 14 96 -53.240003204201741 -46.556668002139858 0
4 14 96 -62.277944433404329 -73.057906055058822 0
1 22 95 -26.368022711152712 -70.512808433795215 0
1 22 95 -39.413939293639523 20.347060982490710 0
1 22 95 -23.262853333517079 -26.622514254601178 0
3 15 71 4.859338063276315 -50.667105144074007 0
4 14 96 -28.693374783744645 91.611627228859803 104
1 22 95 -55.863732095622794 67.994436804406888 104
4 14 96 -19.988559566905550 64.999107768262192 104
4 14 96 -32.986009213117612 40.198577477678043 104
1 22 95 -65.666978484075671 25.100423699460809 104
4 14 96 -95.844024204920643 5.470194165346033 104
4 14 96 -72.650265271069912 -10.215772381807506 104
2 17 81 -41.957126966936798 -5.864765481863884 104
1 22 95 -56.126632399539737 -42.199667653129403 104
4 14 96 -90.570588033476824 -31.730000978044949 104
5 25 104 5.753891650681759 35.701903032824760 104
5 25 104 29.420758456829226 79.745965238530488 104
2 17 81 68.087693056922703 63.348765214377146 104
1 22 95 83.574490161345594 27.555482109212853 104
1 22 95 43.982408891659880 8.359985222322905 104
1 22 95 4.611023370314520 -11.284199722072145 104
1 22 95 -13.131282651797562 -51.548459022569972 104
4 14 96 -40.683492693908832 -74.719037819729593 104
2 17 81 68.087693056922703 63.348765214377146 208
2 17 81 86.307035200133228 34.642397072993717 208
2 17 81 92.990831882440290 1.305827634768949 208
2 17 81 87.245746421597730 -32.205274899281108 208
2 17 81 60.778617532760187 12.185774633273269 208
2 17 81 42.559275389549654 40.892142774656698 208
2 17 81 35.875478707242593 74.228712212881462 208
1 22 95 48.923036724236439 -24.968568365797026 208
4 14 96 30.420002814713484 5.912457137625680 208
2 17 81 10.473993162480976 29.643379980048977 208
2 17 81 3.790196480173922 62.979949418273733 208
2 17 81 -14.030353054689005 91.935570880703068 208
2 17 81 -46.137267034244061 80.748700240999895 208
2 17 81 -72.077609075819453 58.769194906118543 208
2 17 81 -88.384269062631574 28.934771163158459 208
2 17 81 -54.393570200552460 29.730001235183984 208
2 17 81 -70.700230187364582 -0.104422507776103 208
2 17 81 -28.163668993023069 51.363130519761576 208
2 17 81 -22.543780072990494 17.830805092996208 208
2 17 81 -38.850440059802622 -12.003618649963883 208
1 22 95 -67.059455404323785 -38.934111651254632 208