5 13 72 97.000000000000000 0.000000000000000 0
1 24 59 79.567010309278345 32.635729966452310 0
3 19 95 66.065733294030736 -8.189697391476797 0
2 23 79 34.451439324327545 19.460554267363285 0
1 24 59 44.470128377286755 65.380330722177561 0
5 13 72 97.000000000000000 0.000000000000069 95
1 24 59 79.567010309278373 -32.635729966452253 95
5 13 72 93.515463917525764 25.765442132630611 167
1 24 59 68.039916182432307 52.598192040103292 167
1 24 59 85.377524675355716 -10.328517817626299 167
1 24 59 66.543407286167266 -54.479123953559139 167
1 24 59 42.775004096397211 11.785397265854893 167
5 13 72 31.463736475143197 47.014010988230773 167
5 13 72 36.820394170395403 72.456224302639868 167
5 13 72 22.721131893603047 94.301379446291747 167
1 24 59 -0.561287716314631 65.545007333180521 167
5 13 72 97.000000000000000 0.000000000000064 239
1 24 59 79.567010309278373 -32.635729966452260 239
5 13 72 93.515463917525764 25.765442132630604 311
1 24 59 85.377524675355716 -10.328517817626302 311
1 24 59 66.543407286167266 -54.479123953559139 311
1 24 59 56.587882054538312 28.079248034680372 311
1 24 59 37.724919474562547 -16.092996768697283 311
1 24 59 8.935276853745151 22.314769083609395 311
2 23 79 45.968740636992194 73.863894320899050 311
3 19 95 7.487151180319749 90.691469098273174 311
5 13 72 13.096459472695814 59.186935131222000 311
1 24 59 -23.846367654272129 61.243029454681256 311
2 23 79 -69.890189134229203 51.810823799488759 311
5 13 72 -42.025510322845371 29.016972112281152 311
5 13 72 -64.644088583514119 16.195118990910466 311
5 13 72 -89.999058798105239 21.950593377717965 311
1 24 59 -36.251644796718494 -7.529744250289696 311
5 13 72 -73.242731124771737 -8.341860172133932 311
1 24 59 -73.076327556949821 -45.341485979060906 311
3 19 95 -45.836572012431709 -78.613031147190611 311
5 13 72 -24.352254210578096 93.893384830153934 406
1 24 59 11.614877228101641 85.212056816955936 406
5 13 72 -21.183583791046903 68.087193174421614 406
5 13 72 48.593363579558208 83.950491457911468 406
2 23 79 -57.100283364087510 65.639604201586337 406
2 23 79 -82.589991866160929 27.347636891465985 406
5 13 72 -46.791071740542620 31.147283959234315 406
5 13 72 -53.568499190216194 6.046158941331012 406
2 23 79 -79.837271337854389 -18.569925431604254 406
2 23 79 41.225431248242835 48.712535030769466 406
5 13 72 74.760061753136611 61.805607890119482 406
5 13 72 5.225473843581341 48.767914291854865 406
2 23 79 81.472097511584991 26.436856484714873 406
5 13 72 96.805842335422284 -6.134239132065400 406
5 13 72 47.937467006691215 13.343783625364861 406
5 13 72 22.366497593372429 18.047561177834311 406
5 13 72 -2.924423815169582 24.078257183019062 406
5 13 72 -22.708858673533292 40.947641799393274 406
5 13 72 -27.006636882178910 14.277899342860101 406
5 13 72 -86.210837179100224 44.459999470070507 485
2 23 79 -86.587499465400199 8.461970002861062 485