1 11 99 99.000000000000000 0.000000000000000 0
1 11 99 96.555555555555557 21.863775779997951 0
1 11 99 78.843192529652626 8.814936902970350 0
1 11 99 81.287636974097069 -13.048838877027592 0
1 11 99 76.398748085208183 30.678712682968296 0
1 11 99 84.861216147439819 50.986017632067515 0
1 11 99 63.043340148006621 48.161077478124973 0
1 11 99 61.130829503749695 -4.233901974057249 0
1 11 99 58.686385059305252 17.629873805940697 0
3 30 101 23.256199378444023 38.262419519441394 0
1 11 99 52.198763909071907 67.302528995654484 0
3 30 101 24.052450639613486 -21.732296780655290 0
1 11 99 -4.289591211424788 7.894189067551464 0
1 11 99 -16.021772419844410 26.504829145012689 0
1 11 99 -16.444888577477819 48.500759966806754 0
1 11 99 -5.437114449170607 67.548828339746066 0
1 11 99 13.832149204755579 78.164640990479867 0
1 11 99 6.216909729100427 98.804605324955460 0
1 11 99 -15.757217819434217 97.737966454141585 0
1 11 99 -36.953211154663471 91.844761338678737 0
1 11 99 28.068076679138827 94.937785267689819 0
5 23 81 -57.823195063179227 65.003677685847322 0
1 11 99 -86.913255321012059 47.403439215995384 0
1 11 99 -70.047567090152043 33.277273405718688 0
3 30 101 -79.730343117272227 -6.562955614815664 0
1 11 99 -93.689949757968066 31.987393053348683 101
1 11 99 -98.440912508664383 10.506509623156699 101
3 30 101 -57.500571347400999 12.717497094709412 101
3 30 101 -39.063259888879799 69.814480781954074 101
1 11 99 -78.840541982346707 59.876280278001801 101
1 11 99 -21.687684875950918 32.678387921098590 101
1 11 99 -16.525337544543035 11.292641031408099 101
3 30 101 -64.861549706532031 -46.829257624556391 101
1 11 99 -50.416968611900586 -85.200523918498476 101
1 11 99 -88.916328358750221 -13.627335632105590 101
1 11 99 -32.661840557027361 -72.209933949022329 101
3 30 101 -5.065384473692632 -41.887737266714211 101
1 11 99 -13.015070678673332 -82.109652800939330 101
1 11 99 -78.840541982346707 59.876280278001801 202
1 11 99 -90.117312100455877 40.986217924919956 202
1 11 99 -68.119653164560361 40.665279706541092 202
1 11 99 -79.396423282669531 21.775217353459240 202
3 30 101 -77.664748133212512 -19.188196825253375 202
3 30 101 -42.480586820852317 -67.789377806231769 202
3 30 101 -32.517647048764026 20.330650117320626 202
5 23 81 -46.838332455808562 71.359249642219041 202
3 30 101 5.928625858303057 66.394563320123098 202
5 23 81 -8.650174130305778 -26.991054590843277 202
5 23 81 20.249311265347600 15.365963795224690 202
5 23 81 37.348518476919025 -27.337866392894789 202
5 23 81 14.048824342397754 -67.000496830597172 202
4 11 57 -9.231987219333528 -91.779597157831802 202
3 30 101 79.885499297612370 4.278668247384289 202
2 20 68 72.231892370452613 53.689419111994034 202
4 11 57 46.646775956029629 71.193756233416948 202
4 11 57 70.331237824203313 -35.592575622072957 202
4 11 57 41.988321030407420 46.883069679324763 202
2 20 68 59.042701800735969 -64.464169870518617 202
4 11 57 -78.611039745073526 -60.177275031347754 303
3 30 101 -77.664748133212512 -19.188196825253367 303
5 23 81 -80.186136072122849 33.751793757117511 303
5 23 81 -44.613930022246691 -60.620592630901079 303
2 20 68 -27.700795996598668 -21.086482075199097 303
4 11 57 -78.611039745073526 -60.177275031347747 404
4 11 57 -89.959950138606970 -41.330465410630794 404
5 23 81 -86.677043985972489 -7.489328798616782 404
4 11 57 -95.716042884058893 25.287133776230956 404
4 11 57 -68.553165149276509 -36.256063335452268 404
4 11 57 -57.204254755743065 -55.102872956169207 404
4 11 57 -73.756118727496656 23.959831610921682 404
2 20 68 -46.812316829327813 8.629093231044701 404
4 11 57 -51.829333119043525 -21.962238017345381 404
4 11 57 -40.480422725510081 -40.809047638062324 404
2 20 68 -39.770413435154502 -80.736077531651745 404
5 23 81 -8.213866121172821 -51.526758443038332 404
3 30 101 -51.520996442242009 58.406882819403549 404
2 20 68 -11.821416110862096 28.010446819235483 404
2 20 68 1.615254520596000 -9.665220160152046 404
2 20 68 31.834999475908493 -35.871460158211015 404
2 20 68 27.399154947537852 -75.624740316207095 404
4 11 57 -28.627164530072985 -16.476687693931659 404
5 23 81 73.480457906475863 -46.579204650301065 404
4 11 57 96.603154683562309 -21.652494202371567 404
2 20 68 71.379968850215135 -3.630538248135220 404
4 11 57 58.367038641695792 -77.035477536637217 404
3 30 101 65.441350334985586 46.015537227480912 404
4 11 57 94.466473721551210 17.057943881440544 404
4 11 57 -89.358128371252931 42.616016871437907 505
5 23 81 -61.266270635973783 61.769281057493430 505
2 20 68 -68.780241915215228 19.430879627884224 505
2 20 68 -88.697210801505420 -15.257942064161597 505
2 20 68 -48.697325545699947 -15.162132240050251 505
2 20 68 -68.614294431990132 -49.850953932096076 505
2 20 68 -30.664034364762983 31.561614229335540 505
2 20 68 -10.581117995247716 -3.031397638598939 505
5 23 81 -25.644424701868729 -51.460393392404178 505
4 11 57 -50.305209427959653 -74.866497226519769 505