4 11 76 99.000000000000000 0.000000000000000 0
4 11 76 96.555555555555557 21.863775779997951 0
4 11 76 78.843192529652626 8.814936902970350 0
4 11 76 81.287636974097069 -13.048838877027592 0
4 11 76 76.398748085208183 30.678712682968296 0
4 11 76 84.861216147439819 50.986017632067515 0
4 11 76 63.043340148006621 48.161077478124973 0
4 11 76 61.130829503749695 -4.233901974057249 0
4 11 76 58.686385059305252 17.629873805940697 0
5 30 74 23.256199378444023 38.262419519441394 0
4 11 76 52.198763909071907 67.302528995654484 0
5 30 74 24.052450639613486 -21.732296780655290 0
4 11 76 -4.289591211424788 7.894189067551464 0
4 11 76 -16.021772419844410 26.504829145012689 0
4 11 76 -16.444888577477819 48.500759966806754 0
4 11 76 -5.437114449170607 67.548828339746066 0
4 11 76 13.832149204755579 78.164640990479867 0
4 11 76 6.216909729100427 98.804605324955460 0
4 11 76 -15.757217819434217 97.737966454141585 0
4 11 76 -36.953211154663471 91.844761338678737 0
4 11 76 28.068076679138827 94.937785267689819 0
3 18 61 -57.740769074512606 71.624043356151077 0
4 11 76 -28.741386453627140 71.434814374527903 0
4 11 76 96.555555555555557 21.863775779997951 76
4 11 76 99.000000000000000 0.000000000000000 76
4 11 76 78.843192529652626 8.814936902970350 76
4 11 76 76.398748085208183 30.678712682968296 76
4 11 76 84.861216147439819 50.986017632067515 76
4 11 76 81.287636974097069 -13.048838877027592 76
4 11 76 63.043340148006621 48.161077478124973 76
4 11 76 61.130829503749695 -4.233901974057249 76
4 11 76 58.686385059305252 17.629873805940697 76
5 30 74 23.256199378444023 38.262419519441394 76
4 11 76 52.198763909071907 67.302528995654484 76
5 30 74 24.052450639613486 -21.732296780655290 76
4 11 76 -4.289591211424788 7.894189067551464 76
4 11 76 -16.021772419844410 26.504829145012689 76
4 11 76 -16.444888577477819 48.500759966806754 76
4 11 76 -5.437114449170607 67.548828339746066 76
4 11 76 13.832149204755579 78.164640990479867 76
4 11 76 6.216909729100427 98.804605324955460 76
4 11 76 -15.757217819434217 97.737966454141585 76
4 11 76 -36.953211154663471 91.844761338678737 76
4 11 76 28.068076679138827 94.937785267689819 76
3 18 61 -57.740769074512606 71.624043356151077 76
4 11 76 -28.741386453627140 71.434814374527903 76
4 11 76 99.000000000000000 0.000000000000000 152
5 30 74 73.333333333333329 31.972210155418136 152
5 30 74 68.924977150615391 -27.865623994610164 152
5 30 74 30.508390059251898 -73.954297616788580 152
1 11 55 71.183541252327927 -68.803368048214963 152
2 15 72 23.952331801935543 -29.434435755741951 152
5 30 74 15.835027278440506 14.827391672334805 152
5 30 74 29.736331956263768 73.194794631986269 152
3 18 61 -14.414549234094331 -90.863748383928510 152
2 15 72 -11.563567616509349 -57.987132015813728 152
5 30 74 -33.808624722621403 -18.869905192509734 152
2 15 72 -27.824160334036179 25.730388371342009 152
5 30 74 -76.550359996806023 23.238812025561902 152
2 15 72 -93.165022507355815 -18.581673261681374 152
3 18 61 -15.154977982344844 56.201552092795005 152
1 11 55 -43.354731143996688 -89.002063388619050 152
1 11 55 -9.625223412816625 84.669460593434493 152
3 18 61 -54.446109302980744 -62.206889746068953 152
1 11 55 96.555555555555557 21.863775779997951 228
1 11 55 99.000000000000000 0.000000000000000 228
1 11 55 78.843192529652626 8.814936902970350 228
1 11 55 76.398748085208183 30.678712682968296 228
1 11 55 84.861216147439819 50.986017632067515 228
1 11 55 81.287636974097069 -13.048838877027592 228
1 11 55 63.043340148006621 48.161077478124973 228
1 11 55 61.130829503749695 -4.233901974057249 228
1 11 55 58.686385059305252 17.629873805940697 228
3 18 61 36.550741275713321 36.365222062269638 228
2 15 72 59.649623878065348 73.938639230143650 228
2 15 72 79.731556784198247 51.651513557379616 300
2 15 72 59.649623878065341 73.938639230143650 300
2 15 72 91.862420315729651 24.213544427369968 300
2 15 72 62.035010255122387 27.426893004226393 300
3 18 61 73.800289533827325 -3.404555283099914 300
2 15 72 41.930971499229955 5.159705806432973 300
5 30 74 20.492432746156162 44.724703672387093 300
2 15 72 33.107032275909646 87.920442799110504 300
5 30 74 -32.333691351683854 73.174670505401295 300
5 30 74 -74.115891974261586 30.113693842828184 300
2 15 72 -29.152973914211351 28.287221963710284 300
2 15 72 -40.292742950996562 0.432140814895057 300
2 15 72 -66.465022664788449 -14.231138988172120 300
1 11 55 7.330595783121749 83.554666945077699 300
3 18 61 62.974946004377252 67.068294862369726 374
5 30 74 16.312168289849406 78.319302637878678 374
2 15 72 42.145206861114907 41.472944362256527 374
2 15 72 13.245145135303467 33.423942421376580 374
2 15 72 -14.291795188487551 45.328433910053128 374
5 30 74 78.571450757654489 15.050818111899332 374
2 15 72 33.712533135473556 11.490269029751238 374
2 15 72 4.483720779930177 4.731827768303834 374
2 15 72 -23.053219543860838 16.636319256980382 374
2 15 72 -43.520607544030931 38.569992648605719 374
2 15 72 -34.759183188657644 67.262107301678469 374
5 30 74 66.937591592472273 -43.810487691868786 374
2 15 72 29.891060121601377 -18.265341264851138 374
2 15 72 0.662247766057995 -25.023782526298540 374
2 15 72 -26.874692557733024 -13.119291037621991 374
2 15 72 -50.733070471032349 5.068006819569191 374
3 18 61 -74.697974036750935 27.754641587330788 374
2 15 72 -94.984310411849108 1.726492277854916 374
2 15 72 -90.786619582843713 -27.978379236832456 374
1 11 55 -20.230271457645991 96.910970053704204 374
1 11 55 -71.639929547127025 -10.388488370878015 374
1 11 55 -65.008141414321571 -31.365127428686606 374
1 11 55 81.685804445592851 55.932364084457966 448
1 11 55 67.316419818776652 72.591319197147911 448
5 30 74 78.571450757654475 15.050818111899321 448
3 18 61 47.377768147979779 51.533062632307860 448
1 11 55 46.797627071667463 80.527259229757760 448
3 18 61 18.710382996754415 73.308760751801145 448
3 18 61 14.185767815744885 37.594227891020537 448
3 18 61 -14.481617335480482 59.369926010513822 448
5 30 74 23.794751326755947 -9.434140525129280 448
5 30 74 -61.726671776438536 50.890254385332241 448
1 11 55 -95.189992811863490 27.200464490103414 448
3 18 61 -76.334517997938690 5.167056457267286 448
3 18 61 -87.265397653912316 -29.133320653584178 448
3 18 61 -52.094959888541865 -21.449551565942109 448
3 18 61 -63.025839544515478 -55.749928676793559 448
3 18 61 -18.007198652926196 -33.026448125195706 448
3 18 61 -28.938078308899811 -67.326825236047156 448
3 18 61 10.152590647363297 -55.454695193642706 448
3 18 61 10.004712908600769 -91.454391472561213 448
3 18 61 -22.653391089644479 2.672471968288654 448
1 11 55 -95.189992811863490 27.200464490103414 522
1 11 55 -86.832502854094969 47.551198177265618 522
1 11 55 -74.186988064025456 65.553724547031990 522
1 11 55 -98.846742383860970 5.506497988615116 522
1 11 55 -73.386995474244998 30.138032718383641 522
3 18 61 -50.830439454305960 48.364436107954283 522
3 18 61 -70.150637961314018 1.319184891857066 522