4 10 71 100.000000000000000 0.000000000000000 0
4 10 71 98.000000000000000 19.899748742132399 0
4 10 71 81.766312060385914 8.217823563497323 0
4 10 71 83.766312060385914 -11.681925178635078 0
4 10 71 65.532624120771828 -3.464101615137756 0
4 10 71 63.532624120771821 16.435647126994645 0
5 32 94 53.113097196255730 57.122665433443252 0
4 10 71 90.784922224442582 38.552969715804949 0
5 32 94 23.700013252656426 0.281918667353164 0
4 10 71 14.246625823410017 41.204204357580267 0
1 25 65 -1.831092639651974 72.292899554106540 0
4 10 71 -27.425917527621706 96.165581409192825 0
4 10 71 -46.014108253909427 88.784581102787783 0
1 25 65 -48.309315801152096 53.859919009718361 0
4 10 71 -83.277077649950897 55.361794931920770 0
4 10 71 -78.390495304632253 35.967947634841721 0
5 32 94 54.456858256902350 -55.843088997544243 0
4 10 71 15.222728362383990 -40.853657673439230 0
5 32 94 -26.741048821065633 -39.109695375167604 0
3 16 120 -65.506532071424317 -67.415830900282302 0
2 14 113 -85.003044809799846 -44.614822347098503 0
4 10 71 -97.104617406192318 -23.889187478794852 0
4 10 71 -77.201989131654642 -21.918048781094051 0
2 14 113 -95.999962035342634 0.085376886624910 0
4 10 71 -97.061972474318395 24.061868160944183 0
4 10 71 -72.147022301420662 -2.567407697521798 0
2 14 113 -14.035020570134776 35.251515359295709 0
4 10 71 -85.869218938112255 -51.249168178210901 120
1 25 65 -83.415578009624582 -16.335279162604945 120
1 25 65 -78.167791867298675 33.388565626433760 120
1 25 65 -51.012675681796871 -54.414826438449204 120
4 10 71 -56.432075381963010 5.955763566325004 120
1 25 65 -25.909895954516418 -11.173059014306631 120
4 10 71 -17.277232665106048 -45.091743017841708 120
4 10 71 -17.679660515574845 -65.087693903587734 120
1 25 65 11.641999369917166 -84.198953976108569 120
4 10 71 -28.966338216238597 -81.598626841533417 120
5 32 94 58.441019109180601 -51.658951649064534 120
4 10 71 95.049893055357600 -31.072782787595361 120
4 10 71 99.332300896170494 -11.536637234161741 120
4 10 71 99.641416701136549 8.460973808638350 120
4 10 71 82.168419620588423 -1.270129572949816 120
4 10 71 82.477535425554464 18.727481469850275 120
4 10 71 16.494657158951696 -49.536990494757397 120
1 25 65 68.227514432521261 50.695229305725640 120
4 10 71 62.645191447445598 16.143273209285947 120
4 10 71 44.635646811402253 24.841336327150895 120
4 10 71 34.329569153683479 41.981486948223917 120
4 10 71 35.092208321707659 61.966941196236284 120
4 10 71 46.674539281017914 78.271836459592109 120
5 32 94 -6.051599741756775 53.529698872064280 120
4 10 71 -47.981404227967275 51.102458515576465 120
4 10 71 -44.350047342175706 70.770026925728615 120
4 10 71 -42.209520913129730 90.655150677079916 120
2 14 113 24.643074099712571 87.791003543162518 120
2 14 113 7.177037178622140 9.472881406105749 120
3 16 120 14.194721985465867 -19.694773623940712 120