5 11 75 99.000000000000000 0.000000000000000 0
5 11 75 96.555555555555557 21.863775779997951 0
5 11 75 78.843192529652626 8.814936902970350 0
5 11 75 81.287636974097069 -13.048838877027592 0
5 11 75 76.398748085208183 30.678712682968296 0
5 11 75 84.861216147439819 50.986017632067515 0
5 11 75 63.043340148006621 48.161077478124973 0
5 11 75 61.130829503749695 -4.233901974057249 0
5 11 75 58.686385059305252 17.629873805940697 0
3 25 76 28.660895715446507 37.491142387323535 0
5 11 75 50.414494154399193 66.175300993718025 0
3 25 76 11.033540622426422 84.280845874571440 0
3 25 76 -20.673853686561557 45.620256818863083 0
5 11 75 -24.849177567117216 81.377307459155858 0
5 11 75 -45.919078861546978 87.706545915952177 0
5 11 75 -64.154933580005149 75.399897197178774 0
5 11 75 -79.222643430314918 59.369796764964427 0
5 11 75 -90.378123975423946 40.407854517196284 0
5 11 75 -97.070487287178679 19.450462663640668 0
4 20 104 -89.376033336660129 -10.579445401542479 0
4 20 104 -75.964363049735937 -48.264019170059946 0
4 20 104 -50.034399978873225 -17.806885110143931 0
3 25 76 -32.305223381113890 -59.167207850246704 0
3 25 76 -5.037762737790082 -17.256760583905262 0
4 20 104 -58.524078911186514 21.281800613812507 0
5 11 75 -30.357162291460217 8.334800647125730 0
4 20 104 12.691413859969256 -58.617083324008036 0
5 11 75 -5.783423189649129 -83.510463889733700 0
4 20 104 48.939443781240129 -75.530992594979423 0
4 20 104 45.463303926571051 -35.682323210534705 0
4 20 104 -75.964363049735937 -48.264019170059946 104
4 20 104 -89.376033336660129 -10.579445401542479 104
2 37 105 -32.383879799006777 -11.525191213347508 104
2 37 105 -38.128033278541480 62.251530730661017 104
2 37 105 28.636558872678116 30.337752595170585 104
2 37 105 64.345896797777328 -34.476159375571243 104
3 25 76 7.426264401917413 -59.055733170089617 104
1 21 114 86.963022454175416 18.932319605230109 104
1 21 114 68.597644280963266 56.704172678052778 218
1 21 114 86.963022454175430 18.932319605230113 218
1 21 114 45.068949058491611 21.913362093531472 218
2 37 105 64.345896797777328 -34.476159375571235 218
1 21 114 13.766994854282963 -6.089988830913709 218
1 21 114 5.166358664727316 35.019974160250683 218
1 21 114 86.963022454175430 18.932319605230113 332
1 21 114 68.597644280963266 56.704172678052785 332
1 21 114 45.068949058491611 21.913362093531482 332
1 21 114 26.703570885279454 59.685215166354141 332
2 37 105 64.345896797777328 -34.476159375571235 332
2 37 105 -4.703431819107713 -7.864315817534488 332
2 37 105 -60.815356169940671 40.379356779464167 332
1 21 114 -88.358892397897236 -10.663307845918041 332
3 25 76 -14.028326837929802 81.060727040132065 332
1 21 114 68.597644280963266 56.704172678052785 446
1 21 114 86.963022454175430 18.932319605230113 446
1 21 114 45.068949058491611 21.913362093531482 446
1 21 114 26.703570885279454 59.685215166354141 446
2 37 105 64.345896797777328 -34.476159375571235 446
2 37 105 -4.703431819107713 -7.864315817534488 446
2 37 105 -60.815356169940671 40.379356779464167 446
1 21 114 -88.358892397897236 -10.663307845918041 446
3 25 76 -14.028326837929802 81.060727040132065 446