5 13 89 97.000000000000000 0.000000000000000 0
3 30 104 71.958762886597938 34.956207514980449 0
5 13 89 72.275191978972543 -8.042628197507149 0
1 29 82 29.161232345258490 75.568661018347086 0
1 29 82 -28.838635749506555 75.692358188309100 0
1 29 82 -72.052164770755354 37.006560929758415 0
5 13 89 -30.181436111597467 33.713829305229261 0
1 29 82 -78.322623789135534 -20.653488876834842 0
5 13 89 -44.984548148211502 4.892013908587648 0
1 29 82 -21.016389805209350 -29.597511829595188 0
5 13 89 -54.354465446133382 -55.143014615017677 0
1 29 82 16.600051245040390 14.550006364671251 0
5 13 89 20.916692796723609 -27.227578602800026 0
5 13 89 14.276950439300412 -52.365474724533058 0
5 13 89 -5.887904166018814 -68.778233138228671 0
4 14 71 -9.677303124127478 -95.510993106781967 0
5 13 89 14.917459064414938 -84.371079602223489 0
5 13 89 -36.114382361900454 -90.026392722459192 0
3 30 104 57.122280617519124 -56.009330089310993 0
5 13 89 97.000000000000000 0.000000000000007 104
3 30 104 71.958762886597938 -34.956207514980441 104
5 13 89 72.275191978972543 8.042628197507156 104
5 13 89 91.602716321720507 25.433625948656598 104
1 29 82 55.225410989296762 46.426283159015064 104
4 14 71 46.273473949344776 0.768656826396984 104
4 14 71 23.638131792840209 17.250200609003262 104
5 13 89 13.433798488250392 42.247632113236634 104
4 14 71 18.486720541185448 68.770602888151018 104
4 14 71 10.057530222348626 95.471703063402742 104
2 25 60 -26.113637267726929 80.889294400739971 104
1 29 82 -66.963722941013415 45.572577389030712 104
4 14 71 -95.107235236866686 13.061921971873147 104
4 14 71 -69.124352385405359 2.626894481385310 104
2 25 60 -30.266846095496774 5.957690922135655 104
4 14 71 -56.877842562464970 -22.552918805385197 104
4 14 71 -84.807455442827376 -20.568800776361989 104
5 13 89 36.472561409890588 89.881879509730766 104
5 13 89 97.000000000000000 0.000000000000000 208
3 30 104 71.958762886597938 34.956207514980449 208
5 13 89 72.275191978972543 -8.042628197507149 208
1 29 82 29.161232345258490 75.568661018347086 208
1 29 82 -28.838635749506555 75.692358188309100 208
1 29 82 -72.052164770755354 37.006560929758415 208
5 13 89 -30.181436111597467 33.713829305229261 208
1 29 82 -78.322623789135534 -20.653488876834842 208
5 13 89 -44.984548148211502 4.892013908587648 208
1 29 82 -21.016389805209350 -29.597511829595188 208
5 13 89 -54.354465446133382 -55.143014615017677 208
1 29 82 16.600051245040390 14.550006364671251 208
5 13 89 20.916692796723609 -27.227578602800026 208
5 13 89 14.276950439300412 -52.365474724533058 208
5 13 89 -5.887904166018814 -68.778233138228671 208
4 14 71 -9.677303124127478 -95.510993106781967 208
5 13 89 14.917459064414938 -84.371079602223489 208
5 13 89 -36.114382361900454 -90.026392722459192 208
3 30 104 57.122280617519124 -56.009330089310993 208
5 13 89 97.000000000000000 0.000000000000007 312
3 30 104 71.958762886597938 -34.956207514980441 312
5 13 89 72.275191978972543 8.042628197507156 312
4 14 71 91.957723694449186 26.524996694787376 312
4 14 71 46.273473949344776 0.768656826396984 312
1 29 82 53.402030052072220 45.563339263277221 312
1 29 82 5.159966448432485 13.365462015508569 312
3 30 104 0.757603644259344 72.200988712738308 312
4 14 71 95.981048156713911 1.907457663636414 416
2 25 60 78.377379894158111 -32.893560478106039 416
2 25 60 58.600384949564372 13.028879254137216 416
1 29 82 24.527889489613550 -28.864617295227468 416
4 14 71 19.609095926723342 13.853124567910267 416
4 14 71 30.210456085403560 39.768586415732848 416
1 29 82 80.078090570152213 -12.186033425134653 498
4 14 71 78.571092400189954 -55.159617828995266 498
4 14 71 52.432456984371811 -45.121105060714420 498
2 25 60 74.185291632717011 41.491475092707013 498
4 14 71 46.214298527388422 14.313845602597677 498