2 13 66 97.000000000000000 0.000000000000000 0
3 15 77 90.979381443298962 27.345057180315223 0
3 15 77 69.695649803919792 6.202617219353049 0
3 15 77 62.027625519428859 35.206089486867114 0
1 35 82 61.378517950847296 -43.100783451783300 0
1 35 82 -0.933685891191793 -74.994187979180026 0
3 15 77 -50.643228664765253 -80.375763700311424 0
3 15 77 -73.181510810086749 -60.576121331372448 0
1 35 82 2.601917495928564 -5.083534222481511 0
1 35 82 -74.248935967862622 -10.587516594567205 0
3 15 77 -87.196190880496516 37.707085487107278 0
3 15 77 -57.223616510697383 36.424593519545638 0
1 35 82 -14.710114842213063 62.741929552734497 0
2 13 66 -46.308152237472257 -52.713386500050262 0
2 13 66 25.773615875764129 36.953025986388170 0
4 19 100 43.408884956315028 63.655034983026709 0
3 15 77 76.584305634962149 56.212490875344628 100
1 35 82 28.362997978395043 69.430111231925579 100
1 35 82 62.404902913726445 8.265180852059544 100
1 35 82 -7.586433083609819 9.366491574780714 100
5 33 93 49.965260971496789 -58.587308318869020 100
1 35 82 -18.022993689195715 -59.851123255014841 100
1 35 82 -73.122462484175500 -16.676494843052222 100
3 15 77 -67.536043259590940 -66.812295730940576 100
3 15 77 -90.009585272847005 30.385433335894422 100
3 15 77 -60.033372260386521 31.579859320037141 100
4 19 100 -35.788758094447189 55.416777827779157 100
3 15 77 -32.522793322348960 89.259553631596063 100
3 15 77 -67.979005922176654 66.361545746257818 100
2 13 66 -60.322336910869481 75.961935662616924 200
3 15 77 -77.992498696771889 54.241774925181382 200
2 13 66 -92.205929238496012 30.117546601034203 200
2 13 66 -50.077197204577068 52.065552831766752 200
3 15 77 -94.973241664526270 2.254632504753094 200
2 13 66 -70.483899675495735 15.829319570918045 200
1 35 82 -64.859414868109226 -37.659743798471226 200
1 35 82 -5.522507799755921 -74.796403039194573 200
3 15 77 43.539635662151781 -84.435182989125337 200
3 15 77 67.697954968245185 -66.648232483070757 200
3 15 77 85.105231673627145 -42.214920842970322 200
2 13 66 95.626316197027080 -16.266765215807236 200
3 15 77 94.276687858472741 11.700689143640156 200
2 13 66 69.750100337044188 -18.800823772267634 200
1 35 82 -3.029671019780032 -4.840804515642525 200
2 13 66 -35.387495459754824 30.612985091559839 200
2 13 66 -12.154152131520021 42.283964390331967 200
2 13 66 13.756339300680157 40.128405589955328 200
5 33 93 59.518084874915829 44.804156010895440 200
2 13 66 44.576086787172471 1.298562196468833 200
2 13 66 40.793460271440487 -24.424807268717515 200
2 13 66 35.504727035975407 -49.881226906288056 200
2 13 66 95.620945439677683 16.298306452579133 293
1 35 82 70.788422367513931 -24.779008428878917 293
1 35 82 56.199775413368904 43.683911316391331 293
1 35 82 4.203471173782134 -3.181687425375856 293
4 19 100 51.320730579362802 -75.147738574094532 375
5 33 93 71.953735824987632 -27.416416629966285 375
5 33 93 66.753993317231661 38.378436343902692 375
5 33 93 12.373850457476991 0.977900752113732 375
5 33 93 7.174107949721027 66.772753725982710 375
5 33 93 -47.206034910033651 29.372218134193758 375
5 33 93 -69.727374656579258 -32.666392875569066 375
4 19 100 16.157444013263525 -89.554100983473973 475
5 33 93 54.483977923699065 -54.410441549484538 475
5 33 93 76.606824512993043 7.771385850380156 475
5 33 93 -10.859343080340864 -45.123332194954770 475
5 33 93 -73.273416625322554 -23.664454695849280 475
4 19 100 -55.132580659970081 -72.397503753733758 475
5 33 93 -64.683241479224691 41.774134003475240 475
5 33 93 11.263503508953118 17.058495204909924 475
4 19 100 -34.579308764868131 84.174054228983849 475
4 19 100 -0.309955567172606 67.754205526526320 475
4 19 100 37.265615437679131 62.090596813051697 475