5 12 66 98.000000000000000 0.000000000000000 0
4 26 90 77.632653061224488 32.080697914408788 0
5 12 66 74.713116186769724 -5.806982199827542 0
5 12 66 52.590812179416140 3.499126837048597 0
5 12 66 40.457497332673093 24.206194974035178 0
5 12 66 43.153053469064119 48.054339076156936 0
3 30 105 48.045144873732823 -38.254159365908436 0
5 12 66 90.042970099667542 -38.681565837364673 0
2 19 60 32.885484096421095 -84.850132208170635 0
2 19 60 4.135629108578797 -60.001674747433974 0
5 12 66 7.046279617177934 -29.138620562587136 0
1 22 98 12.848986898174964 4.362552375252875 0
5 12 66 20.473406524205071 37.496646981356221 0
1 22 98 18.470615607437875 71.437607906817874 0
5 12 66 49.933735140116177 84.324504712193402 0
5 12 66 90.042970099667542 -38.681565837364673 105
4 26 90 83.991900886066446 -1.166441402382326 105
5 12 66 91.082421607019953 36.166178595492575 105
5 12 66 66.354772679380204 -34.825492319199817 105
2 19 60 41.576264690702260 -16.196870742308427 105
2 19 60 45.193742109199484 21.630551283606355 105
1 22 98 64.745240697173116 57.668571525629432 105
4 26 90 16.759258086376796 56.508626321598939 105
5 12 66 43.105199635687740 83.892770709917727 105
3 30 105 -37.408868216441881 70.714755028670538 105
5 12 66 -0.333059851637880 90.447581336534526 105
4 26 90 -77.727333194234063 31.850614978560778 105
5 12 66 -97.999570121632260 -0.290268798327382 105
5 12 66 -39.851126314193948 28.785822590746907 105
2 19 60 -47.302327670605578 -1.305365460677880 105
1 22 98 -78.374499690968008 -28.054573410391200 105
4 26 90 -33.102621356474359 -44.006282787972182 105
2 19 60 11.687262982840089 -39.662751865918779 105
2 19 60 -0.957369520090311 -75.497278078299985 105
5 12 66 -31.275729346796290 -81.962342456817879 105
1 22 98 4.196032270526381 0.647066570969372 105
5 12 66 -11.317140553583130 30.901677276270316 105
4 26 90 -77.727333194234063 31.850614978560778 210
4 26 90 -81.582777190865002 -20.006260665743550 210
4 26 90 -34.745683523691454 2.583264712458018 210
5 12 66 -46.125397842228487 -33.672798256768012 210
3 30 105 -28.320866685357004 58.213487870322979 210
5 12 66 -68.652105147446463 69.934887279697222 210
2 19 60 5.485686750853695 22.743543625023822 210
5 12 66 1.742219585098143 -8.029601381278511 210
4 26 90 -9.637494733438892 -44.285664350504547 210
5 12 66 -45.207904626170780 -57.655254473729784 210
3 30 105 40.666368643413605 -68.893007347320719 210
2 19 60 -4.046480771372881 -88.936986423607635 210
2 19 60 -3.089750646480979 -90.947531252599532 315
4 26 90 -43.764861020248482 -71.698235263347556 315
4 26 90 -77.584045176190799 -32.198073453217447 315
4 26 90 -81.671475058264065 19.641032605424570 315
2 19 60 -2.857187083387606 -52.948242914669819 315
3 30 105 -30.182836123231915 -2.379867935150319 315
3 30 105 -39.813656929105491 56.842149006230130 315
4 26 90 11.674982005926665 34.821248465655238 315
4 26 90 55.135717836678545 63.372333227001889 315
4 26 90 81.875113135249521 18.774073854390039 315
4 26 90 38.414377304497648 -9.777010906956608 315
4 26 90 41.284015710650820 -61.697769524468455 315
2 19 60 87.234736210463879 -25.905613258341955 315
2 19 60 -83.851186156658969 35.355036135200351 420
4 26 90 -51.349090657056522 66.477596893189443 420
2 19 60 -48.439011087733604 21.571790621614614 420
2 19 60 -78.081739383559423 -2.204429834543831 420
4 26 90 -7.052908817803832 39.240705101653091 420
1 22 98 -19.221157190601122 -7.191328361656655 420
1 22 98 -53.378704645138384 -34.926900320623631 420
2 19 60 -89.624359082096575 -15.763066298262320 518