3 16 115 94.000000000000000 0.000000000000000 0
1 25 104 76.489361702127653 37.072598322765131 0
1 25 104 53.677021051076572 -7.420065274960761 0
3 16 115 88.553191489361708 31.533034694561785 115
1 25 104 84.493495987626233 -9.265480871978014 115
1 25 104 48.077599446417366 24.996487534696648 115
4 16 61 79.615178379436230 -49.974227073668175 115
4 16 61 71.527921447934659 58.628056008753191 115
5 24 70 42.632307446191412 -34.733910228702122 115
5 24 70 7.327211723206595 -2.213913057870766 115
5 24 70 3.640357562132909 45.644284843794672 115
3 16 115 94.000000000000000 0.000000000000000 230
1 25 104 76.489361702127653 37.072598322765131 230
1 25 104 53.677021051076572 -7.420065274960761 230
3 16 115 88.553191489361708 31.533034694561785 345
1 25 104 84.493495987626233 -9.265480871978014 345
1 25 104 48.077599446417366 24.996487534696648 345
4 16 61 79.615178379436230 -49.974227073668175 345
4 16 61 71.527921447934659 58.628056008753191 345
5 24 70 42.632307446191412 -34.733910228702122 345
5 24 70 7.327211723206595 -2.213913057870766 345
5 24 70 3.640357562132909 45.644284843794672 345
3 16 115 94.000000000000000 0.000000000000000 460
1 25 104 76.489361702127653 37.072598322765131 460
1 25 104 53.677021051076572 -7.420065274960761 460