3 13 67 97.000000000000000 0.000000000000000 0
2 17 90 88.443298969072160 28.753832222285070 0
2 17 90 72.197729258507948 58.621565058561728 0
2 17 90 46.302422581492671 80.654111259655437 0
2 17 90 54.454298724127831 29.618622572123783 0
2 17 90 28.558992047112564 51.651168773217485 0
2 17 90 12.313422336548335 81.518901609494137 0
2 17 90 -5.430008197831768 52.515959123056184 0
2 17 90 -21.675577908395997 82.383691959332836 0
5 25 90 -58.311140207566261 61.845055806374283 0
5 25 90 16.619116184554088 11.384068500331022 0
5 25 90 60.905735277747354 -11.882931210772373 0
5 25 90 18.626884481595717 -38.575603901170922 0
2 17 90 -23.525021949841580 23.731058961433668 0
5 25 90 -63.899161911115129 12.158296871617154 0
2 17 90 -16.098853346128937 -14.950974119518621 0
5 25 90 -52.179870425298652 -36.448885797927375 0
3 13 67 90.517632096196081 34.864857373832649 90
2 17 90 72.197729258507934 58.621565058561742 90
3 13 67 65.081857524671619 29.477708596734502 90
4 18 71 83.630814239191082 4.639508082146417 90
3 13 67 52.694048342340878 6.618526991476577 90
4 18 71 34.145091627821415 31.456727506064656 90
4 18 71 38.270250835522937 67.219600174673303 90
2 17 90 87.998752512439111 -30.086866840109678 90
4 18 71 53.468505144641163 -24.371797573803004 90
3 13 67 29.370422272897319 -4.870966773384117 90
2 17 90 4.813237907807732 12.361116561459625 90
4 18 71 1.784475124577227 47.229821670811162 90
4 18 71 5.909634332278754 82.992694339419813 90
3 13 67 52.709173154986630 81.429374707888044 180
2 17 90 23.921304963328645 89.870858284826838 180
3 13 67 35.304346279286676 62.114302835722697 180
2 17 90 72.197729258507934 58.621565058561728 180
5 25 90 83.061227280677471 18.050831632576951 180
4 18 71 88.654584264474636 -24.583829825581816 180
4 18 71 54.278046419165847 -13.894880121796451 180
4 18 71 40.076198891065857 19.185439205389617 180
5 25 90 59.871403402962990 -56.529541579955207 180
5 25 90 15.754640701822893 -32.998471719634495 180
4 18 71 5.610423348951098 8.787828120117949 180
4 18 71 9.761978005919056 44.547646267449288 180
4 18 71 -8.121893876096411 75.791319651154609 180
4 18 71 -43.753267857696741 80.929917532224394 180
4 18 71 -30.387737171735900 47.502943551879724 180
4 18 71 -66.019111153336226 52.641541432949509 180
5 25 90 -83.914302006365617 13.542153402781402 180
4 18 71 -87.198741298918279 -29.332226575633882 180
4 18 71 -53.449121568699184 -16.803732329891261 180
4 18 71 -59.473937145828458 -52.296007507196819 180
4 18 71 -30.333596136141821 10.794682189366796 180
3 13 67 -22.542678555340963 -19.210344110391187 180
3 13 67 -29.535697929906853 -44.252262567788705 180
4 18 71 -31.681515722294364 -75.177906716324614 180
3 13 67 52.709173154986601 81.429374707888059 270
2 17 90 72.197729258507934 58.621565058561750 270
5 25 90 83.061227280677471 18.050831632576969 270
2 17 90 45.724968512770204 37.286313982023472 270
5 25 90 38.203342144187296 -4.034687176847768 270
5 25 90 77.458123493336686 -35.003415617493722 270
5 25 90 4.005358323715981 32.441303592626639 270
3 13 67 28.269995476152978 61.685574550552303 270
3 13 67 27.470040245957115 87.673265321947952 270
1 19 119 54.747366225727333 -72.689241923039006 270
5 25 90 12.255891683951056 -84.111789417603404 270
2 17 90 30.355696595354985 -46.211960101772469 270
1 19 119 0.304951247085803 -26.388925419527723 270
4 18 71 -24.949990960100902 0.651560783787101 270
4 18 71 -38.972912965870364 33.808123609570274 270
5 25 90 -23.756610622563052 74.025832930180030 270
3 13 67 -61.748576964676218 74.807173739137198 270
2 17 90 -78.476709032165999 49.903969175615245 270
2 17 90 -91.169284989585520 18.361957261897114 270
5 25 90 -81.937464289273365 -22.610881138161133 270
3 13 67 -62.368917173858712 9.963218447119759 270
3 13 67 80.648125102212703 -53.896937923205329 389
2 17 90 89.510615979885472 -25.235879752873103 389
2 17 90 92.599323239776027 8.623533819465980 389
2 17 90 83.311476254646223 41.330351126883954 389
2 17 90 61.731857298941506 -5.631274014784919 389
2 17 90 52.444010313811702 27.075543292633046 389
2 17 90 55.532717573702236 60.934956864972122 389
5 25 90 20.142958705319408 0.230766054117582 389
5 25 90 44.035873735147426 -43.721327384528706 389
2 17 90 21.988353997946593 42.190204994765367 389
2 17 90 25.077061257837123 76.049618567104446 389
5 25 90 -5.947253802838873 -42.422496555900210 389
3 13 67 -17.315319111976308 -6.162779359992770 389
5 25 90 -18.709134796861239 31.811649902822609 389
1 19 119 30.719849057299619 -85.657987799718526 389
1 19 119 -7.272856380177540 -86.402523588713109 389
5 25 90 -47.929619084118379 -69.579098062517659 389
3 13 67 -42.481884496131144 -31.971622903197968 389
5 25 90 -59.025490789858779 2.238157727465770 389
5 25 90 -67.627736990869224 51.492612960441413 389
4 18 71 -86.751701109214849 -30.629109596223202 389
4 18 71 -30.489565749897611 73.166473642753388 389
3 13 67 -2.806457229728005 87.118014871610981 389
3 13 67 61.029439646936368 -75.395009757814549 508