3 10 92 100.000000000000000 0.000000000000000 0
3 10 92 98.000000000000000 19.899748742132399 0
3 10 92 81.766312060385914 8.217823563497323 0
3 10 92 83.766312060385914 -11.681925178635078 0
3 10 92 65.532624120771828 -3.464101615137756 0
2 26 92 60.439522766225650 -39.102007257758231 0
3 10 92 63.532624120771821 16.435647126994645 0
2 26 92 30.085929362926727 3.119543726392132 0
3 10 92 51.264401077214600 32.230921842982703 0
2 26 92 49.086975580864880 68.165011760606149 0
3 10 92 71.077621762792901 34.957877300002870 0
3 10 92 98.000000000000000 19.899748742132399 92
3 10 92 100.000000000000000 0.000000000000000 92
3 10 92 81.766312060385914 8.217823563497323 92
3 10 92 83.766312060385914 -11.681925178635078 92
3 10 92 65.532624120771828 -3.464101615137756 92
2 26 92 60.439522766225650 -39.102007257758231 92
3 10 92 63.532624120771821 16.435647126994645 92
2 26 92 30.085929362926727 3.119543726392132 92
3 10 92 51.264401077214600 32.230921842982703 92
2 26 92 49.086975580864880 68.165011760606149 92
3 10 92 71.077621762792901 34.957877300002870 92
3 10 92 100.000000000000000 0.000000000000000 184
3 10 92 98.000000000000000 19.899748742132399 184
3 10 92 81.766312060385914 8.217823563497323 184
3 10 92 83.766312060385914 -11.681925178635078 184
3 10 92 65.532624120771828 -3.464101615137756 184
2 26 92 60.439522766225650 -39.102007257758231 184
3 10 92 63.532624120771821 16.435647126994645 184
2 26 92 30.085929362926727 3.119543726392132 184
3 10 92 51.264401077214600 32.230921842982703 184
2 26 92 49.086975580864880 68.165011760606149 184
3 10 92 71.077621762792901 34.957877300002870 184
3 10 92 98.000000000000000 19.899748742132399 276
3 10 92 100.000000000000000 0.000000000000000 276
3 10 92 81.766312060385914 8.217823563497323 276
3 10 92 83.766312060385914 -11.681925178635078 276
3 10 92 65.532624120771828 -3.464101615137756 276
2 26 92 60.439522766225650 -39.102007257758231 276
3 10 92 63.532624120771821 16.435647126994645 276
2 26 92 30.085929362926727 3.119543726392132 276
3 10 92 51.264401077214600 32.230921842982703 276
2 26 92 49.086975580864880 68.165011760606149 276
3 10 92 71.077621762792901 34.957877300002870 276
3 10 92 100.000000000000000 0.000000000000000 368
3 10 92 98.000000000000000 19.899748742132399 368
3 10 92 81.766312060385914 8.217823563497323 368
4 16 90 84.144800066126621 41.900508610655038 368
2 26 92 47.956663664650129 20.583407874670044 368
4 16 90 58.624316858373859 61.206076119609790 368
2 26 92 16.633637303594078 62.090853225890925 368
2 26 92 -3.651351636229478 14.210593998196302 368
2 26 92 -34.974377997285529 55.718039349417182 368
1 13 64 -12.732881605783039 87.754203886808071 368
1 13 64 94.400000000000006 22.307846153315641 460
5 17 54 79.459910898427083 48.323105860592491 460
5 17 54 92.685396785705123 -7.643116031855147 460
5 17 54 64.761542789501163 17.664371787990774 460
5 17 54 59.718173064896035 -15.959495060141615 460
5 17 54 33.120735063250550 5.220124666109950 460
5 17 54 38.164104787855678 38.843991514242340 460
5 17 54 52.862472896781597 69.502725586844065 460
1 13 64 32.390597663030377 91.432210861554097 460
2 26 92 3.889785651674813 64.810721145661589 460