5 16 116 94.000000000000000 0.000000000000000 0
1 36 109 61.744680851063826 40.787184097462188 0
1 36 109 51.911799566469952 -30.538228243743976 0
1 36 109 -4.941378814117769 13.640002911713967 0
4 31 95 -61.417267855584925 49.688220024019117 0
1 36 109 -70.222483108675021 -16.730664220951070 0
2 16 95 -64.466431780656450 -68.411104167890528 0
4 31 95 -18.233360818994829 -76.867057659600476 0
3 18 119 39.494868220635396 -83.091247338300590 0
3 18 119 13.225915386263937 64.492234145326307 0
5 16 116 68.131259345005049 -64.762114697280097 119
5 16 116 42.458451548373105 -83.864652220792365 119
3 18 119 37.386226518396327 -50.245126149693789 119
3 18 119 10.030108342665692 -73.646895278446863 119
5 16 116 -18.484696780223040 -92.164613518113399 119
5 16 116 -21.233338032092284 -60.282879386035148 119
5 16 116 4.957883312688914 -40.027369207348286 119
3 18 119 67.660624688683939 -30.765372161850770 119
3 18 119 35.653463790596852 -14.286851256018075 119
5 16 116 64.860189144037079 3.119101579972025 119
3 18 119 -51.122919576714921 -76.488215392652080 119
5 16 116 -47.929348687108750 -42.638531421113136 119
1 36 109 -73.961845346553176 2.376011980725508 119
5 16 116 -26.501222544319823 -18.872265201769260 119
5 16 116 2.721387777162692 -5.832363131631476 119
1 36 109 27.879718600649070 39.676519409868213 119
5 16 116 79.263427163632301 31.694383460486989 119
5 16 116 68.131259345005049 -64.762114697280097 238
5 16 116 42.458451548373105 -83.864652220792365 238
3 18 119 37.386226518396327 -50.245126149693789 238
3 18 119 10.030108342665692 -73.646895278446863 238
5 16 116 -18.484696780223040 -92.164613518113399 238
5 16 116 -21.233338032092284 -60.282879386035148 238
5 16 116 4.957883312688914 -40.027369207348286 238
3 18 119 67.660624688683939 -30.765372161850770 238
3 18 119 35.653463790596852 -14.286851256018075 238
5 16 116 64.860189144037079 3.119101579972025 238
3 18 119 -51.122919576714921 -76.488215392652080 238
3 18 119 -48.924954258879986 -40.555375977131419 238
3 18 119 -84.642112236660608 -36.051530288138224 238
3 18 119 -62.883088466377160 -7.371486972894782 238
3 18 119 -27.165930488596544 -11.875332661887976 238
3 18 119 4.916954547338413 4.455267075138849 238
3 18 119 36.458062990156101 21.809185312770818 238
3 18 119 69.167697641726562 36.845135597364774 238
1 36 109 -38.655109821277080 40.888279404208362 238
3 18 119 14.510371531590803 50.345107229534257 238
3 18 119 47.220006183161267 65.381057514128216 238
3 18 119 -17.095489441215676 90.397700417462403 238
2 16 95 24.564891936347895 90.733489319851188 238
2 16 95 68.131259345005049 -64.762114697280097 357
2 16 95 42.458451548373105 -83.864652220792365 357
4 31 95 76.787368311814646 -18.566099960565850 357
4 31 95 19.696121193175742 -42.744385723591009 357
2 16 95 34.465174557864401 1.874837294195608 357
2 16 95 57.360552026990781 24.231082295228774 357
2 16 95 89.261388923758460 26.748343760755510 357
1 36 109 11.346428468135137 48.452982161060248 357
2 16 95 -16.119380940169997 92.607589095633429 357
2 16 95 55.561179496812208 75.821865796899331 357
2 16 95 -16.119380940169997 92.607589095633429 466
4 31 95 -50.599732811831231 60.668501212501447 466
4 31 95 -78.811178284256869 5.458770690098468 466
2 16 95 -84.491609806756756 -41.196697346544241 466
2 16 95 -53.306881342944962 -34.019461761841271 466
2 16 95 -3.664285569136212 63.130978040451851 466
1 36 109 -11.813670281119279 6.036629989160570 466
2 16 95 -23.146641611101604 -44.713382432845776 466
4 31 95 9.615536602812558 -78.412635817449555 466
4 31 95 63.257442228808614 -47.323313521655905 466
1 36 109 71.473578060445732 19.171010386449876 466
3 18 119 -62.170587214191819 -66.843762489016314 466