3 10 111 100.000000000000000 0.000000000000000 0
3 10 111 98.000000000000000 19.899748742132399 0
3 10 111 81.766312060385914 8.217823563497323 0
3 10 111 83.766312060385914 -11.681925178635078 0
3 10 111 65.532624120771828 -3.464101615137756 0
3 10 111 63.532624120771821 16.435647126994645 0
1 14 100 86.755771184755062 41.102751320786574 0
2 33 81 41.360235561738889 53.278355843744365 0
2 33 81 23.052708779763897 -10.131694330713533 0
2 33 81 -22.708242135575013 37.428114030169738 0
3 10 111 2.705375322453705 72.114538574895846 0
5 15 72 15.399351512342411 93.652016804496881 0
4 18 119 -66.488892509192340 63.586375686156757 0
1 14 100 -69.359770332957254 31.715416169364431 0
1 14 100 -94.158281275595712 18.714114118114196 0
1 14 100 -70.499567945619077 3.738624691388075 0
1 14 100 -95.298078888257479 -9.262677359862163 0
3 10 111 -50.297444869738435 86.430128077977670 0
3 10 111 -88.467073732550432 46.238189898783183 0
4 18 119 -83.348979843032851 -38.948010977785550 0
4 18 119 -51.559152050570034 -22.054022433763187 0
3 10 111 -50.297444869738435 86.430128077977670 119
1 14 100 -66.770422711666754 68.976160018555234 119
2 33 81 -22.286148573546178 53.805485860676242 119
1 14 100 -67.504009238052078 40.985771475194390 119
1 14 100 -52.189246845934626 17.545249875345441 119
1 14 100 -80.146715225420394 16.002537390773668 119
1 14 100 -95.724797902141063 -7.263819008913320 119
1 14 100 -67.786500868149147 -9.121656149364210 119
1 14 100 -83.364583544869816 -32.388012549051197 119
2 33 81 -38.294140505036729 -45.716747079874494 119
3 10 111 -91.495721072732636 40.355086734892666 119
3 10 111 -80.008656191319318 -56.152224120186723 119
3 10 111 -25.547170246234771 96.681653339244761 119
1 14 100 -1.557214643965796 95.987369390730848 119
1 14 100 26.206033336249742 92.353905260034168 119
1 14 100 51.739948619457927 80.863945716591488 119
1 14 100 72.872375218024686 62.494935235452658 119
1 14 100 87.805589341446989 38.809515333242331 119
2 33 81 76.693978333544464 -6.858111064557885 119
1 14 100 59.862531409428740 37.024714669898586 119
2 33 81 27.504912885762266 -50.863063517364836 119
1 14 100 73.114170090437426 -62.211880955220963 119
1 14 100 -8.004139413966573 -81.654413029445692 119
1 14 100 29.786000344928397 -3.918451046883884 119
5 15 72 28.551248788193252 63.448889008802517 119
5 15 72 21.560730855400067 34.274711059264725 119
3 10 111 58.178542481627389 -80.998233127235409 119
3 10 111 41.089759785559558 17.252874431421485 119
4 18 119 0.076174686702208 7.969621099507457 119
3 10 111 -24.795946739598470 -4.890300197116205 119
3 10 111 -4.037630983770251 -19.726526699520278 119
3 10 111 37.604301702274640 -92.660220663908973 119