3 10 68 100.000000000000000 0.000000000000000 0
3 10 68 98.000000000000000 19.899748742132399 0
3 10 68 81.766312060385914 8.217823563497323 0
3 10 68 83.766312060385914 -11.681925178635078 0
3 10 68 65.532624120771828 -3.464101615137756 0
3 10 68 63.532624120771821 16.435647126994645 0
1 18 78 78.566312060385911 40.057421550909162 0
4 23 119 37.684200904597901 36.950495828302707 0
3 10 68 60.135523527445379 61.135989672440289 0
2 29 115 59.160451104693607 -41.940008505725331 0
1 18 78 31.916292763791290 -3.641760030163904 0
3 10 68 12.085275364603156 16.125150424257075 0
3 10 68 4.758665258003150 34.734846400974874 0
1 18 78 5.791420817072719 62.715793775129505 0
1 18 78 38.155482105923383 78.481818540158827 0
1 18 78 75.722535196370615 52.250336491111838 119
3 10 68 63.354426367151689 77.370644689631177 119
3 10 68 46.690773946404050 88.430603459921031 119
3 10 68 45.444394896898359 68.469477758574584 119
3 10 68 28.780742476150724 79.529436528864437 119
1 18 78 22.649795906698586 52.208904064021752 119
5 28 100 81.730365282825133 6.644350286970912 119
1 18 78 37.544291455729969 19.434615325135532 119
5 28 100 66.936164027521471 -47.366126559818476 119
1 18 78 38.526440994826544 -83.544678731036782 119
3 10 68 15.083593760041044 -98.855880954458399 119
3 10 68 10.848608381770513 -79.309400482367394 119
3 10 68 30.134026813455986 -56.831996645399435 119
5 28 100 16.381138102769992 -21.408020977619206 119
1 18 78 1.648274681231729 22.168839113515169 119
1 18 78 -13.246220867799655 54.943127852401389 119
1 18 78 75.722535196370615 52.250336491111845 219
5 28 100 81.730365282825147 6.644350286970919 219
5 28 100 66.936164027521485 -47.366126559818461 219
5 28 100 27.558819635342459 -7.548734020631167 219
5 28 100 29.883710079561574 48.402985206059078 219
2 29 115 11.945984352619298 -62.368797632729937 219
5 28 100 -26.888346685620760 -20.644766993152629 219
1 18 78 -8.199769810225245 21.387804833615622 219
5 28 100 -23.692354308718087 64.700387596100001 219
5 28 100 -72.787489768457419 37.762168015180301 219
4 23 119 -86.245896480645399 -11.430019258505077 219
4 23 119 -80.018829912960697 34.146549743138991 338