5 13 78 97.000000000000000 0.000000000000000 0
1 17 75 88.443298969072160 28.753832222285070 0
1 17 75 72.197729258507948 58.621565058561728 0
1 17 75 46.302422581492671 80.654111259655437 0
1 17 75 54.454298724127831 29.618622572123783 0
1 17 75 28.558992047112564 51.651168773217485 0
1 17 75 12.313422336548335 81.518901609494137 0
1 17 75 -5.430008197831768 52.515959123056184 0
1 17 75 -21.675577908395997 82.383691959332836 0
4 22 78 63.029617505578805 -8.426927861487954 0
1 17 75 83.019098642238774 -41.914547124241111 0
1 17 75 62.405644541036366 -68.953140098314719 0
1 17 75 27.862029581970710 8.432513399576834 0
1 17 75 -4.605219169550834 18.525964667940027 0
1 17 75 -34.453812356314103 34.806673644244135 0
4 22 78 34.385468980899255 -41.826220597953181 0
1 17 75 4.735615218477196 -16.490747997920902 0
1 17 75 -27.731633533044352 -6.397296729557708 0
1 17 75 -57.580226719807627 9.883412246746403 0
4 22 78 24.154237966985054 -84.620167739341298 0
1 17 75 -2.049951394623179 -55.735215603307253 0
1 17 75 -32.240144461378989 -40.097049387538554 0
1 17 75 -62.088737648142256 -23.816340411234442 0
1 17 75 -92.584379758353748 -8.782518133254175 0
1 17 75 -88.075868830019118 24.917234524726673 0
1 17 75 -64.949454466525594 49.840495922224406 0
3 21 70 -26.234831278674459 -85.045479761004842 0
1 17 75 -57.266061604598853 -63.112337157642450 0
5 13 78 -82.051527566136812 -46.210246249431023 0
5 13 78 93.515463917525778 25.765442132630543 78
1 17 75 92.903828182514076 -4.228322248114623 78
5 13 78 69.858554389604819 14.978847137556194 78
4 22 78 68.205361154297904 49.939781795066935 78
4 22 78 35.328835210005479 20.697106783463305 78
4 22 78 78.203239695975270 -40.351620798350076 78
5 13 78 61.447478912580358 -9.623059482049486 78
4 22 78 34.918065858946690 -32.452650871947199 78
3 21 70 1.320116662327919 -5.616522056832602 78
4 22 78 -5.610265795081354 36.821312466079078 78
1 17 75 26.660182015944301 58.721499635961194 78
5 13 78 48.742031738584515 79.028934550955611 78
5 13 78 83.312206014640552 49.679737609754852 156
1 17 75 61.236324786059278 69.993660617917840 156
4 22 78 53.206372695289708 31.829281028830508 156
5 13 78 32.846293195505353 60.297986000473692 156
4 22 78 9.282615186714242 34.418397929988217 156
4 22 78 2.599086759787426 77.907827079684594 156
5 13 78 36.432512137936293 86.868816265105636 156
1 17 75 90.544068202496987 20.564446622099371 156
4 22 78 66.475038359793004 -10.122387728009567 156
1 17 75 29.032503697449201 0.788918246033264 156
4 22 78 -9.476116478061041 -5.382481285538635 156
5 13 78 -24.720211497326464 26.123352571758449 156
5 13 78 -21.059418317631486 51.864343098455336 156
5 13 78 -32.304143406826157 75.306957237421074 156
4 22 78 -63.980152548440806 60.419699435517245 156
5 13 78 -89.766951947258264 36.754514526771068 156
5 13 78 -66.329684366725445 25.498649906116388 156
5 13 78 -87.796182860037305 10.829313096408868 156
4 22 78 -84.655672534904312 -24.029504940032545 156
1 17 75 -45.960573942885659 -19.162334822401927 156
4 22 78 -55.495124144026228 -56.978896702905168 156
4 22 78 -21.787952956207796 -85.260102662253914 156
5 13 78 -21.144910799595017 -50.266010349624651 156
1 17 75 7.424056703257037 -59.421014217509324 156
3 21 70 39.538389744475808 -79.735285391186324 156
5 13 78 70.781796081414512 -66.324485248579606 156
5 13 78 80.476779237872819 -42.199657754978958 156
5 13 78 54.736574188268236 -45.865969799024143 156
5 13 78 67.123290627867888 70.024737452465914 234
1 17 75 81.959637246455728 43.950174771317876 234
1 17 75 92.279472845045191 11.554172036133306 234
1 17 75 59.063793696010471 18.814933612468131 234
1 17 75 69.383629294599928 -13.581069122716434 234
1 17 75 36.167950145565200 -6.320307546381610 234
4 22 78 37.532597143904646 51.332737582517922 234
5 13 78 46.066535544535647 85.276395243032880 234
1 17 75 16.097488628071723 83.913961054242662 234
1 17 75 -1.320513717679248 54.714420059846638 234
1 17 75 -17.899056824795849 84.398623071641936 234
4 22 78 -40.254235188487158 52.441683288121553 234
4 22 78 -13.358703117098964 17.618840862539322 234
1 17 75 -52.292424587906872 15.346104090814244 234
1 17 75 -76.823398339148810 38.888222237146778 234
5 13 78 21.567713506025392 19.887193098842829 234
4 22 78 -87.999347879660974 -0.338781278125801 234
4 22 78 -50.663146767235830 -23.619848403421916 234
5 13 78 83.312206014640552 49.679737609754852 312
3 21 70 87.559817573744795 15.946107564309635 312
3 21 70 51.546645056586456 37.557479692182312 312
3 21 70 50.837234041788932 -4.436528642484713 312
3 21 70 14.824061524630601 17.174843485387953 312
5 13 78 65.458755225692698 68.580909396885346 312
4 22 78 14.975250797066455 60.174577691588581 312
5 13 78 24.438359123241963 93.871010452447223 312
5 13 78 67.123290627867888 70.024737452465914 390
3 21 70 35.205683179670700 81.740809097125108 390
3 21 70 80.178746899523176 38.631186179331863 390
3 21 70 38.196360480155576 39.847422396067330 390
3 21 70 0.420284696231938 58.204113229854848 390
3 21 70 58.134262229143786 2.881491137032434 390
3 21 70 83.605957999985861 -30.513010125266220 390
5 13 78 73.718981239316406 -63.043729307817088 390
5 13 78 53.623579715730926 -46.546007113347976 390
2 24 107 1.913392334413928 13.228890833730972 390
4 22 78 -37.217798982021264 37.410492644954047 390
3 21 70 -80.201802123061881 38.583298669414305 390
4 22 78 -60.752169902165889 0.233438089851767 390
3 21 70 -80.495939448870104 -37.965823213040409 390
3 21 70 -35.256899531896281 80.365758600905238 390