2 14 64 96.000000000000000 0.000000000000000 0
3 15 42 90.625000000000000 28.497532787944994 0
3 15 42 68.270713559025822 8.490387121586732 0
3 15 42 62.121160375230914 37.853339896123529 0
5 26 68 72.406027159340965 -32.300533209132070 0
3 15 42 41.599935190033577 -5.245317490558051 0
3 15 42 94.980492820041789 1.925093156704371 68
3 15 42 90.844921695363865 -27.788490462117700 68
4 22 94 80.341525068943611 35.905979301452085 68
5 26 68 46.505382979077766 69.951764480742767 68
2 14 64 44.831479070802509 29.986804256743280 68
5 26 68 -3.582425379560370 83.923573734677689 68
5 26 68 -52.297376846711643 65.734194868067178 68
2 14 64 -85.565790291826602 43.525803056751897 68
2 14 64 -62.852435944795737 27.151935636187662 68
2 14 64 -88.389298262718171 15.668527476783350 68
2 14 64 -17.307030946088076 46.351839651151053 68
2 14 64 -34.966850992357969 24.623269612297506 68
5 26 68 -60.253611181555861 -12.763551456543290 68
3 15 42 17.853215818084191 40.625098850663342 68
1 17 90 -4.699542169761930 17.923268370685676 68
2 14 64 -20.452900627749703 -8.775639796019300 68
2 14 64 -27.589102177967209 -35.850990715899798 68
2 14 64 -50.730913139943162 -51.613496398695602 68
2 14 64 -78.490595445031190 -55.274102676429308 68
2 14 64 95.937638586311834 3.459696877214881 162
3 15 42 89.539121580101323 31.745010736552466 162
3 15 42 67.920384142130615 10.945246517021424 162
3 15 42 60.716628654275482 40.067504445815288 162
5 26 68 73.523055405828572 -29.670145574043424 162
3 15 42 41.761945375182513 -3.742710498024157 162
5 26 68 38.613079498990245 74.599129295218049 162
3 15 42 31.284218256392712 34.259473956001877 162
3 15 42 5.775647905111835 50.049117353930605 162
2 14 64 4.745509664801297 95.882637312608779 162
2 14 64 -23.123131273536949 93.173605705193026 162
5 26 68 -34.929696027065056 54.955743013504623 162
5 26 68 -7.002806918567870 11.091305655643737 162
2 14 64 -46.607856433440048 16.698448682580288 162
5 26 68 -83.965656432782538 2.401778468536499 162
2 14 64 -86.157901006546666 42.341659085894420 162
5 26 68 -69.290799170356038 -47.484578026274882 162
2 14 64 -49.507379878928177 -82.249737613706088 162
3 15 42 -30.391966243960649 -60.441460250188868 162
3 15 42 -31.981723149991126 -30.483611979998820 162
2 14 64 -22.157361285673772 -88.247777539268299 162
5 26 68 6.917109776404260 -43.440494203912799 162
2 14 64 5.421987835165849 -83.412542067148777 162
4 22 94 40.992632644504646 -77.869147092238606 162
2 14 64 73.301725864129338 -61.990781454503647 256
4 22 94 83.594849336367957 -27.493656803523660 256
3 15 42 50.510263433933602 -44.058987336430107 256
5 26 68 41.731896936829614 -4.009764102483082 256
5 26 68 76.528542665796991 34.632097214134902 256
5 26 68 25.665386251606940 45.445945723598939 256
5 26 68 9.517500000692962 -44.829276961421392 256
2 14 64 57.418359381005999 69.771831060902940 256
2 14 64 1.763049113160537 -5.588118830794723 256
2 14 64 -6.192679217666321 21.257856411801306 256
5 26 68 -25.150442502273052 56.480054117861862 256
2 14 64 6.707622967000210 80.668143429659494 256
2 14 64 33.061429783109148 90.127364660776266 256
3 15 42 -63.679852030336235 70.497350626775201 256
2 14 64 -62.252604478259066 41.532493222929929 256
4 22 94 -13.479909419241544 -86.961439972260365 256
5 26 68 -42.344859473569969 -48.610238447912707 256
5 26 68 -82.535872349639192 -15.615049647185437 256
3 15 42 -42.324890323344931 -7.610243310924705 256
3 15 42 71.561101175209075 -62.482067816226206 350
3 15 42 87.476628025747161 -37.051849471316096 350
3 15 42 94.668723826626234 -7.926709849488034 350
3 15 42 92.420171268063342 21.988904992787589 350
3 15 42 80.955202738170030 49.711720445200733 350
3 15 42 61.417139198376091 72.477134412773907 350
3 15 42 65.849565124914918 -16.260741990389405 350
3 15 42 62.679024556899130 25.921358718517432 350
3 15 42 43.140961017105198 48.686772686090606 350
5 26 68 35.214804793087211 -43.509805449735602 350
5 26 68 25.969548003571980 7.661722052342380 350
3 15 42 13.211802383780618 46.626320429596241 350
3 15 42 26.391977703033820 73.575958248196869 350
3 15 42 71.561101175209089 -62.482067816226184 418
3 15 42 48.509287226866221 -81.681387431540330 418
3 15 42 87.476628025747161 -37.051849471316075 418
3 15 42 43.408095678798745 -52.118271141305883 418
3 15 42 59.323622529336809 -26.688052796395784 418
5 26 68 7.557027729590047 -83.659376831854345 418
3 15 42 14.735643077187365 -43.292713832651145 418
3 15 42 30.651169927725434 -17.862495487741047 418
5 26 68 83.768840750921669 6.227464913327324 418
1 17 90 50.218673260291844 -78.275697735478857 486
1 17 90 18.727879929376009 -91.094821550683520 486
1 17 90 74.997385854833823 -54.994473494535526 486
1 17 90 42.445897933703826 -45.176091035060431 486
1 17 90 67.224610528245790 -21.894866794117100 486
1 17 90 10.955104602787998 -57.995214850265093 486
1 17 90 15.598814390020580 -24.313825932764075 486
1 17 90 40.377526984562543 -1.032601691820748 486
1 17 90 71.868320315478371 11.786522123383916 486