2 15 53 95.000000000000000 0.000000000000000 0
2 15 53 90.263157894736835 29.623678483095365 0
2 15 53 66.976720827465385 10.709613644674024 0
5 18 77 72.084330237012907 57.165105915070846 0
1 34 86 24.767892727811564 35.597659579497318 0
2 15 53 47.394571223660499 79.060671673063581 0
4 27 119 -15.322355523797505 81.573435757005797 0
5 18 77 -27.168900156059525 38.160771933234003 0
2 15 53 -56.955377491547580 76.033446421922207 0
2 15 53 -77.824869497248216 54.482012515474153 0
1 34 86 -75.798986919821118 5.523910021785959 0
1 34 86 -49.878670432944368 -57.342115725195576 0
4 27 119 66.983723333283180 -31.290385771574933 0
5 18 77 54.105534196012037 -74.408273527640546 0
5 18 77 26.611997208133975 -51.168105200019063 0
2 15 53 -1.975728801375660 -67.652701695087018 0
2 15 53 29.073277658557060 -13.212827619444981 0
2 15 53 -56.955377491547580 76.033446421922207 119
2 15 53 -77.824869497248216 54.482012515474153 119
1 34 86 -75.798986919821118 5.523910021785959 119
2 15 53 -48.909830396579082 46.486981946003148 119
1 34 86 -49.878670432944368 -57.342115725195576 119
1 34 86 -8.395253344530147 -3.461450299936924 119
1 34 86 17.525063142346614 -66.327476046918463 119
1 34 86 71.693340735926540 -25.220327002684478 119
5 18 77 88.850020336920011 23.867842092005279 119
5 18 77 52.855365438969905 23.247504460165718 119
5 18 77 -24.726606848641659 68.940749977905611 119
1 34 86 27.271679823136779 68.518632459258185 119
2 15 53 75.153693890429196 58.111292315897295 119
2 15 53 -84.901487463586577 -42.623202911917019 205
2 15 53 -93.959288709537887 -14.023268705894022 205
2 15 53 -64.662118517582812 -20.478949827481355 205
2 15 53 -55.604317271631494 -49.078884033504330 205
2 15 53 -35.364948325627729 -26.934630949068662 205
5 18 77 -90.069755461453440 18.746710407801586 205
5 18 77 -23.787784481861642 -57.837208144742732 205
2 15 53 -42.787888750035265 -84.818609846628618 205
1 34 86 13.322827711868328 -21.411908384732790 205
5 18 77 8.764099092820993 -73.211695965164807 205
2 15 53 38.893479751459658 -86.673509406408584 205
2 15 53 63.981436626723614 -70.223755006269428 205
2 15 53 82.688973228962482 -46.771077669216965 205
2 15 53 93.150518041055491 -18.654248542436484 205
2 15 53 63.569857337350868 -23.652699535724878 205
1 34 86 62.701924936567721 25.339613058677848 205
2 15 53 59.297650732630309 74.221214067077796 205
1 34 86 -2.475628911348515 44.727404949503871 205
5 18 77 -35.548282910650947 84.854696877098803 205
2 15 53 -3.758772789151770 93.710601474320995 205
5 18 77 -53.685572086501317 53.757450353466183 205
2 15 53 -57.142658350993955 20.939032436694873 205
5 18 77 28.627224684878641 86.400087826559670 205
3 18 96 90.038773950579383 -18.894951322415924 291
1 34 86 70.181514978428112 29.164275326718972 291
1 34 86 39.608530377287849 -31.575272025713936 291
1 34 86 2.293031656283240 25.271482984600439 291
3 18 96 75.894664633738159 -51.999998847427037 387