5 13 101 97.000000000000000 0.000000000000000 0
2 19 102 85.907216494845358 30.015831724404535 0
5 13 101 71.053812832594701 1.671936444358094 0
5 13 101 54.913192926597063 22.055272507184341 0
5 13 101 59.233471391825844 47.693821490753606 0
4 21 66 82.006656986500033 -30.515564311995476 0
1 13 97 51.512576052767265 -15.478575650466347 0
4 21 66 26.093527789451244 40.094865112971803 0
4 21 66 38.624580104249198 80.181929459014867 0
5 13 101 97.000000000000000 0.000000000000011 102
2 19 102 85.907216494845358 -30.015831724404524 102
5 13 101 71.053812832594701 -1.671936444358083 102
2 19 102 48.351208854725719 -24.223915794828578 102
5 13 101 46.816877755721620 7.739279103032136 102
2 19 102 69.519481733590609 30.291258453502625 102
5 13 101 97.000000000000000 0.000000000000000 204
2 19 102 85.907216494845358 30.015831724404535 204
5 13 101 71.053812832594701 1.671936444358094 204
5 13 101 54.913192926597063 22.055272507184341 204
5 13 101 59.233471391825844 47.693821490753606 204
4 21 66 82.006656986500033 -30.515564311995476 204
1 13 97 51.512576052767265 -15.478575650466347 204
4 21 66 26.093527789451244 40.094865112971803 204
4 21 66 38.624580104249198 80.181929459014867 204
5 13 101 97.000000000000000 0.000000000000011 306
2 19 102 85.907216494845358 -30.015831724404524 306
5 13 101 71.053812832594701 -1.671936444358083 306
2 19 102 48.351208854725719 -24.223915794828578 306
5 13 101 46.816877755721620 7.739279103032136 306
2 19 102 69.519481733590609 30.291258453502625 306
5 13 101 97.000000000000000 0.000000000000000 408
2 19 102 85.907216494845358 30.015831724404535 408
5 13 101 71.053812832594701 1.671936444358094 408
5 13 101 54.913192926597063 22.055272507184341 408
5 13 101 59.233471391825844 47.693821490753606 408
4 21 66 82.006656986500033 -30.515564311995476 408
1 13 97 51.512576052767265 -15.478575650466347 408
4 21 66 26.093527789451244 40.094865112971803 408
4 21 66 38.624580104249198 80.181929459014867 408
4 21 66 88.447283307056694 -9.903437564868572 510
4 21 66 74.057145387345969 -49.361312959416935 510
4 21 66 83.140286047667786 31.759924998525662 510
4 21 66 59.318017409906716 66.350379128969593 510
4 21 66 22.285676469270307 86.164659950045717 510
4 21 66 47.080691876161538 -17.170150259711523 510
4 21 66 41.773694616772630 24.493212303682697 510
4 21 66 6.475687056167367 47.253938615719704 510