3 12 96 98.000000000000000 0.000000000000000 0
2 27 84 76.387755102040813 32.463993446134097 0
2 27 84 64.668684805907802 -20.249035222253880 0
4 18 74 64.858427402551399 -65.248635195442745 0
2 27 84 21.605683501229883 -52.830900095727714 0
2 27 84 14.920461470468645 0.753685434062703 0
2 27 84 26.639531766601657 53.466714102450680 0
3 12 96 62.459364763827502 68.892003858265667 0
5 35 107 -37.119757206550730 -32.948178610052182 0
2 27 84 -31.241679827251101 28.772548915820082 0
4 18 74 -89.135180249803284 -22.779807765542675 0
4 18 74 -14.925540125635568 70.710402762164748 0
4 18 74 -50.374875346966306 76.982932743417905 0
4 18 74 -71.457304854583427 8.580879751013478 0
3 12 96 9.303002832923037 88.401578701182487 0
3 12 96 -69.013916536402505 38.481211747942496 0
3 12 96 -76.464941346472742 61.295291376095797 0
4 18 74 -89.135180249803284 -22.779807765542675 107
5 35 107 -48.697226542378786 -57.040162404048587 107
3 12 96 -21.758653760084876 -95.553968973291433 107
5 35 107 -70.093514622292872 26.681439389478484 107
5 35 107 -6.035656430331478 -1.542500871558131 107
5 35 107 -13.621936265360063 68.045201765219858 107
2 27 84 41.045944287897029 38.797589284628984 107
3 12 96 40.945231277602261 -0.202280675276747 107
2 27 84 82.870194875739742 4.640129443983064 107
3 12 96 53.294167822037316 -20.781487808242694 107
1 32 109 17.928710260590730 -64.110137306883217 107
4 18 74 67.887904966858798 -62.090517466121582 107
3 12 96 89.078160746545791 -40.854391171727784 107
4 18 74 67.887904966858798 -62.090517466121582 216
2 27 84 26.100908859851437 -78.789228684444737 216
4 18 74 42.272368906028582 -36.795373419955190 216
4 18 74 76.986374272810480 -27.259240482803044 216
4 18 74 91.833248470658546 5.536648383841111 216
4 18 74 56.007738473529429 1.996474172647165 216
2 27 84 69.864714398062290 44.809839121304464 216
2 27 84 -2.569740960810989 -33.029051249682198 216
4 18 74 20.207203966923110 5.780880208115661 216
5 35 107 -64.321536305767353 -38.571232379402296 216
2 27 84 -80.204473960576408 21.359830446593442 216
4 18 74 -37.508308852419617 7.145841384510451 216
2 27 84 -7.834343266952896 40.975647272699291 216
4 18 74 29.899911985997118 65.493517908323710 216
3 12 96 -77.290608694623032 60.250824123945918 216
3 12 96 2.857144919654839 78.481541214260361 216
2 27 84 -80.204473960576408 21.359830446593442 323
2 27 84 -76.370777728838206 -32.503912212107473 323
5 35 107 -22.616270794221371 -1.609689706657830 323
2 27 84 -31.759729202265802 -62.931767038890811 323
5 35 107 -32.214257206342474 67.729178591236533 323
2 27 84 28.965353947855078 77.781799096417643 323
2 27 84 70.687717226019430 43.499961303135855 323
2 27 84 39.373682323166790 -0.493574791419302 323
5 35 107 30.230223915122359 -61.815652123652285 323
1 32 109 -50.838046772029543 59.156512747160278 430
1 32 109 10.540917229924069 77.284468452282766 430
1 32 109 64.823300532704607 43.381329025822374 430
1 32 109 75.463961451862843 -19.727912256287009 430
1 32 109 8.321128869953853 13.322975820880387 430
1 32 109 -53.057835131999767 -4.804979884242108 430
5 35 107 17.347224694495388 -53.066252177087733 430