1 12 114 98.000000000000000 0.000000000000000 0
4 18 95 87.591836734693871 28.136633370798521 0
2 12 92 74.039267399437293 1.372331317259682 0
5 21 90 83.729292274538452 -30.172928515557054 0
4 18 95 65.470319054874523 -64.634644911633373 0
4 18 95 45.029273222479773 -35.000818879918583 0
2 12 92 51.079616511723671 -5.617263171286222 0
4 18 95 51.788970671685178 24.374349267456473 0
1 12 114 95.061224489795919 23.819395426849606 114
4 18 95 78.126425092560666 48.582524659145776 114
4 18 95 91.803927056628865 -6.003247203069769 114
4 18 95 63.181324425624950 15.831280926194847 114
4 18 95 42.290465680821413 45.149739632352400 114
2 12 92 57.919922035495453 70.756771753575265 114
5 21 90 24.559481702553771 10.413415601700908 114
4 18 95 6.291549581754328 44.870383779848325 114
1 12 114 98.000000000000000 0.000000000000000 228
4 18 95 87.591836734693871 28.136633370798521 228
2 12 92 74.039267399437293 1.372331317259682 228
5 21 90 83.729292274538452 -30.172928515557054 228
4 18 95 65.470319054874523 -64.634644911633373 228
4 18 95 45.029273222479773 -35.000818879918583 228
2 12 92 51.079616511723671 -5.617263171286222 228
4 18 95 51.788970671685178 24.374349267456473 228
1 12 114 95.061224489795919 23.819395426849606 342
4 18 95 78.126425092560666 48.582524659145776 342
4 18 95 91.803927056628865 -6.003247203069769 342
4 18 95 63.181324425624950 15.831280926194847 342
4 18 95 42.290465680821413 45.149739632352400 342
2 12 92 57.919922035495453 70.756771753575265 342
5 21 90 24.559481702553771 10.413415601700908 342
4 18 95 6.291549581754328 44.870383779848325 342
1 12 114 98.000000000000000 0.000000000000000 456
4 18 95 87.591836734693871 28.136633370798521 456
2 12 92 74.039267399437293 1.372331317259682 456
5 21 90 83.729292274538452 -30.172928515557054 456
4 18 95 65.470319054874523 -64.634644911633373 456
4 18 95 45.029273222479773 -35.000818879918583 456
2 12 92 51.079616511723671 -5.617263171286222 456
4 18 95 51.788970671685178 24.374349267456473 456