5 15 48 95.000000000000000 0.000000000000000 0
5 15 48 90.263157894736835 29.623678483095365 0
5 15 48 66.976720827465385 10.709613644674024 0
3 24 79 68.136824040123869 -28.273128184704518 0
5 15 48 39.639893260054137 -1.647483852296066 0
5 15 48 42.606746694342561 28.205452028441879 0
5 15 48 65.893183761614011 47.119516866863215 0
2 36 105 10.012819822386369 -43.159367928052504 0
5 15 48 29.335018178646706 -90.357383253713508 0
5 15 48 11.175407164939212 7.827379278167035 0
5 15 48 29.335018178646706 -90.357383253713508 105
3 24 79 57.791165376974114 -63.688155919065743 105
5 15 48 87.091207364473121 -37.948934106221529 105
5 15 48 18.817267171301371 -62.261531002046780 105
5 15 48 31.360994392164763 -35.009835506012578 105
3 24 79 85.993764233070152 1.035622048406374 105
2 36 105 -19.189633378512276 -28.254538918115340 105
2 36 105 -70.608964183182138 22.144393804710539 105
1 22 91 -80.757273092833785 -34.960875884472131 105
1 22 91 -13.067285271592610 29.421425344805289 105
3 24 79 28.031831580505219 8.760772064291427 105
1 22 91 61.704494034565883 40.100073320938698 105
5 15 48 -91.861669535748845 -24.216392590657939 210
3 24 79 -84.828885443245611 14.144263659049692 210
3 24 79 -64.035117375418622 57.406478229520062 210
3 24 79 -36.965824567331488 17.767439557145039 210
5 15 48 -58.576948440026392 -14.697300160878832 210
5 15 48 -68.481918998757379 -43.014990007168777 210
4 29 109 -18.005302414014707 -31.724969958593675 210
5 15 48 -47.456765514418997 -64.414590960457929 210