5 11 118 99.000000000000000 0.000000000000000 0
5 11 118 96.555555555555557 21.863775779997951 0
5 11 118 78.843192529652626 8.814936902970350 0
5 11 118 81.287636974097069 -13.048838877027592 0
5 11 118 76.398748085208183 30.678712682968296 0
5 11 118 84.861216147439819 50.986017632067515 0
5 11 118 63.043340148006621 48.161077478124973 0
5 11 118 61.130829503749695 -4.233901974057249 0
5 11 118 58.686385059305252 17.629873805940697 0
4 21 109 46.775008996028198 75.717227454665036 0
5 11 118 22.387434286232128 96.435485097964005 0
5 11 118 14.775102168980940 75.794448308677801 0
4 21 109 19.136114472884586 44.093003993233722 0
4 21 109 -16.015305151905544 67.079471715829115 0
4 21 109 -58.013257862945949 67.494162059598466 0
4 21 109 -82.505332898542605 33.374691658510699 0
4 21 109 -88.623540085000357 -8.177294344851138 0
4 21 109 -40.710967249731056 29.223667686833227 0
4 21 109 -46.829174436188808 -12.328318316528595 0
4 21 109 30.044718521825530 3.359101648982454 0
4 21 109 -5.392519563764656 -19.184237874371146 0
4 21 109 -32.048247503370959 -51.641473862817421 0
4 21 109 -73.991536017707546 -49.459605717598350 0
2 12 71 -4.242686291554559 97.908118218212408 0
2 12 71 -58.520921250647234 -78.608535007183193 0
2 12 71 95.333333333333329 22.705848487901886 118
1 30 74 78.435319377155054 -15.744861835014198 118
1 30 74 57.235488500312400 40.385051498192269 118
1 30 74 11.460481250662532 79.174853138501064 118
2 12 71 53.351029123993591 82.205034465115261 118
1 30 74 19.225473079958050 -6.039497263690432 118
1 30 74 -26.549534169691814 32.750304376618359 118
1 30 74 -79.833002858865825 5.166396668503246 118
1 30 74 -60.972004225749480 -51.792033177846832 118
2 12 71 -86.164862735173415 46.686362353782975 118
2 12 71 -63.122873435517661 53.399538138353947 118
2 12 71 -42.498685607573705 -14.072853716578587 118
2 12 71 15.341013703639220 35.780485703232557 118
3 29 106 47.221148690372871 -65.811572814830200 118
4 21 109 2.898645091208124 -88.952784423171465 118
2 12 71 7.350587417823634 -56.254463219774962 118
2 12 71 -8.126842249937866 -37.911912391727732 118
3 29 106 -42.836403647719713 -68.746218241657672 227
3 29 106 -77.817339934834038 -22.482473295135581 227
3 29 106 -20.261293393384797 -15.319966295590721 227
4 21 109 -84.796737225787680 27.028010579040298 227
3 29 106 -36.599030560270648 40.331433904815356 227
4 21 109 5.970035090463739 -57.886589440637550 227
3 29 106 55.965547800568402 -58.556446779003707 227
3 29 106 80.767934566285106 -6.127050342235513 227
4 21 109 77.495543035562690 43.765749275240928 227
4 21 109 31.547904917452591 -14.924134027642197 227
4 21 109 10.651344414765912 23.979000914020414 227
3 29 106 33.898378188117171 68.246092762713914 227
2 12 71 5.526540723077417 97.844046051030446 227
2 12 71 45.593045283051275 14.937782054729855 227
4 21 109 -87.749303219341030 -14.868079382359603 336
4 21 109 -84.796737225787680 27.028010579040298 336
4 21 109 -49.989941996753856 3.522968441573107 336
1 30 74 -41.383443396895323 53.791529012278062 336
1 30 74 0.486000594564800 10.815376789842137 336
1 30 74 -27.507451734139309 -42.254074184523247 336
4 21 109 -84.796737225787680 27.028010579040298 445
4 21 109 -87.749303219341030 -14.868079382359603 445
4 21 109 -49.989941996753856 3.522968441573107 445
1 30 74 -41.383443396895323 53.791529012278062 445
1 30 74 0.486000594564800 10.815376789842137 445
1 30 74 -27.507451734139309 -42.254074184523247 445