3 12 54 98.000000000000000 0.000000000000000 0
2 17 53 88.836734693877546 27.514261191782229 0
3 12 54 74.132513018557262 2.518544260214910 0
2 17 53 54.988819185027580 24.302000974154453 0
2 17 53 69.130877987420774 55.221285778781692 0
1 22 89 43.930864098251973 -13.097486045039453 0
2 17 53 21.442557047369380 18.765910603548157 0
3 12 54 34.390138907767927 44.715094096835159 0
5 19 73 39.269641001409767 75.328660686145611 0
1 22 89 0.276716186741567 87.999564931606315 0
3 12 54 -33.474424909769574 92.105715767047798 0
3 12 54 -27.777766669031770 68.791598050774809 0
4 16 73 -6.486996082732407 50.606354366909308 0
3 12 54 -34.039962742523265 45.622979180908011 0
4 16 73 -56.011385586567883 75.489897898148044 0
2 17 53 -77.902285938280301 50.796002259926084 0
3 12 54 -94.251765498798576 26.844081291031017 0
2 17 53 -66.388310376529958 18.804935276103613 0
4 16 73 -92.699551049957407 -1.112861143806320 0
2 17 53 -86.730361013412534 -33.568504263418269 0
1 22 89 -51.342698580879201 -17.176025879687860 0
2 17 53 -60.420845434703075 -55.104738614243033 0
5 19 73 -25.012621048708212 -48.604150499999918 0
3 12 54 -40.028970495919523 -75.724424268515548 0
1 22 89 0.036592649649303 -16.145917444363352 0
2 17 53 -16.515890357518348 19.167186444949834 0
1 22 89 15.005940016867264 -57.521255985571258 0
4 16 73 42.329900278292271 -83.929610641476415 0
4 16 73 52.812854784535993 -53.695397160388062 0
3 12 54 15.378131348805827 -91.519218771779933 0
3 12 54 -33.474424909769574 92.105715767047798 89
2 17 53 -56.203870669489120 74.095377195661413 89
3 12 54 -27.688934308064233 68.813483188405201 89
2 17 53 -4.959488548344691 86.823821759791571 89
2 17 53 -41.623186663082578 43.380500443420964 89
2 17 53 -75.513392207834144 46.110696065439654 89
2 17 53 -91.586983440947705 16.150060810646160 89
2 17 53 -91.271200398453715 -17.848472702875771 89
2 17 53 -3.473896025373584 52.856292929220260 89
2 17 53 -15.860598016358701 21.192913233007705 89
2 17 53 -47.956906512621231 9.975650602902896 89
5 19 73 -56.011516555740265 -25.111715457451158 89
4 16 73 -78.172463070482976 -52.202164873633123 89
2 17 53 -46.036001070168062 -59.702018879033176 89
1 22 89 -16.138628596785921 -34.659113313028023 89
2 17 53 -15.025637163913306 -73.643228668777112 89
3 12 54 -40.164474008024399 -88.101405667457229 89
1 22 89 22.240299593849215 -85.143226823839782 89
3 12 54 55.919020108338870 -80.480203715716272 89
3 12 54 44.448753834155909 -59.398624277748610 89
3 12 54 68.441070316427059 -60.005872015118115 89
2 17 53 57.112903754296447 -33.309942693578733 89
2 17 53 23.628936406278765 -39.211123137937790 89
2 17 53 35.260347903156720 -7.262566572886286 89
3 12 54 64.185883866361365 -5.185701328977725 89
2 17 53 92.983275095590599 -1.763675848255454 89
3 12 54 85.910294983525660 -29.887917212856451 89
2 17 53 87.403259722733637 31.775307863817289 89
3 12 54 78.073062248203456 59.233410767810327 89
4 16 73 56.020621520313370 41.979719628147066 89
2 17 53 53.666196112768816 74.895622790605017 89
2 17 53 24.226353141758320 33.140913245359023 89
3 12 54 27.726569331366491 61.928905301527251 89
3 12 54 -9.416575503017782 -97.546543279585080 178
2 17 53 -35.923049896290308 -85.781900690930343 178
2 17 53 -64.355083991043955 -67.137345527699253 178
2 17 53 -6.531178625575373 -68.690443666857689 178
3 12 54 -85.709832161185034 -47.516572592112432 178
3 12 54 -63.614414870820994 -38.146805531791131 178
2 17 53 -36.309537445596625 -47.916333094241253 178
5 19 73 -85.821208387907930 -16.516772667981932 178
3 12 54 -54.829208887264521 -15.812523456325090 178
2 17 53 -25.830209913675720 -15.571570079516217 178
3 12 54 -85.709832161185034 -47.516572592112425 251
2 17 53 -64.355083991043941 -67.137345527699267 251
2 17 53 -35.923049896290294 -85.781900690930357 251
2 17 53 -33.992408530048678 -51.836759301992871 251
2 17 53 -5.560374435295039 -70.481314465223946 251
3 12 54 3.809412497974144 -97.925933114881673 251
2 17 53 30.946688455040015 -87.700071115516735 251
2 17 53 60.400736405014243 -70.715988586259527 251
2 17 53 81.781798890287746 -44.280214207572769 251
2 17 53 92.232145741710781 -11.926076130891552 251
2 17 53 90.355014216741438 22.022066340206436 251
2 17 53 48.197215466994493 -38.981558124766863 251
2 17 53 61.893626187961829 3.422351517789368 251
2 17 53 60.016494662992493 37.370493988887347 251
5 19 73 -61.311890464322744 -28.392231009811912 251
3 12 54 -30.781811663647538 -23.015030211574729 251
2 17 53 -4.409681417547525 -35.077813732915764 251
3 12 54 21.001680177087550 -49.051456847962946 251
5 19 73 29.270197373732501 18.644437196266953 251
4 16 73 22.263210810411870 -15.646992335052440 251
4 16 73 -2.692558936896820 4.383223747639040 251
2 17 53 -1.481875439357186 37.361007867691519 251
2 17 53 27.814872636061160 54.615008916882147 251
2 17 53 57.454114453043744 71.273800725246616 251
3 12 54 36.244441005185955 91.051306944060912 251
3 12 54 -91.678227517272461 -34.628060865304377 324
4 16 73 -74.780795224472200 -56.954654468230743 324
2 17 53 -49.814032219711983 -78.533828341762984 324
2 17 53 -44.009484904888311 -45.032974166533762 324
2 17 53 -66.770385279876635 -19.775472031131368 324
2 17 53 -92.980974644279499 1.881051354921460 324
2 17 53 -61.120580552104542 13.751825899630132 324
1 22 89 -29.315384297954648 -8.907036014655795 324
2 17 53 -84.826332962187848 38.124706375105930 324
2 17 53 -51.865923101982403 46.468049940324356 324
3 12 54 -32.423740576842761 24.950579395226470 324
2 17 53 -47.180448137592592 80.143654231236155 324
2 17 53 -20.359256816065649 59.248111737822697 324
2 17 53 -10.080681636004321 -42.833813248963814 324
2 17 53 -15.885228950827994 -76.334667424193043 324
2 17 53 -3.792020554032806 29.557596709652771 324
2 17 53 9.054035087716121 -1.922219910669062 324
3 12 54 15.967293975794444 -30.086148108745519 324
5 19 73 21.207287827577943 -60.640075261130875 324
3 12 54 9.943315890611805 -89.521261805371736 324
1 22 89 62.174632873525425 -62.276119235565176 324
3 12 54 88.894886554158091 -41.251656264001852 324
3 12 54 68.352212051780214 -28.842042076229777 324
4 16 73 93.017275744055425 -13.556784764624599 324
5 19 73 61.354091931068133 1.357731346365380 324
3 12 54 89.555947055755198 14.228448790477112 324
5 19 73 70.075837053452545 38.343284769562445 324
4 16 73 37.105785416066503 26.596979178948068 324
3 12 54 43.267959958753458 53.910485085467300 324
5 19 73 35.307844292247893 83.871068500612168 324
3 12 54 62.269374695496907 68.571530000556706 324
3 12 54 88.894886554158091 -41.251656264001852 413
4 16 73 93.017275744055425 -13.556784764624599 413
3 12 54 68.961346229537213 -27.885506102990135 413
5 19 73 61.803545159428381 2.276819467839925 413
5 19 73 85.065230744600356 32.325013818526003 413
4 16 73 50.191416209542481 35.294367245517506 413
4 16 73 67.181805423438618 62.411274782335234 413
4 16 73 43.131736421896562 83.520376634879000 413
5 19 73 21.804728465260794 55.768642786025609 413
5 19 73 37.966558346742922 -27.317066044067086 413
1 22 89 21.591045697693353 10.273999410792316 413
5 19 73 63.009470485591727 -58.308773105871886 413
5 19 73 25.319200976986963 -63.150630638755118 413
3 12 54 45.144122244997185 -86.982804201340571 413