1 10 114 100.000000000000000 0.000000000000000 0
1 10 114 98.000000000000000 19.899748742132399 0
1 10 114 81.766312060385914 8.217823563497323 0
1 10 114 83.766312060385914 -11.681925178635078 0
1 10 114 65.532624120771828 -3.464101615137756 0
1 10 114 63.532624120771821 16.435647126994645 0
4 21 93 35.336905256527359 3.551492605704194 0
1 10 114 49.796632918172662 30.972584413855262 0
3 13 114 71.719309859310428 37.929324723404449 0
5 32 80 34.350164112543865 70.029038444357525 0
5 32 80 57.888331006764687 -44.762585640427872 0
2 25 92 3.050081154753016 -29.213747961413329 0
5 32 80 -12.900747109861761 25.508926294079401 0
2 25 92 -50.333752425044146 68.494622904388365 0
4 21 93 -81.838892656348094 34.977073187771637 0
4 21 93 -88.766136206178629 -6.447717660237878 0
1 10 114 75.289672034372899 60.650515579934904 0
1 10 114 -62.811310376609981 10.503595449865315 0
3 13 114 -12.387021511349065 70.505993820857555 0
1 10 114 -2.018658967906958 91.036387342847021 0
1 10 114 98.000000000000000 19.899748742132399 114
1 10 114 100.000000000000000 0.000000000000000 114
1 10 114 81.766312060385914 8.217823563497323 114
1 10 114 83.766312060385914 -11.681925178635078 114
1 10 114 65.532624120771828 -3.464101615137756 114
1 10 114 63.532624120771821 16.435647126994645 114
4 21 93 35.336905256527359 3.551492605704194 114
1 10 114 49.796632918172662 30.972584413855262 114
3 13 114 71.719309859310428 37.929324723404449 114
5 32 80 34.350164112543865 70.029038444357525 114
5 32 80 57.888331006764687 -44.762585640427872 114
2 25 92 3.050081154753016 -29.213747961413329 114
5 32 80 -12.900747109861761 25.508926294079401 114
2 25 92 -50.333752425044146 68.494622904388365 114
4 21 93 -81.838892656348094 34.977073187771637 114
4 21 93 -88.766136206178629 -6.447717660237878 114
1 10 114 75.289672034372899 60.650515579934904 114
1 10 114 -62.811310376609981 10.503595449865315 114
3 13 114 -12.387021511349065 70.505993820857555 114
1 10 114 -2.018658967906958 91.036387342847021 114
1 10 114 100.000000000000000 0.000000000000000 228
1 10 114 98.000000000000000 19.899748742132399 228
1 10 114 81.766312060385914 8.217823563497323 228
1 10 114 83.766312060385914 -11.681925178635078 228
1 10 114 65.532624120771828 -3.464101615137756 228
3 13 114 61.551482281756293 19.188724028866133 228
4 21 93 34.593051577370545 -1.529456729994727 228
3 13 114 39.029691024975733 32.179833241939619 228
4 21 93 65.988121729361467 52.898014000800480 228
5 32 80 61.415676036781541 -47.241017818076244 228
5 32 80 -2.142398792419300 -39.732947226658865 228
5 32 80 -66.121304608822868 -41.375996384706674 228
5 32 80 -74.824473722520878 22.029483247406937 228
5 32 80 -5.968489523204290 32.584490323173696 228
4 21 93 28.860698255155288 72.533553875399392 228
3 13 114 -70.329049076282701 66.804377521430581 228
3 13 114 -33.319605624569689 -72.182627874475955 228
3 13 114 -44.713801542844863 55.471185071448204 228
4 21 93 -23.991059042177351 82.426109357207736 228
3 13 114 -39.128207980033153 -5.370819890363229 228
3 13 114 94.400000000000006 22.307846153315641 342
4 21 93 88.299999332363001 -11.140472068305435 342
4 21 93 60.458985814149919 20.305958035581973 342
4 21 93 47.146085244958236 -19.528281990240231 342
4 21 93 19.305071726745155 11.918148113647183 342
4 21 93 32.617972295936838 51.752388139469389 342
3 13 114 83.061534613820129 45.705264871764072 342
3 13 114 85.083384274717062 46.581302261324012 456
4 21 93 88.087160720507768 12.714248550324690 456
4 21 93 84.109259399871846 -29.096949723382849 456
4 21 93 52.893382677112662 35.635810168858455 456
2 25 92 42.632544787549534 -9.205188992669001 456
2 25 92 48.984812650059638 -58.800034420424112 456
2 25 92 2.858282681606156 -39.503837047123781 456
2 25 92 7.780333288092393 26.646217584996926 456
4 21 93 26.786512761365010 68.536134532035035 456
3 13 114 60.786083292631702 68.707025401954837 456