3 19 94 91.000000000000000 0.000000000000000 0
1 25 89 74.560439560439562 40.813488610434170 0
5 35 106 37.364782063697582 -6.266051142892456 0
3 19 94 31.050706164916907 47.363534400391742 0
4 21 66 75.276010263332438 -47.481809978503030 0
1 25 89 33.222349082522619 -66.122882407138931 0
4 21 66 75.276010263332438 -47.481809978503030 106
4 21 66 88.668515761863631 -7.674262999672329 106
4 21 66 82.314617800739796 33.842335857888571 106
4 21 66 47.497916066588182 -15.979786507036893 106
4 21 66 41.144018105464347 25.536812350524002 106
4 21 66 54.536523603995519 65.344359329354688 106
2 23 73 32.386177961918264 -57.303331508111853 106
4 21 66 5.950655538936005 -22.130001352665921 106
3 19 94 21.812357303328518 88.347162200446093 106
2 23 73 4.596657519187918 50.037637523907208 106
4 21 66 -19.535402542661714 86.829534419436840 106
2 23 73 -41.381991089711534 48.636255313605766 106
3 19 94 -82.247492462150390 38.940338772133387 106
2 23 73 -86.955091711405856 -2.795000082468114 106
2 23 73 -41.276867577668042 2.636375432814599 106
2 23 73 -59.412270470809325 -39.637814824403144 106
3 19 94 55.989717448656634 71.736681969684071 200
1 25 89 13.701029574907828 83.888508084167896 200
3 19 94 30.752972989382563 43.327058088025602 200
1 25 89 -13.218898264976410 41.753991531875215 200
3 19 94 -30.270841679451152 82.315441528017516 200
3 19 94 -63.958358707383383 64.732745588748799 200
1 25 89 -81.436621028519824 24.353167257201768 200
1 25 89 -38.551227654949756 -1.353700214237719 200
2 23 73 78.943520772145476 36.563923860792571 200
1 25 89 45.696666173312508 1.942447010662967 200
4 21 66 -86.394108641269042 -21.378914660959794 200
5 35 106 47.513301729283533 -58.030045310873774 200
1 25 89 -10.508216212477567 -42.749225446288762 200
3 19 94 4.655113907394167 -90.880855599566104 200
4 21 66 -34.364584397774287 -82.079540687938731 200
3 19 94 -54.263798803667498 -47.380531105123666 200
3 19 94 4.655113907394167 -90.880855599566104 306
1 25 89 44.574198945699209 -72.375001128492059 306
3 19 94 5.126861232809397 -52.883783943174421 306
2 23 73 78.202225937526094 -38.123639102479686 306
2 23 73 86.711232915166747 7.082519772771640 306
2 23 73 43.307047432863413 -8.151543461238177 306
2 23 73 51.816054410504066 37.054615414013142 306
1 25 89 6.157869905067081 22.244815021453004 306
3 19 94 12.888540506101943 -90.082659394705757 400
1 25 89 50.962228995944344 -68.028311869139671 400
3 19 94 9.907921357246103 -52.199735675839051 400
3 19 94 37.548387038080470 -26.122836762306068 400
1 25 89 81.503206551369018 -24.129387100481413 400
1 25 89 51.259178067613711 15.686423089364002 400
5 35 106 -10.958930365980166 -2.394369507514483 400
1 25 89 16.047006192050631 51.184351927618849 400
5 35 106 -50.861748744092644 55.118803639890359 400
3 19 94 -89.351365954157828 17.243358203266723 400
1 25 89 -80.943282686839169 -25.945808676517331 400
4 21 66 59.545850483647698 66.145987710359833 400
4 21 66 -6.114992017572362 88.789677736913916 506
4 21 66 -46.151726254670962 76.098739567182804 506
4 21 66 -75.910510092421049 46.460676464171748 506
4 21 66 -88.764087541706189 6.475860011482737 506
4 21 66 -47.709432003376968 15.336743637235530 506
4 21 66 -60.563009452662094 -24.648072815453467 506
4 21 66 -15.142684283276935 47.771379718154805 506
4 21 66 -6.618531461437698 6.645489835139141 506
4 21 66 -19.472108910722824 -33.339326617549858 506
2 23 73 27.132636166102316 59.969628809819412 506