2 15 90 95.000000000000000 0.000000000000000 0
2 15 90 90.263157894736835 29.623678483095365 0
2 15 90 66.976720827465385 10.709613644674024 0
4 17 76 70.897552511370804 -21.049276117193966 0
1 34 109 21.632204901872761 -7.861193431855447 0
2 15 90 47.654126901049835 33.658194514846571 0
2 15 90 70.940563968321285 52.572259353267903 0
1 34 109 5.198695467361787 58.123196901509296 0
2 15 90 -32.685759287582144 89.200006388980924 0
1 34 109 -43.728708097304946 10.899165091209177 0
2 15 90 -43.769110243652122 59.899148434742784 0
1 34 109 -50.541583194599625 -56.758685398653874 0
2 15 90 -82.242165026561949 -19.394623634505962 0
2 15 90 -94.670116024298466 7.910065230190167 0
2 15 90 -32.685759287582144 89.200006388980924 109
2 15 90 -3.240921489759629 94.944701947487388 109
2 15 90 -12.988288097996659 66.572376625007635 109
2 15 90 -42.433125895819153 60.827681066501157 109
2 15 90 -72.426091146594615 61.477323634208162 109
2 15 90 -87.985180738996348 35.827475076066207 109
2 15 90 -57.992215488220907 35.177832508359224 109
2 15 90 -94.770124883741929 6.604803518648946 109
4 17 76 -62.915423850619526 3.558818933922584 109
4 17 76 -22.297942236036381 35.956525504549134 109
5 26 111 33.614289993319595 76.981033431911101 109
5 26 111 72.488129386340745 42.443740387354211 109
4 17 76 30.303694800837185 34.108665180652665 109
1 34 109 73.948642167434230 -17.538481165504791 109
1 34 109 6.275773839588346 -10.876432510471428 109
1 34 109 -51.818038324074976 -46.219168515101906 109
4 17 76 72.386712916475545 58.388044950552612 220
4 17 76 88.535718638808703 28.467991237698890 220
4 17 76 92.851299601462955 -5.257010777938959 220
4 17 76 61.486800631912061 7.868087484132881 220
4 17 76 88.535718638808703 28.467991237698890 296
4 17 76 92.851299601462955 -5.257010777938959 296
4 17 76 61.486800631912061 7.868087484132881 296
4 17 76 57.171219669257802 41.593089499770713 296
4 17 76 92.851299601462955 -5.257010777938959 372
1 34 109 65.822697434722699 37.991742555678471 372
5 26 111 52.661545863563894 -20.546997517208169 372
1 34 109 2.706442326970894 12.686835103304835 372
4 17 76 20.118696573884684 60.622348056029495 372
4 17 76 71.876512927768019 -59.014971738910432 483