2 10 120 100.000000000000000 0.000000000000000 0
2 10 120 98.000000000000000 19.899748742132399 0
2 10 120 81.766312060385914 8.217823563497323 0
2 10 120 83.766312060385914 -11.681925178635078 0
2 10 120 65.532624120771828 -3.464101615137756 0
2 10 120 63.532624120771821 16.435647126994645 0
3 27 100 60.012280859995641 -40.049970612377699 0
2 10 120 95.512185170558482 -29.621318065625442 0
3 27 100 28.703804031440306 3.947521119263250 0
2 10 120 51.945289692447083 32.736986975183818 0
5 28 112 24.261438282092907 58.767821980796519 0
5 28 112 -21.478307040200050 26.458756722702482 0
5 28 112 -77.476886518442370 26.857625647260853 0
5 28 112 -76.649061481293472 -29.136255319393616 0
4 18 91 -7.895467498344054 91.660578183767711 0
4 18 91 78.887107637136907 40.361844077791694 0
4 18 91 -49.217644106235063 63.153840577858013 0
2 10 120 -13.430486437606687 63.596777450098195 0
2 10 120 -51.375315999911948 -0.759543224044251 0
4 18 91 -31.475285106766457 -20.456973778607836 0
5 28 112 -34.791184247464635 -66.337305216912824 0
2 10 120 -72.721278142925158 -68.641209963543886 0
2 10 120 19.684689806550587 96.491201646351684 0
2 10 120 98.000000000000000 19.899748742132399 120
2 10 120 100.000000000000000 0.000000000000000 120
2 10 120 81.766312060385914 8.217823563497323 120
2 10 120 83.766312060385914 -11.681925178635078 120
2 10 120 65.532624120771828 -3.464101615137756 120
2 10 120 63.532624120771821 16.435647126994645 120
3 27 100 60.012280859995641 -40.049970612377699 120
2 10 120 95.512185170558482 -29.621318065625442 120
3 27 100 28.703804031440306 3.947521119263250 120
2 10 120 51.945289692447083 32.736986975183818 120
5 28 112 24.261438282092907 58.767821980796519 120
5 28 112 -21.478307040200050 26.458756722702482 120
5 28 112 -77.476886518442370 26.857625647260853 120
5 28 112 -76.649061481293472 -29.136255319393616 120
4 18 91 -7.895467498344054 91.660578183767711 120
4 18 91 78.887107637136907 40.361844077791694 120
4 18 91 -49.217644106235063 63.153840577858013 120
2 10 120 -13.430486437606687 63.596777450098195 120
2 10 120 -51.375315999911948 -0.759543224044251 120
4 18 91 -31.475285106766457 -20.456973778607836 120
5 28 112 -34.791184247464635 -66.337305216912824 120
2 10 120 -72.721278142925158 -68.641209963543886 120
2 10 120 19.684689806550587 96.491201646351684 120
2 10 120 100.000000000000000 0.000000000000000 240
3 27 100 77.599999999999994 29.448938860339275 240
4 18 91 88.400000000000006 25.484112697914338 360
5 28 112 79.606451390927518 -19.667559506555335 360
3 27 100 50.165484899483317 -66.124308123410344 360
3 27 100 24.617806845211561 -18.549985784197968 360
3 27 100 43.860463075756108 31.905144591147263 360
4 18 91 88.400000000000006 25.484112697914352 472
4 18 91 71.852818174924025 57.455831038470819 472
4 18 91 52.438088801899248 27.139692046636632 472
4 18 91 35.890906976823260 59.111410387193118 472
1 27 78 68.522339979818241 -14.887642677868705 472
4 18 91 26.770098357666654 1.897777171675495 472
4 18 91 10.222916532590681 33.869495512231964 472
4 18 91 1.196772232826309 68.719584738514172 472
4 18 91 69.855829165438621 -59.867880634018235 472
1 27 78 26.301423755561380 -48.553563624491929 472
4 18 91 -4.571377858732294 -15.814136010612271 472
4 18 91 -21.118559683808272 16.157582329944205 472
1 27 78 -41.977368129355241 56.031259238801994 472
4 18 91 -83.486282123681406 38.652822628691368 472