5 14 102 96.000000000000000 0.000000000000000 0
1 25 76 77.708333333333329 34.444374439893032 0
2 14 86 68.204753667372898 -3.379982442052013 0
4 18 75 57.063885568415834 72.164485474745433 0
4 18 75 35.619307339289350 43.248571783926764 0
2 14 86 25.090397409932024 73.466812230707930 0
5 14 102 91.916666666666671 27.700656831362114 102
1 25 76 84.341903837006654 -10.556668847184763 102
2 14 86 64.328394522944933 22.916595782007967 102
1 25 76 34.956577218807901 -2.740690673351978 102
2 14 86 39.565703225752706 35.985992084820133 102
2 14 86 63.265478084710580 50.896413662854357 102
5 14 102 96.000000000000000 -0.000000000000004 204
1 25 76 77.708333333333329 34.444374439893032 204
4 18 75 57.063885568415834 72.164485474745433 204
4 18 75 35.619307339289350 43.248571783926764 204
2 14 86 25.090397409932024 73.466812230707930 204
1 25 76 40.925024599806775 0.577160225935764 204
1 25 76 -3.032050034906128 24.405202309965237 204
1 25 76 -13.908742759650320 73.207841125622494 204
5 14 102 91.916666666666671 27.700656831362110 306
5 14 102 80.014033564814810 53.044834175334046 306
5 14 102 64.016648697843010 30.064762865218793 306
5 14 102 52.114015595991162 55.408940209190739 306
1 25 76 84.341903837006654 -10.556668847184767 306
1 25 76 25.117404268786835 27.263194938406677 306
1 25 76 19.608574472291536 76.958796295802941 306
5 14 102 96.000000000000000 -0.000000000000004 408
1 25 76 77.708333333333329 34.444374439893032 408
4 18 75 57.063885568415834 72.164485474745433 408
4 18 75 35.619307339289350 43.248571783926764 408
2 14 86 25.090397409932024 73.466812230707930 408
1 25 76 40.925024599806775 0.577160225935764 408
1 25 76 -3.032050034906128 24.405202309965237 408
1 25 76 -13.908742759650320 73.207841125622494 408
4 18 75 86.750000000000000 30.633927270266863 510
1 25 76 84.107571410401775 -12.284804900533263 510
3 24 66 46.393765722057907 18.998878714121865 510
4 18 75 62.914668030779225 57.613122030619564 510
1 25 76 19.997529252403844 60.281304760057026 510
1 25 76 -25.463894561659917 81.096177923208359 510
4 18 75 -65.270985564318693 64.835934815983791 510
1 25 76 -36.991777280052872 32.443244609470973 510
3 24 66 37.771194193505650 -28.220304466392811 510
4 18 75 8.175785470429105 1.580899913867477 510