5 15 76 95.000000000000000 0.000000000000000 0
5 15 76 90.263157894736835 29.623678483095365 0
5 15 76 66.976720827465385 10.709613644674024 0
3 22 83 68.913960353439521 -26.239636726869424 0
5 15 76 40.227010371787401 -2.871733510059632 0
2 16 94 61.515748820247723 41.224819440086662 0
1 31 85 14.865094006661558 35.504993790328584 0
1 31 85 -0.313327439242258 -24.608361817310946 0
3 22 83 -34.404361943489320 15.972438648306248 0
3 22 83 -32.178479956071754 59.916100869132698 0
3 22 83 2.470456211428282 87.035304811367212 0
1 31 85 -77.617830712094587 -14.712999542874563 0
5 15 76 39.465250492531226 86.414663128208531 0
5 15 76 -73.240907592978232 -60.504292863868955 0
5 15 76 -68.487483242773834 30.371773441908982 0
2 16 94 -70.152276892354479 61.327038940759358 0
5 15 76 90.263157894736821 29.623678483095368 94
4 27 95 82.186469125490675 -11.592423934827814 94
2 16 94 59.609356972886971 25.003668846352454 94
1 31 85 24.440015447538428 -6.175128703800034 94
1 31 85 45.769279935617398 -64.390783612059664 94
1 31 85 -14.807276849531416 -77.599900465795258 94
1 31 85 24.125520546767159 55.824073653628638 94
5 15 76 -60.593219409282398 -73.167354480113346 94
3 22 83 -49.785288540040533 -37.781077050498219 94
5 15 76 0.016457798495942 94.999998574425618 94
1 31 85 -36.784092582469711 67.400732430957078 94
1 31 85 -76.484136767747145 19.778190586920452 94
5 15 76 -92.045012981285538 -23.509903982683038 94
5 15 76 -30.529825325459697 21.827888092712264 94
2 16 94 70.729278591266009 61.914207981359823 94
5 15 76 90.263157894736835 29.623678483095375 189
5 15 76 95.000000000000000 0.000000000000007 189
5 15 76 90.263157894736835 -29.623678483095357 189
5 15 76 66.976720827465385 10.709613644674032 189
3 22 83 66.324700951819977 57.836269275011588 189
3 22 83 53.719007922016246 -23.833591888638708 189
5 15 76 37.015663422866481 9.181530139648931 189
3 22 83 24.550634184879318 44.018623102410984 189
5 15 76 36.095384408249508 79.171414489155708 189
1 31 85 0.911340365035137 -19.322467063125082 189
4 27 95 -5.771747096163708 82.509572602872154 189
4 27 95 -55.577999822083903 61.644837056938037 189
3 22 83 -85.071051679856652 22.514798823954834 189
3 22 83 -85.337100330922993 -21.484396829093932 189
3 22 83 -41.783931191012549 14.626503711302600 189
2 16 94 75.031687791125378 -56.623721417927712 189
5 15 76 35.872182770992723 87.966962566889237 284
2 16 94 61.739257299515927 70.882043622515340 284
1 31 85 23.404937721987888 43.688663131521743 284
1 31 85 77.770574718379933 13.883000683313522 284
1 31 85 63.841696146069623 -46.532116147806114 284
2 16 94 36.382144170050118 -8.388007752455152 284
2 16 94 4.890945339569612 86.888571534940354 284
3 22 83 -25.510795935603245 64.090893419889881 284
4 27 95 -70.275453595240378 44.162887382769895 284
3 22 83 -87.986799418368378 -1.524181128282187 284
2 16 94 -50.713204140200219 5.870350299693500 284
3 22 83 -56.018840970197381 -31.757434883973335 284
4 27 95 -11.389907154445439 -11.527302247996062 284
3 22 83 -21.794066044174969 -59.410007662344384 284
2 16 94 -56.336311759774141 -75.247724067280146 284
2 16 94 -93.652719755903632 8.072675041284448 379