1 16 91 94.000000000000000 0.000000000000000 0
2 31 87 68.446808510638292 39.446601941206715 0
2 31 87 51.567795889420871 -20.211582182455519 0
5 33 110 6.131082746859441 24.860638739089779 0
5 33 110 -9.533832887110997 -39.253403546361142 0
1 16 91 -36.887880867555246 1.400699064366281 0
2 31 87 -74.156807449494735 -27.235416444375552 0
1 16 91 -63.858445554159672 18.622448118561863 0
2 31 87 -45.938966314799650 62.072330325423437 0
1 16 91 -0.332525264583140 73.432459494280906 0
1 16 91 31.228119385178605 68.147981346775182 0
3 22 113 48.925552819589946 -73.145678486821865 0
1 16 91 12.262981237261258 -83.138468135895096 0
1 16 91 -19.473771887518829 -87.234625005054454 0
1 16 91 79.355464575972306 -50.385615426742632 113
2 31 87 36.639223114924206 -69.989765891413043 113
1 16 91 57.854981818776722 -74.086443285860440 204
2 31 87 73.217524462482913 -29.668065518090593 204
2 31 87 72.085465055513652 32.321598471151134 204
2 31 87 18.966870972253538 0.346374271501743 204
2 31 87 17.834811565284276 62.336038260743472 204
5 33 110 -37.580895184855628 30.318864035298478 204
1 16 91 -55.328390757420728 75.991902043534623 204
1 16 91 -24.192253769204346 83.377088124536499 204
5 33 110 -72.614354583951823 -25.615532560462519 204
5 33 110 -26.102119911659393 -72.440867858670458 204
1 16 91 -23.659967832793871 -23.501763931200628 204
3 22 113 25.671850760188381 -53.881343056816121 204
1 16 91 19.118254260499292 -91.311950491364428 204
1 16 91 57.854981818776722 -74.086443285860440 317
2 31 87 73.217524462482913 -29.668065518090593 317
2 31 87 72.085465055513652 32.321598471151134 317
2 31 87 18.966870972253538 0.346374271501743 317
2 31 87 17.834811565284276 62.336038260743472 317
5 33 110 -37.580895184855628 30.318864035298478 317
1 16 91 -55.328390757420728 75.991902043534623 317
1 16 91 -24.192253769204346 83.377088124536499 317
5 33 110 -72.614354583951823 -25.615532560462519 317
5 33 110 -26.102119911659393 -72.440867858670458 317
1 16 91 -23.659967832793871 -23.501763931200628 317
3 22 113 25.671850760188381 -53.881343056816121 317
4 22 114 69.671676179478297 -53.757395196771924 430
4 22 114 86.987903698617032 -13.308065603990997 430
4 22 114 82.557155293101516 30.468280389787672 430
4 22 114 46.861101780389809 4.742966715944505 430
5 33 110 16.192575146976893 -40.912717203318422 430
3 22 113 3.571872863297600 12.619683021841780 430
5 33 110 34.240399496710502 58.275366941104707 430
2 31 87 -27.812363216006624 73.942358985502494 430