4 13 78 97.000000000000000 0.000000000000000 0
1 28 91 74.494845360824741 34.271241802228424 0
1 28 91 61.293438949947607 -20.150471408353731 0
1 28 91 20.763555997550846 18.493138514439693 0
1 28 91 33.964962408427979 72.914851725021848 0
5 14 41 -1.126073804189083 95.993395386284348 0
4 13 78 -6.902311402447108 69.618500519982589 0
4 13 78 -26.484442885271488 86.722304967805840 0
5 14 41 -52.695810041848802 80.244324435023984 0
4 13 78 -33.169930037166630 61.596536093165504 0
4 13 78 -57.961720183801340 53.762817862004354 0
4 13 78 -83.567053689038687 49.249848098581232 0
1 28 91 -81.579053553960549 8.298073345062559 0
1 28 91 -67.881628390907650 -46.000918762549958 0
2 26 92 -29.959284617715007 -7.557507847962828 0
4 13 78 -18.655572180427686 29.768436013313018 0
1 28 91 -13.400777276986396 -58.956105442129115 0
4 13 78 1.933089387759519 -96.980736053192189 0
4 13 78 -47.569904625954273 -81.615998120824997 0
4 13 78 21.718862954464086 -80.112921601785189 0
1 28 91 -81.579053553960549 8.298073345062562 92
1 28 91 -67.881628390907650 -46.000918762549958 92
2 26 92 -29.959284617715007 -7.557507847962825 92
1 28 91 -13.400777276986396 -58.956105442129115 92
4 13 78 1.933089387759519 -96.980736053192189 92
4 13 78 -47.569904625954273 -81.615998120824997 92
4 13 78 21.718862954464086 -80.112921601785189 92
1 28 91 40.467014809591141 -43.650519020261626 92
1 28 91 81.790571894576573 -5.856820738088302 92
1 28 91 66.476831668353270 48.008653921323649 92
1 28 91 25.153274583367818 10.214955639150318 92
1 28 91 13.084750310534154 64.899054990570789 92
2 26 92 -40.182335553401302 73.765709577512112 92
4 13 78 -76.522478194983563 59.609649645827176 92
4 13 78 47.417971842647049 -84.057006077720743 92
4 13 78 81.341644891077067 -46.854362914974089 92
4 13 78 -19.852749276792995 40.483463231720791 92
4 13 78 -45.289636968688384 35.101572806424016 92
4 13 78 -8.580246083648660 96.619767010400267 184
1 28 91 -40.726427868532262 71.171329010137498 184
4 13 78 -78.953712208443577 56.349900873970199 184
1 28 91 -61.596099026231677 19.205409160975883 184
4 13 78 -96.988527262619073 -1.491837601146081 184
1 28 91 -73.958950649942338 -35.412901868660640 184
4 13 78 -61.972620089101184 -74.621674862548701 184
1 28 91 -20.476679974621973 -18.810289923193508 184
5 14 41 -37.936673083753519 -57.009094101192048 184
5 14 41 -22.111431123374221 33.521868241386031 184
1 28 91 18.189815407751787 21.697760324193972 184
4 13 78 20.521110828259456 -19.235906279987972 184
1 28 91 17.340508139634935 -60.112351410859063 184
5 14 41 55.018168188497484 -78.670205091776666 184
4 13 78 75.425655484291298 -60.991560848735439 184
1 28 91 79.475041971994472 -20.192020789156246 184
1 28 91 73.902742520271829 35.530052743873121 184
4 13 78 -78.953712208443577 56.349900873970199 275
1 28 91 -40.726427868532255 71.171329010137498 275
1 28 91 -80.544594433139167 15.380777210567931 275
1 28 91 -24.586531068727936 17.547605423541370 275
1 28 91 -50.689034472861714 -31.996913103104788 275
4 13 78 -94.162063928934074 -23.291752116217737 275
4 13 78 -78.953712208443562 56.349900873970213 366
1 28 91 -80.544594433139167 15.380777210567942 366
4 13 78 -94.162063928934074 -23.291752116217690 366
4 13 78 -84.592647427092842 -47.466661998454910 366
4 13 78 -68.441269585796590 -27.091849267347797 366
4 13 78 -54.633733935866928 47.155410305080565 366
1 28 91 -30.918876526792062 -10.567018886204137 366
4 13 78 -50.958164995397794 -46.336096560530677 366
4 13 78 -67.109542836694047 -66.710909291637790 366
1 28 91 -13.922916291198362 -63.925592102418591 366
4 13 78 -78.953712208443577 56.349900873970199 457
1 28 91 -40.726427868532255 71.171329010137498 457
1 28 91 -80.544594433139167 15.380777210567931 457
2 26 92 -74.756204959458145 -38.308090791104256 457
2 26 92 -32.126853079671776 -8.529938425496447 457
5 14 41 -36.034270077958183 -48.338632104157924 457
5 14 41 -52.098418718327295 -71.272082094513223 457
2 26 92 -13.376483836827330 -81.302623407566884 457