1 10 40 100.000000000000000 0.000000000000000 0
1 10 40 98.000000000000000 19.899748742132399 0
1 10 40 81.766312060385914 8.217823563497323 0
1 10 40 83.766312060385914 -11.681925178635078 0
1 10 40 65.532624120771828 -3.464101615137756 0
1 10 40 63.532624120771821 16.435647126994645 0
2 15 76 78.963536422653917 36.105089049215621 0
3 25 63 39.364028368498673 41.751234802638372 0
3 25 63 30.766566383535608 -7.504055749921717 0
1 10 40 10.935231578756920 21.335468515585394 0
3 25 63 -10.056462278664288 49.341696197947485 0
1 10 40 18.372334511077465 69.757462485000460 0
1 10 40 37.135997726435548 76.680246804955701 0
1 10 40 56.205377414677010 82.710069215747339 0
4 34 114 -67.343115469978514 35.226478660194545 0
3 25 63 -82.133070547970206 -21.889694432818160 0
3 25 63 -32.978717070113710 -12.732755305908057 0
3 25 63 -49.625751904230114 -59.880143687786806 0
1 10 40 0.056677357933772 -24.294014535911039 0
1 10 40 -11.667900069612809 -40.496924279085732 0
1 10 40 -2.268828044511878 4.057203480081261 0
2 15 76 -25.238609373965549 -91.586093905507170 0
1 10 40 -15.698242452379109 -68.478056364393908 0
2 15 76 -94.850704674186971 -5.323891697824550 114
2 15 76 -91.781446193351215 24.518689497136101 114
3 25 63 -56.429657848919682 5.803693882642499 114
2 15 76 -76.308124315809863 -28.907206003772462 114
3 25 63 -38.089475352229407 -40.711225293769019 114
1 10 40 -98.087130634447604 19.465734096119022 190
1 10 40 -92.251755845819361 38.595511958818889 190
3 25 63 -84.060810956358424 -12.600796060541970 190
1 10 40 -78.237215283043426 21.911313892831608 190
1 10 40 -72.401840494415183 41.041091755531475 190
3 25 63 -43.613444215182390 16.793259864165108 190
5 26 95 -37.704505866236033 -33.863274241400688 190
1 10 40 -71.810327749768078 -45.386855006457502 190
5 26 95 3.657865864305556 -2.348925052110827 190
2 15 76 2.189363570133999 -43.322617844096428 190
2 15 76 -14.931759371631259 -67.957291562515337 190
3 25 63 22.538150853403604 -81.957499694105010 190
2 15 76 -44.245310537753625 -74.338178493900827 190
1 10 40 -69.156392714639594 -72.231525988992814 190
2 15 76 61.401647356368187 -72.490259358924931 190
3 25 63 43.662304848914019 -36.638959139780432 190
3 25 63 84.625675551522065 -7.968377340997328 190
2 15 76 82.048762794849850 -47.885285044932772 190
3 25 63 74.464513936441648 40.988244219647726 190
2 15 76 48.971694378524226 10.164290044567217 190
2 15 76 34.710622161731806 36.557884328548916 190
3 25 63 -21.526016290477290 -82.229134877256897 285
2 15 76 -60.503277031018705 -73.241746760353848 285
2 15 76 -80.325334793356419 -50.723176067111609 285
2 15 76 -92.137109861619791 -23.146338508451024 285
2 15 76 -50.912651634924032 -44.816055836265754 285
3 25 63 -12.692915817110329 -33.015556100384714 285
3 25 63 -54.066787117070710 -4.940606881297697 285
5 26 95 -72.357054581878927 42.666809726472337 285
2 15 76 -53.026474334308176 78.823809979427892 285
2 15 76 -33.579041362911852 55.980925949099166 285
3 25 63 -12.098607605940256 22.237912366842540 285
2 15 76 16.527904538700540 -5.699925817826173 285
3 25 63 36.789921404549531 -40.188339416135548 285
3 25 63 82.584906936425455 -20.117980671577040 285
2 15 76 93.191139920556168 18.450242283160438 285
2 15 76 63.392862200623263 14.977110421893103 285
2 15 76 72.221349189178056 -58.752119342181160 285
2 15 76 -53.026474334308176 78.823809979427892 380
2 15 76 -74.961981358758365 58.358387150170302 380
2 15 76 -46.270651777206211 49.594392236733249 380
3 25 63 -13.520035782080676 72.559521279258291 380
5 26 95 -71.763407646577377 17.483344321963450 380
5 26 95 -76.685484208754900 -34.283181177784591 380
5 26 95 -29.393319779229415 -12.662561770128280 380
5 26 95 -34.315396341406931 -64.429087269876305 380
5 26 95 -76.685484208754900 -34.283181177784591 475
5 26 95 -82.172480241189348 17.426516892693925 475
5 26 95 -34.647070073914563 -3.676454187992679 475