3 14 90 96.000000000000000 0.000000000000000 0
2 19 92 85.458333333333329 31.270965189595433 0
3 14 90 68.178518945623338 3.156769225166876 0
3 14 90 52.797234842545691 26.553694222704721 0
3 14 90 60.929542306756858 53.346707776755252 0
2 19 92 78.720185612290010 -28.114195964428550 0
2 19 92 42.289441285210231 -17.306750948378514 0
4 26 73 13.824544482034959 17.546507866036276 0
2 19 92 28.616670812330966 60.045837256375641 0
3 14 90 96.000000000000000 0.000000000000032 92
2 19 92 85.458333333333343 -31.270965189595405 92
2 19 92 63.005703484368041 -0.613512378486778 92
2 19 92 84.303086646029499 30.857449959283876 92
4 26 73 39.871015892180630 37.984236649298374 92
3 14 90 72.189440184553277 61.553696788601059 92
2 19 92 37.484918657650113 82.920931454183233 92
4 26 73 -4.104459633564396 65.735949250228074 92
2 19 92 -47.508496496528672 77.614062905116128 92
4 26 73 -73.415102086296088 40.819392274490383 92
4 26 73 -83.376258574522950 -10.217607651220938 92
4 26 73 -34.196341861799020 6.674277741758077 92
5 22 114 44.920424348025371 -37.409200693295730 92
2 19 92 22.089957042786761 -3.353808130231192 92
3 14 90 2.656951108373143 23.317492557081476 92
3 14 90 -5.604344200694856 -21.298882068092048 92
5 22 114 -68.108441952582922 -55.724681558458833 92
3 14 90 -91.670065529767868 -28.506123653840849 206
3 14 90 -95.996304224360244 -0.842362905211395 206
3 14 90 -92.156190649866403 26.893057187785001 206
3 14 90 -69.875665304536128 -10.927610667173896 206
3 14 90 -95.996304224360244 -0.842362905211395 296
3 14 90 -91.670065529767868 -28.506123653840849 296
3 14 90 -92.156190649866403 26.893057187785001 296
3 14 90 -69.875665304536128 -10.927610667173896 296
3 14 90 -91.670065529767868 -28.506123653840849 386
3 14 90 -95.996304224360244 -0.842362905211395 386
3 14 90 -92.156190649866403 26.893057187785001 386
3 14 90 -69.875665304536128 -10.927610667173896 386
3 14 90 -95.996304224360244 -0.842362905211395 476
3 14 90 -91.670065529767868 -28.506123653840849 476
3 14 90 -92.156190649866403 26.893057187785001 476
3 14 90 -69.875665304536128 -10.927610667173896 476