1 13 60 97.000000000000000 0.000000000000000 0
2 19 71 85.907216494845358 30.015831724404535 0
4 20 61 64.590296765180625 62.674504894621208 0
4 20 61 64.080556285384006 -2.304392657562813 0
4 20 61 41.004390089366865 30.368081287545721 0
4 20 61 24.819159878125078 66.947287443627161 0
5 21 83 79.318779237649665 -40.367452981938257 0
1 13 60 46.805953843072217 -30.421791371883373 0
5 21 83 0.181560619046714 34.175520589381094 0
2 19 71 -13.900537514300753 71.614731480674891 0
2 19 71 -51.763100504231055 74.843713337787250 0
1 13 60 7.742573521048989 95.185385793008322 0
5 21 83 -77.320877127630894 44.073597087301664 0
4 20 61 -89.858895880595156 5.037740676172199 0
2 19 71 -84.569004237313592 -33.601838079325901 0
2 19 71 -54.201265760984768 -10.758885997046818 0
5 21 83 22.783738675579819 -6.360761085407718 0
1 13 60 -10.220880121808369 1.805948046126860 0
2 19 71 -20.581330602425357 -28.470463000076805 0
1 13 60 -49.392656410368069 -42.395530511172552 0
1 13 60 -67.739050118017261 -60.818609459164122 0
1 13 60 -30.051700063413744 18.620780202399683 0
1 13 60 -32.202862374099340 44.531637014035340 0
1 13 60 96.379111301137428 -10.957504497054224 83
2 19 71 81.966624422934274 -39.528122656023456 83
4 20 61 63.930695457485044 -4.949151208722283 83
4 20 61 85.231092657089562 28.907799025152599 83
4 20 61 42.969968189391594 -39.017434294205238 83
4 20 61 45.259915060086172 30.426008993771589 83
4 20 61 23.946333208090380 -3.830770455497632 83
4 20 61 5.275552810691508 31.544389746996245 83
4 20 61 26.236280078784969 65.612672832479191 83
1 13 60 56.451241552180960 78.881286292867443 83
1 13 60 74.414980551441971 60.084901503061985 83
1 13 60 96.379111301137428 -10.957504497054224 154
2 19 71 81.966624422934274 -39.528122656023456 154
4 20 61 63.930695457485044 -4.949151208722283 154
4 20 61 85.231092657089562 28.907799025152599 154
4 20 61 42.969968189391594 -39.017434294205238 154
4 20 61 45.259915060086172 30.426008993771589 154
4 20 61 23.946333208090380 -3.830770455497632 154
4 20 61 5.275552810691508 31.544389746996245 154
4 20 61 26.236280078784969 65.612672832479191 154
1 13 60 56.451241552180960 78.881286292867443 154
1 13 60 74.414980551441971 60.084901503061985 154
1 13 60 96.379111301137428 -10.957504497054224 225
2 19 71 81.966624422934274 -39.528122656023456 225
4 20 61 63.930695457485044 -4.949151208722283 225
4 20 61 85.231092657089562 28.907799025152599 225
4 20 61 42.969968189391594 -39.017434294205238 225
4 20 61 45.259915060086172 30.426008993771589 225
4 20 61 23.946333208090380 -3.830770455497632 225
4 20 61 5.275552810691508 31.544389746996245 225
4 20 61 26.236280078784969 65.612672832479191 225
1 13 60 56.451241552180960 78.881286292867443 225
1 13 60 74.414980551441971 60.084901503061985 225
1 13 60 96.379111301137428 -10.957504497054224 296
2 19 71 81.966624422934274 -39.528122656023456 296
4 20 61 63.930695457485044 -4.949151208722283 296
4 20 61 85.231092657089562 28.907799025152599 296
4 20 61 42.969968189391594 -39.017434294205238 296
4 20 61 45.259915060086172 30.426008993771589 296
1 13 60 31.094035008579532 -8.228439327092598 296
1 13 60 96.379111301137428 -10.957504497054224 367
2 19 71 81.966624422934274 -39.528122656023456 367
1 13 60 70.410134889226683 -9.687754869126003 367
1 13 60 84.494258529413727 12.167163599903443 367
1 13 60 89.371631202720891 37.705590250848033 367
5 21 83 43.124592901999357 -29.973197887784863 367
5 21 83 44.235416765775447 12.012109903675539 367
5 21 83 58.329800211302057 51.576593412126208 367
1 13 60 89.371631202720877 37.705590250848033 450
1 13 60 76.145653085603698 60.090261408708258 450
1 13 60 63.372948266094539 37.443892790457610 450
2 19 71 90.818894044004352 5.738334655970313 450
1 13 60 59.388839082624273 11.750958469633371 450
5 21 83 42.395034861566998 64.200707795090437 450
3 32 99 14.953594792774204 18.857931447023105 450
2 19 71 2.609950615241864 68.341610053392628 450
3 32 99 57.911835923789710 -33.224795683785707 450
2 19 71 40.884719030830070 -81.298460931127607 450
2 19 71 12.370169288288835 -56.180330965301295 450
2 19 71 -10.121858251608705 -25.551770810692478 450