2 12 99 98.000000000000000 0.000000000000000 0
3 24 91 80.122448979591837 31.247290594749217 0
3 24 91 64.959798383266161 -14.294931868518258 0
3 24 91 33.100402083437046 21.607419968240784 0
5 16 75 64.726099008520180 68.165475918086571 0
4 20 104 68.704338870579718 -58.135306143139474 0
3 24 91 30.711835576004134 -80.329217321921462 0
3 24 91 20.900887881261887 -33.342567033450877 0
5 16 75 -0.747630853112316 0.292855315725135 0
3 24 91 -11.732163697293515 38.755045037516901 0
3 24 91 24.765088808599224 69.931166661623806 0
5 16 75 89.496498551043246 -28.746769333320113 104
3 24 91 85.289556938509833 11.031386006875525 104
5 16 75 58.984451978687204 -19.102340165848538 104
5 16 75 45.307672580617655 9.827673752166444 104
5 16 75 57.219299171599104 39.528063513195235 104
2 12 99 95.115507254557699 -23.601700779989976 195
4 20 104 89.650125006338868 7.928119975619396 195
2 12 99 71.656673904794815 -18.533847401284831 195
3 24 91 71.386175665155875 47.958460399636557 195
3 24 91 45.652839420590908 7.439385808474444 195
2 12 99 35.868656250067644 42.084295386732109 195
2 12 99 40.069294418368585 65.713824349007538 195
1 23 118 43.644561963611977 -39.517688436582503 195
2 12 99 18.038476615954799 -15.657085066833099 195
3 24 91 -1.846718146877517 14.352563868871332 195
3 24 91 4.265348101385044 61.961834459554083 195
2 12 99 29.754588575682554 87.384238359331817 195
5 16 75 82.154752709861469 -45.679279845259252 313
3 24 91 85.801085943053906 -5.845823380215748 313
5 16 75 87.591257230479897 34.114097625232652 313
3 24 91 44.935607808713584 -31.025432131182331 313
5 16 75 48.581941041906020 8.808024333861177 313
5 16 75 56.120054675783990 39.907491256024699 313
3 24 91 9.320849530170371 1.155136427513737 313
5 16 75 24.160424394622574 38.300620915433917 313
3 24 91 38.299338293269095 75.718412322285559 313
2 12 99 71.973081343720324 62.987386088230920 313
2 12 99 87.303134503418363 44.521485890275976 412
3 24 91 57.181276864133686 64.236294851020872 412
2 12 99 68.217854933852848 29.969781393842389 412
2 12 99 44.227429555523258 30.647638433932581 412
2 12 99 25.994269647687197 46.253787214950911 412
3 24 91 85.989593927372695 -1.337810227778824 412
2 12 99 51.132830368427598 7.662524999077839 412
2 12 99 27.774437818524220 13.174829189216336 412
2 12 99 9.541277910688162 28.780977970234662 412
5 16 75 18.185469896710327 73.142867646403815 412
4 20 104 78.152339169287487 -44.634200814718888 412
3 24 91 38.304961263401722 -25.974445349399197 412
4 20 104 0.470149580412656 -3.512766317929755 412
3 24 91 -26.366550868202417 31.355435657958012 412
2 12 99 -7.511758977230805 62.022956306816326 412
3 24 91 -71.424829413844961 47.900874138194474 412
5 16 75 -92.925702277991562 14.170880570454131 412
3 24 91 -82.455758604667082 -24.434563080375906 412
5 16 75 -9.025622806958806 89.982001646474146 412
5 16 75 -40.599961373360010 84.779968957777257 412
5 16 75 -58.605199508354630 7.676974266710233 412
2 12 99 -47.065906935790181 -17.834684380362464 412
5 16 75 -48.633966833180139 -45.790742545958658 412