5 10 60 100.000000000000000 0.000000000000000 0
5 10 60 98.000000000000000 19.899748742132399 0
5 10 60 81.766312060385914 8.217823563497323 0
5 10 60 83.766312060385914 -11.681925178635078 0
5 10 60 65.532624120771828 -3.464101615137756 0
5 10 60 63.532624120771821 16.435647126994645 0
4 16 65 84.144800066126621 41.900508610655038 0
1 23 105 33.241890668198366 3.340935717225158 0
5 10 60 50.406551227264572 31.525584515676357 0
4 16 65 55.898623891983647 56.938910505114372 0
2 30 115 10.270203432621038 51.103908672756461 0
5 10 60 40.187395153883678 77.655022387876102 0
4 16 65 42.670467956451034 83.756976810158818 115
1 23 105 3.798703486509432 86.917028549195010 115
3 11 72 -29.332309308851787 94.554828700653076 115
3 11 72 -49.490131259300732 85.742211937511769 115
3 11 72 -31.779270293379298 72.691334425030064 115
4 16 65 27.220815752191918 55.733624998367425 115
3 11 72 0.350317327394698 53.092353637266790 115
3 11 72 -21.649571969294243 53.162145710108270 115
1 23 105 -66.382173954002724 56.235282351389699 115
3 11 72 -92.711027214764570 34.722693339992858 115
3 11 72 -74.028006158154909 23.106122236681852 115
3 11 72 -93.429762366795302 12.734436933873809 115
5 10 60 -99.733403303662030 -7.297140910596124 115
3 11 72 -79.012742932606145 -3.883311127587835 115
4 16 65 -53.654552323103381 5.388267433376107 115
5 10 60 -87.477302754486104 -23.101823739697426 115
3 11 72 -66.507112471206753 -21.983289214948041 115
4 16 65 -76.957833186618629 -46.878719247957335 115
3 11 72 -67.693693185613796 -72.239628341319587 115
1 23 105 -34.554845640602082 -79.843363172865935 115
4 16 65 -45.280316113478122 -42.347172924582523 115
4 16 65 -13.612130024842948 -46.943474683124229 115
5 10 60 -8.171517114881915 -99.665572330876586 115
3 11 72 -0.555778128701933 -80.095173262529045 115
2 30 115 9.743948012275997 13.182959974169670 115
3 11 72 -26.799155913481094 31.773321871435584 115
3 11 72 -27.963239793352283 -2.915735245974030 115
5 10 60 -26.966155603278214 -23.892051012044686 115
2 30 115 69.978299919516587 38.769028107165433 115
3 11 72 98.555637080919908 9.369439661687551 115
3 11 72 79.244565657129030 -1.170129611544032 115
3 11 72 57.265515282115992 -0.210262635010366 115
3 11 72 40.273375002656401 -14.184065579204461 115
3 11 72 21.731934692139554 -26.025306697074726 115
3 11 72 13.381971457279814 -46.379129777186499 115
5 10 60 99.322988744035428 -11.616535927384176 115
5 10 60 82.205572979136988 -21.960330082896284 115
2 30 115 51.651521400629882 -61.091082303395737 115
5 10 60 88.737823636012749 -46.104215168939781 115
5 10 60 62.213144873723515 -22.510619506630348 115
5 10 60 88.737823636012749 -46.104215168939781 230
4 16 65 91.785518333515213 -20.283456910693062 230
5 10 60 71.305242238885640 -36.300894005551427 230
5 10 60 65.991167406628094 -17.019799413252805 230
4 16 65 75.415125933811382 7.212183701587993 230
1 23 105 37.248467186850249 -0.806928474520742 230
4 16 65 56.566873309850450 33.072256652439272 230
4 16 65 70.955380952123335 61.654958551109672 230
4 16 65 39.007781177940643 59.824420742529313 230
5 10 60 82.552680517549462 32.213289968394662 230
2 30 115 35.322423543419760 -53.771920269890650 230
5 10 60 11.597149642353006 -21.567706596531679 230
4 16 65 -1.719926075829612 0.762888879545329 230
5 10 60 13.350230115947852 21.949922469820098 230
4 16 65 9.414042428881093 47.650242049393114 230
4 16 65 13.667763784943681 79.366260945606697 230
4 16 65 -15.408890220817467 92.728453573662037 230
1 23 105 -6.141683558056073 -86.782946038220572 230
4 16 65 -44.914071409010234 -82.575578650508589 230
4 16 65 -28.714182663146506 -54.979136767149093 230
4 16 65 -22.475138417648239 -23.593243010515124 230
4 16 65 -33.190561201455573 6.559364083470342 230
1 23 105 -48.560449216918343 72.186444515927604 230
2 30 115 -70.998534588074406 -36.867439378752650 230
1 23 105 -85.865405989652629 14.004715428459278 230
1 23 105 -6.141683558056073 -86.782946038220572 345
1 23 105 -49.535922501134436 -71.520573137815418 345
1 23 105 -14.621200375813205 -41.571246285420145 345
2 30 115 -63.166838758533707 -20.303406855564226 345
1 23 105 -81.930592657913124 29.263936623822726 345
1 23 105 -36.104594310747345 25.266703144832491 345
1 23 105 2.939582303862256 0.944855507632456 345
1 23 105 30.979215186693203 -35.521279299830567 345
1 23 105 76.627723442593066 -41.196990181389147 345
1 23 105 86.923991665098725 3.635886825225320 345
1 23 105 -81.930592657913124 29.263936623822726 460
2 30 115 -76.484248442079249 -23.455484225449251 460
2 30 115 -30.773345179382488 15.409838658947061 460