1 15 100 95.000000000000000 0.000000000000000 0
1 15 100 90.263157894736835 29.623678483095365 0
1 15 100 66.976720827465385 10.709613644674024 0
2 21 84 57.987130537111895 45.569149878129316 0
3 15 95 50.124785704492780 80.700098253215756 0
2 21 84 69.305551202860343 -25.214981677787684 0
3 15 95 40.570684971177272 -3.528408351250361 0
2 21 84 20.603173910061660 26.426532844222315 0
3 15 95 25.968069977091886 62.024536863969878 0
5 30 76 -18.907070254795187 58.674642959908098 0
3 15 95 13.890276418168035 89.485907964991355 0
5 30 76 -22.245186187295896 -1.232426589696693 0
5 30 76 -75.549398209083563 26.311374541162266 0
4 15 57 -93.839445497288338 -14.804001781999776 0
1 15 100 90.263157894736835 29.623678483095365 100
1 15 100 95.000000000000000 0.000000000000000 100
1 15 100 66.976720827465385 10.709613644674024 100
2 21 84 57.987130537111895 45.569149878129316 100
3 15 95 50.124785704492780 80.700098253215756 100
2 21 84 69.305551202860343 -25.214981677787684 100
3 15 95 40.570684971177272 -3.528408351250361 100
2 21 84 20.603173910061660 26.426532844222315 100
3 15 95 25.968069977091886 62.024536863969878 100
5 30 76 -18.907070254795187 58.674642959908098 100
3 15 95 13.890276418168035 89.485907964991355 100
5 30 76 -22.245186187295896 -1.232426589696693 100
5 30 76 -75.549398209083563 26.311374541162266 100
4 15 57 -93.839445497288338 -14.804001781999776 100
1 15 100 95.000000000000000 0.000000000000000 200
1 15 100 90.263157894736835 29.623678483095365 200
1 15 100 66.976720827465385 10.709613644674024 200
2 21 84 57.987130537111895 45.569149878129316 200
3 15 95 50.124785704492780 80.700098253215756 200
2 21 84 69.305551202860343 -25.214981677787684 200
3 15 95 40.570684971177272 -3.528408351250361 200
2 21 84 20.603173910061660 26.426532844222315 200
3 15 95 25.968069977091886 62.024536863969878 200
5 30 76 -18.907070254795187 58.674642959908098 200
3 15 95 13.890276418168035 89.485907964991355 200
5 30 76 -22.245186187295896 -1.232426589696693 200
5 30 76 -75.549398209083563 26.311374541162266 200
4 15 57 -93.839445497288338 -14.804001781999776 200
1 15 100 90.263157894736835 29.623678483095365 300
1 15 100 95.000000000000000 0.000000000000000 300
1 15 100 66.976720827465385 10.709613644674024 300
2 21 84 57.987130537111895 45.569149878129316 300
3 15 95 50.124785704492780 80.700098253215756 300
2 21 84 69.305551202860343 -25.214981677787684 300
3 15 95 40.570684971177272 -3.528408351250361 300
2 21 84 20.603173910061660 26.426532844222315 300
3 15 95 25.968069977091886 62.024536863969878 300
5 30 76 -18.907070254795187 58.674642959908098 300
3 15 95 13.890276418168035 89.485907964991355 300
5 30 76 -22.245186187295896 -1.232426589696693 300
5 30 76 -75.549398209083563 26.311374541162266 300
4 15 57 -93.839445497288338 -14.804001781999776 300
1 15 100 95.000000000000000 0.000000000000000 400
1 15 100 90.263157894736835 29.623678483095365 400
1 15 100 66.976720827465385 10.709613644674024 400
2 21 84 57.987130537111895 45.569149878129316 400
3 15 95 50.124785704492780 80.700098253215756 400
2 21 84 69.305551202860343 -25.214981677787684 400
3 15 95 40.570684971177272 -3.528408351250361 400
2 21 84 20.603173910061660 26.426532844222315 400
3 15 95 25.968069977091886 62.024536863969878 400
5 30 76 -18.907070254795187 58.674642959908098 400
3 15 95 13.890276418168035 89.485907964991355 400
5 30 76 -22.245186187295896 -1.232426589696693 400
5 30 76 -75.549398209083563 26.311374541162266 400
4 15 57 -93.839445497288338 -14.804001781999776 400
4 15 57 90.263157894736835 29.623678483095365 500
4 15 57 95.000000000000000 0.000000000000000 500
4 15 57 66.976720827465385 10.709613644674024 500
5 30 76 65.842679549658740 -34.276094645628923 500
5 30 76 22.143559906334325 6.838220895292082 500
5 30 76 8.387078010349597 -51.563484609302947 500
4 15 57 33.523478299581626 -88.888561709015633 500
5 30 76 -35.312041632974825 -10.449169068381940 500
2 21 84 -18.467356824833661 37.688722386420878 500
5 30 76 -69.425677759667863 39.750160598553038 500
5 30 76 23.390280156829636 66.825266902050956 500
4 15 57 -50.398313356949814 80.529559857077913 500
4 15 57 68.381699336794554 65.946517692841311 500
4 15 57 -94.961699452354765 2.697338896142519 500
4 15 57 -21.213438998124627 73.583833929603657 500
2 21 84 -83.292375828032704 -31.358892342073482 500