4 19 80 91.000000000000000 0.000000000000000 0
2 24 84 75.978021978021971 40.290695902493553 0
4 19 80 53.192873465428448 3.823765578444375 0
4 19 80 33.180097635121392 36.126842886432811 0
4 19 80 46.590903606408936 71.681734015509250 0
2 24 84 68.214851487406463 -36.466930324049166 0
4 19 80 27.117351183824042 -23.817998796167323 0
4 19 80 7.104575353516989 8.485078511821118 0
4 19 80 -3.796133659518212 44.888025411943545 0
4 19 80 9.614672311769329 80.442916541019983 0
4 19 80 91.000000000000000 0.000000000000014 84
2 24 84 75.978021978021971 -40.290695902493539 84
4 19 80 53.192873465428448 -3.823765578444361 84
4 19 80 68.784958603664890 30.830049233809522 84
2 24 84 28.005234531818594 -38.674631348896909 84
2 24 84 11.418234053185309 6.368363834836366 84
2 24 84 30.502251070330964 50.411527827552590 84
4 19 80 13.647916539409142 89.970741767161854 84
4 19 80 91.000000000000000 0.000000000000007 168
2 24 84 75.978021978021971 -40.290695902493546 168
4 19 80 53.192873465428448 -3.823765578444368 168
4 19 80 68.784958603664890 30.830049233809515 168
2 24 84 25.811096288704455 29.330996954926867 168
4 19 80 50.816060949687767 64.313160157092852 168
4 19 80 91.000000000000000 -0.000000000000007 252
2 24 84 75.978021978021971 40.290695902493546 252
4 19 80 53.192873465428448 3.823765578444368 252
2 24 84 68.214851487406463 -36.466930324049173 252
4 19 80 27.117351183824042 -23.817998796167331 252
4 19 80 16.216642170788841 12.584948103955101 252
4 19 80 33.423734442897043 46.465856821685129 252
4 19 80 91.000000000000000 0.000000000000007 336
2 24 84 75.978021978021971 -40.290695902493546 336
4 19 80 53.192873465428448 -3.823765578444368 336
4 19 80 68.784958603664890 30.830049233809515 336
2 24 84 25.811096288704455 29.330996954926867 336
4 19 80 50.816060949687767 64.313160157092852 336
4 19 80 91.000000000000000 -0.000000000000007 420
2 24 84 75.978021978021971 40.290695902493546 420
4 19 80 53.192873465428448 3.823765578444368 420
2 24 84 68.214851487406463 -36.466930324049173 420
4 19 80 27.117351183824042 -23.817998796167331 420
4 19 80 16.216642170788841 12.584948103955101 420
4 19 80 33.423734442897043 46.465856821685129 420
4 19 80 91.000000000000000 0.000000000000007 504
1 24 70 75.978021978021971 -40.290695902493546 504
4 19 80 53.192873465428448 -3.823765578444368 504
1 24 70 68.214851487406463 36.466930324049173 504