5 15 96 95.000000000000000 0.000000000000000 0
5 15 96 90.263157894736835 29.623678483095365 0
5 15 96 66.976720827465385 10.709613644674024 0
4 17 92 70.897552511370804 -21.049276117193966 0
1 34 96 21.632204901872761 -7.861193431855447 0
5 15 96 47.654126901049835 33.658194514846571 0
5 15 96 70.940563968321285 52.572259353267903 0
1 34 96 19.184271962533820 73.538858498534907 0
1 34 96 -47.341110471049419 59.454346009084112 0
1 34 96 -75.967376765759298 -2.226581983483882 0
5 15 96 -29.648592851040505 13.759982896489197 0
5 15 96 90.263157894736835 29.623678483095365 96
5 15 96 95.000000000000000 0.000000000000000 96
5 15 96 66.976720827465385 10.709613644674024 96
4 17 92 70.897552511370804 -21.049276117193966 96
1 34 96 21.632204901872761 -7.861193431855447 96
5 15 96 47.654126901049835 33.658194514846571 96
5 15 96 70.940563968321285 52.572259353267903 96
1 34 96 19.184271962533820 73.538858498534907 96
1 34 96 -47.341110471049419 59.454346009084112 96
1 34 96 -75.967376765759298 -2.226581983483882 96
5 15 96 -29.648592851040505 13.759982896489197 96
5 15 96 95.000000000000000 0.000000000000000 192
5 15 96 90.263157894736835 29.623678483095365 192
5 15 96 66.976720827465385 10.709613644674024 192
4 17 92 70.897552511370804 -21.049276117193966 192
1 34 96 21.632204901872761 -7.861193431855447 192
5 15 96 47.654126901049835 33.658194514846571 192
1 34 96 19.184271962533820 73.538858498534907 192
1 34 96 -47.341110471049419 59.454346009084112 192
1 34 96 -75.967376765759298 -2.226581983483882 192
4 17 92 68.954036739755267 62.404653811174057 192
4 17 92 -27.173556641741442 12.611312668554536 192
4 17 92 -28.690426956422769 -21.354833778289247 192
4 17 92 -51.219274964142549 -46.819534982997311 192
4 17 92 87.631578947368425 31.140108721568957 288
4 17 92 70.582552309108394 60.556612434415264 288
4 17 92 92.968025488142274 -2.438490688136383 288
4 17 92 53.631626122394259 31.083470399461319 288
4 17 92 36.582599484134228 60.499974112307619 288
4 17 92 58.968072663168108 -2.495129010244018 288
4 17 92 27.219929280475217 9.672672424360909 288
4 17 92 10.170902642215186 39.089176137207211 288
4 17 92 4.834456101441337 72.667775546912537 288
1 34 96 25.886131158740568 -41.309883244911468 288
4 17 92 16.734329630399724 -91.482032180210808 288
1 34 96 -37.413218381710884 -66.153239454484847 288
4 17 92 -82.659109293502212 -42.620085063322591 288
1 34 96 -27.278521204241585 1.087283395363634 288
2 17 69 -92.454124035276848 -10.061557974272354 288
2 17 69 -22.020387671242091 51.815500708306409 288
2 17 69 -26.651565521828338 85.498615049415662 288
2 17 69 16.734329630399724 -91.482032180210808 384
2 17 69 48.497524712292915 -79.353576458660882 384
2 17 69 73.778682730084967 -56.618954199220781 384
2 17 69 22.112376407809364 -57.910070473155415 384
2 17 69 47.393534425601409 -35.175448213715313 384
2 17 69 79.156729507494589 -23.046992492165383 384
3 27 107 -25.457879364587420 -78.999344163468308 384
2 17 69 -6.376327113048394 -39.352221144618795 384
2 17 69 18.904830904743651 -16.617598885178701 384
2 17 69 49.220751623289225 -1.224582579501007 384
2 17 69 80.983946705182404 10.903873142048923 384
1 34 96 -67.542780448327576 -34.842112583897929 384
2 17 69 -92.499617161508922 9.634356489889889 384
1 34 96 -21.185119024636823 14.906929892580482 384
2 17 69 28.630963258702064 25.832036113556548 384
3 27 107 64.287024537887589 51.612751659385893 384
1 34 96 -67.542780448327576 -34.842112583897929 491
1 34 96 -68.387884480461096 33.152635736651597 491
1 34 96 -9.080153094869161 -0.112856862954881 491