4 10 52 100.000000000000000 0.000000000000000 0
4 10 52 98.000000000000000 19.899748742132399 0
4 10 52 81.766312060385914 8.217823563497323 0
4 10 52 83.766312060385914 -11.681925178635078 0
4 10 52 65.532624120771828 -3.464101615137756 0
4 10 52 63.532624120771821 16.435647126994645 0
1 18 66 78.566312060385911 40.057421550909162 0
3 21 69 39.746241020025010 36.315485631985240 0
2 24 97 31.834332205968039 -7.983517730596720 0
1 18 66 3.188411964445415 22.731482733611713 0
1 18 66 7.639674257117276 58.455232032948111 0
1 18 66 39.448011188006383 75.314345345665259 0
4 10 52 65.382380436009527 64.759323237292918 0