5 13 58 97.000000000000000 0.000000000000000 0
3 16 61 89.711340206185568 28.069118946095067 0
5 13 58 71.575422248941891 5.439746885692533 0
3 16 61 57.844279924987688 30.982959887962117 0
4 30 92 30.031861469953064 -5.656764178712422 0
5 13 58 29.549735120797969 37.340532878003252 0
4 30 92 -13.419684194439061 35.719112602030805 0
4 30 92 -73.306404315517767 32.033905261922683 0
1 15 77 -94.699038505708245 -7.555931848182901 0
1 15 77 -65.061348875331248 -12.204302893338882 0
1 15 77 -83.905801101840851 -35.547109500145993 0
1 15 77 21.463396182968559 64.147455912595348 0
1 15 77 51.327015436905384 61.290141604386719 0
3 16 61 -69.681532238075647 -63.091077538381157 0
5 13 58 -62.978073383869948 73.775078941712366 0
5 13 58 41.695306996721605 87.581398564130836 0
4 30 92 -29.802002759964964 -40.164605315108297 0
5 13 58 -46.092175480287125 -79.959457654852841 0
5 13 58 -62.978073383869948 73.775078941712366 92
3 16 61 -79.594317865391290 50.007445081138194 92
3 16 61 -47.604885001362646 49.185140370094445 92
4 30 92 -64.707855343284365 6.482817184073916 92
4 30 92 -59.654688067725111 -53.304016654867723 92
1 15 77 -32.571782985890600 -89.241688425981977 92
3 16 61 -27.433969457744134 -20.473767002200965 92
3 16 61 -13.817905513155420 -49.432406518878388 92
5 13 58 -93.301629791713381 -26.529339950516331 92
5 13 58 -93.633204899892277 -25.334224680751291 184
3 16 61 -93.928553250936304 3.664271303549956 184
1 15 77 -80.679641668368774 -50.157705492412745 184
3 16 61 -64.684945318001127 -23.602674167642363 184
3 16 61 -49.728202004980915 -51.892174507316540 184
3 16 61 -32.707147706964676 -24.794504670520922 184
3 16 61 -17.750404393944468 -53.084005010195099 184
3 16 61 -34.771458691960703 -80.181674846990717 184
3 16 61 -5.823044916478867 -93.819465719543885 184
4 30 92 27.380493650920993 -61.983557901434004 184
4 30 92 75.573433798097057 -26.242257981443608 184
3 16 61 92.537799139151019 16.515318055736600 184
3 16 61 60.545867230415169 17.233853195315170 184
3 16 61 30.704601796240151 -16.103820488952849 184
5 13 58 77.084928387579225 41.055260711236372 184
5 13 58 70.815830972584877 66.288144367317216 184
3 16 61 46.312714385599442 81.799342822775117 184
3 16 61 46.955150555607759 49.805792288839918 184
3 16 61 18.926704950954523 65.246201512270332 184
5 13 58 20.108238563030298 94.222122176220523 184
4 30 92 -47.089767481093787 18.899204813028661 184
5 13 58 -11.414432784151586 -5.106429822638695 184
5 13 58 -1.429410138288208 -29.112664903583717 184
4 30 92 -26.011035098169206 75.074706957015295 184
5 13 58 -68.528401853494174 68.650259572750443 184
1 15 77 1.599494093945576 39.540798113047991 184
5 13 58 7.929957744905000 12.265805354774315 184
5 13 58 2.382545192296583 -96.970735164825186 276
1 15 77 -25.102142371582474 -91.623591112533916 276
5 13 58 -5.069110459531595 -72.061443162711242 276
3 16 61 -32.042366849640977 -61.410460122943348 276
3 16 61 23.492203896632525 -77.086512540179939 276
3 16 61 10.728700786014816 -47.742126563553128 276
3 16 61 42.523436055538326 -51.360801616789892 276
5 13 58 52.452255496953242 -78.608160103435551 276
5 13 58 73.482200588022025 -63.319556195078434 276
3 16 61 69.758015744299257 -34.559680547750162 276
3 16 61 93.136829474057066 -12.709484471071828 276
3 16 61 62.524597729103668 -3.387935909096331 276
1 15 77 -60.794312492910585 -73.000353208147800 276
5 13 58 -56.207981938435523 -45.378521769137663 276
5 13 58 -80.902060334399664 -53.515013161253691 276
3 16 61 -76.667404352899368 -24.825856869749686 276
3 16 61 -93.976794912770131 2.088544450841802 276
1 15 77 -62.990012993727973 2.993721948199079 276
4 30 92 -21.871015015201092 -15.288181815958058 276
3 16 61 24.007628600147019 -18.627352374027527 276
3 16 61 34.291567970291723 11.675132524594037 276
4 30 92 -40.252533407329594 41.826788039587186 276
3 16 61 -86.074091539180486 37.778972533735995 276
3 16 61 2.132676690560466 23.952393925164216 276
3 16 61 27.833841140468323 43.016762415066857 276
3 16 61 58.205352236539177 32.938502955157858 276
1 15 77 85.218562139733962 17.730396869062215 276
2 14 98 -84.007718575812987 46.461846925052456 368
2 14 98 -93.840970241482282 20.245303261182265 368
4 30 92 -44.742819560423200 66.318022420631721 368
4 30 92 -77.319527576463472 -20.535107872921039 368
1 15 77 -64.947677068957461 22.730783023025197 368
4 30 92 -23.324339058491432 5.628217926920628 368
4 30 92 -27.663828527325752 -54.214649911693826 368
4 30 92 28.746428662305398 -74.656833841002026 368
1 15 77 71.942318380464968 -62.042749987760963 368
1 15 77 11.968828286111547 -32.901449450282541 368
4 30 92 55.164718004271116 -20.287365597041482 368
5 13 58 -69.783789795503537 -62.869640539487861 368
5 13 58 -68.567427768057499 68.611280772714167 466
3 16 61 -83.269423099139189 43.614254283852489 466
4 30 92 -37.515092717120773 38.866491516705537 466
5 13 58 -74.013101765156406 16.131159200473409 466
5 13 58 -96.923991799318017 3.839246499735776 466
3 16 61 -90.752015145511550 -24.496361914146362 466
3 16 61 -62.074640092834002 -10.297483082067123 466
3 16 61 -64.116737845335038 -42.232257807579600 466
4 30 92 6.406490871334356 79.743067878753635 466
3 16 61 -39.242251762545749 85.416893391207893 466
5 13 58 5.432989383339681 36.754089118461224 466
5 13 58 -3.635481585138907 12.386839903708619 466
5 13 58 -25.090440993433468 -2.299368483360951 466
4 30 92 60.047517128657141 52.861098046518357 466
5 13 58 28.121389686381860 24.056195919630344 466
5 13 58 19.052918717903278 -0.311053295122260 466
5 13 58 -2.402040690391289 -14.997261682191828 466
1 15 77 92.493187944387060 21.679718261183460 466
5 13 58 66.863610227960365 10.404757237851964 466
5 13 58 44.862714993236750 -3.450227744843462 466
1 15 77 -36.527407097502021 -27.857064121551552 466
1 15 77 -37.336037138978249 -57.846164098977056 466
2 14 98 -61.739753511399499 -73.513283400699990 466
1 15 77 28.963624750969057 -26.498414863752149 466
5 13 58 4.473499999771755 -40.071689695965389 466
1 15 77 -8.209915320394185 -65.034281224414116 466
1 15 77 -28.998068265692684 -86.664184070309602 466