1 14 119 96.000000000000000 0.000000000000000 0
4 16 109 89.333333333333329 29.249881291307091 0
1 14 119 68.951365813099443 7.236807902883316 0
4 16 109 75.618032479766100 -22.013073388423763 0
4 16 109 45.433305713755303 -11.388466569285869 0
3 39 97 38.717032466390592 50.767085722811018 0
1 14 119 91.916666666666671 27.700656831362114 119
3 39 97 68.211502258267856 -19.702562261551634 119
3 39 97 45.136380713024892 54.806086670449972 119
3 39 97 -7.852441291123306 -2.431879249144870 119
4 16 109 -9.816628696013534 52.533036541188793 119
4 16 109 -1.780795847180589 83.507629200747971 119
4 16 109 -33.487141849371184 87.832860199131019 119
2 24 84 -61.912092894817157 59.689971966684084 119
1 14 119 -89.816805649791107 33.896038453890924 119
4 16 109 -93.907184781978074 4.176199986043045 119
4 16 109 -64.764037550232814 17.392741493896708 119
5 23 80 -80.694566116715592 -32.517487591064238 119
1 14 119 96.000000000000000 -0.000000000000004 238
4 16 109 89.333333333333329 29.249881291307087 238
1 14 119 68.951365813099443 7.236807902883313 238
4 16 109 75.618032479766100 -22.013073388423766 238
4 16 109 57.875887733013897 35.117514229975257 238
4 16 109 45.433305713755303 -11.388466569285873 238
4 16 109 31.285625440827197 17.314201301401702 238
3 39 97 -8.839639604452223 -20.301794033642643 238
4 16 109 3.555045529430952 33.283388437185010 238
4 16 109 30.145307821617656 51.086701365758572 238
3 39 97 -59.101117354351970 39.345367293585092 238
2 24 84 -15.300585925194326 84.627962697596260 238
4 16 109 24.648533233296966 82.611064469954542 238
1 14 119 75.315830548206876 59.527520264443979 238
1 14 119 -95.991315166170281 1.291283341860336 238
2 24 84 -79.449984772721862 -32.919597804564113 238
1 14 119 91.916666666666671 27.700656831362110 357
1 14 119 80.014033564814810 53.044834175334046 357
1 14 119 64.016648697843010 30.064762865218793 357
1 14 119 52.114015595991162 55.408940209190739 357
3 39 97 67.226696022704743 -22.837936462624093 357
1 14 119 37.508715886964197 21.046475993870416 357
1 14 119 25.606082785112353 46.390653337842359 357
1 14 119 31.049983661348371 73.856339989548644 357
3 39 97 -14.711574996550588 11.988815145665566 357
3 39 97 1.203482699470626 -64.370276903233986 357
2 24 84 -6.944425143316789 74.508183209949550 357
5 23 80 -53.565798167896816 68.554396406329346 357
2 24 84 -80.566425009751498 30.084068228018772 357
5 23 80 86.542850491449002 -8.907021321109788 476