1 13 41 97.000000000000000 0.000000000000000 0
5 23 67 80.835051546391753 32.166666620776674 0
5 23 67 62.411822484083586 -9.982884158771661 0
5 23 67 35.120855282046620 27.046875618701144 0
1 13 41 54.895531503900045 57.129464940780203 0
4 35 119 5.904618910611198 -23.057131529314617 0
3 26 94 2.508682153588087 -83.962530415967507 0
5 23 67 49.845648627672034 -71.305058115723156 0
3 26 94 -13.252784970128154 34.856544545946164 0
3 26 94 -58.748794353727320 60.038147556228424 0
5 23 67 -16.800268901694750 85.362468127572015 0
5 23 67 -84.977687756463226 18.649197933558398 0
1 13 41 17.716965341717270 58.560438015626417 0
1 13 41 37.004844375988093 75.995394922924362 0
3 26 94 -78.490901132467215 -29.919532740556889 0
1 13 41 -53.950760722966805 0.391876145900454 0
2 17 110 80.825725758867605 -46.002196203576247 0
3 26 94 2.508682153588087 -83.962530415967507 119
3 26 94 51.452305278777224 -66.397743045223407 119
3 26 94 80.678378308471238 -23.388015595924301 119
3 26 94 78.986886861676268 28.584466129363943 119
3 26 94 34.823143113251653 1.133350703511285 119
3 26 94 33.131651666456676 53.105832428799516 119
1 13 41 70.479785830740298 66.645328337798588 119
1 13 41 17.161479073354251 -47.819819637332046 119
1 13 41 5.501312997876681 -24.581047572261951 119
1 13 41 -4.145236216423029 -0.436812478639837 119
1 13 41 3.527494271354894 24.405272918160552 119
5 23 67 -15.840717311937539 54.751152046385144 119
1 13 41 7.302337847987278 82.326485187884586 119
1 13 41 41.323615773000022 -87.757385896831863 213
5 23 67 63.538754502556529 -59.429173612493145 213
5 23 67 84.961640013645905 -18.722172047912672 213
5 23 67 82.632533152047372 27.218825560185198 213
1 13 41 28.038648333668796 -65.407673591392467 213
5 23 67 28.681133148015959 -29.413407197099424 213
1 13 41 52.751612637182610 -2.643797241748796 213
3 26 94 -10.421735954408057 -58.942471319734494 213
5 23 67 -13.027104155536517 -10.011785073406941 213
3 26 94 -62.353788004692419 -56.285034613704170 213
5 23 67 -85.969422574508883 -13.351343835192118 213
5 23 67 -80.760731690328129 32.352808484625086 213
1 13 41 -55.848430369678297 6.364787342007302 213
5 23 67 -30.940469980297994 32.356969036529634 213
5 23 67 14.708630317984166 26.686021853088768 213
1 13 41 48.576941744730249 38.890016326249636 213
1 13 41 65.319139006413920 58.782196469483608 213
1 13 41 -47.554784005928433 -20.201943273790292 213
2 17 110 -63.153267992497092 68.269061381183803 213
1 13 41 -84.657487384621817 47.350922163381327 323
5 23 67 -86.251687463296363 11.386237733942025 323
5 23 67 -80.001486167520000 -34.187164418654348 323
2 17 110 -56.216975059102701 37.804338551324321 323
1 13 41 -50.377583817739321 8.378134074187134 323
5 23 67 -35.094966915555162 -24.216982440730796 323
4 35 119 -5.632682357257771 25.753225247812559 323
5 23 67 10.547094632811287 -29.944304468967811 323
5 23 67 -17.233942513479409 -66.607828236827558 323
1 13 41 -51.806576011442971 -56.571244504526639 323
3 26 94 -50.365335142705582 67.225984678269654 442
3 26 94 -80.287224645518535 24.697399837230652 442
3 26 94 -79.441447560819839 -27.295721449368401 442
3 26 94 -28.495445034770505 20.048575819083215 442
3 26 94 -27.649667950071802 -31.944545467515837 442
1 13 41 -56.144329385448664 -58.572618429772163 442
4 35 119 10.633476576636149 66.845236955625779 442
4 35 119 69.305335533765913 28.666539145005363 442
2 17 110 18.994155442628003 15.521762317797936 442
3 26 94 24.130704696248216 -27.170343062062791 442
3 26 94 75.045561631391379 -37.738093214006412 442
1 13 41 43.680581236574881 -60.916488430948775 442
3 26 94 7.971183832796910 -76.595740232583154 442
1 13 41 -30.600668811992673 -70.832738970338028 442