2 11 79 99.000000000000000 0.000000000000000 0
2 11 79 96.555555555555557 21.863775779997951 0
2 11 79 78.843192529652626 8.814936902970350 0
2 11 79 81.287636974097069 -13.048838877027592 0
2 11 79 76.398748085208183 30.678712682968296 0
2 11 79 84.861216147439819 50.986017632067515 0
2 11 79 63.043340148006621 48.161077478124973 0
5 15 79 59.649623878065348 73.938639230143650 0
2 11 79 42.064909212406363 54.787195155939798 0
4 17 79 28.057514276146652 79.031635489749235 0
2 11 79 61.130829503749695 -4.233901974057249 0
2 11 79 58.686385059305252 17.629873805940697 0
5 15 79 35.606793052351556 29.602026193567536 0
2 11 79 20.443643809438750 50.722606323790117 0
1 23 64 -9.828805711051409 66.200939568341198 0
2 11 79 6.007080808373746 96.287891859058334 0
2 11 79 96.555555555555557 21.863775779997951 79
2 11 79 99.000000000000000 0.000000000000000 79
2 11 79 78.843192529652626 8.814936902970350 79
2 11 79 76.398748085208183 30.678712682968296 79
2 11 79 84.861216147439819 50.986017632067515 79
2 11 79 81.287636974097069 -13.048838877027592 79
2 11 79 63.043340148006621 48.161077478124973 79
5 15 79 59.649623878065348 73.938639230143650 79
2 11 79 42.064909212406363 54.787195155939798 79
4 17 79 28.057514276146652 79.031635489749235 79
2 11 79 61.130829503749695 -4.233901974057249 79
2 11 79 58.686385059305252 17.629873805940697 79
5 15 79 35.606793052351556 29.602026193567536 79
2 11 79 20.443643809438750 50.722606323790117 79
1 23 64 -9.828805711051409 66.200939568341198 79
2 11 79 6.007080808373746 96.287891859058334 79
2 11 79 99.000000000000000 0.000000000000000 158
2 11 79 96.555555555555557 21.863775779997951 158
2 11 79 78.843192529652626 8.814936902970350 158
2 11 79 81.287636974097069 -13.048838877027592 158
2 11 79 76.398748085208183 30.678712682968296 158
2 11 79 84.861216147439819 50.986017632067515 158
2 11 79 63.043340148006621 48.161077478124973 158
5 15 79 59.649623878065348 73.938639230143650 158
2 11 79 42.064909212406363 54.787195155939798 158
4 17 79 28.057514276146652 79.031635489749235 158
2 11 79 61.130829503749695 -4.233901974057249 158
2 11 79 58.686385059305252 17.629873805940697 158
5 15 79 35.606793052351556 29.602026193567536 158
2 11 79 20.443643809438750 50.722606323790117 158
1 23 64 -9.828805711051409 66.200939568341198 158
2 11 79 6.007080808373746 96.287891859058334 158
2 11 79 96.555555555555557 21.863775779997951 237
2 11 79 99.000000000000000 0.000000000000000 237
2 11 79 78.843192529652626 8.814936902970350 237
2 11 79 76.398748085208183 30.678712682968296 237
2 11 79 84.861216147439819 50.986017632067515 237
2 11 79 81.287636974097069 -13.048838877027592 237
2 11 79 63.043340148006621 48.161077478124973 237
5 15 79 59.649623878065348 73.938639230143650 237
4 17 79 35.462342265032291 52.986899250565983 237
5 15 79 31.669835973771466 84.761368499174168 237
4 17 79 4.719351725827913 67.508212300920277 237
5 15 79 56.652850856646531 -4.734555206893008 237
4 17 79 35.176455144815250 18.988101204833633 237
4 17 79 4.433464605610867 33.509414255187920 237
4 17 79 -24.867414640021561 50.756398786776835 237
4 17 79 -24.581527519804510 84.755196832509199 237
5 15 79 -55.629733165899879 77.008653980515589 237
1 23 64 63.610414420779620 -42.092182396679135 237
5 15 79 31.723193959809610 -21.423240206196926 237
4 17 79 48.719865934836164 -79.217262407202583 237
5 15 79 19.799241337600080 -92.913885089664987 237
5 15 79 21.166016081182526 -62.945035815788870 237
1 23 64 -63.337203404419611 39.798508824626545 237
1 23 64 -86.999291925672836 0.351004888225461 237
5 15 79 -87.221569109042946 -37.648345012184059 237
5 15 79 -59.588944751769887 -25.967674178287567 237
4 17 79 -62.399499910013134 -57.844009910339210 237
4 17 79 -32.119078006290010 -42.381278931222830 237
4 17 79 -33.868171118352166 -76.336259026715993 237
5 15 79 -0.124193522394013 -41.809119109012762 237
5 15 79 3.242047168103287 -11.998576953365202 237
4 17 79 -20.062471886278143 9.930841453058004 237
5 15 79 83.894419578376471 44.572708730873913 316
5 15 79 65.812291035012947 68.510892190386443 316
5 15 79 54.122280310304419 40.882217787581666 316
1 23 64 27.812868169973179 68.301459805372588 316
4 17 79 24.645702527107357 28.427043674341270 316
4 17 79 -4.890106737254278 45.268539186891495 316
4 17 79 -10.798016631144080 78.751319846294308 316
4 17 79 -44.681540352515754 81.563226712327321 316
5 15 79 -70.905672268188169 63.224881496103166 316
3 16 89 92.814199444630447 14.883695154509166 316
1 23 64 83.882782014858606 -23.079837119176432 316
4 17 79 60.302050244658844 9.230363888893629 316
5 15 79 30.727249010437021 -2.989747892766609 316
5 15 79 2.037736246671138 5.780192664484315 316
4 17 79 -26.929130490656856 19.378745213262484 316
4 17 79 -57.556567858476328 34.142216359313991 316
4 17 79 -89.922208069046604 23.727547197025824 316
4 17 79 -64.720019897209511 0.905415146068922 316
5 15 79 73.868444696552416 -59.736528842178117 316
5 15 79 50.399816755094200 -41.049006198836466 316
1 23 64 -78.990457750675930 -36.462413309306363 316
5 15 79 -43.453100499545627 -23.005213020779145 316
4 17 79 -43.547972025691365 -55.005072385993969 316
3 16 89 92.428953745133924 -17.113985788818876 405
4 17 79 91.634808367785666 15.876457268521788 405
5 15 79 65.242126567776666 -2.218468744133631 405
5 15 79 61.855654134225780 27.589781866339976 405
1 23 64 28.857868944033243 8.744459567639151 405
1 23 64 34.875380239081068 54.349169388160668 405
5 15 79 72.857966687915550 55.499441815377708 405
5 15 79 93.985440134617775 13.846914555314381 494
5 15 79 93.617043867861767 -16.150823429251076 494
5 15 79 67.822438850536699 -0.832913911298294 494
5 15 79 68.190835117292693 29.164824073267145 494
4 17 79 66.286906754722978 -32.796051135024101 494
5 15 79 40.678245077125339 -13.607605468885771 494
5 15 79 41.046641343881348 16.390132515679671 494
4 17 79 42.582173439695069 48.353269739405476 494
5 15 79 72.827416088128004 58.804360454609011 494