1 10 49 100.000000000000000 0.000000000000000 0
1 10 49 98.000000000000000 19.899748742132399 0
1 10 49 81.766312060385914 8.217823563497323 0
1 10 49 83.766312060385914 -11.681925178635078 0
1 10 49 65.532624120771828 -3.464101615137756 0
1 10 49 63.532624120771821 16.435647126994645 0
4 31 95 58.311699061811481 -43.823217577865165 0
1 10 49 45.580691074920900 -4.849874949374494 0
1 10 49 43.580691074920892 15.049873792757905 0
1 10 49 52.356542686510274 33.021641332189418 0
3 32 103 5.272918720961961 -77.821567243034423 0
1 10 49 45.784631077587782 -88.903135811337847 0
1 10 49 17.768009639826090 -37.723279213128215 0
4 31 95 4.979578654681951 1.231258814400814 0
3 32 103 21.880713848180882 61.921881065050641 0
1 10 49 62.267481489000723 50.393264516373712 0
1 10 49 73.443562923262263 33.807270311178939 0
1 10 49 45.784631077587782 -88.903135811337847 103
1 10 49 62.560439106368996 -78.014046548158859 103
1 10 49 76.833829570895446 -64.004395423053509 103
1 10 49 44.742307165989011 -68.930315257812879 103
1 10 49 59.015697630515454 -54.920664132707522 103
2 20 60 83.059378595114794 -34.657461352404127 103
1 10 49 99.539171890335979 -9.589226214150312 103
1 10 49 99.456620375459863 10.410603416308836 103
1 10 49 82.177535601559555 0.339196892075656 103
1 10 49 82.094984086683439 20.339026522534809 103
2 20 60 53.330031564999061 -7.896184754249308 103
2 20 60 54.490891985274331 32.086966735905122 103
2 20 60 53.889889548609744 72.082451431944534 103
2 20 60 17.017635416149275 -80.390794146744128 103
4 31 95 7.507283503002736 -30.285373217586073 103
2 20 60 16.380898837263732 19.936723024004319 103
2 20 60 15.779896400599135 59.932207720043742 103
5 13 111 80.436237229918376 52.479099045603064 103
5 13 111 92.433267855833165 29.412429234794590 214
3 32 103 76.936722006978627 -12.835139532583600 214
3 32 103 50.364434394722402 45.387824416802680 214
4 31 95 14.281276341785734 -6.255236152133314 214
3 32 103 -13.445599598191066 50.315253951887669 214
5 13 111 20.895306358306179 79.396212981586331 214
5 13 111 96.925403797735598 3.803432482101087 325
4 31 95 72.019233616632107 -32.468908039430090 325
3 32 103 59.880226629942946 29.350542858949069 325
3 32 103 16.350450142209002 76.267049111311096 325
3 32 103 12.047753365282269 -13.170681269543778 325
3 32 103 -31.482023122451672 33.745824982818256 325
5 13 111 61.336470160791535 75.145441832584424 325
5 13 111 94.453827021254668 -22.078826079275629 436
4 31 95 60.807590427261651 -50.432498911221884 436
4 31 95 76.862702246719238 18.251712339728002 436
3 32 103 18.002201233865499 -4.208061045501070 436
4 31 95 40.016571647352194 68.115152452243180 436
3 32 103 -22.644565776892691 74.640629959667280 436
4 31 95 -71.117490718968781 34.399164435163101 436
2 20 60 -89.002575102445348 -13.361946906554259 436
2 20 60 -49.042475780296400 -11.575760420212047 436
2 20 60 -67.475642568302050 -47.075314814113469 436
5 13 111 4.429438941884268 38.696252534433675 436
5 13 111 -19.971955641073773 29.720065013732789 436