2 15 57 95.000000000000000 0.000000000000000 0
2 15 57 90.263157894736835 29.623678483095365 0
2 15 57 66.976720827465385 10.709613644674024 0
1 28 75 66.602178044098466 -32.288755134890486 0
2 15 57 58.842252382530134 -74.582768348665013 0
2 15 57 38.771133107050716 0.489788727093819 0
2 15 57 44.023298966404383 30.026456680433441 0
2 15 57 67.309736033675833 48.940521518854780 0
1 28 75 18.218813145935982 -60.485386159380973 0
3 17 79 52.051922301151592 77.068783464869071 0
1 28 75 11.318217352935399 57.943792453324320 0
2 15 57 -11.675033424736721 94.279868447783059 0
2 15 57 -40.492019955463093 85.938328584668071 0
1 28 75 -42.648973463823339 42.992460895648527 0
1 28 75 -81.941700226119252 3.091563367102196 0
2 15 57 -39.042848162082770 0.143938630485788 0
2 15 57 -51.410648590555503 -27.188048354756788 0
3 17 79 -79.849022824997945 -41.859751422287850 0
2 15 57 76.462669821935435 56.377833620153254 79
1 28 75 80.863716874912384 13.603649994542316 79
2 15 57 90.700575948629989 -28.256070543987562 79
2 15 57 49.565923511718736 43.090055855461202 79
3 17 79 58.809226509080275 -25.621335087716403 79
1 28 75 25.573414336840351 4.716443164020959 79
2 15 57 19.867946047104702 47.336246443656364 79
3 17 79 50.494291994252890 75.076586332532912 79
4 37 104 -31.027407608003912 36.674962453375343 79
1 28 75 -81.913391581653713 -3.767795056881738 79
1 28 75 -31.583888973134695 -28.322655414437797 79
2 15 57 -86.638310456923207 38.971825222457703 79
2 15 57 -71.058133244701438 -45.375046425339477 79
2 15 57 5.508653370787761 73.676533341028431 79
2 15 57 -81.650801544091294 48.560751715839615 183
2 15 57 -62.436958908196637 71.600462025717164 183
2 15 57 -52.090905801955785 43.440931043777070 183
2 15 57 -71.304748437850421 20.401220733899528 183
2 15 57 -94.979458301657985 1.975474809662618 183
2 15 57 -90.859649179495023 -27.740298321739232 183
5 15 55 -32.877063166061120 66.480641353654590 183
1 28 75 -49.337445517484369 -16.564136053298906 183
5 15 55 -73.446670576091833 -52.169546696534212 183
1 28 75 -11.534831203742876 29.150906089838404 183
4 37 104 -14.626088879366041 -71.519770162472454 183
5 15 55 -66.496240523456365 -67.847254891017073 287
5 15 55 -84.337325501339464 -43.728886645798752 287
1 28 75 -24.754721169422012 -78.174188705890458 287
5 15 55 -49.585153045233319 -43.067926403265680 287
5 15 55 -20.587862923294654 -35.376556851351118 287
5 15 55 6.381210637521988 -48.516917244858625 287
5 15 55 18.194882020810457 -76.092942492302669 287
1 28 75 -81.996168688123333 -0.792666682044008 287
5 15 55 -85.166949448826259 42.090268727831528 287
5 15 55 -56.356303852383753 33.726854334404145 287
1 28 75 57.440258639435271 -58.520224601711682 287
5 15 55 89.995214882272847 -30.427969013615318 287
5 15 55 63.704070346556534 -15.978895721460063 287
3 17 79 32.149506078701592 -21.299560516935564 287
5 15 55 45.431155191924923 7.813972364410429 287
3 17 79 90.463842696300489 1.568599364445472 287
4 37 104 -5.714498137926668 17.201312001530269 287
1 28 75 50.070825963062575 50.562930891320192 287
1 28 75 3.671740774088498 81.917753385257683 287
1 28 75 -48.603990165733279 66.042805361139088 391
1 28 75 -79.661332364415870 19.444076885418529 391
1 28 75 -73.565501110568988 -36.223156217409795 391
1 28 75 -28.404178712053081 -3.110394942981091 391
3 17 79 -53.141728026452654 -76.321404221637181 391
3 17 79 -30.919953863304755 -50.588298053860761 391
3 17 79 -19.745317285302303 -82.699472080195733 391
4 37 104 22.600001976971548 -43.403986893083115 391
4 37 104 72.067261293208091 11.632276204443855 391
5 15 55 70.472446564112673 -63.707411462625622 391
5 15 55 10.226584905259873 -93.910407771714716 391
5 15 55 70.472446564112673 -63.707411462625622 495