2 12 110 98.000000000000000 0.000000000000000 0
1 15 108 91.326530612244895 26.162278309250819 0
1 15 108 78.614717174874443 53.335975134185944 0
1 15 108 61.437512128429326 28.740373356787195 0
1 15 108 48.725698691058874 55.914070181722302 0
3 27 92 61.323216806016539 -13.259471126011482 0
1 15 108 33.386965707669368 18.102382686703361 0
3 27 92 7.037176103381128 50.808476733680962 0
1 15 108 34.684529782955018 82.425305077405639 0
3 27 92 -43.064314978646841 70.953962365888302 0
3 27 92 -77.602152108114495 29.443267281146998 0
3 27 92 -79.292279040563443 -24.530276895164150 0
3 27 92 -31.704755185371866 0.992802333870372 0
3 27 92 -33.394882117820814 -52.980741842440779 0
4 14 81 -24.125356716122567 -92.919143147791885 0
4 14 81 -6.502850347647321 89.508188408387923 0
2 12 110 -74.835190529645018 -63.274752140105058 0
2 12 110 -3.131860134583270 -77.580528435866370 0
2 12 110 95.061224489795919 23.819395426849606 110
1 15 108 94.946749803267011 -3.180361896988405 110
1 15 108 70.073254811780572 13.591914242775680 110
3 27 92 60.577405283606765 -27.320539139272690 110
4 14 81 76.375993123157286 41.898724196889276 110
4 14 81 49.503246209913812 34.033899129746111 110
2 12 110 43.694013897394186 7.835556993545623 110
4 14 81 23.352015618720507 24.028243800571730 110
1 15 108 55.805984521290519 62.340709083859707 110
1 15 108 27.352197716750368 52.751031673314891 110
5 36 120 -22.770743295993203 43.333453203611050 110
4 14 81 13.199434626773900 78.063070250225280 110
4 14 81 39.874928334798469 86.572948946960139 110
3 27 92 30.308727127397344 77.268240952651226 230
3 27 92 71.430827145902910 42.268628239536461 230
3 27 92 82.317436968813624 -10.622597181734541 230
3 27 92 20.559223404475944 24.155651323103484 230
3 27 92 -20.562876614029626 59.155264036218249 230
4 14 81 -57.556150928695700 76.832867252714195 230
3 27 92 -70.170018894273056 37.821454372032960 230
3 27 92 -81.643300623420501 -14.945616859594178 230
3 27 92 -55.169380616619179 -62.010801013844386 230
1 15 108 -32.656468807803051 18.934062812849707 230
3 27 92 -19.932197231605468 -21.092090048188172 230
3 27 92 -2.114145737741161 -72.067741500249085 230
2 12 110 -4.566785008444498 94.723860485132690 230
4 14 81 21.408152488428271 93.582535801463521 340
3 27 92 51.152256423877638 65.363955378678469 340
4 14 81 85.693044587781742 43.274728298123947 340
4 14 81 10.231384816077998 67.909985004974558 340
4 14 81 -6.413312517452731 90.425625139671041 340
4 14 81 -34.401843388616271 89.624288959327984 340
3 27 92 82.966284714812019 2.365502192083223 340
3 27 92 -59.865515745789594 57.490173286315795 340
3 27 92 -82.564373016584327 8.492603156766627 340
1 15 108 -89.084915404849340 -32.998149149775607 340
1 15 108 46.728214622336168 23.597607032932302 340
2 12 110 23.688080978167530 37.674262944719331 340
5 36 120 5.839640738403297 -6.883936985344782 340
5 36 120 -44.717272291977821 -58.147945264433559 340
1 15 108 -89.084915404849340 -32.998149149775614 460
1 15 108 -74.353254992389580 -59.132000406181874 460
1 15 108 -59.086506111847790 -33.307082620863056 460
1 15 108 -44.354845699388022 -59.440933877269295 460
5 36 120 -72.257805542679137 15.962754717039552 460
1 15 108 -33.664928108649917 -17.377758346829133 460
1 15 108 -18.933267696190157 -43.511609603235371 460
1 15 108 -17.848857211355600 -73.492004095309369 460
5 36 120 -0.458154007256120 21.330253146646001 460
5 36 120 30.321312794176240 -56.739848364235201 460
1 15 108 80.856734256377038 -49.871720698143406 460
5 36 120 73.813784656538473 0.639633084289841 460
1 15 108 79.980330436976132 51.265453701221738 460
1 15 108 60.006377652326307 73.649403534899008 460
1 15 108 33.729140831573481 59.175052942693739 460