5 16 103 94.000000000000000 0.000000000000000 0
4 20 100 83.191489361702125 34.339133620139606 0
4 20 100 58.138650751956931 3.156521837383810 0
4 20 100 43.660136096615048 40.444222401712665 0
4 20 100 40.591595044261361 80.326349423851553 0
4 20 100 18.607297486869847 9.261610618956873 0
4 20 100 4.128782831527968 46.549311183285738 0
4 20 100 1.060241779174284 86.431438205424612 0
3 25 110 75.948021632484227 -38.169333372639699 0
4 20 100 32.015921814567690 -28.424047045978067 0
4 20 100 -7.325127245438640 -21.193427511098967 0
5 16 103 -17.149378556045491 13.440141265249210 0
4 20 100 -35.803913819131481 44.229884916638738 0
5 16 103 -34.396756802726429 80.202373142103241 0
3 25 110 -78.958139604305160 31.473992282947776 0
5 16 103 -63.394836324445428 69.405293223188494 110
4 20 100 -81.459877549021158 38.266020823943521 110
4 20 100 -89.996332604787455 -0.812476269482190 110
2 35 80 -26.620219336041536 34.069368934213173 110
2 35 80 -45.618875965210137 -33.303110953994512 110
2 35 80 22.226731448518187 -16.070190288528305 110
2 35 80 62.836482449283736 40.946019017736702 110
5 16 103 38.488981530166996 85.758954638979034 110
3 25 110 0.301480147847419 -71.920735096994008 110
5 16 103 -38.254919869482002 -85.863619221294826 110
5 16 103 -38.254919869482002 -85.863619221294826 220
2 35 80 -62.724563211500566 -41.117261216263771 220
2 35 80 4.995394145044379 -58.837514477087538 220
2 35 80 -13.518395047860681 8.669815567291138 220
2 35 80 54.201562308684260 -9.050437693532619 220
2 35 80 44.611377249941611 60.289510031707778 220
5 16 103 52.182922514705901 -78.185309347883248 220
5 16 103 6.163980198143960 93.797683063692403 220
5 16 103 87.896630323510692 33.319399420939448 220
3 25 110 -83.644863340995030 15.117434857351441 220
5 16 103 -52.403582824963266 41.668939366863022 220
3 25 110 -33.572910501167073 78.088793565278152 220
5 16 103 -71.074733200657448 61.517333333422066 330
2 35 80 -21.154212265024139 71.954842112579897 330
2 35 80 -57.756712627630250 12.286953200658267 330
2 35 80 -48.611658249549073 -57.113104295153207 330
2 35 80 12.218445141584766 10.422202500573075 330
2 35 80 67.719056399597818 -32.235530092556090 330
5 16 103 -12.534243516811308 -93.160575027536581 330
3 25 110 17.939028275972909 -65.731034268655804 330
5 16 103 93.241296660702517 11.918917611547812 330
5 16 103 58.121549966611411 -73.877502864395012 440
1 27 110 75.474340214844943 -34.534388211373305 440
5 16 103 93.900796501843871 4.317454842764008 440
5 16 103 35.750388974094328 -50.996699647574104 440
5 16 103 61.961477776626239 6.287205935913230 440
5 16 103 35.378863498358541 -18.998856457432687 440
5 16 103 30.598839636404321 12.642119695005286 440
2 35 80 -9.569521961833225 -74.386989785996803 440
2 35 80 -66.805770736823419 -34.087959696335417 440
2 35 80 -65.846770336625212 35.905470839911480 440
2 35 80 1.610105585023187 54.602259090606630 440
3 25 110 -5.377261589118067 -14.533627700251259 440
3 25 110 61.469543113969365 58.706858793158574 440