4 12 75 98.000000000000000 0.000000000000000 0
2 27 73 76.387755102040813 32.463993446134097 0
2 27 73 64.668684805907802 -20.249035222253880 0
4 12 75 95.061224489795919 23.819395426849606 75
2 27 73 81.987614623007943 -12.924049227279166 75
4 12 75 71.071366523349511 24.517044873009937 75
4 12 75 83.670477649883708 44.944046582052856 75
5 22 57 50.294976055414978 51.430639934315273 75
2 27 73 31.482114774809681 6.186013176691315 75
2 27 73 40.185065189164455 -47.108063924664727 75
4 12 75 8.058992299604252 -24.996631571814650 75
2 27 73 -22.126703580175626 -0.302021547490703 75
2 27 73 -0.941097294460162 49.368594376883074 75
5 22 57 11.985105719701735 -87.180027763746281 75
4 12 75 45.951970681620097 -85.679333038359772 75
4 12 75 1.931242623600159 -54.700498259074472 75
1 20 85 -33.010873320568635 83.727428257491397 75
2 27 73 -66.034196826826729 50.284041697499873 75
2 27 73 -82.994173041977831 -0.983484152510762 75
4 12 75 -1.348918775094159 88.366462031922026 75
5 22 57 -73.111546555019075 -48.976542960209834 75
4 12 75 -63.655178261989874 74.511866708828947 160
2 27 73 -74.300295107635463 36.992785065716291 160
2 27 73 -81.333820269270888 -16.547195545044506 160
2 27 73 -26.609216794138085 62.321840502030156 160
2 27 73 -31.450074361408042 4.131583292202571 160
2 27 73 -38.483599523043466 -49.408397318558229 160
4 12 75 -75.016237400801131 -63.060004172428066 160
1 20 85 -13.197966648330556 -89.027039018208143 160
1 20 85 8.157595267861744 -55.204857313834353 160
2 27 73 54.583746617192809 -62.526911048204617 160
4 12 75 22.048965369026817 -84.032445432032119 160
5 22 57 84.699611494219056 -23.874166220589881 160
4 12 75 50.699957507976990 -23.720775165394322 160
4 12 75 97.709646418813392 7.538235649703896 160
2 27 73 60.320335643289219 18.630550094005951 160
5 22 57 19.496374049859075 45.730442341358902 160
4 12 75 51.690508161774233 56.663773434123854 160
4 12 75 6.158574959808769 14.455802208601929 160
1 20 85 16.023084923702186 -15.985804897006798 160
4 12 75 -45.132974423569820 -86.988589019947852 245
2 27 73 -63.995954909452678 -52.853739273842294 245
2 27 73 -11.808725452569824 -66.727926875812329 245
5 22 57 -87.449126679563108 -9.831085544420915 245
2 27 73 -38.672297775946554 -5.159794276760909 245
2 27 73 -74.133915641220867 37.325092788904726 245
4 12 75 -35.303280924249250 33.694416890794400 245
5 22 57 -1.919988255121602 27.248040345217149 245
1 20 85 31.829551817555959 -84.183606664798589 245
2 27 73 33.409659508092702 -37.210175241425787 245
2 27 73 81.902593848124198 -13.452327714905323 245
4 12 75 70.037702506761079 -50.603698530228492 245
5 22 57 80.509446088125344 35.527863580339847 245
5 22 57 39.666114078480888 11.388762773809368 245
2 27 73 38.272966318482027 60.368954069054539 245
4 12 75 9.713495214508983 -4.699761807072331 245
4 12 75 -4.532691558273202 -24.014164786067209 245
5 22 57 -10.045198661961923 -87.424790442080663 330
5 22 57 -51.113893507698158 -71.633580745930132 330
5 22 57 -79.404114976509845 -37.933975863297064 330
5 22 57 -87.843307701194078 5.249122985160263 330
5 22 57 -46.226050721953378 -9.033871152059042 330
2 27 73 -66.669762089679594 49.438272855203209 330
5 22 57 -22.574923152004899 28.069015051982056 330
5 22 57 -2.268444930556370 -10.964905353760393 330
2 27 73 -22.144418975755844 79.991403964589750 330
5 22 57 26.703367900986937 83.850641874374105 330
5 22 57 19.656431354671835 40.418618144041112 330
5 22 57 39.962909576120367 1.384697738298666 330
2 27 73 31.136086189804033 -46.813717058318652 330
4 12 75 23.877424613963832 -85.132274339711969 330
4 12 75 -21.276024688926810 -55.333225401527592 330
1 20 85 63.562726867247633 63.716400974942673 330
5 22 57 83.785915344796607 26.905768709229953 330
4 12 75 97.917585454889746 -4.018265631384477 330
4 12 75 73.972939162146588 -5.647349397009014 330
3 20 90 29.674598315029662 84.967159625596750 415
3 20 90 63.562726867247633 63.716400974942673 415
3 20 90 84.895255050626560 29.879686576151769 415
3 20 90 28.214965749980291 44.993800087336169 415
4 12 75 97.997605807675342 0.685022600704734 415
2 27 73 76.612813084109888 -31.929247898114372 415
1 20 85 51.529507168986939 7.817799342760751 415
1 20 85 30.001778165229666 -25.895059983330061 415
1 20 85 10.596848766006637 9.082771782106320 415
1 20 85 -11.693955530357627 42.296022809688509 415
1 20 85 -10.234322965308245 82.269382347949076 415
1 20 85 -49.587834495251528 75.106901614109617 415
1 20 85 -77.236462540716872 46.200961615494975 415
2 27 73 -82.998809963522291 -0.444459940954573 415
5 22 57 -73.428081550570383 -48.500689065236848 415
2 27 73 -32.992391809372293 -20.824797116582907 415
4 12 75 -41.082190943013444 -58.976535608784530 415
2 27 73 -9.904962491115530 -82.406866935041251 415
4 12 75 27.293734594989139 -94.122537427856741 415
4 12 75 60.659310840026208 76.970435937527853 505
2 27 73 72.779554172739594 39.901585111587515 505
2 27 73 81.924473207834779 -13.318434202966987 505
2 27 73 31.262124973984498 5.371843254365957 505
2 27 73 22.117205938889317 58.591862568920462 505