3 15 117 95.000000000000000 0.000000000000000 0
3 15 117 90.263157894736835 29.623678483095365 0
3 15 117 66.976720827465385 10.709613644674024 0
2 16 102 61.515748820247723 41.224819440086662 0
1 18 90 35.217771493639276 19.674497202839532 0
1 18 90 30.601215490907755 55.377261951156214 0
2 16 102 29.203462199401869 89.348518709422962 0
1 18 90 -0.697621252564751 73.164415138371282 0
2 16 102 -30.901870392721303 88.775415550880155 0
1 18 90 -31.651597920398171 54.783682605438209 0
2 16 102 -61.474105612157786 71.112125120722354 0
2 16 102 -61.825473152375650 39.114054228062571 0
1 18 90 -89.835100048666362 19.840735854451125 0
2 16 102 -58.225597142197330 7.317184999924041 0
2 16 102 -82.625834433251086 -13.386158211747588 0
5 17 86 70.897552511370804 -21.049276117193966 0
2 16 102 38.625913212461150 -14.154256395607248 0
2 16 102 9.023342265622301 -2.001569724036529 0
2 16 102 2.624141153981878 29.352062045389804 0
2 16 102 -28.254169325485318 20.953851406591404 0
1 18 90 -30.920156694560816 -12.941465546461709 0
3 15 117 59.035331900403818 72.125426746477132 0
3 15 117 -57.848628744165758 -32.016511891717208 0
3 15 117 90.263157894736835 29.623678483095365 117
3 15 117 95.000000000000000 0.000000000000000 117
3 15 117 66.976720827465385 10.709613644674024 117
2 16 102 61.515748820247723 41.224819440086662 117
1 18 90 35.217771493639276 19.674497202839532 117
1 18 90 30.601215490907755 55.377261951156214 117
2 16 102 29.203462199401869 89.348518709422962 117
1 18 90 -0.697621252564751 73.164415138371282 117
2 16 102 -30.901870392721303 88.775415550880155 117
1 18 90 -31.651597920398171 54.783682605438209 117
2 16 102 -61.474105612157786 71.112125120722354 117
2 16 102 -61.825473152375650 39.114054228062571 117
1 18 90 -89.835100048666362 19.840735854451125 117
2 16 102 -58.225597142197330 7.317184999924041 117
2 16 102 -82.625834433251086 -13.386158211747588 117
5 17 86 70.897552511370804 -21.049276117193966 117
2 16 102 38.625913212461150 -14.154256395607248 117
2 16 102 9.023342265622301 -2.001569724036529 117
2 16 102 2.624141153981878 29.352062045389804 117
2 16 102 -28.254169325485318 20.953851406591404 117
1 18 90 -30.920156694560816 -12.941465546461709 117
3 15 117 59.035331900403818 72.125426746477132 117
3 15 117 -57.848628744165758 -32.016511891717208 117
3 15 117 95.000000000000000 0.000000000000000 234
3 15 117 90.263157894736835 29.623678483095365 234
3 15 117 66.976720827465385 10.709613644674024 234
2 16 102 61.515748820247723 41.224819440086662 234
1 18 90 35.217771493639276 19.674497202839532 234
1 18 90 30.601215490907755 55.377261951156214 234
2 16 102 29.203462199401869 89.348518709422962 234
1 18 90 -0.697621252564751 73.164415138371282 234
2 16 102 -30.901870392721303 88.775415550880155 234
1 18 90 -31.651597920398171 54.783682605438209 234
2 16 102 -61.474105612157786 71.112125120722354 234
1 18 90 -63.036043910544628 37.148021294005055 234
1 18 90 -90.877736068429627 14.326098110680505 234
1 18 90 -57.192524749511051 1.625447009268402 234
5 17 86 70.897552511370804 -21.049276117193966 234
5 17 86 37.394444319443480 -15.257752873692974 234
5 17 86 0.120936956189336 38.173988412495518 234
5 17 86 -24.923066396240831 15.178382395617710 234
5 17 86 -28.640604192071766 -18.617769940655258 234
1 18 90 -59.946134825323647 -34.269087833105353 234
5 17 86 3.973509750215928 -9.009462505967532 234
1 18 90 -3.687733026444739 -43.160675648652010 234
3 15 117 59.035331900403818 72.125426746477132 234
3 15 117 -91.635130361022931 -25.059985708661777 234
3 15 117 90.263157894736835 29.623678483095365 351
3 15 117 95.000000000000000 0.000000000000000 351
3 15 117 66.976720827465385 10.709613644674024 351
1 18 90 72.084330237012907 57.165105915070846 351
5 17 86 70.897552511370804 -21.049276117193966 351
5 17 86 45.484339145053113 34.417787965306758 351
5 17 86 38.719469885602066 67.738000208066182 351
4 28 75 1.269617776470781 42.787878424712183 351
4 28 75 28.000746584160268 -7.452804470357245 351
1 18 90 10.128965175491828 87.926686158894299 351
1 18 90 -17.272703148445579 0.690582374758943 351
5 17 86 -24.829850609143456 89.624095636874458 351
4 28 75 -53.412133487482990 54.867037282310278 351
1 18 90 -88.502953884550791 25.124234390505833 351
5 17 86 -92.498301712695067 -9.646977778933177 351
1 18 90 -59.943949243184591 3.206587302042522 351
4 28 75 -62.012305952981222 -42.746888089064072 351
3 15 117 95.000000000000000 0.000000000000000 468
3 15 117 90.263157894736835 29.623678483095365 468
3 15 117 66.976720827465385 10.709613644674024 468
1 18 90 72.084330237012907 57.165105915070846 468
5 17 86 70.897552511370804 -21.049276117193966 468
5 17 86 45.484339145053113 34.417787965306758 468
5 17 86 38.719469885602066 67.738000208066182 468
4 28 75 1.269617776470781 42.787878424712183 468
4 28 75 28.000746584160268 -7.452804470357245 468
4 28 75 -27.944971369283415 -4.987719750975590 468
4 28 75 -80.949922547328342 13.080903622515688 468
5 17 86 10.575820854222250 86.815081200673873 468
4 28 75 -70.469208275200998 -41.929591997375127 468
5 17 86 -43.474090274111902 37.991985402112270 468
5 17 86 -34.057843909412640 70.662068113964835 468
5 17 86 -67.412119715153395 64.067199997423231 468