3 11 116 99.000000000000000 0.000000000000000 0
3 11 116 96.555555555555557 21.863775779997951 0
3 11 116 78.843192529652626 8.814936902970350 0
3 11 116 81.287636974097069 -13.048838877027592 0
3 11 116 76.398748085208183 30.678712682968296 0
3 11 116 84.861216147439819 50.986017632067515 0
3 11 116 63.043340148006621 48.161077478124973 0
3 11 116 61.130829503749695 -4.233901974057249 0
3 11 116 58.686385059305252 17.629873805940697 0
2 23 95 43.004411673530228 75.628173167236682 0
3 11 116 42.031369059010231 41.642099724275845 0
2 23 95 27.936397126109341 3.123384151020523 0
3 11 116 20.679845432286609 36.339983277283864 0
2 23 95 -1.073566562916817 62.470216084645912 0
2 23 95 -45.577629284560345 74.105868248062421 0
2 23 95 -76.995135506540109 40.506161362557258 0
2 23 95 -86.887776259919150 -4.417503435904855 0
2 23 95 -43.036420936664697 9.477050760386723 0
2 23 95 -52.929061690043753 -35.446614038075396 0
1 22 51 -39.795858238120644 -78.487512809945798 0
4 16 51 -16.239242255831915 -48.669970264273474 0
1 22 51 4.146500459068374 -80.738981692159584 0
4 16 51 11.113315655391926 -32.061611654430472 0
2 23 95 48.352998217707430 -72.325566457224397 0
4 16 51 -6.135606947841062 22.099646648801990 0
3 11 116 -91.366121506493016 -38.121278059120144 0
3 11 116 13.802926360398244 93.042915643280850 0
3 11 116 -16.991764044920387 92.513701051006507 0
3 11 116 -69.878155003283183 -64.920810140074551 0
3 11 116 37.977813969592013 -29.359995411078962 0
4 16 51 63.989701274235017 -36.597517006939810 0
3 11 116 79.501882330353055 -58.696662666494454 0
3 11 116 -26.469064547714908 39.863387866071861 0
3 11 116 -11.939166658561499 -4.269249700573397 0
3 11 116 96.555555555555557 21.863775779997951 116
3 11 116 99.000000000000000 0.000000000000000 116
3 11 116 78.843192529652626 8.814936902970350 116
3 11 116 76.398748085208183 30.678712682968296 116
3 11 116 84.861216147439819 50.986017632067515 116
3 11 116 81.287636974097069 -13.048838877027592 116
3 11 116 63.043340148006621 48.161077478124973 116
3 11 116 61.130829503749695 -4.233901974057249 116
3 11 116 58.686385059305252 17.629873805940697 116
2 23 95 43.004411673530228 75.628173167236682 116
3 11 116 42.031369059010231 41.642099724275845 116
2 23 95 27.936397126109341 3.123384151020523 116
3 11 116 20.679845432286609 36.339983277283864 116
2 23 95 -1.073566562916817 62.470216084645912 116
2 23 95 -45.577629284560345 74.105868248062421 116
2 23 95 -76.995135506540109 40.506161362557258 116
2 23 95 -86.887776259919150 -4.417503435904855 116
2 23 95 -43.036420936664697 9.477050760386723 116
2 23 95 -52.929061690043753 -35.446614038075396 116
1 22 51 -39.795858238120644 -78.487512809945798 116
4 16 51 -16.239242255831915 -48.669970264273474 116
1 22 51 4.146500459068374 -80.738981692159584 116
4 16 51 11.113315655391926 -32.061611654430472 116
2 23 95 48.352998217707430 -72.325566457224397 116
4 16 51 -6.135606947841062 22.099646648801990 116
4 16 51 93.866819742869737 -5.002014730046245 232
2 23 95 80.977457619277374 31.806467227878919 232
4 16 51 61.984823650884437 -2.256413668232131 232
4 16 51 42.889452926180127 23.421725222390485 232
1 22 51 46.910903261327562 61.208335776949923 232
2 23 95 53.439484593872912 68.652905884173762 327
2 23 95 80.977457619277374 31.806467227878954 327
2 23 95 85.877261755477065 -13.931830941454816 327
2 23 95 35.298519191238881 26.381102347295478 327
2 23 95 7.760546165834420 63.227541003590289 327
4 16 51 -18.358033607983231 92.189926792725885 327
4 16 51 -31.238048781062695 62.896493925592630 327
1 22 51 -68.467515876562288 55.282902146076673 327
1 22 51 -86.672796309713164 15.225845784552362 327
4 16 51 -91.268644391082262 -22.495211735259780 327
1 22 51 -54.140964755811915 -14.399817680568464 327
4 16 51 -38.623111249149460 31.760327617865268 327
4 16 51 -21.358311504290260 4.817300880508713 327
1 22 51 -14.021770462202408 -32.467751962926556 327
4 16 51 -46.804423713724056 -51.684870524003728 327
4 16 51 65.370659343578183 67.547589868076372 422
2 23 95 29.137627676084524 81.975597914317603 422
4 16 51 42.377636047162866 45.291784340293226 422
1 22 51 4.388272240754226 44.392763993288092 422
4 16 51 -9.792822732062600 79.647501907105436 422
2 23 95 78.610667714656529 30.863776294051991 422
1 22 51 86.981350056018769 -13.350833023909949 422
1 22 51 69.645237054066513 -53.791643920620992 422
4 16 51 49.835732262299857 -21.363515391441663 422
4 16 51 43.778185681394177 13.322448083153720 422
4 16 51 12.361815515377319 7.238725078955870 422
1 22 51 -25.343961099915298 11.958302373338555 422
4 16 51 -33.317504374538395 49.112341287670773 422
1 22 51 -71.231110680020947 51.673289727775277 422
4 16 51 -91.894761310050285 19.782639959542458 422
2 23 95 24.719946047194252 -51.199689455773566 422
1 22 51 -15.448616839265370 -30.914558062643813 422
4 16 51 -50.586447964651171 -16.446219394922871 422
5 19 117 -85.539580439719160 -14.635548198833590 422