2 15 66 95.000000000000000 0.000000000000000 0
2 15 66 90.263157894736835 29.623678483095365 0
2 15 66 66.976720827465385 10.709613644674024 0
5 17 63 70.897552511370804 -21.049276117193966 0
3 22 62 34.505339964726218 -7.027619083881373 0
2 15 66 43.156449966578357 28.946792596309507 0
3 22 62 66.299851550278575 57.815165656383094 0
2 15 66 90.263157894736835 29.623678483095365 66
2 15 66 95.000000000000000 0.000000000000000 66
2 15 66 66.976720827465385 10.709613644674024 66
5 17 63 70.897552511370804 -21.049276117193966 66
3 22 62 34.505339964726218 -7.027619083881373 66
2 15 66 43.156449966578357 28.946792596309507 66
3 22 62 66.299851550278575 57.815165656383094 66
2 15 66 95.000000000000000 0.000000000000000 132
2 15 66 90.263157894736835 29.623678483095365 132
2 15 66 66.976720827465385 10.709613644674024 132
5 17 63 70.897552511370804 -21.049276117193966 132
3 22 62 34.505339964726218 -7.027619083881373 132
2 15 66 43.156449966578357 28.946792596309507 132
3 22 62 66.299851550278575 57.815165656383094 132
2 15 66 90.263157894736835 29.623678483095365 198
2 15 66 95.000000000000000 0.000000000000000 198
2 15 66 66.976720827465385 10.709613644674024 198
5 17 63 70.897552511370804 -21.049276117193966 198
3 22 62 34.505339964726218 -7.027619083881373 198
2 15 66 43.156449966578357 28.946792596309507 198
3 22 62 66.299851550278575 57.815165656383094 198
2 15 66 95.000000000000000 0.000000000000000 264
2 15 66 90.263157894736835 29.623678483095365 264
2 15 66 66.976720827465385 10.709613644674024 264
5 17 63 70.897552511370804 -21.049276117193966 264
3 22 62 34.505339964726218 -7.027619083881373 264
2 15 66 43.156449966578357 28.946792596309507 264
3 22 62 66.299851550278575 57.815165656383094 264
2 15 66 90.263157894736835 29.623678483095365 330
2 15 66 95.000000000000000 0.000000000000000 330
2 15 66 66.976720827465385 10.709613644674024 330
5 17 63 70.897552511370804 -21.049276117193966 330
3 22 62 34.505339964726218 -7.027619083881373 330
2 15 66 43.156449966578357 28.946792596309507 330
3 22 62 66.299851550278575 57.815165656383094 330
2 15 66 95.000000000000000 0.000000000000000 396
2 15 66 90.263157894736835 29.623678483095365 396
2 15 66 66.976720827465385 10.709613644674024 396
5 17 63 70.897552511370804 -21.049276117193966 396
3 22 62 34.505339964726218 -7.027619083881373 396
2 15 66 43.156449966578357 28.946792596309507 396
3 22 62 66.299851550278575 57.815165656383094 396
2 15 66 90.263157894736835 29.623678483095365 462
2 15 66 95.000000000000000 0.000000000000000 462
2 15 66 66.976720827465385 10.709613644674024 462
5 17 63 70.897552511370804 -21.049276117193966 462
3 22 62 34.505339964726218 -7.027619083881373 462
2 15 66 43.156449966578357 28.946792596309507 462
3 22 62 66.299851550278575 57.815165656383094 462
8 18 49 72.084330237012907 57.165105915070846 528