5 13 58 97.000000000000000 0.000000000000000 0
3 16 61 89.711340206185568 28.069118946095067 0
5 13 58 71.575422248941891 5.439746885692533 0
3 16 61 57.844279924987688 30.982959887962117 0
4 30 92 30.031861469953064 -5.656764178712422 0
5 13 58 29.549735120797969 37.340532878003252 0
4 30 92 -13.419684194439061 35.719112602030805 0
4 30 92 -73.306404315517767 32.033905261922683 0
1 15 77 -94.699038505708245 -7.555931848182901 0
1 15 77 -65.061348875331248 -12.204302893338882 0
1 15 77 -83.905801101840851 -35.547109500145993 0
1 15 77 21.463396182968559 64.147455912595348 0
1 15 77 51.327015436905384 61.290141604386719 0
3 16 61 -69.681532238075647 -63.091077538381157 0
5 13 58 -62.978073383869948 73.775078941712366 0
5 13 58 41.695306996721605 87.581398564130836 0
4 30 92 -29.802002759964964 -40.164605315108297 0
5 13 58 -46.092175480287125 -79.959457654852841 0
5 13 58 -62.978073383869948 73.775078941712366 92
3 16 61 -79.594317865391290 50.007445081138194 92
3 16 61 -47.604885001362646 49.185140370094445 92
4 30 92 -64.707855343284365 6.482817184073916 92
4 30 92 -59.654688067725111 -53.304016654867723 92
1 15 77 -32.571782985890600 -89.241688425981977 92
3 16 61 -27.433969457744134 -20.473767002200965 92
3 16 61 -13.817905513155420 -49.432406518878388 92
6 25 108 7.164548372613716 -84.656498117265585 92
1 15 77 47.106292277425226 -82.498468033496167 92
1 15 77 70.482850421527019 -63.695900939202119 92
1 15 77 86.830647858772920 -38.541388044876825 92
1 15 77 94.519433321182731 -9.543412630840816 92
1 15 77 56.872301953841053 -36.961036615462390 92
3 16 61 91.551651374252145 21.314200211300314 92
1 15 77 66.996141530808359 2.392600481664997 92
1 15 77 62.469685181744495 32.049154443985358 92
5 13 58 -93.301629791713381 -26.529339950516331 92
5 13 58 34.002230428185769 -57.754103765014598 92
1 15 77 27.575976958088379 -30.501521018822238 92
4 30 92 21.226865894923030 14.048325094352961 92
3 16 61 -17.119894493099888 39.455528162450733 92
1 15 77 8.327271670886585 57.159813921059076 92
3 16 61 39.316485723718344 56.342126702267748 92
1 15 77 69.948897703672031 61.101888911705302 92
3 16 61 33.533373163651554 87.815220117399321 92
5 13 58 45.145682833370230 -85.853755430433793 200
3 16 61 66.597102934544637 -66.338720825213883 200
5 13 58 38.127257837556627 -60.818945453560808 200
7 35 93 73.320332013431454 -15.783818088161659 200
3 16 61 87.994743763997050 33.059417265107712 200
7 35 93 38.381969913602823 44.873505078800292 200
4 30 92 8.389173568623193 -12.793055139480259 200
3 16 61 -10.179678356265690 29.292544989204497 200
5 13 58 -7.734091783758034 58.189242141584572 200
2 14 98 5.854895276637918 81.520325071281420 200
8 15 111 18.140726264179111 -93.251884970804326 200
4 30 92 -18.128754569184078 -66.614978992851476 200
4 30 92 -51.480943837851562 -16.738817643094599 200
7 35 93 -57.655372777509740 47.967259561980285 200
3 16 61 -93.996392329252330 0.823546650332652 200
5 13 58 -60.052459381534739 -76.175469294446231 200
2 14 98 -22.144314969201577 81.730623928331525 200
2 14 98 -75.179878902977777 -53.811185746291500 200
5 13 58 -9.668251413673673 -96.516966977842799 311
3 16 61 18.987571491199851 -92.062327413913309 311
4 30 92 -6.316990930184346 -53.647758294082344 311
3 16 61 -39.852327229268973 -85.133965104482641 311
3 16 61 -52.273693513764378 -55.643124837945621 311
3 16 61 -82.481988323391178 -45.085713948211598 311
5 13 58 34.393179290736093 -67.492686628446620 311
3 16 61 63.325808433662395 -69.468280432317400 311
5 13 58 47.604562182304392 -45.099398301530968 311
5 13 58 -59.398162692228127 -27.531882621972308 311
7 35 93 -27.071023886429376 7.949888706846970 311
5 13 58 14.510666116020657 -16.028498572954554 311
5 13 58 40.176593884518596 -20.183032455623803 311
6 25 108 -65.885104514751447 53.704310842615584 311
5 13 58 -74.277344911283549 16.642601476656559 311
8 15 111 -41.535325636061984 85.438964906571115 311
7 35 93 5.919093025552549 69.688468105256874 311
5 13 58 52.412322822544482 81.620759714336046 311
5 13 58 18.395423372148873 23.338266583768316 311
5 13 58 37.475643331210314 5.676295960028908 311
2 14 98 52.544986964296577 54.621085638053316 311
6 25 108 80.465516689099871 27.391615942769562 311
6 25 108 78.195957184896429 -22.556848494657146 311
5 13 58 -65.725605171808127 71.338242372514259 422
7 35 93 -71.174080476908699 23.648472852734557 422
5 13 58 -95.349247178600365 -17.819120698681214 422
5 13 58 -41.658382622866782 61.501129036797863 422
5 13 58 -70.180578090897654 -24.341244306350582 422
2 14 98 -25.057047248179749 40.208039458787702 422
7 35 93 10.125762676610847 74.313315968384529 422
7 35 93 67.058922113813423 33.587214307434081 422
7 35 93 -7.559765530670177 -5.561438717155106 422
6 25 108 81.335256797530263 -24.689592983275524 422
7 35 93 37.072721537003858 -65.196727815433889 422
2 14 98 43.187764595271368 -16.579794053672082 422
2 14 98 -10.736146144206806 -54.458377335006723 422
2 14 98 -36.993931833707151 -44.735790709819426 422