4 13 93 97.000000000000000 0.000000000000000 0
8 16 64 89.711340206185568 28.069118946095067 0
1 29 78 55.003914488892768 -0.573412367994514 0
8 16 64 61.898854946710131 43.895225975034990 0
3 18 72 28.385643108317101 38.162457684322966 0
3 18 72 42.022028700699451 71.479855361450561 0
1 29 78 -4.977488667908595 71.266859779545882 0
3 18 72 -51.730534054434671 76.078589934639126 0
3 18 72 -41.420324443107965 41.586567990854697 0
3 18 72 -76.446396479978944 49.903675520995499 0
3 18 72 -90.463355349151541 16.744591334909725 0
1 29 78 -48.714865203838983 -4.843914185082635 0
3 18 72 -85.394662183392100 -34.230858455264361 0
8 16 64 -68.888907869656961 -63.955596881945489 0
1 29 78 -24.357077181117596 -57.481335879540374 0
6 19 101 -9.170109903151236 23.450315287311899 0
3 18 72 -2.415301331745059 -12.927872698947912 0
8 16 64 17.352674991833169 -40.590611393271914 0
3 18 72 19.443264886766762 -74.526277496815567 0
3 18 72 55.426554923328929 -73.429537716992357 0
4 13 93 57.501720520583689 -42.499072351208234 0