5 16 103 94.000000000000000 0.000000000000000 0
4 20 100 83.191489361702125 34.339133620139606 0
4 20 100 58.138650751956931 3.156521837383810 0
4 20 100 43.660136096615048 40.444222401712665 0
4 20 100 40.591595044261361 80.326349423851553 0
4 20 100 18.607297486869847 9.261610618956873 0
4 20 100 4.128782831527968 46.549311183285738 0
4 20 100 1.060241779174284 86.431438205424612 0
6 24 70 77.411355098980323 -36.398033742880592 0
2 35 80 19.154950431120579 -45.735662733934483 0
3 25 110 -42.136640223498354 73.820752845493658 0
4 20 100 -77.420671308001445 45.891607666526582 0
4 20 100 -41.242094373631588 28.829644971576098 0
4 20 100 -74.107475973066030 6.029059621117309 0
4 20 100 -83.820538521357435 -32.773729143776634 0
5 16 103 -49.926659005292876 -20.640925207732032 0
5 16 103 -53.655817081568976 -52.422891478593009 0
5 16 103 -13.662303012412792 -6.696863105578880 0
5 16 103 -6.326656623279341 93.786850975875694 110
7 31 80 -43.963957789051122 65.636654511961012 110
7 31 80 16.694988390647850 52.811201367202962 110
7 31 80 73.703667625121739 28.438870909471472 110
5 16 103 59.086463127743073 73.108069835373570 110
2 35 80 65.229598755477909 -37.014854399272672 110
2 35 80 -25.687644603825696 2.217600779225805 110
7 31 80 -54.562417992257686 -57.130924575383474 110
6 24 70 -82.003305279820410 25.912505150690798 110
5 16 103 -73.935526696580297 -14.309403594333547 110
5 16 103 33.992221173402022 3.299240428651011 110
1 27 110 -2.630288795085249 -82.958312307172989 110
5 16 103 40.346061689323676 -81.532374355772149 110
5 16 103 14.654615739881041 -43.585325689225115 110
5 16 103 -45.623349453809965 -82.185825934984294 220
7 31 80 1.267860608380467 -78.989825480739711 220
7 31 80 -67.709832176015880 -40.698631754590501 220
2 35 80 58.770378359998894 -46.594448461405506 220
2 35 80 -70.626477509156601 25.236891144683366 220
6 24 70 -14.618750866881371 -26.334193532826689 220
6 24 70 24.523422433589467 1.448719729031005 220
3 25 110 84.665833398133401 7.529718122182231 220
1 27 110 -34.385850691915309 75.542129121393629 220
6 24 70 7.388350297515531 46.286084759678637 220
6 24 70 48.543255662628518 70.989804406496887 220
6 24 70 75.781985098475928 -40.658218536162806 330
1 27 110 82.406292412692821 9.909741207204469 330
3 25 110 35.563402634940644 -12.667762580180014 330
1 27 110 37.110911888155172 39.309205541394910 330
3 25 110 11.009733100898750 84.283959191811675 330
1 27 110 -16.878176254256058 40.394729171239774 330
3 25 110 -67.701097818919763 51.396121975427846 330
8 33 120 -55.704182061202033 -5.349574004991887 330
8 33 120 26.926910895790293 -70.021149667950056 330
3 25 110 -29.628614035099041 -57.157534321106198 330
3 25 110 -67.701097818919777 51.396121975427846 450
1 27 110 -82.982746189265697 1.692286881090268 450
3 25 110 -69.740204840322733 -48.593248798879735 450
3 25 110 -32.859058928362344 15.534829110433657 450
3 25 110 -22.135890407626956 -33.301772500201679 450