4 10 71 100.000000000000000 0.000000000000000 0
4 10 71 98.000000000000000 19.899748742132399 0
4 10 71 81.766312060385914 8.217823563497323 0
4 10 71 83.766312060385914 -11.681925178635078 0
4 10 71 65.532624120771828 -3.464101615137756 0
4 10 71 63.532624120771821 16.435647126994645 0
6 16 64 84.144800066126621 41.900508610655038 0
8 24 85 61.297085244103947 -37.199249612800891 0
4 10 71 45.833351794767474 -6.919339642527328 0
4 10 71 43.833351794767466 12.980409099605071 0
4 10 71 50.690664049928237 31.768098383687398 0
6 16 64 56.045060641777823 57.210787650688829 0
1 25 65 17.563313155276198 43.063169109565877 0
6 16 64 34.157729805784946 80.554839331487415 0
2 14 113 94.245798782780810 -18.268262418620758 85
5 32 94 74.452532592290382 23.255545372962956 85
5 32 94 52.107359458713667 -36.716891943111513 85
4 10 71 37.788904228890402 2.767052133329823 85
5 32 94 11.664926941010908 35.653794304945983 85
4 10 71 48.328555304410891 56.142287544579119 85
4 10 71 90.746925952565618 -42.011848687716324 198
1 25 65 84.664525596225644 -7.544408894410015 198
4 10 71 70.879218534008672 -39.715285618558994 198
4 10 71 55.512835870461345 -26.913946476210167 198
4 10 71 49.665372301041145 -7.787860368375568 198
4 10 71 55.246203685150576 11.417720098304924 198
4 10 71 70.433017734100844 24.431584975527478 198
4 10 71 90.266854758438811 27.004308997260235 198
6 16 64 67.435558940918881 -65.486222904713756 198
1 25 65 29.389083078263539 -50.206639322940831 198
4 10 71 31.109176426722115 -15.248932320441533 198
4 10 71 33.925796513928951 4.551740680351724 198
4 10 71 39.506627898038381 23.757321147032215 198
4 10 71 54.693441946988649 36.771186024254767 198
6 16 64 77.331690113242459 49.558277951784902 198
7 10 71 88.315116883069479 46.908849164414292 269
7 10 71 77.214071423863786 63.545158542177397 269
7 10 71 68.357127607106491 45.613216477057819 269
7 10 71 57.256082147900798 62.249525854820931 269
1 25 65 34.906665879956989 35.314351964864912 269
7 10 71 38.857268111407336 70.090676411373920 269
7 10 71 50.785467295009951 86.144276139668591 269
1 25 65 7.055192901992161 84.706695444431546 269
1 25 65 -14.893367710411894 39.781639105639655 269
7 10 71 -25.927780343375289 72.996722092823319 269
6 16 64 91.597370649145816 21.116857961424977 269
1 25 65 61.677359059137608 -6.915139941931365 269
7 10 71 27.603871015818754 1.084698341547071 269
1 25 65 -5.794014654965483 -9.383407156642434 269
7 10 71 -34.429546487272766 10.741361579442863 269
7 10 71 -47.142668638161311 26.180808628368776 269
7 10 71 -49.325406812641880 46.061343180077017 269
6 16 64 -51.906009832316911 71.932958669930841 269
7 10 71 -34.368982030914808 91.128079297133212 269
6 16 64 -77.667624231123895 52.950355487880685 269
1 25 65 -84.082492153289280 12.455300610264146 269
8 24 85 -78.024482510593501 -36.168772842800294 269
2 14 113 -51.491846119011171 -8.965478812259043 269
7 10 71 -44.298346509574152 -31.862062910526397 269
7 10 71 -47.712011777057064 -51.568581868515423 269
7 10 71 -61.614421242995491 -65.946447184388489 269
8 24 85 -30.007170609865565 -80.595097319814812 269
5 32 94 25.565634824316579 -73.691236358400801 269
7 10 71 -10.742646167546685 -52.579421386307537 269
7 10 71 -25.053428707443011 -38.607968237268288 269
2 14 113 70.721451993951405 -64.918997434242826 269
7 10 71 56.666648747830862 -45.464884611684212 269
2 14 113 86.445614571591022 -41.751116408306125 269
2 14 113 86.445614571591022 -41.751116408306125 382
5 32 94 77.923550177644586 3.452582759631806 382
8 24 85 48.525265028885457 -44.210199684453947 382
1 25 65 21.342024794411067 -3.441689160339223 382
8 24 85 37.940241874017644 42.661447281537015 382
7 10 71 71.858864409546399 45.012414166102019 382
5 32 94 -6.776915853516911 -53.023189509141744 382
1 25 65 -63.682742304645963 -56.298386589315825 382
8 24 85 -44.180809189091988 -11.346472227895582 382
1 25 65 -82.929759824760254 18.645507110496617 382
1 25 65 -36.435294923057619 37.037481814272766 382
8 24 85 -0.936846194687556 70.814102987493783 382
6 16 64 -91.521285581924744 -21.444213332080412 382
2 14 113 11.266922584591967 -95.336543127348662 382
7 10 71 35.203908821387913 -93.598529922725845 382
7 10 71 -12.721782867215094 -94.600329336088038 382
2 14 113 -77.093654913950274 57.206366533881095 382
7 10 71 35.203908821387913 -93.598529922725845 495
6 16 64 54.726341106364927 -76.426615711477069 495
1 25 65 15.434102099308138 -64.716792749009826 495
1 25 65 74.673575797432804 -40.606121184189199 495
8 24 85 85.703398949030486 7.136344202974051 495
6 16 64 81.458042456789755 46.910418023162379 495
1 25 65 43.351764403834324 31.780594066789078 495
7 10 71 60.497105731289807 62.293497415455320 495
1 25 65 29.337804954685854 79.776520358065326 495
1 25 65 30.803055248446501 -16.619094966648788 495
1 25 65 -4.837950412083885 18.448250463338368 495
7 10 71 12.725419215092533 48.722464694911359 495
7 10 71 -1.344586449702772 62.936364251072170 495
8 24 85 -30.514153051591560 80.404517681185325 495
1 25 65 -68.834925845366868 49.867353888720075 495
8 24 85 -85.909763049499517 3.938605435791729 495
6 16 64 -86.811920613134049 -36.051219666731264 495
6 16 64 -57.202206103113923 -23.915948485785052 495
1 25 65 -54.945306079552530 -64.853784313826196 495
6 16 64 -19.714648364034097 -85.825211469172160 495
6 16 64 -47.438951007063430 14.892902345934077 495
6 16 64 -19.796555616210298 -43.745365593663877 495