8 11 82 99.000000000000000 0.000000000000000 0
8 11 82 96.555555555555557 21.863775779997951 0
8 11 82 78.843192529652626 8.814936902970350 0
8 11 82 81.287636974097069 -13.048838877027592 0
8 11 82 76.398748085208183 30.678712682968296 0
8 11 82 84.861216147439819 50.986017632067515 0
8 11 82 63.043340148006621 48.161077478124973 0
8 11 82 61.130829503749695 -4.233901974057249 0
8 11 82 58.686385059305252 17.629873805940697 0
5 12 66 43.970973885323005 35.306317848242827 0
5 12 66 42.911153742540002 59.282906038912316 0
5 12 66 63.772201973195131 71.149525891181980 0
4 26 90 57.054430551868357 -41.008661954036732 0
8 11 82 93.238382514473102 -33.280685480993284 0
8 11 82 39.532840811553839 -8.420414180151971 0
2 19 60 38.990326995688321 -82.223806776196511 0
8 11 82 23.475378125621194 -56.547234544701062 0
1 22 98 11.482455166208034 -25.803620591725711 0
5 12 66 22.041941706920035 6.515061992756632 0
4 26 90 7.420722925538506 45.702430332088539 0
5 12 66 27.694485850038948 77.842351565364012 0
3 30 105 40.055024534893768 -69.250234725299364 98
3 30 105 76.937063197028465 -21.924605050409653 98
6 27 106 75.236270929670738 35.050014787403185 98
3 30 105 25.000161500355418 8.118002062657627 98
6 27 106 37.749789796000783 73.918559038699840 98
3 30 105 -15.154027964394238 52.700970429837803 98
3 30 105 -72.267228933586210 34.313956668688618 98
4 26 90 -81.346810632359848 -20.945080566638737 98
4 26 90 -53.430686258744238 -64.816369582996856 98
1 22 98 -33.347596227204562 -21.219701192108637 98
8 11 82 8.858854970815337 98.602843207516386 98
8 11 82 -19.110838425464543 -50.990739590098642 98
7 18 55 5.606866169822997 -35.823832207902960 98
5 12 66 -34.702868127320606 15.527823558953212 98
5 12 66 97.943002222868458 3.341902986500962 204
7 18 55 88.500381215338848 -25.133295142891591 204
2 19 60 66.985706738312516 4.968511815289371 204
2 19 60 51.804472808293276 -29.867247633329413 204
2 19 60 29.226437130675244 0.697966335170912 204
2 19 60 44.407671060694483 35.533725783789691 204
7 18 55 80.115122390556195 45.227946718220601 204
5 12 66 94.193669518357581 27.047229482267355 270
7 18 55 91.955250015633638 -2.869145266853334 270
2 19 60 63.769350594357235 21.100733202043639 270
2 19 60 57.510371437700059 -16.380264382286093 270
2 19 60 76.486806564408894 -49.302823667399579 270
2 19 60 28.180364948815928 7.780669361301190 270
2 19 60 34.439344105473104 45.261666945630921 270
7 18 55 66.719788646636289 63.344058939636817 270
5 12 66 97.943002222868444 3.341902986500958 336
2 19 60 85.317118043308795 31.654215655803455 336
7 18 55 88.500381215338848 -25.133295142891594 336
2 19 60 62.543691605595818 1.234303619670349 336
7 18 55 53.799654267746604 -34.717633894659791 336
7 18 55 48.514555723799042 35.471466855109149 336
7 18 55 27.376701162267278 -10.267121646740721 336
7 18 55 14.602278201503239 23.390182434535681 336
7 18 55 21.095717744089356 58.799718479318585 336
5 12 66 81.567222813159105 -54.321157595806596 336
1 22 98 47.326405927415223 -74.190372030294583 336
3 30 105 1.076963327842982 -50.420873524249650 336
3 30 105 -28.312453598973750 1.888419844154189 336
4 26 90 -83.816661005185310 -5.546831342473562 336
4 26 90 -64.491425539145951 -53.822449144653319 336
4 26 90 -71.021679442026652 44.854442915211933 336
5 12 66 -33.041692759301924 43.621312111098959 336
5 12 66 -9.113769102446062 41.762691797081644 336
1 22 98 -15.397953850968554 75.176895693724717 336
1 22 98 47.326405927415216 -74.190372030294597 441
1 22 98 77.327864601771253 -42.004777777416379 441
1 22 98 87.997357125684474 0.682010919815937 441
1 22 98 45.694767445946241 -11.421331857603226 441
1 22 98 56.364259969859447 31.265456839629085 441
4 26 90 0.339337004150643 -83.999314582903679 441
1 22 98 9.859934004435884 -36.952973250573066 441
4 26 90 9.641317257462866 20.266974021798845 441
1 22 98 27.773502020161629 64.710464835767937 441