6 11 91 99.000000000000000 0.000000000000000 0
6 11 91 96.555555555555557 21.863775779997951 0
6 11 91 78.843192529652626 8.814936902970350 0
6 11 91 81.287636974097069 -13.048838877027592 0
6 11 91 76.398748085208183 30.678712682968296 0
6 11 91 84.861216147439819 50.986017632067515 0
6 11 91 63.043340148006621 48.161077478124973 0
6 11 91 61.130829503749695 -4.233901974057249 0
6 11 91 58.686385059305252 17.629873805940697 0
8 15 94 59.649623878065348 73.938639230143650 0
6 11 91 42.064909212406363 54.787195155939798 0
2 18 94 27.148864941953850 79.657089070508491 0
1 19 88 13.633367577778213 45.213928196410983 0
6 11 91 -0.700197259156138 71.568224223157728 0
6 11 91 1.635639381229877 93.443869749391467 0
3 21 87 30.044718521825530 3.359101648982454 0
6 11 91 42.704277915505159 32.748479933626349 0
6 11 91 1.481090218618593 17.785436531974590 0
6 11 91 -13.964616640892865 33.451646654720953 0
4 36 100 -59.883713511914365 43.473450012886786 0
2 18 94 -91.999979042634706 0.062097945020192 0
8 15 94 -59.884368778683353 -7.526549982903660 0
2 18 94 -79.828430152571499 -33.817887261836098 0
8 15 94 -25.038704622688499 80.713554141497539 0
4 36 100 50.221623442436211 -49.950301910095540 0
1 19 88 1.421481017095459 -24.582091502846517 0
2 18 94 -23.387853026277867 2.867807300688579 0
2 18 94 -36.391467160316907 -30.701613597697801 0
2 18 94 -56.058477114812298 -60.854701655967716 0
8 15 94 21.985986153004731 -92.420865679130515 100
8 15 94 -7.929699688502545 -94.668473436779166 100
8 15 94 -37.054612153871062 -87.475457804610500 100
2 18 94 50.948697050581018 -76.604374998090790 100
2 18 94 -62.982530545872720 -67.061172417712839 100
8 15 94 5.081657816384384 -67.636925647575111 100
8 15 94 -31.238187469093464 -58.044705114842088 100
8 15 94 30.075469947840055 -51.044476909142929 100
2 18 94 61.898573494067080 -42.310057598959062 100
2 18 94 89.875982412663149 -19.654714074711571 100
2 18 94 56.267174929903533 -6.753238981265820 100
2 18 94 -6.149816024602933 -36.607036905279919 100
1 19 88 -83.468235692569138 -36.249877660065650 100
2 18 94 -91.999668706505375 -0.246896523377551 100
2 18 94 -57.356184604905351 -10.036125773026718 100
1 19 88 89.332410477599453 17.341292865922068 100
1 19 88 -83.661597250628702 35.801356754648218 100
1 19 88 -21.080052609580061 -2.753114894431448 100
1 19 88 16.628582533458001 -7.449798367823602 100
1 19 88 36.834509438282346 24.732813675279672 100
3 21 87 67.259901178076532 50.700014862162789 100
5 18 83 50.948697050581018 -76.604374998090790 194
1 19 88 76.274660573451058 -49.630395468954610 194
3 21 87 88.258107621495299 -11.467625694648127 194
3 21 87 47.547793194625463 -21.795757145466986 194
3 21 87 58.958526198026213 18.624475069663852 194
3 21 87 19.714958937609911 -53.249426839502711 194
4 36 100 2.255756112686313 12.811053990034200 194
1 19 88 39.302949732800315 53.462074209381527 194
4 36 100 73.830855617741832 5.000475852572192 294
4 36 100 43.134670146183140 -60.128198304788562 294
4 36 100 2.079676546889004 -0.980184808459544 294
4 36 100 32.775862018447704 64.148489348901194 294
1 19 88 -15.989071549826782 89.584315541139887 294
3 21 87 -52.020599836907465 72.213968126729768 294
4 36 100 -71.602641151357886 18.683195126901364 294
4 36 100 -53.592491059328211 -51.027883574138428 294
3 21 87 -10.531853695046792 -88.374657327460852 294
5 18 83 -21.950991633977218 47.378133884202875 294
5 18 83 87.293796850840209 -29.048115797143211 394
3 21 87 88.443751792508294 9.934926716649027 394
5 18 83 55.861277446981276 -11.498280358426642 394
5 18 83 52.191339733985600 24.314169392780435 394
1 19 88 72.129754430152389 55.482416366321964 394
3 21 87 32.196882192066710 57.798817630508765 394
3 21 87 13.405010189272723 20.237327422709402 394
3 21 87 -9.728258533284968 55.292311065694236 394
1 19 88 9.192243794757257 90.534538459185541 394
3 21 87 -46.244458604272609 76.042422688902519 394
3 21 87 -75.967090644757178 46.368104759319706 394
3 21 87 -88.771915855630382 6.367649120427444 394
3 21 87 -47.728092503960610 15.278573016237956 394
1 19 88 -84.641605849894205 -33.418536161106097 394
4 36 100 -29.911998071219884 -38.865556667077342 394
5 18 83 -83.900381705184628 -37.745542117239765 494
3 21 87 -58.345881638191031 -67.206830723239747 494
1 19 88 -48.060827932851893 -28.551718897269179 494
1 19 88 -20.386806559463096 -54.593004215494545 494