6 11 93 99.000000000000000 0.000000000000000 0
6 11 93 96.555555555555557 21.863775779997951 0
6 11 93 78.843192529652626 8.814936902970350 0
6 11 93 81.287636974097069 -13.048838877027592 0
6 11 93 76.398748085208183 30.678712682968296 0
6 11 93 84.861216147439819 50.986017632067515 0
6 11 93 63.043340148006621 48.161077478124973 0
6 11 93 61.130829503749695 -4.233901974057249 0
6 11 93 58.686385059305252 17.629873805940697 0
4 23 97 43.004411673530228 75.628173167236682 0
6 11 93 42.031369059010231 41.642099724275845 0
4 23 97 27.936397126109341 3.123384151020523 0
6 11 93 20.679845432286609 36.339983277283864 0
4 23 97 -1.073566562916817 62.470216084645912 0
6 11 93 13.802926360398244 93.042915643280850 0
4 23 97 -45.577629284560345 74.105868248062421 0
6 11 93 -77.295129074440993 61.858411080187842 0
6 11 93 -16.991764044920387 92.513701051006507 0
6 11 93 -63.156693272753081 45.003007404168997 0
7 19 90 -86.975316227939800 26.763676261864116 0
4 23 97 -46.562216189322399 15.327709085070431 0
8 20 66 -89.172780644224687 -12.174366192003045 0
8 20 66 -52.146200325091996 -27.308180974496445 0
1 26 62 57.054430551868357 -41.008661954036732 0
7 19 90 12.348027623005564 -35.876650928895799 0
7 19 90 -22.024079846700417 -52.080299533175726 0
7 19 90 38.990326995688321 -82.223806776196511 0
7 19 90 0.990444277099396 -82.318217440251217 0
6 11 93 -28.990891389415417 -81.260147663834204 0
6 11 93 -14.737761864114196 -22.978588754311865 0
6 11 93 -5.505949328950549 -3.009271356974637 0
6 11 93 -2.259815069415156 18.749924684448189 0
6 11 93 -51.372566323472370 -58.298526090863547 0
5 18 52 -35.377020305662697 84.926241140725921 97
1 26 62 8.601714112975195 83.558425752994197 97
2 25 54 55.764611645466744 64.150667089518834 97
2 25 54 -23.198585414480188 43.686870102830248 97
5 18 52 85.750036171613573 33.330636006037523 97
2 25 54 46.878048673080926 14.946714011155080 97
2 25 54 82.605726344697288 -20.032323256801366 97
2 25 54 34.449152634916203 -33.483881104664974 97
2 25 54 -5.133766741991495 -2.935681589779888 97
1 26 62 -55.615696011901100 4.315167821692079 97
2 25 54 -72.933368735236996 -43.654595690831393 97
8 20 66 -67.925435647619580 48.637513315819774 97
8 20 66 -44.280354425667070 -78.353367585173430 97
8 20 66 -27.970390443116614 -41.829607169686270 97
1 26 62 1.699209424728295 -76.982343104204617 97
5 18 52 -90.245176883306186 17.883177830038441 163
2 25 54 -66.087143538518674 53.455490446905713 163
5 18 52 -54.732163706936738 11.981830938437362 163
5 18 52 -77.599386619792327 -15.822667191429542 163
1 26 62 -35.156252688715355 -27.423545697329978 163
2 25 54 -12.170024006891566 18.102636780304820 163
5 18 52 -72.054263677960023 -51.393042668221533 163
5 18 52 8.174745871506158 -19.779949438102193 163
5 18 52 -0.622005232049274 -54.688647065227961 163
5 18 52 -32.536723641306793 -71.345499975000536 163
8 20 66 16.926558479195318 -88.393956909114451 163
1 26 62 55.384360053225265 -63.155147545506587 163
8 20 66 85.427757718942075 -28.321338441424935 163
5 18 52 91.540471841230612 9.183790888563713 163
5 18 52 57.505250267956526 -2.546669138994376 163
1 26 62 69.457265403946394 47.240748116491048 163
5 18 52 26.902432559022110 36.056553843296662 163
5 18 52 32.796032816425551 71.570853442274171 163
5 18 52 -21.055603958054462 -89.558146150763761 229
1 26 62 -55.903956176074729 -62.695675160759819 229
1 26 62 -82.097836441841523 -17.774848847982874 229
1 26 62 -76.830187549623673 33.957654234202479 229
1 26 62 -42.119677669001298 72.676906600786424 229
1 26 62 -30.098319563104837 -17.550696270529428 229
1 26 62 6.068622342831201 -54.913141495282147 229
1 26 62 57.706318305655053 -61.040812802635756 229
1 26 62 82.580717847653887 -15.376119138657145 229
1 26 62 75.808538441232074 36.181010204307995 229
1 26 62 30.943021884830017 -9.248447831303523 229
1 26 62 24.170842478408218 42.308681511661611 229
5 18 52 -33.044218823618728 29.623032829129507 229
5 18 52 -69.739295566111508 -60.003588675532896 291
1 26 62 -29.827800487513233 -78.525806701218329 291
5 18 52 12.315706872463572 -91.171943953343202 291
5 18 52 7.651247394537789 -55.475406057087937 291
1 26 62 -25.631078456165046 -26.695434097969596 291
1 26 62 25.050875548478839 -15.061881834315901 291
8 20 66 43.167773070673533 -68.987489682361669 291
7 19 90 76.668444327451965 -49.019890293720565 291
3 32 102 -77.980910946887050 -1.725551475230922 291
4 23 97 -69.308507631914466 52.586412406978809 291
8 20 66 -34.689291531745390 27.081317296201526 291
7 19 90 4.246256845174834 24.840096069168190 291
3 32 102 54.208446310851727 35.076287929220726 291
8 20 66 79.868806502978686 -10.151423872398283 291
7 19 90 -74.265011502773362 -52.589999681431259 393
8 20 66 -88.514166995662364 -16.286259271668090 393
8 20 66 -86.829377421410399 23.678243528823394 393
8 20 66 -49.053787869095629 -22.834425365133995 393
7 19 90 -36.978252460691003 -59.917864318396759 393
8 20 66 -10.050135925959637 -31.706580407664742 393
7 19 90 -0.190556858276047 -69.439705120681765 393
4 23 97 -63.308134108717226 59.674786599305705 393
8 20 66 -47.009806841254630 19.883273329731683 393
8 20 66 -8.732248885538876 8.271703369264594 393
8 20 66 25.231016944774844 -12.858762175522742 393
8 20 66 34.568641218790717 -51.753604673176724 393
8 20 66 74.546610512011370 -50.426212044634838 393
3 32 102 -11.173474522420769 77.195553415315402 393
3 32 102 38.883519232612826 37.317020641296153 393
8 20 66 87.813980118351282 19.715600314821927 393
7 19 90 -61.211393759702858 67.336210719007724 495
8 20 66 -82.937438578974678 34.948265793295128 495
7 19 90 -43.965269796128268 33.475153319200814 495
7 19 90 -63.718364584973280 1.012632679809542 495