8 10 116 100.000000000000000 0.000000000000000 0
8 10 116 98.000000000000000 19.899748742132399 0
8 10 116 81.766312060385914 8.217823563497323 0
8 10 116 83.766312060385914 -11.681925178635078 0
8 10 116 65.532624120771828 -3.464101615137756 0
8 10 116 63.532624120771821 16.435647126994645 0
4 29 109 59.160451104693607 -41.940008505725331 0
1 22 91 34.087900877670791 2.471332670976574 0
4 29 109 47.070862095229998 51.791133137151959 0
7 27 79 3.497322174681976 -35.806813765550984 0
4 29 109 -14.758918345510764 17.133810353067727 0
4 29 109 -6.293282869971677 74.512665482769421 0
2 36 105 -73.095648794260114 -11.533695303161952 0
4 29 109 -61.714797657377723 52.462212592578723 0
6 13 44 87.749736468377790 41.339856672831452 0
6 13 44 32.290530031060584 91.104512336514688 0
8 10 116 -46.667943280988325 88.442654132055850 0
8 10 116 98.000000000000000 19.899748742132399 116
8 10 116 100.000000000000000 0.000000000000000 116
8 10 116 81.766312060385914 8.217823563497323 116
8 10 116 83.766312060385914 -11.681925178635078 116
8 10 116 65.532624120771828 -3.464101615137756 116
8 10 116 63.532624120771821 16.435647126994645 116
4 29 109 59.160451104693607 -41.940008505725331 116
1 22 91 34.087900877670791 2.471332670976574 116
4 29 109 47.070862095229998 51.791133137151959 116
7 27 79 3.497322174681976 -35.806813765550984 116
4 29 109 -14.758918345510764 17.133810353067727 116
4 29 109 -6.293282869971677 74.512665482769421 116
2 36 105 -73.095648794260114 -11.533695303161952 116
4 29 109 -61.714797657377723 52.462212592578723 116
6 13 44 87.749736468377790 41.339856672831452 116
6 13 44 32.290530031060584 91.104512336514688 116
8 10 116 -46.667943280988325 88.442654132055850 116
8 10 116 100.000000000000000 0.000000000000000 232
8 10 116 98.000000000000000 19.899748742132399 232
4 29 109 61.492800691067323 6.180259006072046 232
4 29 109 62.259453645359280 -51.814673904033775 232
2 36 105 3.709051009482671 -23.586136018115315 232
2 36 105 -68.088469131155080 -28.982069825596348 232
2 36 105 -36.862724815254069 35.894373448661341 232
2 36 105 29.855882301234409 62.961465358130582 232
7 27 79 -27.503688421961037 -78.310581170028911 232
6 13 44 40.878961414806383 -87.965393841253118 232
6 13 44 78.490988125700184 56.992673064624654 232
6 13 44 92.781510545112411 -21.837889320849591 232
6 13 44 23.695655590223563 -68.452987507362408 232
6 13 44 10.481751586169272 -90.844788260576479 232
5 15 48 92.000000000000000 23.685438564654024 348
5 15 48 80.026954837319693 51.192641067497142 348
5 15 48 94.798529927223228 -6.183746731340193 348
5 15 48 67.531791706936019 6.327247906430586 348
7 27 79 64.804912424313002 -35.584136339117805 348
3 24 79 28.943134160233079 0.677866635593401 348
7 27 79 38.028255282336730 50.862132837229815 348
2 36 105 -22.132531743145556 32.162408120684859 348
2 36 105 -71.056932492362051 -20.661857244108099 348
1 22 91 -80.007934034903229 36.643287126929181 348
3 24 79 -11.378555207891836 -26.865991727855953 348
5 15 48 -59.173026122178513 67.219529738935663 348
5 15 48 -33.054919663337998 81.979086473630417 348
5 15 48 -35.664131664000777 -57.381738092552439 348
5 15 48 -62.432001857587039 -70.927258580865768 348
1 22 91 3.740256278635500 85.866891432629146 348
5 15 48 -91.334756368738255 26.133547005013078 453
5 15 48 -78.631492013572355 53.311241438551278 453
5 15 48 -94.929845573559035 -3.650262919329748 453
5 15 48 -61.446550395420317 28.721044579219182 453
5 15 48 -48.743286040254425 55.898739012757353 453
3 24 79 -56.443104451617970 -9.956669012556738 453
3 24 79 -22.710459778065740 24.191664524057728 453
7 27 79 -7.562719424265794 -24.506856625704721 453
7 27 79 -48.032776846143058 -60.258422357431172 453