2 13 66 97.000000000000000 0.000000000000000 0
3 15 77 90.979381443298962 27.345057180315223 0
3 15 77 69.695649803919792 6.202617219353049 0
3 15 77 62.027625519428859 35.206089486867114 0
1 35 82 61.378517950847296 -43.100783451783300 0
1 35 82 -0.933685891191793 -74.994187979180026 0
3 15 77 -50.643228664765253 -80.375763700311424 0
3 15 77 -73.181510810086749 -60.576121331372448 0
1 35 82 2.601917495928564 -5.083534222481511 0
1 35 82 -74.248935967862622 -10.587516594567205 0
3 15 77 -87.196190880496516 37.707085487107278 0
3 15 77 -57.223616510697383 36.424593519545638 0
1 35 82 -14.710114842213063 62.741929552734497 0
2 13 66 -46.308152237472257 -52.713386500050262 0
2 13 66 25.773615875764129 36.953025986388170 0
4 19 100 43.408884956315028 63.655034983026709 0
6 15 89 76.584305634962149 56.212490875344628 100
8 21 87 46.454097940447681 75.914536055615159 100
8 21 87 48.289621540747518 33.954664116907551 100
8 21 87 87.154228474111648 18.031651590532217 100
8 21 87 85.718691334136153 -23.943808301168211 100
8 21 87 11.033544702135003 53.344990019155823 100
8 21 87 46.854084400772038 -8.020795774792875 100
8 21 87 9.598007562159523 11.369530127455398 100
8 21 87 -26.036038469600108 33.600471704600437 100
6 15 89 13.030912487500812 89.289537894041985 100
6 15 89 -21.247372558681512 69.280559692070511 100
4 19 100 68.412430014761668 -60.006161512592492 100
8 21 87 30.664116164373059 -46.774955919277907 100
6 15 89 2.798316799920794 -23.982474137337359 100
4 19 100 -26.301666000227154 -6.398646310863013 100
5 33 93 -76.748838999284359 6.214154187170482 100
6 15 89 -78.023461318888636 54.197227639611683 100
8 21 87 -75.099403602512524 -47.760648849726998 100
2 13 66 47.744318224035219 -84.436248598111334 200
3 15 77 68.584150365581607 -65.735943886364737 200
8 21 87 82.791620832361687 -32.658039132049169 200
8 21 87 88.549303704898890 8.945435337510379 200
3 15 77 56.706140148322653 -7.847805407180182 200
1 35 82 22.052281151172249 -43.890974754583837 200
3 15 77 29.838650218556793 5.499028856941409 200
3 15 77 54.831092716269609 22.093540539980431 200
1 35 82 -19.697201785596160 12.296040422523436 200
1 35 82 -60.098974153096350 -44.867731230199922 200
3 15 77 -35.211217322527361 -88.233611365883405 200
1 35 82 27.518531198434822 63.974610050374864 200
2 13 66 -96.107472691770525 -13.128354535149640 200
6 15 89 73.886028044999307 45.264846925636142 200
8 21 87 -86.819822653286778 19.578518699121059 200
6 15 89 -77.851748837536263 54.443596528307815 200
6 15 89 -47.863392266548850 53.607851249340150 200
6 15 89 -45.309261443063008 83.498927103790763 200
6 15 89 61.360638253700500 72.524975512567437 289
6 15 89 80.916437218886941 49.774794703764755 289
6 15 89 51.436303215181397 44.214066413013214 289
1 35 82 11.375149444768606 74.132354441965362 289
1 35 82 20.722776366912250 4.759291435316911 289
5 33 93 -41.729823080501731 31.660459109989844 289
4 19 100 -36.430189492270173 83.389695367936724 382
7 33 98 -65.590206750998675 40.335155613450254 382
7 33 98 -72.732815254508296 -25.277214742798819 382
7 33 98 -12.339531471728748 1.343290021999633 382
7 33 98 -19.482139975238372 -64.269080334249452 382
4 19 100 -67.308531487744204 61.241828752604597 482
7 33 98 -76.343588693126378 10.032769580467168 482
7 33 98 -18.835265995674440 42.417840531844377 482
7 33 98 -19.543133197146272 -23.578363328870825 482
4 19 100 -80.846187942701391 -41.771927117783349 482