1 10 114 100.000000000000000 0.000000000000000 0
1 10 114 98.000000000000000 19.899748742132399 0
1 10 114 81.766312060385914 8.217823563497323 0
1 10 114 83.766312060385914 -11.681925178635078 0
1 10 114 65.532624120771828 -3.464101615137756 0
1 10 114 63.532624120771821 16.435647126994645 0
6 14 99 86.755771184755062 41.102751320786574 0
3 13 114 72.734734745211099 64.176774315509036 0
1 10 114 62.866117078480528 43.401539410750601 0
1 10 114 50.328610970329919 58.983931415448929 0
4 21 93 35.336905256527359 3.551492605704194 0
1 10 114 45.994166567817416 32.662019590677872 0
3 13 114 29.672922943066983 48.867481834672745 0
3 13 114 33.436671604185278 74.593620216014216 0
1 10 114 55.842795379066452 79.786463116074316 0
2 25 92 -3.776236571208344 66.899501349651231 0
1 10 114 19.589376193543288 92.958053499140959 0
1 10 114 -19.786694142516961 98.022888831693194 0
3 13 114 -40.545434506145796 88.119621768978575 0
1 10 114 -61.571346401221220 78.797013283124016 0
1 10 114 -76.020327132843164 64.968529786470526 0
1 10 114 -87.428494779151393 48.541305098358222 0
1 10 114 -46.321746243055351 65.856777774599934 0
6 14 99 -92.655874296175824 25.117503028988835 0
1 10 114 -71.498868680551610 36.448042000301974 0
7 23 60 -38.529136126556971 33.790046922013055 0
5 32 80 57.888331006764687 -44.762585640427872 0
8 16 54 -93.874396726288296 -4.857740140789019 0
7 23 60 5.312772805978256 -28.612951592694202 0
7 23 60 -37.660152131668951 -12.201744376180891 0
8 16 54 -27.410383127616242 -49.830752273859517 0
6 14 99 -68.135632323720415 11.598711159437912 0
6 14 99 0.632388032707379 8.089827571479921 0
6 14 99 -72.163928083280524 -25.561738578312536 0
7 23 60 -12.913496884590007 -86.036280708847968 0
6 14 99 -47.274197864200019 -72.312497404313191 0
6 14 99 -73.302117750432160 -61.990318060982538 0
1 10 114 -89.611094943736390 -44.383010972495562 0
1 10 114 -0.314090628372072 32.071157354127955 0
1 10 114 98.000000000000000 19.899748742132399 114
1 10 114 100.000000000000000 0.000000000000000 114
3 13 114 78.391506605285286 7.878642853345402 114
7 23 60 82.376606464137097 -27.900107531694310 114
7 23 60 75.177023037262416 43.734843089718900 114
2 25 92 41.777996085379378 -2.292436116397170 114
7 23 60 42.193721499350104 -50.290635794928647 114
7 23 60 1.629033159579578 -28.599484145067237 114
5 32 80 -7.954152811703427 25.559195183732911 114
5 32 80 -71.757207615942391 30.576186079407289 114
7 23 60 -83.885511158109665 -23.069915859028587 114
8 16 54 -37.051097042516538 63.734682560175820 114
4 21 93 -3.052310445378549 78.332028549165386 114
4 21 93 38.912848131179949 80.042427813752155 114
3 13 114 -50.673430647260275 -9.178994070289798 114
8 16 54 -47.874563758419356 -38.043615047163030 114
8 16 54 -71.201160449663405 -59.949547732260982 114
3 13 114 -52.133197761029635 -81.799325738109701 114
2 25 92 -14.186313787078138 -83.807806922353947 114
3 13 114 96.951205334291259 -3.076326417676341 228
4 21 93 84.317073395435514 28.489140633384142 228
6 14 99 69.953492366074116 -3.427744239876427 228
4 21 93 43.335085575965152 19.298021312823472 228
4 21 93 55.866336664880826 59.385023522349563 228
2 25 92 38.469268659751130 -26.443905032028752 228
6 14 99 12.531524349415022 2.680542088760113 228
4 21 93 5.203741437748235 36.904855048985979 228
4 21 93 17.734992526663909 76.991857258512070 228
5 32 80 12.215144143157659 -77.037589873787468 228
6 14 99 55.518695835794567 -61.519780401986267 228
6 14 99 -0.026279312549327 -32.696327467558362 228
4 21 93 -21.586847083034186 -5.125656140687672 228
5 32 80 -49.542664094627277 -60.245534559890245 228
4 21 93 -63.399426952402713 -9.089008846122553 228
4 21 93 -84.787400670006690 27.057285296639606 228
2 25 92 -40.683251834014300 40.127252987978061 228
8 16 54 -15.781067246360966 92.665840073706946 228
8 16 54 81.590805158651591 -46.679122887678091 228
6 14 99 -71.314656446688403 64.266785946480979 228
8 16 54 -46.781042874955752 81.532410902239064 228
3 13 114 -88.991552725172070 -38.594086898939850 228
6 14 99 91.358091624626681 -29.490661143933622 342
6 14 99 78.962714282140752 -54.597525156338406 342
6 14 99 63.417220909279862 -31.309381482049154 342
4 21 93 44.510047300100922 -60.763053343336132 342
6 14 99 35.771136426544459 -26.871587798983569 342
4 21 93 54.678310035723385 2.582084062303402 342
5 32 80 1.698146175028093 4.031993471155186 342
8 16 54 93.999179056897958 0.392857008638369 342
6 14 99 78.962714282140752 -54.597525156338406 441
2 25 92 83.506651274143266 -15.863139442702614 441
4 21 93 83.742498634953449 30.136255944871778 441
4 21 93 46.276768074620882 11.154184572638378 441
2 25 92 41.657708860577415 -43.224901426647456 441
2 25 92 5.023348898224960 -9.196623918833641 441
2 25 92 10.824865048831171 40.465659660903768 441
8 16 54 41.739426175860807 -84.224819990961493 441
8 16 54 12.251826658520034 -71.795762315299811 441
6 14 99 52.354919106631570 45.622373965643447 441
2 25 92 -22.891657485967851 -50.678576845021610 441
5 32 80 -51.432410005507073 -1.338679747252801 441
5 32 80 -41.968070460833545 61.957657247735533 441
8 16 54 -88.402791071365755 -31.952253923509936 441
8 16 54 2.278568607089625 80.565046403469751 441
6 14 99 31.450519875999355 73.565242180182068 441
6 14 99 59.437510304850917 72.711798136690462 441
6 14 99 -61.958051487407886 -46.118260712180202 441