6 10 92 100.000000000000000 0.000000000000000 0
6 10 92 98.000000000000000 19.899748742132399 0
6 10 92 81.766312060385914 8.217823563497323 0
6 10 92 83.766312060385914 -11.681925178635078 0
6 10 92 65.532624120771828 -3.464101615137756 0
6 10 92 63.532624120771821 16.435647126994645 0
7 23 90 33.241890668198366 3.340935717225158 0
6 10 92 50.406551227264572 31.525584515676357 0
6 10 92 70.037856794133177 35.348128399039091 0
5 26 95 60.439522766225650 -39.102007257758231 0
7 23 90 11.477064836108887 -37.184270716534201 0
6 10 92 1.511620840092569 -5.724933057227664 0
6 10 92 2.102913754359433 14.266324349187219 0
6 10 92 14.131847408328390 30.244583176369019 0
7 23 90 31.296507967394597 58.429231974820226 0
6 10 92 64.053503332859748 54.431825987571159 0
6 10 92 83.572646973305069 50.072579315993252 0
3 25 63 5.558896299116558 -84.818032704936442 0
2 15 76 45.532936636692341 -83.377165226691176 0
6 10 92 66.633637677912915 -74.565128108309622 95
5 26 95 74.202555563858468 -39.369794866020037 95
5 26 95 83.159526597864158 11.852980048035366 95
5 26 95 31.144124266820299 -68.524065466366807 95
7 23 90 65.303941277857916 57.483869507698302 95
2 15 76 34.899475304452082 -27.696411375246683 95
7 23 90 34.184242208178929 10.296856997163665 95
7 23 90 19.445969359421326 53.871887845524242 95
8 12 84 40.303420082607261 81.978234981533760 95
4 34 114 -22.589145679401923 15.374496977143359 95
8 12 84 -14.876867352925318 60.723375276556226 95
7 23 90 -47.756324693742322 72.720928567681653 95
8 12 84 -14.878653325535602 84.723375210104180 95
8 12 84 8.985618633068960 87.272203153642209 95
4 34 114 -66.753395965107970 -36.331585805267395 95
7 23 90 -85.201042742108072 17.600633956124202 95
7 23 90 -17.760198068909350 -65.463467994784779 95
8 12 84 -21.108858490973461 -30.624029517999578 95
8 12 84 -4.593166684698769 -97.892302147853144 95
8 12 84 -49.968927809737309 -79.160100007155705 95
2 15 76 6.021803968986632 -35.825377991049521 95
1 10 40 -86.263000433086717 50.583542346115706 95
1 10 40 -67.018219966607191 45.139423978830848 95
1 10 40 -99.739550685078001 -7.212629835140326 209
1 10 40 -99.180054886269431 12.779542744424795 209
1 10 40 -82.146073454927645 2.298918879563346 209
1 10 40 -82.705569253736215 -17.693253700001776 209
2 15 76 -59.521910316212498 -8.338150372481728 209
3 25 63 -65.106026047574360 -47.946453182609275 209
2 15 76 -46.029127850998037 -83.104268177251143 209
1 10 40 -32.960932958107335 -61.791776951647662 209
3 25 63 -6.043117825796575 -84.162097210927413 209
3 25 63 42.794068850286273 -73.441593604965831 209
1 10 40 13.123522788190254 -54.876607842056167 209
1 10 40 28.134037288250454 -41.659783168804182 209
3 25 63 -62.882085316648023 31.520465057139614 209
3 25 63 -21.363671476164519 3.659716463996097 209
1 10 40 -36.375591178939658 -27.957403373797977 209
8 12 84 77.339081693302077 -60.188590636737345 209
3 25 63 61.133425901148556 -26.926348975264183 209
2 15 76 -16.433484862072014 -43.034286196409141 209
2 15 76 88.140619092511756 -35.443352916855261 293
2 15 76 94.798032729042575 -6.191364203741504 293
3 25 63 55.312900170988250 -12.588575070430069 293
7 23 90 59.490252770624878 -60.406455881464652 293
4 34 114 4.624833890276257 -75.859151797837498 293
8 12 84 25.949529835766274 -35.100627010593278 293
3 25 63 6.075092725977033 -3.891545807055220 293
8 12 84 35.438463061199016 18.620506133107988 293
1 10 40 57.117478735393334 22.364872487784979 293
2 15 76 82.079034691125869 20.978970518368037 293
1 10 40 46.809321318381294 -88.367909547032596 407
3 25 63 62.829206671531772 -57.249373699857600 407
1 10 40 32.384038556149385 -74.514707129192345 407
1 10 40 27.900035178532129 -55.023844816059110 407
2 15 76 90.628041657845074 -28.487858207732977 407
3 25 63 84.284456518211186 11.005925196446174 407
3 25 63 40.232737986550966 -12.646687648805900 407
3 25 63 41.774833662514652 37.329526102599623 407
2 15 76 78.086526088604941 54.106325354930725 407
2 15 76 57.321137342852815 75.758083487650381 407
7 23 90 19.544413277706177 79.871369145828155 407
3 25 63 -8.115317371629942 40.642052297249506 407
3 25 63 -48.957532386012630 69.484962565094065 407
2 15 76 -16.277798519365817 92.550846341900410 407
2 15 76 -82.319805061903821 47.417820432514119 407
3 25 63 -84.669630401454512 7.486901073280663 407
8 12 84 -93.804430699648876 -28.367741910747334 407
3 25 63 -57.291461521300860 -34.351309557311396 407
3 25 63 -8.069293662800009 -25.566197645129161 407
2 15 76 -44.852591796915888 3.665456743621920 407
8 12 84 -27.887859492582589 -56.810788352171144 407
8 12 84 -47.854404103213014 -70.127585876790391 407
8 12 84 9.033777171240210 7.243632711728871 407
7 23 90 1.829213571737426 -86.980767861113833 407
8 12 84 -33.108767446805885 -89.063430183216838 407
8 12 84 54.509167796433132 81.441700781235511 497
3 25 63 70.196422168859655 47.931850733006627 497