3 10 80 100.000000000000000 0.000000000000000 0
3 10 80 98.000000000000000 19.899748742132399 0
3 10 80 81.766312060385914 8.217823563497323 0
3 10 80 83.766312060385914 -11.681925178635078 0
3 10 80 65.532624120771828 -3.464101615137756 0
3 10 80 63.532624120771821 16.435647126994645 0
2 23 75 33.241890668198366 3.340935717225158 0
3 10 80 50.406551227264572 31.525584515676357 0
3 10 80 70.037856794133177 35.348128399039091 0
6 24 72 61.297085244103947 -37.199249612800891 0
3 10 80 28.233004635959471 -29.276713810538830 0
3 10 80 10.314123769455193 -20.393374996104971 0
2 23 75 -12.757895669567173 3.200732721826935 0
3 10 80 10.169871229175991 26.935043435157063 0
3 10 80 28.034268526793895 35.927446294952780 0
3 10 80 42.392761464010619 49.849862772414497 0
3 10 80 62.024067030879223 53.672406655777230 0
7 12 36 95.599999999999994 21.555509736491995 80
6 24 72 85.033238766358068 -12.858783181294388 80
7 12 36 71.621093155273400 20.549514442305988 80
1 15 96 79.823534364081965 -51.509255106497378 80
1 15 96 59.781375514131220 -73.832155201093997 80
6 24 72 43.014974825590663 -38.620114533854803 80
6 24 72 21.553688048990161 -81.555102246587566 80
7 12 36 -10.768617869564444 -97.406554549369503 80
7 12 36 50.307238903769928 -3.366421328545147 80
7 12 36 47.621185894716952 20.482794994691922 80
1 15 96 4.787287360449611 -46.343061579348372 80
6 24 72 6.569232069196421 -7.383792168141888 80
7 12 36 23.905641395318995 24.166943349071193 80
7 12 36 38.953979711221052 42.863133172940493 80
7 12 36 62.953886971777500 42.929852620554556 80
7 12 36 86.932793816504088 43.935847914740563 80
4 30 114 -36.509704144297814 -64.219260634427698 80
6 24 72 -79.831762452029395 -31.982646916769546 80
6 24 72 -41.265621993752603 -3.405509023823260 80
6 24 72 -83.994834545589583 18.462604628248741 80
6 24 72 -13.902900695850720 36.031548208852548 80
6 24 72 -41.371362786025387 75.395028624088170 80
7 12 36 -67.174866823177823 50.291658742642817 80
7 12 36 -50.906824092121198 32.646523840905289 80
2 23 75 5.502322018187634 78.838525810857703 80
7 12 36 38.656845580380327 90.053585657510780 80
1 15 96 60.065332265175336 73.601330557769728 80
7 12 36 -10.768617869564437 -97.406554549369503 194
6 24 72 -39.862234200738143 -76.203689441689775 194
7 12 36 -3.907030655848397 -74.408323728096121 194
7 12 36 12.579227870614577 -91.849747976093383 194
2 23 75 -74.679248463123741 -44.631937544577099 194
7 12 36 -39.960495513310462 -40.203823543127712 194
7 12 36 -17.311326956134764 -48.142032640187573 194
2 23 75 -86.999438770226618 -0.312495864917274 194
7 12 36 -55.421361559303264 -15.406370107833290 194
6 24 72 -73.471371683614180 44.698518352717429 194
7 12 36 -54.976340004933718 13.812699548537957 194
7 12 36 -36.161311310342199 -1.086786859445969 194
6 24 72 -26.336770019504186 35.624967451020815 194
7 12 36 -12.419473473763457 2.423930466343465 194
2 23 75 28.229806572379232 -60.543847792583705 194
1 15 96 -94.232824630100339 -12.048849000330030 269
1 15 96 -93.291405866641412 17.936376206624956 269
5 19 100 -63.264849737205012 1.986268777337685 269
5 19 100 -69.597994496535549 -35.482268389962613 269
8 17 85 -36.281308943079260 -21.844143015406296 269
5 19 100 -38.809770475626209 -57.755239939315906 269
7 12 36 -66.213348877159262 -72.248130982549256 269
4 30 114 6.960505655592385 -40.260045659971610 269
1 15 96 -13.427238005582854 -80.376624631840698 269
2 23 75 49.988557293515790 -71.204944629659607 269
7 12 36 -38.628910521056490 -90.065572068111635 269
1 15 96 15.696022825238970 -87.576324526969628 269
4 30 114 -10.177524567664221 17.240284078793746 269
4 30 114 48.188236823716714 3.332088753576784 269
2 23 75 70.029409343291576 51.622493421276225 269
8 17 85 30.320768092184586 46.803384583442750 269
8 17 85 40.957623264154535 79.096685932956959 269
7 12 36 86.428125664899000 20.701916081849873 269
7 12 36 97.999463226755495 -0.324356698402266 269
1 15 96 81.129142655303681 -49.427342756973950 269
4 30 114 -6.037527035253255 79.771851346816476 269
8 17 85 -52.921693971368704 76.474141428333766 269
8 17 85 -76.872231530855615 52.341761715350472 269
7 12 36 -47.624136098655534 85.650111855482919 383
2 23 75 -12.626761894276637 86.078829476621280 383
2 23 75 33.031897097204094 80.485363726330519 383
2 23 75 69.456113724081334 52.391299529096251 383
2 23 75 5.358484166513743 43.740538012122812 383
2 23 75 -40.300174824966987 49.334003762413573 383
8 17 85 91.090882210178208 18.747031182868383 383
2 23 75 84.500010238039721 -20.706237460513741 383
2 23 75 50.630308932448273 10.420010843289546 383
2 23 75 40.609037829648059 -34.475135057845264 383
2 23 75 6.739336524056611 -3.348886754041974 383
2 23 75 -38.768877751782185 3.359498552747034 383
2 23 75 -79.349615726365840 25.020608991461508 383
7 12 36 -97.888856155176654 -4.666030500450457 383
4 30 114 -69.305564904426760 -39.959212620849911 383
8 17 85 -46.046439490170570 -80.800528527219797 383
2 23 75 -17.804338295390245 -52.474150006417183 383
8 17 85 -46.046439490170570 -80.800528527219797 497
8 17 85 -72.011480123121942 -58.850205866056356 497
8 17 85 -40.019422760813484 -47.338982398207015 497
8 17 85 -14.054382127862112 -69.289305059370434 497
2 23 75 -84.467364281119785 -20.839010806672359 497
8 17 85 -91.120232264433767 18.603851001221305 497
8 17 85 -58.368979940383284 9.473929248742918 497
8 17 85 -33.706345232209323 -13.930225280980505 497
8 17 85 -7.741304599257944 -35.880547942143920 497
8 17 85 18.034989008822301 -58.052212016589067 497