3 15 117 95.000000000000000 0.000000000000000 0
3 15 117 90.263157894736835 29.623678483095365 0
3 15 117 66.976720827465385 10.709613644674024 0
2 16 102 61.515748820247723 41.224819440086662 0
6 31 101 21.377916537599653 16.771712896131660 0
6 31 101 56.759544622211202 -34.141354130735110 0
6 31 101 -5.023278849941050 -39.326209365828277 0
6 31 101 -40.404906934552599 11.586857661038486 0
2 16 102 -12.467779170274600 49.382583507784815 0
1 18 90 35.892131482766423 63.572755240565584 0
5 17 86 15.142671583166809 91.758920532689089 0
8 25 76 -54.805949504236580 -64.971593015248359 0
2 16 102 -68.285330171834886 -26.250716258413721 0
2 16 102 -86.046272293233955 0.367866253814697 0
8 25 76 -53.529613597131579 66.027119187056670 0
2 16 102 -17.140151866579771 84.916456786896035 0
5 17 86 -84.858247076055648 38.053618792160805 0
3 15 117 51.486614356478285 -79.838139645831461 0
1 18 90 20.024353203761407 -89.794349926768831 0
3 15 117 90.263157894736835 29.623678483095365 117
3 15 117 95.000000000000000 0.000000000000000 117
3 15 117 66.976720827465385 10.709613644674024 117
2 16 102 61.515748820247723 41.224819440086662 117
6 31 101 21.377916537599653 16.771712896131660 117
6 31 101 56.759544622211202 -34.141354130735110 117
6 31 101 -5.023278849941050 -39.326209365828277 117
6 31 101 -40.404906934552599 11.586857661038486 117
2 16 102 -12.467779170274600 49.382583507784815 117
1 18 90 35.892131482766423 63.572755240565584 117
5 17 86 15.142671583166809 91.758920532689089 117
8 25 76 -54.805949504236580 -64.971593015248359 117
2 16 102 -68.285330171834886 -26.250716258413721 117
2 16 102 -86.046272293233955 0.367866253814697 117
8 25 76 -53.529613597131579 66.027119187056670 117
2 16 102 -17.140151866579771 84.916456786896035 117
5 17 86 -84.858247076055648 38.053618792160805 117
3 15 117 51.486614356478285 -79.838139645831461 117
1 18 90 20.024353203761407 -89.794349926768831 117
3 15 117 95.000000000000000 0.000000000000000 234
3 15 117 90.263157894736835 29.623678483095365 234
3 15 117 66.976720827465385 10.709613644674024 234
2 16 102 61.515748820247723 41.224819440086662 234
6 31 101 21.377916537599653 16.771712896131660 234
6 31 101 56.759544622211202 -34.141354130735110 234
6 31 101 -5.023278849941050 -39.326209365828277 234
6 31 101 -40.404906934552599 11.586857661038486 234
2 16 102 -12.467779170274600 49.382583507784815 234
1 18 90 35.892131482766423 63.572755240565584 234
5 17 86 15.142671583166809 91.758920532689089 234
8 25 76 -54.805949504236580 -64.971593015248359 234
2 16 102 -68.285330171834886 -26.250716258413721 234
2 16 102 -86.046272293233955 0.367866253814697 234
8 25 76 -53.529613597131579 66.027119187056670 234
2 16 102 -17.140151866579771 84.916456786896035 234
5 17 86 -84.858247076055648 38.053618792160805 234
2 16 102 88.947368421052630 30.403382229112751 351
7 32 90 50.639842487603985 59.326270343168019 351
7 32 90 76.358799431816550 -15.916461583266880 351
1 18 90 34.809621473201297 11.898387166336649 351
7 32 90 -8.974540674229019 36.042685562594329 351
1 18 90 6.855680340173672 83.470568739425701 351
7 32 90 14.965256063870861 -33.994980126780668 351
7 32 90 -46.412982649578026 -15.864568867383237 351
8 25 76 -79.252760552218504 30.724582094028868 351
5 17 86 -50.780906918414068 61.601005958447125 351
5 17 86 72.079623382672537 58.766724368575154 453
5 17 86 88.385260767245711 28.931741722647402 453
5 17 86 54.394589182117826 29.728136845673660 453
5 17 86 38.088951797544652 59.563119491601405 453
7 32 90 75.793176342660189 -18.422660499787121 453
1 18 90 30.966365399055903 3.725861361194010 453
1 18 90 13.148732746635268 35.007356956248188 453
5 17 86 5.469890304838831 69.154617150209077 453
7 32 90 -36.157746872840946 43.306216367888851 453
8 25 76 -84.083350237709226 12.449506528482345 453
7 32 90 -65.980885432702038 -41.599552371589873 453
1 18 90 -38.666962611278052 -83.479734082099384 453
8 25 76 -9.857496406638070 -51.557725107041023 453
1 18 90 -2.645830157100058 -9.166784212726407 453
4 28 75 43.911651993457617 -69.251475213207343 453