8 12 45 98.000000000000000 0.000000000000000 0
6 14 75 92.571428571428569 25.426966241470851 0
2 21 46 65.198675509136891 3.615675821351240 0
2 21 46 81.854484456543631 -34.940569176151911 0
2 21 46 63.968218910672078 45.597647863637377 0
2 21 46 40.135892340465865 -30.086800346434714 0
2 21 46 28.225992920316621 23.541055169969592 0
8 12 45 32.728791975298222 56.232411836074121 0
8 12 45 48.195344740564707 74.584135067401135 0
1 23 78 14.083450315168296 85.852527203456191 0
7 28 108 -15.988446967168848 44.661739473181306 0
2 21 46 -60.398172931488617 65.368652323097464 0
2 21 46 -83.649961282130221 30.392169674080748 0
2 21 46 -88.272974010795096 -11.352623454052054 0
8 12 45 -87.394970849662116 -44.340941241551349 0
8 12 45 -31.603010161269353 81.488162273358924 0
8 12 45 -65.278101059526421 -35.021924625717702 0
8 12 45 -68.266030826993045 -58.835204024084632 0
2 21 46 -46.411262651713969 -7.947168698960159 0
2 21 46 -35.110711027601774 -48.398343378946592 0
2 21 46 6.359288632873548 -55.049593499050083 0
2 21 46 1.629177467088564 -13.316800058407793 0
8 12 45 -52.176304034370744 -76.643086877999977 0
8 12 45 -18.406977537329553 -76.858583846763423 0
8 12 45 -50.693896066342447 24.773758106922159 0
4 15 100 66.735515732941991 -67.611914185728040 0
3 18 98 36.209593563857126 -80.148583429469539 0
8 12 45 7.265328711424447 -88.037153144711354 0
3 18 98 -15.642410193041387 90.660437917278088 108
6 14 75 16.109332822708158 94.638730950954837 108
8 12 45 -45.399414033871430 86.849831349180633 108
6 14 75 -33.185068554041671 63.897494550951080 108
6 14 75 -5.412004677485733 60.339837610105924 108
6 14 75 -22.379557904485640 38.066487222503135 108
1 23 78 -68.669894871316586 53.417651936062548 108
1 23 78 -86.310125456932312 10.934452140304352 108
6 14 75 -50.723051310908360 21.061650850974267 108
6 14 75 -53.819039790973996 -6.766659470195087 108
1 23 78 -79.821379233607757 -34.605598062229369 108
1 23 78 -33.945019874950425 -37.976006345410184 108
1 23 78 31.581575399653573 61.029064043349848 108
2 21 46 9.263517392784753 23.109355621448199 108
6 14 75 -23.220523847959161 10.079119066816940 108
6 14 75 -6.929854052656481 -12.693980801677315 108
1 23 78 11.554038042946321 -44.746215247938821 108
6 14 75 -15.461127779347631 -70.028240791671692 108
6 14 75 -36.094509128438276 -88.956092600659375 108
6 14 75 -60.227387065055780 -74.757353132089634 108
8 12 45 64.003635989413453 74.212765614378355 108
6 14 75 66.329281600568919 48.316986566600832 108
6 14 75 47.474892728741438 27.616454682856677 108
1 23 78 40.042043616271073 -8.629272707709621 108
1 23 78 57.076230576470067 -51.359080507476122 108
1 23 78 85.643264722953106 -15.304613931562479 108
6 14 75 30.148633359806333 -76.734354065353756 108
8 12 45 90.264257308883302 38.162335521764227 108
8 12 45 -45.399414033871430 86.849831349180633 206
1 23 78 -64.985740999279699 57.843352831371533 206
8 12 45 -31.319633794826188 67.413787810944996 206
6 14 75 -31.831033248861690 41.418817709050046 206
2 21 46 -54.825781998484430 15.032428605163098 206
2 21 46 -88.415773880356795 -10.180910034845464 206
2 21 46 -49.785386162953401 -26.664026997455714 206
6 14 75 -87.224790319091227 28.272680107353377 206
4 15 100 -83.227930861960544 -45.805147357439154 206
5 23 108 -13.919797410379402 -1.175607206671549 206
6 14 75 -16.696493773614044 -38.071270329949328 206
4 15 100 -35.841244476779082 -59.853798202390166 206
6 14 75 -63.847963484508455 -67.378669657909541 206
3 18 98 -21.331617077137455 -89.492804810634794 206