4 11 76 99.000000000000000 0.000000000000000 0
4 11 76 96.555555555555557 21.863775779997951 0
4 11 76 78.843192529652626 8.814936902970350 0
4 11 76 81.287636974097069 -13.048838877027592 0
4 11 76 76.398748085208183 30.678712682968296 0
4 11 76 84.861216147439819 50.986017632067515 0
4 11 76 63.043340148006621 48.161077478124973 0
4 11 76 61.130829503749695 -4.233901974057249 0
4 11 76 58.686385059305252 17.629873805940697 0
5 30 74 23.256199378444023 38.262419519441394 0
4 11 76 52.198763909071907 67.302528995654484 0
5 30 74 24.052450639613486 -21.732296780655290 0
4 11 76 -4.289591211424788 7.894189067551464 0
4 11 76 -16.021772419844410 26.504829145012689 0
4 11 76 -16.444888577477819 48.500759966806754 0
4 11 76 -5.437114449170607 67.548828339746066 0
4 11 76 13.832149204755579 78.164640990479867 0
4 11 76 6.216909729100427 98.804605324955460 0
4 11 76 -15.757217819434217 97.737966454141585 0
4 11 76 -36.953211154663471 91.844761338678737 0
4 11 76 28.068076679138827 94.937785267689819 0
3 18 61 -57.740769074512606 71.624043356151077 0
1 11 55 -28.741386453627140 71.434814374527903 0
6 16 43 -81.327653169019072 47.136109619056839 0
1 11 55 -54.680395528294234 42.785976261465159 0
5 30 74 -66.600968438110883 3.557161067761619 0
6 16 43 -85.885738614365252 -38.205233969509059 0
5 30 74 -41.711704593861306 -51.037019439791848 0
2 15 72 -23.300442441627986 -92.098259386507308 0
2 15 72 -23.080788259461450 -10.074976564215044 0
3 18 61 9.693911765850366 -91.487857525881040 0
1 11 55 38.691654623580703 -91.126043821124739 0
2 15 72 31.001873377289520 -66.289231135431976 0
2 15 72 60.105299177315700 -73.568695861795547 0
2 15 72 80.049152658767397 -51.157923712884923 0
7 13 108 3.797257540367571 -59.662853756690595 0
5 30 74 46.447593748281214 -65.135405387505102 108
5 30 74 -11.902394639470820 -79.109626480260260 108
5 30 74 78.670810652625050 -14.522518764278310 108
5 30 74 5.170569089978892 -21.589943679562424 108
2 15 72 -56.804704110398106 -76.146080601237259 108
5 30 74 -54.049866516705720 -31.230483423504214 108
5 30 74 -76.138116444762488 24.555798179733163 108
2 15 72 -33.908512011537923 9.010364463899416 108
2 15 72 -6.769929584333038 21.796972452017553 108
2 15 72 23.153899108991585 19.660508941315292 108
5 30 74 61.624989196832161 43.005213425485877 108
5 30 74 13.509746240884596 78.851041568941270 108
1 11 55 -94.929802270549430 -28.095064350778536 108
1 11 55 40.074912450099973 -0.079787599264643 108
1 11 55 -52.627036842775908 -83.853413723885481 182
1 11 55 -69.846313289326801 -70.160476907509761 182
1 11 55 -83.616389079614635 -53.002825182121200 182
1 11 55 -93.257260470909159 -33.227749990948880 182
1 11 55 -61.872388920998318 -49.656415598389138 182
1 11 55 -44.653112474447425 -63.349352414764859 182
3 18 61 -91.901343576460235 -4.259465792961798 182
1 11 55 -95.930949651520308 24.459208878405597 182
1 11 55 -72.533424810707118 -25.843805548515789 182
6 16 43 -69.152333085844276 21.008745890848466 182
1 11 55 -62.918670631070555 -5.261797544717243 182
1 11 55 -50.655746642701260 -23.527084163204158 182
3 18 61 -23.631815621147830 -83.326966852065837 182
6 16 43 -21.540922729622700 -49.391319415834857 182
1 11 55 -0.317048018320666 -66.081051056545988 182
6 16 43 9.429640263052180 -91.260448736906596 182
5 30 74 -23.995344201671372 7.621317748969888 182
1 11 55 -4.500932854081341 -28.447615229577639 182
6 16 43 16.722941857220690 -45.137346870288766 182
6 16 43 34.690759751303517 -71.616726019450809 182
1 11 55 60.915490342015133 -78.040393620175067 182
1 11 55 76.646330099056968 -62.660514539432199 182
1 11 55 88.592165900589819 -44.186289061680327 182
1 11 55 96.163079929254039 -23.530024617919551 182
1 11 55 74.488773159335864 -27.301552961108740 182
1 11 55 82.059687188000083 -6.645288517347968 182
8 32 109 39.244012525116567 -2.668103185720277 182
6 16 43 81.367152837650508 20.345828469053057 182
2 15 72 53.934862616302425 -47.313135648451279 182
8 32 109 -38.302308564622564 67.948018062489808 182
3 18 61 6.119886102840056 44.998756180545641 182
7 13 108 -3.871686631514677 96.922701379126607 182
6 16 43 17.302461941787694 77.107166256508364 182
3 18 61 41.230303566127631 52.952282791657922 182
6 16 43 75.208957832018442 51.747685647771142 182
7 13 108 -3.871686631514677 96.922701379126607 291
8 32 109 -38.302308564622557 67.948018062489808 291
8 32 109 -76.253324936888220 16.414336296949092 291
8 32 109 25.492191543372897 62.823395542638359 291
8 32 109 74.819635334798733 22.045910468105809 291
8 32 109 -10.843111797622008 10.138049087310911 291
8 32 109 -48.794128169887671 -41.395632678229809 291
7 13 108 -93.706063871118474 -25.063391505976714 291
6 16 43 91.116747141233674 -23.102778845854999 291
3 18 61 57.155708356093484 -24.729998755456798 291
2 15 72 24.367907765066903 -20.993672698609295 291
2 15 72 -1.637135544292327 -35.951537602343080 291
3 18 61 -6.806525049023119 -68.544135107733467 291
2 15 72 -32.482712212911018 -89.274147474468791 291
7 13 108 -80.917184464530123 53.492142024162803 400
5 30 74 -79.304978426305880 10.522376005596755 400
2 15 72 -88.920648473408335 -33.438275599506376 400
3 18 61 -50.281464266739178 48.753719505785597 400
7 13 108 -61.350668690904129 -28.549900123715936 400
5 30 74 -22.767918837677506 -9.566449073831969 400
5 30 74 -41.351410612821894 -66.616022546761116 400
7 13 108 -10.378213923303477 -96.443209588659741 400
5 30 74 27.056550648438737 -75.285742787120526 400
5 30 74 71.790709380851254 -35.300057317151143 400
5 30 74 76.142594086534942 24.541910393715757 400
3 18 61 36.595354876234566 -2.661322334092172 400
3 18 61 28.804462147874013 32.485540833126301 400
7 13 108 16.762915257601719 -26.487239709364047 400
3 18 61 -88.935561769737646 23.547098604736405 508
5 30 74 -76.664936786623770 -22.857984764693946 508