5 18 62 92.000000000000000 0.000000000000000 0
2 24 69 76.608695652173907 39.078226040502287 0
5 18 62 56.082491984825374 2.435696610800955 0
5 18 62 35.245460133417026 31.792435251586546 0
5 18 62 44.797744173340263 66.501999778106153 0
2 24 69 71.473796332651446 -36.642529429701327 0
5 18 62 31.472881041522974 -23.839140195909962 0
4 25 71 40.588410172561467 -74.683203999720774 0
5 18 62 5.940029294649527 -49.217743027275240 0
5 18 62 -3.272059596431760 -14.416343367738310 0
4 25 71 2.370162556974364 59.509123532482285 0
5 18 62 76.524131668714503 -51.069142075711895 71
2 24 69 85.414189030267693 -10.020793995572355 71
2 24 69 41.109693270353695 -28.490002301825296 71
2 24 69 47.267137569309078 19.113420681246652 71
4 25 71 1.821350393029164 0.791837018029315 71
6 19 75 11.930438403987052 43.614802113719591 71
4 25 71 45.967375463900808 71.498254474922462 71
2 24 69 40.170461369257936 76.041659854194108 146
4 25 71 74.444983610141236 41.023705528460056 146
2 24 69 26.708487909247260 29.968074465579424 146
7 26 90 83.498377548889451 -9.166294055021098 146
6 19 75 38.552302444310001 -11.368641142449192 146
4 25 71 -5.247647939950454 -7.177657208296926 146
6 19 75 -15.933535020252597 35.505030351263237 146
4 25 71 -8.745285540593169 78.913889693777364 146
6 19 75 -52.505326334528270 74.324899640057978 146
4 25 71 -76.354710502174953 37.349139001174507 146
6 19 75 -90.904143771286812 -4.175720920897007 146
6 19 75 -53.131711544407970 -0.023207987040633 146
7 26 90 62.103541638576417 -56.561030011356813 146
4 25 71 11.148806857159503 -54.412774124488948 146
7 26 90 -39.043538175609861 -45.372392489213084 146
5 18 62 30.228409801026068 -86.892135667741712 236
2 24 69 62.079886578934762 -59.515440705304329 236
5 18 62 88.089340498685161 -26.538049862540852 236
5 18 62 20.727472073165611 -52.168481161176331 236
5 18 62 41.607900104645751 -22.842592850296832 236
2 24 69 -11.124004704743079 -79.545176123613714 236
2 24 69 -15.999307913763293 -31.793407375010094 236
5 18 62 12.813598385326289 -1.234997229849000 236
5 18 62 45.923475966995227 12.897801733091679 236
4 25 71 -57.200652154098279 -62.873566728362491 236
2 24 69 -83.294987410044058 -21.399651220536306 236
6 19 75 -88.475171088417440 21.287181609486520 236
2 24 69 -46.984649897813625 9.993968987205132 236
2 24 69 -6.634294587702868 35.991061639034818 236
2 24 69 37.815510131123801 54.107762786268395 236
2 24 69 1.923218944330394 85.978492827521521 236
6 19 75 79.624268447730259 44.056507739081951 236
1 19 106 -89.454476737433936 -16.700197353082125 311
3 28 106 -76.858064389868090 28.580376803724800 311
1 19 106 -51.852368323821125 -11.215542135941410 311
1 19 106 -65.903571781584816 -46.522250866557037 311
8 27 96 -42.331955017200926 71.393316104672422 311
1 19 106 -29.881057049924355 27.110417150240036 311
1 19 106 -14.041305790622381 -7.430895506395375 311
3 28 106 -19.520179819059091 -54.110462121569967 311
8 27 96 30.379818056379740 -77.240317547646470 311
1 19 106 21.963224383700307 -32.016861786846711 311
1 19 106 58.857863562749401 -41.115521020369826 311
3 28 106 81.999737074915799 -0.207652702075713 311
3 28 106 63.011135192671937 52.474725742311605 311
1 19 106 36.992647302418796 13.333465058670477 311
1 19 106 16.551644864392319 45.367281867296256 311
1 19 106 26.480721210447228 82.047159769413298 311
1 19 106 -89.454476737433936 -16.700197353082118 417
3 28 106 -76.858064389868090 28.580376803724803 417
1 19 106 -51.852368323821125 -11.215542135941403 417
1 19 106 -65.903571781584816 -46.522250866557030 417
1 19 106 -45.688550262382577 -78.699151043208474 417
3 28 106 -16.332607420600780 -41.994537983403028 417
1 19 106 -8.950610941129973 -88.411195855088280 417
8 27 96 -42.331955017200926 71.393316104672422 417
1 19 106 -29.881057049924355 27.110417150240043 417
8 27 96 32.204538578097917 -67.862384014740982 417
1 19 106 75.134744958862655 -51.339751654703818 417
3 28 106 81.858032915022093 -4.823115930926868 417
3 28 106 65.865047163557165 48.844606274822098 417
3 28 106 9.956814843278700 52.049221512533414 417
1 19 106 37.684538506119253 11.229995658625798 417
1 19 106 0.359547663796717 4.099423548301189 417