3 11 78 99.000000000000000 0.000000000000000 0
3 11 78 96.555555555555557 21.863775779997951 0
3 11 78 78.843192529652626 8.814936902970350 0
3 11 78 81.287636974097069 -13.048838877027592 0
3 11 78 76.398748085208183 30.678712682968296 0
3 11 78 84.861216147439819 50.986017632067515 0
3 11 78 63.043340148006621 48.161077478124973 0
3 11 78 61.130829503749695 -4.233901974057249 0
3 11 78 58.686385059305252 17.629873805940697 0
5 31 76 22.189870512892227 38.414589968627709 0
3 11 78 52.511629967835461 67.476436151493672 0
5 31 76 23.843138232590437 -23.563363416806084 0
3 11 78 -5.310673797695500 6.669983141303469 0
2 23 75 52.823140548831581 -69.128256325169843 0
2 23 75 10.189312346329089 -86.401261066658890 0
5 31 76 -31.321282941132914 -51.863303992151181 0
5 31 76 -78.190954304544718 -11.277174510691935 0
1 17 72 82.702907725793523 -42.535033251413850 0
7 18 91 -25.562407284487495 27.427326198158028 0
8 13 113 -17.519699700071591 57.365844109230032 0
1 17 72 0.592498084773665 81.281284548466076 0
8 13 113 -92.090111878106498 30.469842373695148 0
2 23 75 -60.833379073798305 48.330879700795840 0
1 17 72 -36.827753550290701 80.326659785443255 0
8 13 113 -73.946306370986008 -62.776936641479026 0
8 13 113 -34.315772060383068 -7.965319586091123 0
8 13 113 -54.614923886292800 -80.163645681159267 113
1 17 72 -73.560165563827582 -56.902566218249547 113
2 23 75 -18.929927029060071 -84.915592576831614 113
1 17 72 -40.082443909618007 -50.966056061325084 113
1 17 72 -61.962473342443722 -24.941753726417417 113
5 31 76 -16.663681060807356 -9.066634267806666 113
4 39 119 -44.937632838254935 54.969165492066473 113
5 31 76 23.098403658078468 38.504119550144836 113
2 23 75 -86.533894222377825 8.993617220580610 113
2 23 75 37.142507253161398 -13.637640625462765 113
2 23 75 15.185817918556573 -54.059216466387774 113
7 18 91 62.779946829996206 67.250860782765074 113
2 23 75 76.162978514097134 28.496577626675723 113
1 17 72 77.084961341035353 -11.492795307478055 113
1 17 72 64.306024561726090 -42.999917911588014 113
1 17 72 49.960753669646735 -73.825446342303692 113
8 13 113 -91.577974804821082 31.976155657732740 232
1 17 72 -74.020837007719905 56.302004304256904 232
5 31 76 -78.365398686957818 -9.993212127947210 232
7 18 91 -71.051183173848599 -58.444241543510635 232
7 18 91 -39.917301681591013 -40.369911037899627 232
7 18 91 -39.831413053464637 -76.369808581414375 232
5 31 76 5.699628388348629 -58.261129302574531 232
5 31 76 -17.821645096515443 3.365451771552486 232
1 17 72 48.952916293927203 -79.073459430581110 232
1 17 72 74.102958270436460 -56.193874893710181 232
5 31 76 -26.764245334304945 64.717142057860713 232
5 31 76 30.839177137647710 41.785815896521072 232
8 13 113 25.858370622031167 -1.931361121831696 232
5 31 76 69.376234367199856 -8.427170159737045 232
8 13 113 -56.294801798250596 32.098953344663926 232
8 13 113 -96.781820481686907 6.502247630667814 345
8 13 113 -95.032269342140779 -19.438821561062021 345
5 31 76 -53.966622633522945 -3.639686761871730 345
6 32 119 -50.699229580818319 59.275527158444383 345
5 31 76 1.517659910775777 24.027882530432002 345
5 31 76 52.987474385114027 58.594603491165330 345
6 32 119 77.996188966642833 0.771042592690492 345
6 32 119 52.318019844117444 -57.851748457505877 345
4 39 119 -18.420231757163997 -63.942705721664325 345
6 32 119 -77.987706686220037 1.384776452757663 464
4 39 119 -40.047163808126129 -58.627848936534534 464
4 39 119 -7.850027022783571 12.416815766917626 464
4 39 119 37.577889021082356 -50.989054970037550 464
6 32 119 77.625052829208485 7.638793966496976 464