4 15 76 95.000000000000000 0.000000000000000 0
4 15 76 90.263157894736835 29.623678483095365 0
4 15 76 66.976720827465385 10.709613644674024 0
7 25 78 55.241529521179515 48.949452621909174 0
7 25 78 27.095941811729325 7.623602449291472 0
7 25 78 67.750923662230932 -29.282893278131418 0
7 25 78 19.335425855468010 -41.770469989540842 0
4 15 76 -7.630904517726659 -12.226993108785610 0
7 25 78 -19.404239621784338 26.001119328628342 0
4 15 76 15.322606707671648 45.851714886705423 0
2 23 84 21.723738394485569 83.308697054627956 0
3 22 84 -23.249052654189189 84.873326497096485 0
2 23 84 -61.639727276139979 61.396612458042711 0
7 25 78 -82.983853746888570 18.403261051102007 0
2 23 84 -81.816097401872213 -29.582532108109962 0
1 16 87 -50.396681325718347 -6.477980750563018 0
7 25 78 -36.359565207234624 -45.000173978314272 0
3 22 84 -85.378332906201393 -21.319950050547718 87
3 22 84 -64.384564856958050 -59.988563978313088 87
2 23 84 -83.723921963385379 23.649627715229570 87
1 16 87 -37.053029873727041 -86.389079038826964 87
3 22 84 -21.137689732080720 -51.882529686918403 87
3 22 84 4.131426084594199 -87.902965356736033 87
3 22 84 46.170837937630694 -74.914976634428982 87
3 22 84 76.667540306259525 -43.198243753514689 87
3 22 84 87.997357598323461 -0.681949934221720 87
3 22 84 77.327835490806521 42.004831368626682 87
3 22 84 45.512258430020466 -12.128187248704620 87
3 22 84 34.842736322503526 30.558594054143779 87
5 30 87 -5.533133979959736 -2.210127271514713 87
2 23 84 -5.353130770829793 50.789567056327442 87
2 23 84 -44.681059886198362 74.649868636494972 87
1 16 87 -51.348733982240425 1.904577630542990 87
1 16 87 -39.270001165991609 31.537400876964760 87
1 16 87 -8.680034239945766 89.647406848410384 87
2 23 84 29.346443485466192 80.987903871983377 87
4 15 76 16.369790615601602 -52.985599568260810 87
4 15 76 -63.673327356796044 -70.503243778668008 174
4 15 76 -82.483379227413707 -47.132707870720267 174
4 15 76 -93.067941756793417 -19.061957327465255 174
7 25 78 -25.130171491859052 -81.200212319856377 174
7 25 78 -44.353989762954591 -35.043470547067713 174
1 16 87 -67.655140456846695 -1.308379375699406 174
5 30 87 -25.256676790495405 16.534554204098768 174
5 30 87 10.539225461865968 -31.617843264141481 174
1 16 87 -91.128291771750909 -23.057199282710677 261
8 31 93 -76.031584029646552 21.452231351139119 261
8 31 93 -37.131072892888071 69.730075475529446 261
8 31 93 -45.034709272739171 -32.243147922170778 261
1 16 87 -51.191217030393034 -78.838184269725531 261
1 16 87 -19.934831503220739 -71.979732274065370 261
5 30 87 15.143511297499462 -42.222214461667747 261
5 30 87 73.977647726166069 -30.451726336995687 261
1 16 87 51.401428612044910 -70.530577749070744 261
5 30 87 74.343563689732974 29.547157865192670 261
1 16 87 39.290062646277782 -0.239618808299315 261
1 16 87 28.344434409953116 29.830187019344006 261
1 16 87 -29.073046238785622 23.425991352832728 261
1 16 87 -9.289751885431460 -1.725972080039575 261
1 16 87 -79.708234076351829 49.825670295837519 354
2 23 84 -86.252683328481893 11.378691429009837 354
2 23 84 -79.998494786192268 -34.194163711715035 354
2 23 84 -43.658338782481096 -5.991449983672213 354
2 23 84 -37.404150240191456 -51.564305124397087 354
2 23 84 -41.972095430226688 39.977632923831813 354
2 23 84 -3.004823519782384 15.532761890064847 354
2 23 84 -86.252683328481893 11.378691429009837 441
8 31 93 -68.372529143201618 -39.575210151836792 441