6 11 115 99.000000000000000 0.000000000000000 0
6 11 115 96.555555555555557 21.863775779997951 0
6 11 115 78.843192529652626 8.814936902970350 0
6 11 115 81.287636974097069 -13.048838877027592 0
6 11 115 76.398748085208183 30.678712682968296 0
6 11 115 84.861216147439819 50.986017632067515 0
6 11 115 63.043340148006621 48.161077478124973 0
6 11 115 61.130829503749695 -4.233901974057249 0
6 11 115 58.686385059305252 17.629873805940697 0
8 14 80 88.602132246115488 -36.954866546124379 0
6 11 115 65.228357091938193 -28.085445198484816 0
6 11 115 45.071549621590819 -19.270508295514471 0
3 16 89 34.522679104919831 5.583492002677164 0
5 15 79 59.649623878065348 73.938639230143650 0
2 11 79 42.064909212406363 54.787195155939798 0
4 17 79 28.057514276146652 79.031635489749235 0
2 11 79 41.700927319664196 31.611798758352215 0
2 11 79 23.185167206864001 43.493155054888298 0
3 16 89 1.450013542785516 59.511366415676854 0
4 17 79 -3.302540200047943 92.167349526302687 0
6 11 115 96.555555555555557 21.863775779997951 115
6 11 115 99.000000000000000 0.000000000000000 115
6 11 115 78.843192529652626 8.814936902970350 115
6 11 115 76.398748085208183 30.678712682968296 115
6 11 115 84.861216147439819 50.986017632067515 115
6 11 115 81.287636974097069 -13.048838877027592 115
6 11 115 63.043340148006621 48.161077478124973 115
6 11 115 61.130829503749695 -4.233901974057249 115
6 11 115 58.686385059305252 17.629873805940697 115
8 14 80 88.602132246115488 -36.954866546124379 115
6 11 115 65.228357091938193 -28.085445198484816 115
3 16 89 39.391405418578294 -20.246317171180689 115
3 16 89 32.511660695323940 11.005388582951428 115
3 16 89 36.592314162447607 42.744138830578564 115
5 15 79 59.649623878065348 73.938639230143650 115
2 11 79 99.000000000000000 0.000000000000000 230
2 11 79 96.555555555555557 21.863775779997951 230
2 11 79 78.843192529652626 8.814936902970350 230
2 11 79 81.287636974097069 -13.048838877027592 230
2 11 79 76.398748085208183 30.678712682968296 230
2 11 79 84.861216147439819 50.986017632067515 230
2 11 79 63.043340148006621 48.161077478124973 230
5 15 79 59.649623878065348 73.938639230143650 230
2 11 79 42.064909212406363 54.787195155939798 230
4 17 79 28.057514276146652 79.031635489749235 230
2 11 79 61.130829503749695 -4.233901974057249 230
2 11 79 58.686385059305252 17.629873805940697 230
5 15 79 35.606793052351556 29.602026193567536 230
2 11 79 20.443643809438750 50.722606323790117 230
8 14 80 88.602132246115488 -36.954866546124379 230
2 11 79 65.228357091938193 -28.085445198484816 230
2 11 79 45.071549621590819 -19.270508295514471 230
8 14 80 0.211546706227509 65.408049688095858 230
8 14 80 30.512775026842451 1.052928478301852 230
2 11 79 12.267576879786724 18.144234589148805 230
2 11 79 2.572126390640548 37.892607681951041 230
5 15 79 -21.907521481798803 46.653135065697747 230
4 17 79 -28.093834781406319 78.049464911065016 230
5 15 79 -59.811465820938302 73.807781136887797 230
5 15 79 -79.844523802745726 51.476713363546928 230
5 15 79 -91.915247000899825 24.012233731237387 230
2 11 79 -2.875621862754238 90.216705238663110 230
5 15 79 -62.094948338522428 27.290920615740575 230
7 22 76 -73.308589240052200 -7.968890185390201 230
4 17 79 -37.314201773970623 7.044572804259762 230
7 22 76 -36.414912322974679 -31.945057592594829 230
4 17 79 -72.409299789056263 -46.958520582244788 230
2 11 79 78.786524311008947 -59.947340116061824 310
2 11 79 63.602034568039407 -75.866864959650997 310
2 11 79 45.276703611833341 -88.039877953380866 310
8 14 80 88.602132246115488 -36.954866546124336 310
2 11 79 64.417600452830555 -43.287987572884404 310
2 11 79 68.777178015372016 -21.724266106583993 310
7 22 76 34.355519094621151 -56.899426306993256 310
5 15 79 19.418365925328054 -90.750297125881758 310
5 15 79 -0.761686162107626 -68.551975167941265 310
5 15 79 42.791089125062463 -20.873863740094730 310
5 15 79 60.890991113662956 3.050883865743369 310
4 17 79 91.690590833351720 -5.631549958188044 310
5 15 79 2.144810129606364 -38.693102461386303 310
7 22 76 10.580380160047683 -2.667539894487781 310
1 23 64 -37.425962357456079 -78.538508654151826 310
4 17 79 -29.850124044406432 -39.262476855425916 310
4 17 79 -28.330915255768240 -5.296434921510144 310
4 17 79 -15.606774455203498 26.232856870209563 310
4 17 79 17.020292535519275 35.797087084026487 310
4 17 79 50.940176364622673 33.464388856623366 310
4 17 79 84.518551105745601 38.802248890824202 310
1 23 64 -72.243224944920911 -48.475936809488857 310
4 17 79 -62.031130578944520 -9.801486216618200 310
7 22 76 -85.341926477096365 21.465218032386176 310
2 11 79 -89.995934804103555 -11.204955008051607 310
2 11 79 -52.702702298659020 16.598900633190837 310
7 22 76 -47.175660623224594 49.132757003409409 310
7 22 76 -6.818630161019121 66.663019188346070 310
1 23 64 37.942473872644065 71.293738969069295 310
8 14 80 74.170193533116048 -60.949014686540352 390
8 14 80 53.428637661917492 -79.758264008136067 390
8 14 80 47.510127858899665 -52.390925048865981 390
7 22 76 83.974926938234333 -26.309915349886715 390
2 11 79 98.951582265406927 3.095862912405082 390
5 15 79 73.685709011082139 9.230652941118002 390
2 11 79 94.610209811778674 24.663256941793005 390
5 15 79 50.725457152147193 -10.078071371333984 390
2 11 79 48.537091236295623 15.829669838936340 390
4 17 79 63.427671561490911 39.541915991060080 390
7 22 76 18.052527460989189 -73.085121790876158 390
5 15 79 23.280238692621133 -36.456293864246163 390
7 22 76 15.016057618112995 -0.391029257318053 390
8 14 80 29.833549331992796 32.418145363648918 390
4 17 79 38.150981889447500 62.281506119802827 390
8 14 80 53.428637661917492 -79.758264008136067 470
8 14 80 74.170193533116048 -60.949014686540352 470
8 14 80 47.510127858899665 -52.390925048865981 470
7 22 76 83.974926938234333 -26.309915349886715 470
7 22 76 86.215294069734796 17.633010760194896 470
5 15 79 55.384749312525898 -2.823712094987440 470
5 15 79 50.356605156473634 26.751915816283649 470
5 15 79 68.902471242886705 50.332646320337886 470
7 22 76 18.052527460989189 -73.085121790876158 470
5 15 79 23.280238692621133 -36.456293864246163 470
5 15 79 25.616746374076772 -6.547420066416539 470
7 22 76 13.392213129251786 28.374790444176408 470
8 14 80 39.167987479952536 53.506631933047807 470