2 11 112 99.000000000000000 0.000000000000000 0
2 11 112 96.555555555555557 21.863775779997951 0
2 11 112 78.843192529652626 8.814936902970350 0
2 11 112 81.287636974097069 -13.048838877027592 0
2 11 112 76.398748085208183 30.678712682968296 0
2 11 112 84.861216147439819 50.986017632067515 0
2 11 112 63.043340148006621 48.161077478124973 0
2 11 112 61.130829503749695 -4.233901974057249 0
2 11 112 58.686385059305252 17.629873805940697 0
5 29 108 24.326825308048221 38.109635857776119 0
2 11 112 51.872321997752266 67.113870240319358 0
5 29 108 24.322200105856655 -19.890363957805818 0
2 11 112 -3.225441833360946 9.111832917407954 0
8 22 104 -26.377647559192575 32.627261257728904 0
4 28 98 -13.333962079182767 80.895908111546774 0
2 11 112 -52.200500189891130 84.119604016692648 0
2 11 112 -69.489095525616221 70.514293607975574 0
2 11 112 -83.346130588471354 53.426795860593032 0
2 11 112 -93.087307350661234 33.700937823798483 0
5 29 108 -80.880889211015514 -4.391100139536167 0
4 28 98 -58.947155101344926 -57.002042993720721 0
8 22 104 -31.099815746068529 -15.474634083073838 0
4 28 98 -8.612554996851294 -81.546452384062746 0
7 18 67 88.000000000000000 26.832815729997478 112
6 33 82 73.749615641487310 -22.135812447996827 112
6 33 82 37.365746524925257 32.929730935401132 112
6 33 82 7.869521639989543 -26.112395699208669 112
6 33 82 -28.514347476572510 28.953147684189290 112
7 18 67 2.082862713564043 69.755239892562670 112
7 18 67 -29.426336691992379 87.167027647439625 112
7 18 67 35.194677824485076 83.883498810779784 112
8 22 104 -83.501731494926460 27.775183840061381 112
6 33 82 -66.974418679424559 -24.682874941202602 112
7 18 67 -91.283376704288997 -11.460590624521384 216
6 33 82 -68.904884136275854 34.367381951006990 216
6 33 82 -16.977570572221044 75.105007139772340 216
6 33 82 -7.661409050928818 9.765821848637941 216
7 18 67 32.860042678485726 85.931470342174975 216
7 18 67 -55.440768419352992 -14.823243049711492 216
7 18 67 -76.274214986132975 -44.182526149765607 216
1 28 95 63.622861732610872 51.731339292087540 216
1 28 95 81.991647767758707 -1.170340261542492 216
1 28 95 -31.334219812127571 -54.000715074428427 216
7 18 67 32.860042678485712 85.931470342174975 311