5 11 105 99.000000000000000 0.000000000000000 0
5 11 105 96.555555555555557 21.863775779997951 0
5 11 105 78.843192529652626 8.814936902970350 0
5 11 105 81.287636974097069 -13.048838877027592 0
5 11 105 76.398748085208183 30.678712682968296 0
5 11 105 84.861216147439819 50.986017632067515 0
5 11 105 63.043340148006621 48.161077478124973 0
5 11 105 61.130829503749695 -4.233901974057249 0
5 11 105 58.686385059305252 17.629873805940697 0
1 31 99 22.189870512892227 38.414589968627709 0
5 11 105 52.511629967835461 67.476436151493672 0
1 31 99 23.843138232590437 -23.563363416806084 0
5 11 105 -5.310673797695500 6.669983141303469 0
3 25 96 -33.104157552036369 29.550591979295309 0
8 16 102 -15.453466542631993 66.556714538819591 0
8 16 102 11.287633152267706 84.132652269348668 0
5 11 105 38.287335431334533 84.259446755639459 0
2 18 110 -47.078056133759873 79.042119345742194 0
8 16 102 -73.878621280194452 58.120128335522438 0
7 24 72 -80.896886920910333 18.740641957506437 0
1 31 99 -47.121206497561651 -24.666769989531151 0
2 18 110 -56.235875578218895 -72.811580795578692 0
8 16 102 -23.126544153665961 -65.080334284238376 0
5 11 105 -80.735725585621935 -57.295223310177889 0
5 11 105 -91.395684371911585 -38.050346623781422 0
5 11 105 -88.273897782405754 -16.272962747622618 0
5 11 105 -73.265047819621913 66.582525995853558 110
5 11 105 -86.160533477446108 48.758204139220403 110
5 11 105 -94.801177975890241 28.526069732502283 110
1 31 99 -46.872339353421523 33.911056181684586 110
1 31 99 -4.198655308609105 78.888347007650552 110
8 16 102 0.092159248998414 32.084619480537668 110
8 16 102 -11.962486374181637 2.441989386371826 110
8 16 102 -40.199879598421731 -12.612897657363835 110
3 25 96 -81.139088405010213 -10.381041414110598 110
8 16 102 -84.156611315069796 41.876780821408261 215
1 31 99 -78.852640034340951 -4.822982439803294 215
8 16 102 -53.030781330686828 34.448274391224174 215
3 25 96 -23.841789121050567 5.655866819334783 215
1 31 99 -35.475625630580225 -49.122357394941602 215
7 24 72 5.486941600130073 -85.824783552752194 215
3 25 96 19.582725386889713 -38.896019671344398 215
2 18 110 45.537972198546981 -73.179035334292649 215
3 25 96 69.563711355973197 -37.517237035001614 215
8 16 102 75.148288249426543 -56.468883229448593 325
1 31 99 78.416660154545639 -9.582661958270972 325
1 31 99 29.084107614279887 -47.136613279828602 325
4 17 114 84.891857031658233 37.978580933422165 325
8 16 102 52.899237051798906 29.887087448020008 325
4 17 114 65.567959538661796 65.953337155419291 325
2 18 110 31.845299156566046 56.584122847173930 325
8 16 102 26.557438953698842 90.170407763415156 325
3 25 96 -13.952018655333909 83.847129798468444 325
1 31 99 -8.066059959140734 28.157314838938298 325
8 16 102 29.462163904196167 -0.138133799725683 325
7 24 72 -58.370048488315049 63.158035430749031 325
8 16 102 -87.106565307675424 35.333359312407254 325
8 16 102 -57.509490405491114 23.167293504822144 325
1 31 99 -76.468321458747553 -19.839249312452530 325
4 17 114 65.567959538661796 65.953337155419291 439
1 31 99 76.620500376478049 19.243152601851065 439
2 18 110 36.190702239532648 46.927650477121368 439
2 18 110 34.947689075821884 82.906184608945608 439
1 31 99 -9.977745137337756 63.343327947428477 439
2 18 110 -58.356126721079562 71.123571859920702 439
2 18 110 -50.615854822433022 35.965525968048055 439
2 18 110 -86.363208892628094 31.707982429796512 439
2 18 110 -64.802390995686437 2.878637456056300 439
8 16 102 -92.472030708494017 -16.879678215159743 439
2 18 110 -62.564428968281462 -33.051733067553577 439
8 16 102 90.422934724482701 -25.684487065385195 439
2 18 110 56.424116049926837 -25.401063822387322 439
2 18 110 31.368269644722293 0.448589191121357 439
2 18 110 -1.525262852872455 15.077858476689872 439
2 18 110 -30.124349945624282 -6.787461494927202 439
2 18 110 -27.886387918219306 -42.717832018537081 439
8 16 102 -52.970211865801431 -65.669994796077376 439