1 12 114 98.000000000000000 0.000000000000000 0
8 18 107 87.591836734693871 28.136633370798521 0
1 12 114 74.039267399437293 1.372331317259682 0
5 21 90 83.729292274538452 -30.172928515557054 0
8 18 107 65.470319054874523 -64.634644911633373 0
8 18 107 45.029273222479773 -35.000818879918583 0
6 14 93 41.960724007348162 -86.344065463580975 0
8 18 107 21.204187265571061 -61.989062230420501 0
8 18 107 1.306932692682125 -91.990716525836447 0
2 12 92 -28.643144857946524 -93.720703436576343 0
8 18 107 -21.917910578080786 -64.484232652965687 0
8 18 107 -57.094374650703671 -72.140365838031940 0
8 18 107 -2.020656005191840 -34.482578357549741 0
8 18 107 21.804429951716880 -7.494335007047813 0
8 18 107 48.334276779416946 16.840151371315979 0
8 18 107 59.765347374443323 50.977090675411830 0
6 14 93 -81.242492112830917 -51.143498856615260 0
6 14 93 -55.477617711189055 -40.181234169625625 0
6 14 93 -32.376931192226643 -24.358520042377158 0
6 14 93 -12.790397423385354 -4.349329780848834 0
2 12 92 55.617387337455966 80.688947358082402 0
5 21 90 3.202131326466339 26.783274096520095 0
5 21 90 22.951250323383682 63.850406422147856 0
1 12 114 95.061224489795919 23.819395426849606 114
4 18 95 78.126425092560666 48.582524659145776 114
4 18 95 91.803927056628865 -6.003247203069769 114
4 18 95 63.181324425624950 15.831280926194847 114
4 18 95 42.290465680821413 45.149739632352400 114
2 12 92 57.919922035495453 70.756771753575265 114
5 21 90 24.559481702553771 10.413415601700908 114
4 18 95 6.291549581754328 44.870383779848325 114
1 12 114 98.000000000000000 0.000000000000000 228
4 18 95 87.591836734693871 28.136633370798521 228
6 14 93 72.000707065435037 0.191746975675045 228
6 14 93 55.981699603888465 23.156750784664833 228
6 14 93 64.164203383114781 49.934477198663224 228
5 21 90 29.395211935760109 45.919849727305731 228
2 12 92 49.971742849303979 71.719198082719160 228
5 21 90 37.681486262250530 -6.677829682479951 228
4 18 95 5.386342877460240 15.185923740842314 228
4 18 95 -9.552429491941146 47.940054474159140 228
4 18 95 8.694954148059720 78.972827316665956 228
1 12 114 95.061224489795919 23.819395426849606 342
4 18 95 78.126425092560666 48.582524659145776 342
4 18 95 91.803927056628865 -6.003247203069769 342
4 18 95 63.181324425624950 15.831280926194847 342
4 18 95 42.290465680821413 45.149739632352400 342
2 12 92 57.919922035495453 70.756771753575265 342
5 21 90 24.559481702553771 10.413415601700908 342
4 18 95 6.291549581754328 44.870383779848325 342
1 12 114 98.000000000000000 0.000000000000000 456
4 18 95 87.591836734693871 28.136633370798521 456
6 14 93 72.000707065435037 0.191746975675045 456
6 14 93 55.981699603888465 23.156750784664833 456
6 14 93 64.164203383114781 49.934477198663224 456
5 21 90 29.395211935760109 45.919849727305731 456
2 12 92 49.971742849303979 71.719198082719160 456
5 21 90 37.681486262250530 -6.677829682479951 456
4 18 95 5.386342877460240 15.185923740842314 456
4 18 95 -9.552429491941146 47.940054474159140 456
2 12 92 8.779234646282825 71.687687828313685 456