1 10 49 100.000000000000000 0.000000000000000 0
1 10 49 98.000000000000000 19.899748742132399 0
1 10 49 81.766312060385914 8.217823563497323 0
1 10 49 83.766312060385914 -11.681925178635078 0
1 10 49 65.532624120771828 -3.464101615137756 0
1 10 49 63.532624120771821 16.435647126994645 0
7 15 48 78.963536422653917 36.105089049215621 0
2 20 60 44.109596880543663 39.299286662846214 0
7 15 48 68.633747959612720 64.270590470436957 0
6 36 85 20.212925900386296 -11.346040032379138 0
6 36 85 -9.913250158091927 54.048252655083843 0
1 10 49 -5.583304033134759 99.844011918960774 0
1 10 49 -30.213841769847249 95.326406443894825 0
1 10 49 -48.579280301689288 87.407399717471876 0
1 10 49 13.442452393535403 93.677927878581556 0
1 10 49 28.053142175285465 80.020411848883313 0
6 36 85 -71.914495184379575 17.444351016184186 0
7 15 48 -66.212122601122573 68.124553728108296 0
6 36 85 -52.703622369516943 -51.945434728485552 0
1 10 49 -89.906573663372313 -24.891037395944107 0
1 10 49 -5.583304033134759 99.844011918960774 85
1 10 49 -25.340345458409985 96.736068206478393 85
7 15 48 -46.225479826644438 82.995210794337325 85
1 10 49 -21.948625383487975 77.025760371911957 85
7 15 48 3.043018384724084 76.379430918159883 85
2 20 60 -16.710556015480769 47.486589271558707 85
1 10 49 -44.794460629281204 58.036200716676433 85
7 15 48 -69.155795679097366 63.650945108952776 85
2 20 60 -52.158314928855830 28.954012871628802 85
7 15 48 -85.780269777422106 38.678422990549706 85
2 20 60 -89.914440413726567 3.923443014294243 85
7 15 48 -89.773410683355024 -31.076272850483171 85
2 20 60 -56.996533586341926 -18.801244224557340 85
7 15 48 -68.226709186078551 -51.950650795400819 85
6 36 85 -2.333760479675597 -6.636490372172325 85
7 15 48 -34.863915971725064 -45.914842980995985 85
7 15 48 -47.138989420400648 -73.288599972494609 85
6 36 85 49.392917413850924 55.102991836637173 85
2 20 60 53.356690323903280 -0.756550806652839 85
2 20 60 43.072911398535076 -39.412001793727775 85
2 20 60 82.846601991775884 -35.163056443037995 85
7 15 48 91.344013511382855 26.101172303793334 85
7 15 48 67.653396500756074 -66.693462512539313 85
7 15 48 38.588038917015666 -74.123468470094394 85
5 13 111 13.069588400361347 -53.152475186855810 85
7 15 48 -12.089217768549087 -65.442083486358058 85
7 15 48 -5.973161387351841 -94.812031636499853 85
3 32 103 58.057046388443666 -52.090108126688520 196
3 32 103 -0.464309661658845 -77.998618042488999 196
3 32 103 6.358940602108174 -14.363382081285842 196
4 31 95 -58.385772430643428 -53.217493154761790 196
3 32 103 -53.004695275949253 9.552276708248144 196
3 32 103 -2.611309276943508 49.004864044888222 196
3 32 103 56.752326601113914 25.089205255354234 196
7 15 48 -92.366649591193308 -22.212655025856499 196
5 13 111 68.706032187239259 68.472484554644595 196
8 19 86 39.660674303782230 81.902569640819621 196
5 13 111 80.540370106442481 -13.109341656650097 196
5 13 111 84.425776416415175 47.762833631239623 307
4 31 95 78.892906584898370 4.112090780430176 307
3 32 103 39.794493875888882 53.511626442579526 307
8 19 86 78.583634240123914 -45.886952716588425 307
3 32 103 28.926769531872218 -34.259580384613031 307
3 32 103 -11.554571192905676 15.311187746660046 307
3 32 103 -75.378837350044776 20.050707712085753 307
3 32 103 -65.008373395409890 -43.103496244306726 307
8 19 86 -59.782956379558769 68.607566102579199 307
8 19 86 -21.932093008572387 65.244213300549347 307
5 13 111 68.706032187239259 68.472484554644595 418
3 32 103 24.071099949884285 74.192871269433169 418
4 31 95 74.966566206613393 24.920151508156021 418
3 32 103 68.271296265201443 -37.723071273016615 418
4 31 95 -38.703604309240063 68.869666860482013 418
4 31 95 -76.498736523249363 19.721645731187735 418
3 32 103 -14.124801750999033 10.862059904126674 418
3 32 103 -54.062424320962791 -39.147802157861875 418
8 19 86 41.371298915194103 -81.051931661556708 418
5 13 111 -48.787858119818452 -83.837610295621289 418
8 19 86 -17.265706051644010 -89.347050284484610 418
5 13 111 40.443474322291820 -2.359073677810873 418
5 13 111 29.649245856075893 21.294353807844022 418
5 13 111 20.020011398764666 -18.448889158770012 418
5 13 111 -1.892363636752659 -32.443453114207756 418