2 15 57 95.000000000000000 0.000000000000000 0
2 15 57 90.263157894736835 29.623678483095365 0
2 15 57 66.976720827465385 10.709613644674024 0
1 28 75 66.602178044098466 -32.288755134890486 0
2 15 57 58.842252382530134 -74.582768348665013 0
2 15 57 38.771133107050716 0.489788727093819 0
2 15 57 44.023298966404383 30.026456680433441 0
2 15 57 67.309736033675833 48.940521518854780 0
1 28 75 18.218813145935982 -60.485386159380973 0
7 29 90 -4.371662829053911 -8.153078784075955 0
4 37 104 -66.993643350524877 -28.997443863600676 0
1 28 75 -73.849805470119577 35.639952750045786 0
1 28 75 -19.001243858929165 46.937531658088460 0
3 17 79 -52.995386136079830 76.423092375850629 0
2 15 57 -23.862336963076434 89.661878040833884 0
1 28 75 31.050209425006521 72.054299447077639 0
2 15 57 -93.707744888557500 15.615970924058004 104
2 15 57 -93.904836575697303 -14.383381650070350 104
2 15 57 -67.826089305846168 0.445608229056024 104
1 28 75 -60.388627871770375 42.797516892263111 104
2 15 57 -38.324252386916228 5.890019896891457 104
1 28 75 -60.945738491639602 -42.000366523250548 104
6 16 99 -43.395491800832986 83.383639230749793 104
1 28 75 -6.779432119783031 58.985602968915352 104
1 28 75 4.641032006788603 4.162496534368152 104
2 15 57 -19.220041414404037 -31.609687843839090 104
7 29 90 -14.742781975093065 -75.381301338352870 104
2 15 57 26.279423232805925 -91.292890821525972 104
5 15 55 53.436789201416737 -78.546225624426739 104
5 15 55 75.265278684567704 -57.966695822121508 104
5 15 55 89.588089406930735 -31.606553694064541 104
5 15 55 94.976907833865752 -2.094511474632711 104
5 15 55 28.819170342888427 -61.400589394288417 104
1 28 75 73.956739194647895 35.417520066978604 104
5 15 55 57.908082470358750 75.310384307916848 104
5 15 55 65.333930333848954 -6.709041237620269 104
5 15 55 31.073630354276254 38.585954409811087 104
6 16 99 50.533440848235585 -39.276158183054747 104
5 15 55 74.749917422251016 -58.629769276082392 203
5 15 55 89.305189826062218 -32.397269485729709 203
5 15 55 94.954681526997391 -2.934017059680986 203
5 15 55 91.135008311112870 26.821824325227880 203
5 15 55 59.309542400941254 -32.908283720202967 203
5 15 55 44.754269997130052 -59.140783510555622 203
1 28 75 51.808098880419422 9.432339150846317 203
5 15 55 70.193735036158529 48.303515916526813 203
5 15 55 57.611544168529804 75.537474001435470 203
7 29 90 18.385308656877342 55.605026896667439 203
4 37 104 -11.994321934422501 -2.987447407940643 203
4 37 104 -17.870331684493713 70.778889829427115 307
4 37 104 -70.538353249193690 18.797359412746431 307
4 37 104 0.812983401595275 -0.823720021010054 307
6 16 99 -44.924409436516612 -27.602272938825298 307
3 17 79 -77.130154547453827 -34.798798617883492 307
8 22 115 40.682169195288353 78.031795503922197 307
5 15 55 73.256847787110331 60.484991959131058 307
5 15 55 88.465077616089985 34.625569199352867 307
7 29 90 66.752691541913435 -3.644161541350094 307
5 15 55 53.166253598268071 38.205673631604569 307
6 16 99 81.981864106667814 -45.988846012874177 307
7 29 90 37.970599758853794 -55.370136462851534 307
3 17 79 -8.011799645654769 -54.097758765683508 307
3 17 79 -41.419649820610815 -60.415633937581831 307
5 15 55 73.256847787110331 60.484991959131058 422
6 16 99 87.946864833087886 33.186578100650401 422
3 17 79 92.998219469414948 0.575478512656478 422
3 17 79 86.990129812363676 -32.889471191068374 422
3 17 79 61.519208157899165 13.423507421771749 422
3 17 79 46.021065623872190 43.685820254649940 422
7 29 90 41.264046352082389 -27.876957711446561 422
7 29 90 7.175411842070424 19.048142152515595 422
3 17 79 18.488862635386930 63.635201162358427 422
6 16 99 70.821825000227705 -61.808325520411273 422
4 37 104 -23.746974838851553 -39.259713252700081 422
7 29 90 -50.793596587735287 20.943943214102745 422
8 22 115 -20.474857461965961 61.953381857219341 422
3 17 79 -75.682743673757201 -54.047407986066872 422
3 17 79 -92.964493294637506 2.569627691183683 422
6 16 99 2.285355720480791 92.383181328947330 422
8 22 115 36.772024755859825 -78.678746478960164 422
6 16 99 -0.346882663973426 -86.814268094557320 422
6 16 99 45.876632857178016 82.044710723407974 422