8 13 89 97.000000000000000 0.000000000000000 0
5 16 86 89.711340206185568 28.069118946095067 0
8 13 89 71.575422248941891 5.439746885692533 0
5 16 86 57.844279924987688 30.982959887962117 0
4 25 85 76.817025921862850 -32.197011621596872 0
4 25 85 34.984080199771206 -4.810798809078706 0
5 16 86 26.126148693831947 35.220901747306463 0
5 16 86 45.655379619363480 60.570638224383757 0
8 13 89 74.621458327101749 61.972880820054009 0
8 13 89 93.515463917525778 25.765442132630543 89
5 16 86 93.944441834680021 -3.231384899763778 89
4 25 85 57.128289438447624 14.812199077301070 89
8 13 89 83.312206014640552 49.679737609754852 178
7 24 93 85.053996456616389 12.720758104684059 178
7 24 93 78.623879574027114 -34.846600418532695 178
7 24 93 40.644397143293808 -5.494276587298811 178
7 24 93 47.096575279124202 42.101605225801386 178
7 24 93 22.137252380747615 83.101997912391283 178
8 13 89 58.670695935388608 77.244737286479108 178
7 24 93 -0.890467801788652 40.986393877843568 178
8 13 89 67.131748394545141 -70.016629149734754 178
7 24 93 34.227976590560552 -53.094992081433439 178
8 13 89 9.541528924059342 -25.534525800742600 178
7 24 93 -19.879457146271655 -3.097824201590609 178
4 25 85 -32.232915269082362 78.651377440297622 178
7 24 93 -70.943866274011071 48.610367598849052 178
8 13 89 -94.838958688999654 20.361039138173112 178
7 24 93 -84.644843081223115 -15.206924072774008 178
8 13 89 -50.375632483705850 17.854103866930206 178
8 13 89 67.131748394545141 -70.016629149734754 271
5 16 86 82.348290831624979 -45.329449556663604 271
8 13 89 53.462432763023244 -47.899897696696058 271
8 13 89 63.011714104598582 -23.717027191740666 271
4 25 85 30.311468337880516 -79.411679790832196 271
8 13 89 28.270936809355295 -41.466505775140888 271
8 13 89 37.820218150930629 -17.283635270185499 271
5 16 86 56.830296105430897 4.616523089146582 271
8 13 89 83.234555400195958 -7.375769898218801 271
8 13 89 83.318206199895357 -49.669674003678736 360
5 16 86 91.430638447329443 -21.827467858497073 360
8 13 89 64.265219012956635 -31.978329248280716 360
4 25 85 83.007150246546473 18.297896271081513 360
4 25 85 38.348449399219547 -4.187664398578505 360
5 16 86 46.063915148475822 36.079835999038096 360
5 16 86 70.094283091163433 57.211362601227812 360
4 25 85 33.244609417789491 -53.926490454728608 360
8 13 89 93.518575431419535 -25.754146254106224 449
5 16 86 79.038974655301729 -50.880649420369707 449
5 16 86 64.730088201967789 -22.258005089951929 449
5 16 86 85.474009029202918 2.107744410389746 449
4 25 85 46.358708831388370 14.395677126467325 449
4 25 85 24.591332159003983 -30.617446657630751 449
4 25 85 27.133999884028256 -80.552753213614963 449
8 13 89 80.679091235133185 30.708596903770317 449
8 13 89 -2.718481853599453 -57.040430187069845 449
4 25 85 -25.232869521358644 -26.428302721866562 449
4 25 85 -43.765451542240847 -72.866900931107040 449
8 13 89 9.711150481665388 4.347967586296015 449
8 13 89 11.829381029073073 30.261537377971365 449
8 13 89 30.112310741553571 48.747599184870580 449
8 13 89 56.000894961463658 51.152013269137797 449
3 18 73 -78.651424776262843 -47.727909871100238 449
6 15 99 52.809240426714553 78.969513899690796 449
4 25 85 13.124376247165163 83.980656987921009 449
7 24 93 -85.766359931284185 -6.334943104512426 449
8 13 89 -49.843011387190671 2.525814728741771 449
2 21 118 -20.567046048954065 19.815055704399693 449
8 13 89 -5.027864579189097 50.056316247732099 449
8 13 89 -22.082540250157123 69.681250330630093 449
4 25 85 -74.290758851548972 41.302338302582811 449