6 12 96 98.000000000000000 0.000000000000000 0
3 18 96 87.591836734693871 28.136633370798521 0
6 12 96 74.039267399437293 1.372331317259682 0
7 27 75 73.980820793670787 -37.627624887770537 0
8 30 88 32.041158886771257 0.973732071991389 0
8 30 88 50.152546816946590 58.174935094678766 0
2 15 53 21.181440078726197 92.608566537828082 0
1 34 86 -13.847227247326174 58.344993090787398 0
1 34 86 -72.263309638134260 23.537503693958989 0
5 18 77 -88.267796745847406 -25.938312544068292 0
1 34 86 -36.994466382756279 -34.601198522615988 0
2 15 53 -61.116545825875974 71.252801623592944 0
6 12 96 -78.552854145382142 -54.321756490666203 0
6 12 96 95.061224489795919 23.819395426849606 96
3 18 96 78.126425092560666 48.582524659145776 96
3 18 96 91.803927056628865 -6.003247203069769 96
6 12 96 72.152566547146890 16.664439713031140 96
6 12 96 53.382186430265577 31.620135292568289 96
3 18 96 44.026679463793812 60.124073431013272 96
3 18 96 22.728793399753759 89.148202172513322 96
3 18 96 55.893968050344967 -8.547818712579812 96
1 34 86 10.090316290769849 16.069766170742334 96
1 34 86 -33.622346939030479 68.158182093652314 96
6 12 96 -78.603062929261569 58.528270930709567 96
3 18 96 -87.058930162764170 29.744624370042914 96
6 12 96 -97.983387098424529 1.804398160133598 96
6 12 96 -74.001448632437459 2.735326413872768 96
3 18 96 -84.925905568097789 -25.204899796036536 96
3 18 96 -71.063727638113718 -58.428987790102894 96
3 18 96 -50.237679412909415 -15.575415583135756 96
6 12 96 -44.251214148941237 -44.972052017314802 96
1 34 86 24.896269203697294 -50.298778775942878 96
3 18 96 -24.238549771860047 -67.321397970391502 96
6 12 96 -2.087313783189328 -87.553124149198368 96
2 15 53 -38.905345914986540 15.417780726568335 96
2 15 53 -16.944718168517259 -24.797175380897649 96
6 12 96 98.000000000000000 0.000000000000000 192
3 18 96 87.591836734693871 28.136633370798521 192
6 12 96 74.039267399437293 1.372331317259682 192
7 27 75 73.980820793670787 -37.627624887770537 192
8 30 88 32.041158886771257 0.973732071991389 192
8 30 88 50.152546816946590 58.174935094678766 192
2 15 53 21.181440078726197 92.608566537828082 192
1 34 86 -13.847227247326174 58.344993090787398 192
1 34 86 -72.263309638134260 23.537503693958989 192
5 18 77 -88.267796745847406 -25.938312544068292 192
1 34 86 -36.994466382756279 -34.601198522615988 192
2 15 53 -61.116545825875974 71.252801623592944 192
2 15 53 91.326530612244895 26.162278309250819 288
2 15 53 78.614717174874443 53.335975134185944 288
2 15 53 61.437512128429326 28.740373356787195 288
2 15 53 48.725698691058874 55.914070181722302 288
2 15 53 74.149325565799757 1.566676531852082 288
7 27 75 72.503476399919052 -40.401063227672374 288
2 15 53 45.729496212169821 -8.041304500110581 288
7 27 75 19.547385895052841 25.704368720462689 288
2 15 53 21.126990970011875 67.674654016218824 288
7 27 75 -20.481006941933259 61.949751417958375 288
5 18 77 -65.396300509927229 64.709534688601266 288
2 15 53 -52.227218870927736 34.451060028014581 288
2 15 53 -82.170747916257042 36.290915541776499 288
1 34 86 3.678683828066269 -33.195413067836128 288
2 15 53 -19.414714063329352 10.021423626092362 288
7 27 75 -69.604906670153682 -3.785257351574074 288
7 27 75 -60.346040977121632 -56.985571317549827 288
1 34 86 71.322994453856367 -26.249389747862228 374