2 12 99 98.000000000000000 0.000000000000000 0
3 24 91 80.122448979591837 31.247290594749217 0
3 24 91 64.959798383266161 -14.294931868518258 0
3 24 91 33.100402083437046 21.607419968240784 0
5 16 75 64.726099008520180 68.165475918086571 0
8 20 56 68.704338870579718 -58.135306143139474 0
7 14 36 38.835919190899169 -41.890999268468832 0
5 16 75 22.250031511372931 -16.892832738058235 0
5 16 75 -2.506701473813546 3.382871242326269 0
5 16 75 -4.474888182359640 35.322286407296062 0
5 16 75 17.605110879204144 58.484187051270482 0
7 14 36 37.557228725547290 80.887601823256375 0
3 24 91 30.711835576004134 -80.329217321921462 0
8 20 56 2.215980991628754 -46.803312837386933 0
5 16 75 -23.046297632709180 -21.155364016744006 0
7 14 36 -3.943019718813865 -95.918989754360140 0
3 24 91 -40.888579677092331 14.644817148281996 0
8 20 56 -32.556242035485596 57.848661299309384 0
8 20 56 -4.806313958822682 86.657366437514312 0
6 30 113 -75.323483298721285 -26.951305418240061 0
8 20 56 -84.226390698571890 22.249692943883502 0
2 12 99 -69.976616724158248 -68.609570118462756 0
7 14 36 -48.299001566394580 -82.965091741583791 0
7 14 36 -65.826117626772941 50.840424849227063 0
7 14 36 -41.999427261078310 -55.682948065329185 0
2 12 99 -36.518190627292398 90.941859192061457 0
2 12 99 -23.802006544334208 -74.253189831601716 0
2 12 99 -69.976616724158248 -68.609570118462756 113
3 24 91 -79.087357942022962 -33.781501058276532 113
3 24 91 -36.376507995639379 -55.685457250195519 113
7 14 36 -44.287540329735691 -18.518057994814708 113
6 30 113 -77.409725824680550 20.192432932853499 113
7 14 36 -35.147698199583331 7.948208947009407 113
5 16 75 -14.637997251111667 -13.945903663559227 113
5 16 75 1.132383724044026 -41.790024836590483 113
5 16 75 -0.682162290336585 -73.738536895240344 113
7 14 36 -24.620015358508553 -91.821102821751168 113
2 12 99 -96.473096257564492 -17.231996357900506 226
3 24 91 -73.379668725275366 -44.848904309568638 226
3 24 91 -66.461256083628172 2.649891112209126 226
3 24 91 -28.785298920032233 -27.091027700209633 226
5 16 75 -39.243899416414465 -65.699545875051228 226
6 30 113 -17.650908359712549 25.748591401845445 226
6 30 113 6.708704874068701 -67.787166272122690 226
2 12 99 -25.627268727919095 -94.589867837665466 226
3 24 91 60.317710977628607 -61.300683050185192 226
3 24 91 33.973836999405023 -21.175873968776777 226
3 24 91 81.894877975017039 -18.423814410243541 226
5 16 75 91.773643108900103 20.337119523674726 226
3 24 91 68.070982642891209 52.557980574135485 226
5 16 75 42.895721146208629 83.641838259011919 226
8 20 56 7.408198608372775 89.694585083933049 226
8 20 56 32.336139873086083 26.886576011523289 226
7 14 36 -26.493990512023668 92.271710002301361 226
7 14 36 24.236093816442846 60.151024992667601 226
2 12 99 -28.423948273586085 66.343438501127494 226
5 16 75 -54.475618188165399 76.605528671351266 226
2 12 99 -25.627268727919095 -94.589867837665466 339
5 16 75 -49.479061895810176 -79.923853973082316 339
8 20 56 -17.353142108375469 -63.678076742943048 339
7 14 36 -73.422103435930779 -61.848158639069304 339
8 20 56 -48.560242440267743 -38.655748936058075 339
8 20 56 -11.286720731737457 -24.140771173632061 339
8 20 56 19.920379600154824 -49.163098980517042 339
8 20 56 13.853958223516809 -88.700404549828036 339
6 30 113 -79.999689046929475 0.223052448074981 339
6 30 113 69.123694622216874 -40.273003883178447 339
8 20 56 89.847921782271243 5.229813706707844 339
2 12 99 97.552299462260208 -9.356755293663831 452
6 30 113 69.123694622216860 -40.273003883178461 452
4 20 104 71.811952518978643 9.654676510371750 452
4 20 104 34.344130043693845 -4.351117967648536 452
4 20 104 40.948667463186858 35.099865359443790 452
6 30 113 9.597397646771562 -47.797628019379012 452
4 20 104 -5.430331682315632 -0.109397278328313 452
4 20 104 1.174205737177381 39.341586048764015 452
4 20 104 24.734874472891477 71.666419980679962 452
2 12 99 55.677577009833733 63.508653147145935 452
2 12 99 71.286809544656023 45.278133141566137 452