6 12 67 98.000000000000000 0.000000000000000 0
7 17 55 88.836734693877546 27.514261191782229 0
5 12 45 74.132513018557262 2.518544260214910 0
7 17 55 54.988819185027580 24.302000974154453 0
7 17 55 69.130877987420774 55.221285778781692 0
3 21 95 39.931039539346713 79.539374408572826 0
3 21 95 21.306492222991956 41.894637229773679 0
1 16 74 3.314596644634690 74.225608348771772 0
8 30 76 -29.692674028479708 42.186256253079165 0
1 16 74 -32.834764051190810 88.078818507644769 0
8 30 76 -79.518983636709407 8.759637057820477 0
6 12 67 -92.956853115143758 -31.032619272784380 0
6 12 67 -38.230196661653466 1.063139794230306 0
1 16 74 -74.032929512107827 54.431326430362219 0
1 16 74 -48.329672602813361 -25.052001134241301 0
1 16 74 -70.661476108381152 -47.971219100583653 0
8 30 76 5.323420350036362 -6.536152702912077 0
6 12 67 -23.187804840733360 -37.376224656803785 0
6 12 67 -41.967907298065853 -52.319709916009359 0
4 15 95 71.605873072535232 62.430753171173372 95
4 15 95 48.567828083541109 81.646592551358779 95
4 15 95 87.503166176179548 36.989132311314165 95
3 21 95 88.994154621144844 1.020021209467615 95
3 21 95 79.552459817084326 -39.904963814683313 95
4 15 95 62.454222737242993 -71.585403975159920 95
4 15 95 43.445445519756198 52.087140647268399 95
4 15 95 20.407400530762089 71.302980027453785 95
4 15 95 44.391610516661302 -47.632491004732024 95
4 15 95 60.772490078640324 23.370360143146971 95
4 15 95 55.781349176629895 -12.869167193920049 95
4 15 95 30.810380537889504 24.877672940163102 95
4 15 95 7.772335548895398 44.093512320348488 95
3 21 95 -15.592156961100137 71.481474817591007 95
8 30 76 -62.065624678288216 50.476313586610715 95
3 21 95 -88.724400752540717 6.998622085993269 95
3 21 95 -82.054441068218253 -34.468372473650362 95
4 15 95 -56.520116048225319 -9.091251955881553 95
3 21 95 -40.629427884460952 -41.394286328553093 95
8 30 76 3.639295748312057 -66.717795325632551 95
3 21 95 20.222745815308723 -18.489285252487761 95
1 16 74 1.899281081467475 13.654931025836337 95
1 16 74 -40.854248821664477 -78.393603289088929 95
1 16 74 -29.851686120439837 17.639411135387192 95
1 16 74 -18.031043091569675 -12.097306880964636 95
6 12 67 12.686180893629864 97.175412601820739 95
6 12 67 38.520764414348577 -90.111878844768597 95
6 12 67 88.746700994148199 41.569496781357060 190
7 17 55 92.119603298237053 12.766310672055312 190
7 17 55 90.551999597614426 -21.197532141115801 190
7 17 55 76.881480931696117 -52.328174913226690 190
7 17 55 62.442940329649133 29.358347166977900 190
7 17 55 56.756812787868832 -24.923837079576639 190
7 17 55 39.430240852231861 4.330049926412796 190
5 12 45 61.074414141596890 -76.641476611954118 190
7 17 55 41.454708753043988 -55.285747627290817 190
7 17 55 22.811574928705237 -26.852781527923057 190
5 12 45 70.538984603229082 57.205323073173410 190
7 17 55 41.556872037596619 56.186916851173116 190
5 12 45 10.826133319595851 -0.445411544628067 190
7 17 55 15.235348909099956 28.217435799717784 190
7 17 55 7.963681771105943 61.430729178035719 190
7 17 55 29.301551592092281 87.901379179549480 190
6 12 67 96.189085178202177 18.752596955637031 257
7 17 55 92.460082562085233 -10.006654416556131 257
4 15 95 85.573753984812186 -41.256910075123677 257
1 16 74 61.575917611188011 -21.632847055841438 257
1 16 74 66.236178321138198 10.025990100871926 257
8 30 76 21.238129868607245 0.477396724689374 257
8 30 76 50.074726038871773 53.093465765554498 257
8 30 76 -9.910424482925613 51.758656087244070 257
1 16 74 -43.236645251528351 83.466115923729731 257
6 12 67 -16.968735261878454 93.161316013240594 257
1 16 74 11.027740632821125 92.717089182099230 257
4 15 95 68.441850824263426 -65.884088031551840 257
8 30 76 23.902260364370584 -59.463427499720019 257
8 30 76 -29.340081385627290 -31.800220075843207 257
1 16 74 -6.756510060611209 -93.756864131650971 257
6 12 67 -19.863714013388133 9.116750259536719 257
8 30 76 -60.543007165528074 19.566396600071911 257
7 17 55 -91.674663717433035 -15.644680638976492 257
7 17 55 -35.931634313718270 -78.335705782948224 257
7 17 55 -66.992035122376379 -64.506334806453623 257
6 12 67 96.583249306753544 -16.603492203433952 352