3 13 67 97.000000000000000 0.000000000000000 0
2 17 90 88.443298969072160 28.753832222285070 0
2 17 90 72.197729258507948 58.621565058561728 0
7 18 87 53.444722485739945 29.069496823317731 0
7 18 87 66.334793090682481 -4.543686301753846 0
7 18 87 30.779887299840826 1.099776660326661 0
6 20 87 16.111030655325077 36.154371861849761 0
2 17 90 46.302422581492671 80.654111259655437 0
3 13 67 90.517632096196081 34.864857373832649 90
2 17 90 72.197729258507934 58.621565058561742 90
3 13 67 65.081857524671619 29.477708596734502 90
4 18 71 83.630814239191082 4.639508082146417 90
3 13 67 52.694048342340878 6.618526991476577 90
4 18 71 34.145091627821415 31.456727506064656 90
4 18 71 38.270250835522937 67.219600174673303 90
6 20 87 83.588750034716028 -33.360468636303089 90
4 18 71 46.806588796285915 -23.817271340316303 90
4 18 71 18.852176391407905 -1.133558524773911 90
4 18 71 -1.725381609692661 28.405637583301576 90
4 18 71 2.399777598008855 64.168510251910220 90
2 17 90 65.747206049767769 -65.774652387142126 90
4 18 71 31.966668503831350 -56.616307388858878 90
4 18 71 4.012256098953333 -33.932594573316486 90
4 18 71 -16.972582192498827 -4.681328585643342 90
4 18 71 -37.550140193599390 24.857867522432151 90
4 18 71 -33.424980985897875 60.620740191040795 90
4 18 71 -69.424093773212434 60.367998175922693 90
3 13 67 -17.999870251615203 87.510626000302196 90
2 17 90 -87.823547280298584 30.594518187171357 90
6 20 87 -89.775426316599322 -6.353961730514698 90
3 13 67 52.709173154986630 81.429374707888044 180
2 17 90 23.921304963328645 89.870858284826838 180
3 13 67 35.304346279286676 62.114302835722697 180
6 20 87 2.386779710409701 59.783249171914647 180
4 18 71 28.236985952467300 31.930657959550111 180
4 18 71 -6.601981649233572 22.861681366370640 180
5 25 90 -41.161929791716389 48.447028430440312 180
4 18 71 -23.463426531647897 87.635840384279192 180
6 20 87 -83.572283070093832 33.401699095287171 180
4 18 71 -91.926829162435567 -3.668525608522454 180
4 18 71 -57.248437103398942 5.996313976268664 180
4 18 71 -66.217636528986702 -28.868474301649162 180
4 18 71 -65.251536238312525 -64.855508775586571 180
4 18 71 -34.568900322353457 -46.025324144290501 180
6 20 87 -32.405259643375530 -83.963677548362639 180
6 20 87 0.352438416842929 -61.008651567206350 180
3 13 67 -0.962858013921981 -93.982428956204672 180
5 25 90 43.761210687428068 -72.869447913172294 180
7 18 87 78.648646926483693 -47.732487224460741 180
7 18 87 26.536795489993548 -33.469961608064366 180
7 18 87 58.874353087804650 -17.649646547729763 180
6 20 87 89.897458762782108 4.294986378778290 180
6 20 87 -6.748943898790468 -15.138034449635210 180
3 13 67 23.773684783191708 -2.593348788294819 180
6 20 87 66.539649593987946 51.467433491234040 180
3 13 67 60.378669816371044 19.047650515714359 180
3 13 67 52.709173154986601 81.429374707888059 270
2 17 90 72.197729258507934 58.621565058561750 270
5 25 90 83.061227280677471 18.050831632576969 270
7 18 87 44.544228323394478 37.167337362564879 270
6 20 87 42.181085107923700 -0.759111906291999 270
7 18 87 11.840114585191454 22.119382531469704 270
6 20 87 14.203257800662234 60.045831800326582 270
3 13 67 52.709173154986630 81.429374707888044 360
2 17 90 23.921304963328645 89.870858284826838 360
3 13 67 35.304346279286676 62.114302835722697 360
6 20 87 2.386779710409701 59.783249171914647 360
7 18 87 28.236985952467300 31.930657959550111 360
7 18 87 -6.601981649233572 22.861681366370640 360
5 25 90 -41.161929791716389 48.447028430440312 360
7 18 87 -23.463426531647897 87.635840384279192 360
6 20 87 -83.572283070093832 33.401699095287171 360
7 18 87 -91.926829162435567 -3.668525608522454 360
7 18 87 -57.248437103398942 5.996313976268664 360
6 20 87 -65.602983195740677 -31.073910727540962 360
7 18 87 -61.074765701758174 -68.803146690215726 360
6 20 87 -29.325053220193091 -47.923593118887865 360
6 20 87 66.539649593987946 51.467433491234040 360
6 20 87 60.541223414819413 11.919754882078415 360
7 18 87 91.431544232907981 -10.211401431037384 360
7 18 87 26.037679295914561 -4.002099382886648 360
6 20 87 9.475867224924526 -38.203069850480240 360
7 18 87 -17.507474390476006 -11.446775726170097 360
5 25 90 70.358434344301457 -47.693717789858042 360
7 18 87 32.634338985698790 -68.330884004604016 360
7 18 87 -2.730041752550259 -75.065909988233159 360
3 13 67 52.709173154986601 81.429374707888059 450
2 17 90 72.197729258507934 58.621565058561750 450
5 25 90 83.061227280677471 18.050831632576969 450
7 18 87 44.544228323394478 37.167337362564879 450
7 18 87 25.049245779766807 67.431931455723515 450
7 18 87 8.586829731680798 35.416484280028456 450
7 18 87 -10.908152811946870 65.681078373187091 450
5 25 90 38.936578124738062 -5.465446492697364 450
5 25 90 74.881737485610060 -40.220957113626483 450
7 18 87 51.444534238999651 -76.272274759131136 450
7 18 87 29.822866317552510 -47.488538443380463 450
7 18 87 1.065556419846164 -25.831735183266552 450
2 17 90 -41.067177799802828 83.441517888634920 450
2 17 90 -68.314230016030763 63.104405371707927 450
2 17 90 -86.430602396609316 34.332942917251245 450
5 25 90 -84.656892193341861 -7.629587417737191 450
5 25 90 -44.872740251612505 28.254777574202343 450
3 13 67 13.235772234968124 96.092738192560873 450
3 13 67 -46.713370600465126 -9.700618352054079 450
3 13 67 -56.926407853364182 -33.610739014043560 450