6 15 81 95.000000000000000 0.000000000000000 0
6 15 81 90.263157894736835 29.623678483095365 0
6 15 81 66.976720827465385 10.709613644674024 0
1 16 91 61.515748820247723 41.224819440086662 0
2 31 87 21.377916537599653 16.771712896131660 0
2 31 87 56.759544622211202 -34.141354130735110 0
2 31 87 -5.023278849941050 -39.326209365828277 0
2 31 87 -40.404906934552599 11.586857661038486 0
2 31 87 -14.003711547011900 67.684779922998416 0
6 15 81 51.486614356478285 -79.838139645831461 0
6 15 81 21.639768732697959 -76.810631378258037 0
6 15 81 -7.140657727970758 -85.277452076846160 0
6 15 81 36.903452582196628 60.072494996781074 0
6 15 81 31.581980317020541 89.596755071014300 0
1 16 91 -36.204465558272773 -74.493432677601945 0
6 15 81 -66.485867902572323 -67.857419411894099 0
6 15 81 -84.330639659042177 -43.741778824103420 0
6 15 81 -93.765707737602000 -15.264077190141752 0
6 15 81 -93.850178922661314 14.735803886604135 0
1 16 91 -77.170695547358093 40.866147059493869 0
1 16 91 -63.147905453562451 69.630036886590375 91
2 31 87 -16.761747278840524 77.201320119284759 91
1 16 91 -47.549543400572936 41.689186841112928 91
1 16 91 -79.546210369782756 42.151034068535544 91
2 31 87 -78.851362178512687 -4.843829331532859 91
7 18 108 -16.338539737197934 28.203147751565808 91
1 16 91 -31.937018614606142 -2.007569828641557 91
3 22 113 -38.671164143575943 -39.406116377867988 91
3 22 113 -30.329642660497864 -82.608188311368437 91
1 16 91 -64.922386151146384 -66.881074851162353 91
7 18 108 -1.699636604978323 -54.673930611173233 91
1 16 91 7.361362208404433 -87.444318166157643 91
1 16 91 39.295507850816676 -85.392406352944548 91
2 31 87 64.447791099994760 -45.688972655679571 91
8 28 118 15.893178210619178 -12.171073449988256 91
2 31 87 67.607318700959070 16.230470052881252 91
2 31 87 60.909053877664391 -50.309911108327114 209
5 33 110 76.080218185287890 11.865934471376029 209
2 31 87 15.332604527680068 -8.276742483438584 209
1 16 91 33.028039869484992 35.264864837192121 209
4 22 114 76.705665874016148 -43.130509188088581 319
4 22 114 46.236989664899994 -74.874166350804401 319
4 22 114 87.997925614628258 -0.604224728350616 319
4 22 114 77.290703951583296 42.073115913475029 319
4 22 114 33.980514257522316 -32.615690152669359 319
4 22 114 45.272773998134426 9.910594307068610 319
5 33 110 25.775288631769271 61.338680645064684 319
5 33 110 -9.557484788924036 5.592872529996981 319
5 33 110 -70.224291225215168 31.583997877345535 319
3 22 113 -85.387154989870780 -21.284589794867667 319
1 16 91 -25.626666783200100 51.883059287395511 319
1 16 91 -18.175143615245311 83.003387088969731 319
7 18 108 52.896377830389881 -75.272659129491615 433
5 33 110 71.770125111045473 -27.893532252923418 433
7 18 108 89.844947065789597 19.796097765606820 433
5 33 110 9.217434393762154 -48.944919001256608 433
7 18 108 28.091181674417737 -1.565792124688421 433
7 18 108 54.025983740872988 23.401907844948127 433
5 33 110 32.681267630075133 69.720404087264185 433
7 18 108 -13.677450770490921 90.977619997562030 433
5 33 110 -15.607435378557369 24.729280943425177 433
5 33 110 -76.998389011789925 0.498085925385119 433
7 18 108 -76.899715968788556 -50.501818619923448 433
3 22 113 -49.341870058754608 72.865491551934070 433