2 17 100 93.000000000000000 0.000000000000000 0
2 17 100 86.784946236559136 33.427131296561186 0
2 17 100 60.943728239819734 11.331171203254726 0
4 24 100 64.537731304827361 -29.511002367317104 0
4 24 100 49.617584846166721 50.735720126271346 0
2 17 100 31.359001716491822 -5.424244534347796 0
4 24 100 7.418955808717286 27.860499747885278 0
4 24 100 8.707748362592188 75.843194688385211 0
8 31 104 -45.174173113834378 64.809675847679756 0
7 18 43 58.428313962902848 -71.064281657190151 0
3 22 93 23.846019494523198 -50.962915800555479 0
4 24 100 -7.865834181082130 -17.640876000192140 0
3 22 93 0.091905136091803 -87.999952008202598 0
3 22 93 -43.170682503058856 11.847557070458102 0
4 24 100 -34.441949138046574 -57.612242173919682 0
3 22 93 -67.014961384313025 -25.131495981681791 0
6 21 69 -88.143196871862784 12.319774559951959 0
2 17 100 -6.176236007799602 92.794687934040482 104
2 17 100 -39.116822871782610 84.373420983255059 104
2 17 100 -66.829169795913529 64.675049782655435 104
2 17 100 -85.609325682459044 36.332400914261882 104
4 24 100 -85.873287175253694 -4.666749373644361 104
2 17 100 -51.673793808615201 34.239633263678378 104
2 17 100 -45.246496771337355 0.852661960569737 104
4 24 100 -52.792500866152572 -39.446938809177745 104
5 25 98 -10.746881663640380 24.806295451561592 104
4 24 100 -7.320902388700201 -24.073789102453663 104
2 17 100 -19.410302144857013 -63.250905044490992 104
5 25 98 17.568708043564268 -83.164538702983265 104
8 31 104 30.871635234549743 62.274936355590434 104
4 24 100 35.070738044325282 7.435465756459600 104
4 24 100 41.099701680777542 -40.184399819477683 104
4 24 100 83.967085942773863 -18.588396334241089 104
6 21 69 84.994391282377180 26.399875956870773 104
6 21 69 -14.418912503143495 87.824227649474338 208
6 21 69 -53.088267542394007 71.432736538279102 208
6 21 69 -79.934910304812917 39.133235421589063 208
6 21 69 -88.980116155517393 -1.881204122532260 208
6 21 69 -38.539400426986049 32.033111341353674 208
1 25 70 -44.492619704974146 -13.580035669439070 208
7 18 43 -78.783651443031545 -39.524691040816428 208
3 22 93 1.443219385424445 47.856831287568596 208
4 24 100 36.169948181873806 78.023937663518126 208
1 25 70 72.215630383238448 44.831938708374949 208
6 21 69 88.977645748500123 1.994632059908689 208
6 21 69 79.984731354887941 -39.031304744863526 208
1 25 70 44.503597415550445 -9.755220061648238 208
6 21 69 0.887282659771273 4.860425224304770 208
1 25 70 -2.682354590066485 -41.000862262033543 208
1 25 70 -38.704278175121885 -75.676805237422542 208
4 24 100 22.591959971654799 -82.979535697900531 208
6 21 69 -7.550372288106040 88.679151317042951 308
6 21 69 -47.376591753937859 75.342276006108989 308
7 18 43 -17.027899943261588 50.848258259308224 308
7 18 43 -50.015185888162051 36.431637088264971 308
7 18 43 -85.856515958824119 33.055387872662742 308
1 25 70 25.564959906122354 56.751502270082085 308
7 18 43 2.387578106684757 20.532598739976443 308
7 18 43 -30.599707838215707 6.115977568933189 308
7 18 43 -66.441037908877774 2.739728353330950 308
1 25 70 73.531912328324580 42.638689817342978 308
7 18 43 91.922725084226457 3.769961948047360 308
7 18 43 55.924536263373554 3.408850305723886 308
7 18 43 22.302262177432691 -9.457488928489930 308
7 18 43 -10.685023767467769 -23.874110099533176 308
7 18 43 -46.526353838129843 -27.250359315135420 308
7 18 43 -82.455873656118115 -29.501937794511242 308
4 24 100 78.145690159411345 -35.906143060892546 308
7 18 43 36.661720431340605 -42.469698164684289 308
6 21 69 2.180106927062250 -60.691068314636468 308
7 18 43 31.459167929612729 -86.454154053905512 308
6 21 69 -39.529947325928809 -65.617666960004527 308
7 18 43 91.922725084226457 3.769961948047346 408
6 21 69 82.245359347743019 -34.010305287671571 408
7 18 43 56.862311510861772 -4.401170168411529 408
7 18 43 67.316110307011826 30.047604711540473 408
1 25 70 37.047571544282867 -42.563665894672162 408
1 25 70 9.729734858453433 -84.441294753125362 408
1 25 70 24.720664680947024 24.163047640956737 408
1 25 70 47.949727023979655 68.439572602424789 408
3 22 93 18.943343186072571 -85.936893991665059 478
5 25 98 58.937088519758476 -61.248833432271624 478
3 22 93 85.144857438442045 -22.234056125398741 478
3 22 93 85.265766395175575 21.765777749562449 478
3 22 93 47.100338018797331 -0.129428959841836 478
3 22 93 47.221246975530846 43.870404915119352 478
3 22 93 16.045004675075138 -42.032456472484050 478
3 22 93 3.100593097195091 0.020393715136350 478
5 25 98 -23.948740658610763 -66.720517031877478 478
5 25 98 -70.251494423811607 -47.851097492337288 478
5 25 98 0.321471935009246 46.938156721975147 478
4 24 100 -85.987830807445647 -1.446704195784896 478
8 31 104 -62.518941951392129 48.294739851027892 478