8 12 78 98.000000000000000 0.000000000000000 0
5 24 70 80.122448979591837 31.247290594749217 0
5 24 70 64.959798383266161 -14.294931868518258 0
5 24 70 33.100402083437046 21.607419968240784 0
4 16 61 64.726099008520180 68.165475918086571 0
7 26 90 16.221764909701591 -25.457552220823516 0
6 39 91 70.174968924333783 10.792299869295086 90
7 26 90 45.199560480193156 70.802540437454354 90
7 26 90 9.191456002142218 33.286991502409194 90
6 39 91 4.671935652566319 -31.555694560166661 90
6 39 91 -54.322988315811855 19.469778940480822 90
7 26 90 -72.134342824760324 -43.042265103499695 90
8 12 78 91.293613591913854 -35.629708353147123 90
8 12 78 -96.955643259046099 -14.268960726857017 90
8 12 78 67.722899837845802 -40.148718546075152 90
8 12 78 75.069442101351939 -62.996657550950822 90
8 12 78 49.536033506490753 -55.808791759359451 90
8 12 78 33.475595503447934 -73.643093852528622 90
8 12 78 11.036492343116457 -82.157003022821783 90
8 12 78 -7.221979302050810 -97.733530658422183 90
8 12 78 -18.913970452689156 -76.774109317807955 90
8 12 78 7.202019985987782 71.234878720772585 90
8 12 78 -36.984204460202946 -60.979596254288325 90
4 16 61 -20.585452687815479 62.906844791544877 90
3 16 115 67.214992315091507 65.712592462040249 181
1 25 104 80.610302171144113 26.962551509025221 181
6 39 91 62.154842636646023 -34.318734487357908 181
6 39 91 18.141339569280376 40.877604920598962 181
7 26 90 -1.484507358964748 -21.088725714263479 181
7 26 90 -40.638700449593209 13.130408749100470 181
7 26 90 -55.657960249927811 62.914159462059537 181
5 24 70 -85.542148643684399 -8.862325057331343 181
4 16 61 -88.737765351020073 31.009821033138849 181
2 18 102 -17.712747533903737 85.188827404268793 181
3 16 115 85.364037695844559 39.357096796669708 296
6 39 91 69.729057735416319 -13.373799285579913 296
2 18 102 51.386553956510923 40.594270488322891 296
1 25 104 14.361841526395693 18.727156607719646 296
1 25 104 18.704223247636147 68.538236911072204 296
6 39 91 -2.410793021818495 -43.035928890918228 296
2 18 102 -27.336055693691065 8.225472579761014 296
2 18 102 -20.707338533623258 43.609933983205075 296
2 18 102 -22.863118799195476 79.545328950375946 296
2 18 102 -57.943457774846799 71.460168633264132 296
1 25 104 -78.124370692543465 33.490038875672518 296
2 18 102 -91.709315980835072 -7.307623575920523 296
1 25 104 -71.835096837555469 -45.439177615126667 296
4 16 61 25.345156940464332 -90.518633549469982 296
4 16 61 -49.570491149735773 -79.867179787281628 296
3 16 115 67.214992315091507 65.712592462040249 411
1 25 104 80.610302171144113 26.962551509025221 411
6 39 91 62.154842636646023 -34.318734487357908 411
6 39 91 18.141339569280376 40.877604920598962 411
7 26 90 -1.484507358964748 -21.088725714263479 411
7 26 90 -40.638700449593209 13.130408749100470 411
7 26 90 -55.657960249927811 62.914159462059537 411
5 24 70 -85.542148643684399 -8.862325057331343 411
4 16 61 -88.737765351020073 31.009821033138849 411
2 18 102 -17.712747533903737 85.188827404268793 411
4 16 61 85.364037695844559 39.357096796669708 526