8 12 47 98.000000000000000 0.000000000000000 0
2 16 61 90.081632653061220 26.857018795073568 0
8 12 47 74.292187369438807 3.733580088092849 0
8 12 47 62.184783518681833 24.455809022130698 0
5 21 101 68.428911924058895 56.859680094228906 0
2 16 61 82.210554716377573 -23.123438706980703 0
8 12 47 56.401950748873446 -12.264527101827529 0
2 16 61 38.606877419570580 9.353413716037940 0
2 16 61 34.933386770561583 41.141862348389346 0
2 16 61 35.203504992910247 73.140722267860781 0
2 16 61 10.447720815909395 93.417584692352293 0
1 28 86 -7.384132279935862 53.192903025890423 0
1 28 86 21.058830201383913 -30.995886635124176 0
6 23 65 -16.881761163073286 3.085068851999074 0
1 28 86 -59.096274660036585 31.702106613002631 0
2 16 61 -55.883453689085215 75.584651906189720 0
7 19 76 -90.955289578659944 -2.852244320200192 0
2 16 61 -57.243039436840434 -12.258847871716021 0
3 13 39 -78.269983244797274 -32.230518660536518 0
6 23 65 -46.880329846416146 -49.856909656128906 0
8 12 47 -49.150912049039533 -84.783181379018686 0
6 23 65 -14.166834892077734 -85.838807011401371 0
8 12 47 91.999931236167015 33.764073399703108 101
2 16 61 93.819452689973062 5.823254841916718 101
8 12 47 71.029969403171862 22.090997510173096 101
6 23 65 81.252696356264366 -31.096612915825755 101
3 13 39 71.353650046465106 -65.708877825196424 101
3 13 39 50.624376947862537 -50.015017981182517 101
8 12 47 46.732729213651226 -25.319773946899154 101
3 13 39 61.479672158044309 -1.012937707224591 101
8 12 47 47.171572290679244 19.487751993014957 101
3 13 39 56.721869535806796 42.591687210412644 101
1 28 86 15.755296282796706 44.246944261676390 101
3 13 39 49.480201333356483 67.562835394779739 101
1 28 86 21.702650799330460 -79.075880951667699 101
3 13 39 25.328090661018400 -38.236485929100532 101
5 21 101 -26.959680454207248 -84.818486368285519 101
2 16 61 -12.115052273493964 -50.926938540303794 101
7 19 76 -62.387568921698723 -66.247952753577920 101
6 23 65 -81.988218128149441 -29.102097659292319 101
2 16 61 -43.723536144419157 -36.639611353076702 101
2 16 61 -16.842727635548030 -19.278098345582169 101
2 16 61 14.187929529241535 -11.461557171808796 101
6 23 65 -85.367713875778932 16.773593163754200 101
2 16 61 -52.267048544016390 -3.850323888897404 101
3 13 39 -5.913822314731060 9.441064022753014 101
4 13 85 4.829101997564049 -96.879718072964707 202
1 28 86 37.937437632479138 -72.696291692780008 202
4 13 85 -3.058297755062204 -72.104954196344778 202
1 28 86 0.287513051434761 -31.241699920074410 202
4 13 85 41.283248438976109 -31.833037416509647 202
4 13 85 65.186689329155683 -42.061698795678041 202
1 28 86 39.117437474155807 9.109718510084555 202
4 13 85 70.964676459759346 -16.711849393392068 202
4 13 85 96.359030439583748 -11.132710934151367 202
6 23 65 -38.575628550258962 -77.980259565818614 202
4 13 85 -39.279336192946495 -41.987138062486579 202
4 13 85 -37.786174437391992 -16.030049089110744 202
1 28 86 -77.434234932038962 -26.980349524974596 202
4 13 85 -52.389548797193427 5.481377114362935 202
7 19 76 -20.510641384289180 10.906096844024386 202
7 19 76 3.795674892583251 40.115735476651231 202
6 23 65 73.154177768142517 47.089980622920244 202
8 12 47 -71.732368816630810 -66.771754986332752 202
8 12 47 38.211911634456868 49.099467483460685 202
2 16 61 46.728805018405090 75.772722385824196 202
7 19 76 14.667163393503820 89.810212771088914 202
5 21 101 -86.441965591395586 21.184583656422916 202
6 23 65 -48.026259962511979 42.637638474675747 202
7 19 76 -19.742486213710869 73.686441068763500 202
8 12 47 -81.868437609115233 53.866120367466664 202
8 12 47 -81.868437609115233 53.866120367466664 303
2 16 61 -90.015570711338029 27.077611222412198 303
3 13 39 -62.958359149202046 37.513477381088968 303
8 12 47 -65.990038460248115 12.697979792787919 303
8 12 47 -85.951839017307094 -0.625927986846399 303
6 23 65 -79.627343123351366 -35.049767861086728 303
6 23 65 -40.342696142998435 -11.118271634794334 303
8 12 47 -46.259884147879845 -45.614458179322526 303
8 12 47 -60.909902613467224 -64.624375563623516 303
2 16 61 -56.535825202523327 65.793347566501055 303
6 23 65 -27.062707566635659 40.252491339249644 303
7 19 76 -2.178744049300025 6.417770124676149 303
7 19 76 -3.649496103190335 -31.553757213527902 303
8 12 47 -24.106282313608997 -54.845813755216639 303
7 19 76 -36.226169788458556 -83.378397367588391 303
8 12 47 -65.424267343451191 -72.963451416257897 379
6 23 65 -77.248322324958636 -40.021203105095395 379
6 23 65 -86.858280481441199 4.963779991829895 379
8 12 47 -46.984329234683479 -57.602179250684621 379
3 13 39 -42.166839949361133 -82.133624315861780 379
6 23 65 -12.271553516075961 -62.076908506142701 379
1 28 86 -32.631046597166858 -15.316978635782412 379
8 12 47 4.104442362964242 -31.144292079954980 379
8 12 47 20.179702550836680 -48.965235093505179 379
8 12 47 20.996249681940398 -72.951340462711883 379
8 12 47 6.170139962384985 -91.824243540503204 379
3 13 39 41.042802538314092 -87.889068488640589 379
3 13 39 62.913787918357997 -73.829907827139209 379
1 28 86 -48.370558640896846 38.425627931309947 379
8 12 47 -88.122005018018029 42.877875782323969 379
8 12 47 -13.086589878872775 19.583081702084190 379
6 23 65 76.912384753376131 -40.663067660330732 379
7 19 76 90.993425740938520 -1.093833592603453 379
6 23 65 77.867641208085033 38.802454209610737 379
6 23 65 49.095931596695181 -4.026406598190064 379
6 23 65 31.867980998634227 38.625647492917565 379
3 13 39 10.011861420692592 10.019528619594031 379
7 19 76 -89.605261726809687 15.871265572408952 465
6 23 65 -83.139650005504805 -25.628082194385229 465
6 23 65 -48.986878796830503 5.187307122771672 465
7 19 76 -65.118626498522659 -63.565434655525664 465
3 13 39 -48.696567569600369 -36.100621156522912 465
6 23 65 -23.170149942759210 -61.485695573197233 465
3 13 39 -87.876650821489150 -41.069383248328322 541