5 11 118 99.000000000000000 0.000000000000000 0
5 11 118 96.555555555555557 21.863775779997951 0
5 11 118 78.843192529652626 8.814936902970350 0
5 11 118 81.287636974097069 -13.048838877027592 0
5 11 118 76.398748085208183 30.678712682968296 0
5 11 118 84.861216147439819 50.986017632067515 0
5 11 118 63.043340148006621 48.161077478124973 0
5 11 118 61.130829503749695 -4.233901974057249 0
5 11 118 58.686385059305252 17.629873805940697 0
4 21 109 46.775008996028198 75.717227454665036 0
5 11 118 22.387434286232128 96.435485097964005 0
5 11 118 14.775102168980940 75.794448308677801 0
5 11 118 0.705606007635506 92.707439698904608 0
4 21 109 -15.361222627165098 65.033317894952972 0
5 11 118 -20.957977125627401 96.540084455232403 0
4 21 109 20.409842879627917 43.023527516380000 0
3 29 106 -63.237607434440683 50.616252389598863 0
5 11 118 -26.411182297264038 35.001694707233213 0
3 29 106 -80.867017748186612 -4.639551757925666 0
8 27 84 56.635310956622114 -41.967048052703170 0
8 27 84 17.384480493822561 -4.881035757222175 0
4 21 109 -29.931093343933192 3.195874072897482 0
3 29 106 -39.986148921901581 -45.782650377354869 0
2 12 71 55.247930904020109 -80.942363017301517 0
2 12 71 -46.509726230798712 -86.260334835520737 0
3 29 106 14.312709608024086 -78.638527639538069 0
2 12 71 -41.394430001328729 85.313162909493698 0
5 11 118 -75.695680389613486 -63.805673496590288 0
5 11 118 -87.917893050465750 -45.513119883906711 0
5 11 118 -6.332813655462519 24.808860811076741 0
5 11 118 3.314471709262611 -40.180254626800654 0
5 11 118 93.469393011437475 -32.626255839023941 0
2 12 71 95.333333333333329 22.705848487901886 118
7 18 72 78.689343208474355 47.665367568276764 118
2 12 71 64.276619904271541 73.976456617506372 118
2 12 71 71.706634814096461 18.489319455499658 118
7 18 72 45.652786976256245 33.362012985680025 118
7 18 72 91.727427581474245 -7.076653819807429 118
8 27 84 46.960881450238624 -11.654464156633683 118
1 30 74 -0.447377240028295 19.991341378329896 118
1 30 74 22.304634395013249 75.510220748855147 118
7 18 72 84.392626350570978 -36.631743306221644 202
1 30 74 79.227656720451733 11.089563137755203 202
8 27 84 39.864002581765767 -30.135462427426816 202
7 18 72 31.318774563005892 14.045744868293401 202
6 21 105 42.774313741240498 -78.047152952339815 202
8 27 84 -4.984779125033398 -82.850177894043355 202
8 27 84 -54.900583122112664 -62.248903386742455 202
8 27 84 -81.577876394256464 -15.298695467372880 202
1 30 74 -24.593271754184457 -13.973993986025295 202
8 27 84 -5.603737924434558 39.769820587642478 202
8 27 84 35.161804883812138 75.184090586458012 202
2 12 71 -95.712635234046871 21.049737683740616 202
2 12 71 72.930367559492737 65.461144869588765 202
2 12 71 -71.753140654998717 22.443516545885586 202
3 29 106 71.860329138234022 -37.377708545932478 307
3 29 106 28.447836391492434 -75.840098922950247 307
3 29 106 16.844675608091705 -19.012582174155469 307
6 21 105 88.460324840426935 9.786262265346515 307
6 21 105 74.122469614789907 49.263165734700266 307
6 21 105 43.277603102637364 77.769203864322748 307
6 21 105 34.013083177212721 36.803746823647487 307
2 12 71 56.728003670131230 0.727576204708184 307
2 12 71 68.973020384044503 -69.618406036781550 413
7 18 72 81.635725582594361 -42.421790492662481 413
2 12 71 96.613243415811354 -16.428061257409059 413
2 12 71 72.761520618824264 -13.764357141767322 413
7 18 72 47.735161991820533 -30.307675245237256 413
7 18 72 91.068997757956353 13.055177032937491 413
7 18 72 55.157823135718999 10.527819272117734 413
7 18 72 70.924654421516010 42.891487655124209 413
1 30 74 23.038674028797779 46.197978518291023 413
1 30 74 27.169763677949788 -73.678914473461333 413
7 18 72 68.600144632002213 61.302692897362832 487
1 30 74 23.100370768920079 76.592250719889563 487
1 30 74 43.727810037253619 20.249471686270610 487
1 30 74 73.353236650386208 -31.926519899801768 487
7 18 72 91.124419645767276 12.662548883305593 487
1 30 74 -15.380187559840415 30.556974781682548 487
1 30 74 -75.279073628949860 27.075100619704941 487
1 30 74 -42.314239117341877 -23.057919293544845 487
7 18 72 -24.888929004442240 77.605713724822266 487
7 18 72 25.956627041872551 -24.339597096836741 487
7 18 72 -1.251046658208292 -47.913788320077686 487
7 18 72 -30.081575000154061 -69.473023824247633 487