2 10 120 100.000000000000000 0.000000000000000 0
2 10 120 98.000000000000000 19.899748742132399 0
2 10 120 81.766312060385914 8.217823563497323 0
2 10 120 83.766312060385914 -11.681925178635078 0
2 10 120 65.532624120771828 -3.464101615137756 0
2 10 120 63.532624120771821 16.435647126994645 0
7 26 108 60.439522766225650 -39.102007257758231 0
7 26 108 30.085929362926734 3.119543726392130 0
5 28 112 51.776921020290430 52.571549559524712 0
2 10 120 85.879960901318171 35.809011837776517 0
5 28 112 6.834100804815940 -45.618044116095760 0
2 10 120 -3.767109239571028 -9.126752749595878 0
5 28 112 -18.965645513926830 25.701461317695760 0
2 10 120 15.156695499419705 42.424674040402159 0
2 10 120 15.076524504119426 62.424513355044482 0
2 10 120 25.162668333243250 79.694999817742271 0
2 10 120 41.751369370659724 90.867063095902566 0
5 28 112 -74.206455526492263 34.891287711902038 0
7 26 108 -54.163322572878315 -15.251237368151067 0
8 14 100 -60.452529390137414 74.575409421166256 0
8 14 100 -92.252019467475208 -3.034397806647215 0
4 18 91 -30.830408919125407 86.680366207576171 0
6 17 88 -77.546377009011849 -51.337699722291802 0
4 18 91 -43.158083095537648 -57.852701005523699 0
8 14 100 93.200000000000003 23.016515809305290 120
8 14 100 82.594382577564019 48.930235709947162 120
8 14 100 65.455251548271789 26.788641648977830 120
8 14 100 54.849634125835813 52.702361549619702 120
3 27 100 74.136143589144510 -13.281822702895013 120
8 14 100 41.759176124529432 11.872341520852443 120
5 28 112 20.228536582199848 -24.189155410060923 120
7 26 108 4.987495388603556 27.615387473117778 120
7 26 108 22.702453815498426 76.504857177067180 120
7 26 108 36.356868776504015 -75.724356007615327 232
7 26 108 73.965463015738024 -39.813443469103376 232
7 26 108 83.229015872523661 11.354775070040034 232
7 26 108 24.061403364688552 -25.198901726561608 232
5 28 112 57.257501282690278 58.699050647031100 232
8 14 100 1.865808261980320 -95.981866826653913 232
5 28 112 -18.048699863687574 -59.003327562471128 232
7 26 108 -70.411339277778168 -45.806585783155818 232
7 26 108 -83.883744375715551 4.417853495715896 232
7 26 108 -33.191305478331230 -7.169926215469381 232
7 26 108 8.189871550425236 24.319725858104221 232
5 28 112 4.766747813394190 78.211118713373565 232
3 27 100 -48.245701784461744 43.647050788854322 232
8 14 100 -36.952296983996725 83.060995123478250 232
8 14 100 -55.242502532822563 -78.512839166031256 344
3 27 100 -14.370223614133263 -81.746539212860910 344
3 27 100 -72.090047277081212 -41.134232502724466 344
8 14 100 -95.697669034113062 -7.612893105604343 344
3 27 100 -77.686773268496765 29.219261782755165 344
8 14 100 -31.217768358391901 -44.367932549554112 344
8 14 100 -54.079151511464921 -4.302077614364952 344
8 14 100 -3.296449614486310 -42.270324482915704 344
4 18 91 -23.382569553480504 -13.341981159024359 344
3 27 100 21.460636126645550 -9.588728658870544 344
6 17 88 25.640706435159760 -53.389721937743545 344
3 27 100 69.030140745561681 -46.085135007374603 344
3 27 100 82.772813734713282 6.136880839519350 344
6 17 88 -75.166350369258751 -54.763306804518614 444
1 27 78 -82.222670202281193 -11.332806572376512 444
1 27 78 -34.822636898843747 -37.202418916457390 444
1 27 78 -36.118912074532929 16.782020236588295 444
1 27 78 11.281121228904510 -9.087592107492579 444
1 27 78 12.577396404593689 -63.072031260538260 444
1 27 78 65.271852462150221 -51.269730603537354 444
6 17 88 -87.178367309857052 32.387223919126626 444
6 17 88 -60.471310592586036 53.428448253762426 444
1 27 78 -18.946801054509990 67.978881498935309 444
1 27 78 28.453232248927442 42.109269154854424 444
1 27 78 79.395190822916192 24.195116742696751 444
6 17 88 65.186673961391350 66.330215873697142 444
6 17 88 36.989173764947708 85.327609975824970 444
6 17 88 -27.766317065821305 -80.632919148599484 444