3 14 90 96.000000000000000 0.000000000000000 0
8 30 89 71.250000000000000 36.379080527138122 0
8 30 89 57.972155359016298 -22.133301424803477 0
2 19 92 56.772722314247865 -71.118619228928395 0
8 30 89 8.503009322840491 -79.546834207626944 0
3 14 90 16.295618367393079 -36.242385887867030 0
8 30 89 5.149080132746858 6.322325850656121 0
3 14 90 27.911015038065734 43.977263367083182 0
2 19 92 40.460921466502533 74.497745811459467 0
3 14 90 82.026616232957480 -49.876189002079109 92
8 30 89 79.779648986371001 -5.933599886361680 92
8 30 89 38.034739736749316 -49.030729161301217 92
8 30 89 21.583985579280501 8.669987365016926 92
2 19 92 80.164927777531901 43.064885398931395 92
3 14 90 95.031324547572282 13.603211191993800 184
2 19 92 80.164927777531886 43.064885398931416 184
3 14 90 67.043257944166712 12.785820340971732 184
3 14 90 48.501829678096584 33.767131974284283 184
3 14 90 52.755506012538198 61.442143042788146 184
8 30 89 26.515404588540569 -4.345820047060663 184
3 14 90 21.056807780718650 39.314272954324899 184
2 19 92 21.596355073840911 72.309861882520806 184
6 18 94 90.215491529161582 -18.032334517520766 184
2 19 92 60.313481250746158 -39.823841608806099 184
6 18 94 25.492902342907513 -52.334928073337579 184
3 14 90 95.031324547572282 13.603211191993754 278
3 14 90 94.914379857968569 -14.396544591576488 278
3 14 90 70.724352394438370 -0.295389627756867 278
3 14 90 70.607407704834642 -28.295145411327077 278
6 18 94 68.594549626441037 31.633655772465030 278
2 19 92 39.134502514105861 9.248267141954448 278
2 19 92 34.943866936428826 47.016488882660056 278
2 19 92 32.636138887670441 84.946350354236444 278
2 19 92 0.941779315639877 63.982868503197601 278
3 14 90 63.673239503436598 63.252964852095701 278
8 30 89 -48.058213480631125 63.956298493972312 278
2 19 92 -85.192820798783004 31.987236272401585 278
4 26 73 -82.994358644054273 -12.959029024664265 278
3 14 90 -56.014511738799030 16.572104732253859 278
3 14 90 -43.260277754335718 -8.354377479834575 278
4 26 73 -5.701021502206682 5.404338658922921 278
4 26 73 -23.846158273401038 -43.327109211570836 278
6 18 94 -66.585328417637541 -53.784801852971412 278
3 14 90 72.044886091662903 63.447099130214909 372
3 14 90 87.288042707050479 39.959949954574924 372
6 18 94 91.628832348631050 8.255730278204606 372
3 14 90 64.004360467770141 24.407775142664491 372
6 18 94 59.123946045560103 -7.217871966406410 372
6 18 94 43.502939805778070 48.977914557003288 372
1 14 56 49.734084768553814 80.365377539106106 372
4 26 73 9.849913090287586 77.323527848771818 372
4 26 73 6.326194227697592 25.443055555456795 372
4 26 73 -36.841753307352931 54.434921752911649 372
1 14 56 -76.706231405036192 57.724813240382502 372
4 26 73 -73.777368705038640 17.832185308839023 372
1 14 56 -94.602808559380136 -16.318964816350096 372
1 14 56 -85.870091415231641 -42.922341505791138 372
1 14 56 -67.197249947803186 -22.057898270174128 372
1 14 56 -58.464532803654691 -48.661274959615170 372
6 18 94 -38.334176960173863 -8.240408711257043 372
4 26 73 -18.481192922675554 -47.506921477313028 372
4 26 73 21.017160680163247 -81.328217470593813 372
4 26 73 64.863693614277310 -53.373225972515108 372
1 14 56 -47.911676338240582 -74.596525496680897 372
1 14 56 21.038722165909221 -41.328223281815077 372
1 14 56 27.890371521916951 -14.179468225600820 372
6 18 94 81.445702153905870 42.785483527211106 466
4 26 73 46.721170104628584 69.807823802596516 466
4 26 73 83.992253579050185 -1.140762338320094 466
4 26 73 36.018132542747765 18.921234341826320 466
4 26 73 42.630994285253109 -32.656571539914225 466