7 10 54 100.000000000000000 0.000000000000000 0
7 10 54 98.000000000000000 19.899748742132399 0
7 10 54 81.766312060385914 8.217823563497323 0
7 10 54 83.766312060385914 -11.681925178635078 0
7 10 54 65.532624120771828 -3.464101615137756 0
7 10 54 63.532624120771821 16.435647126994645 0
2 19 71 80.277628055073677 42.854433071168344 0
4 20 61 41.715433717832504 37.027155156322962 0
6 17 63 58.997030392644128 71.891240112056948 0
4 20 61 24.986797985641033 86.461898697777656 0
4 20 61 -14.947704627227427 88.750020430291528 0
1 13 60 3.518034892649925 61.400130778155088 0
1 13 60 -22.019213820253533 56.516594336670209 0
5 21 83 -52.356902997529943 71.970512770906666 0
1 13 60 -80.907095408939497 53.507400539446515 0
1 13 60 -59.513325955847861 38.732197373737989 0
4 20 61 -87.446906877181974 21.161908334815518 0
4 20 61 -88.007239249224568 -18.834166818039691 0
4 20 61 -71.153727071794947 -55.110317761672505 0
1 13 60 -55.775338775583151 -25.912626527416741 0
4 20 61 -49.986088210026551 7.137391773218820 0
1 13 60 -30.567321475063935 -19.544277936398490 0
1 13 60 -37.656178465346905 -44.559235593194884 0
1 13 60 -41.818121894353347 -70.223962883656213 0
8 25 62 -4.490455356215513 -63.107410992635877 0
1 13 60 14.760123579539430 -95.870426889196253 0
1 13 60 31.318308916395051 -75.824816438268613 0
1 13 60 57.196085588096707 -78.342886042059462 0
1 13 60 46.437909497626165 -54.673039249010124 0
1 13 60 72.315686169327790 -57.191108852800944 0
4 20 61 25.271736561984916 -29.355197254508937 0
1 13 60 58.202800179744806 -31.487109307819541 0
1 13 60 42.635354912142589 -1.292682082306925 0
1 13 60 20.261934709603921 11.952319557581035 0
4 20 61 -9.631689850122424 25.929844756346590 0
7 10 54 -28.257060366341605 -88.800765897993202 0
7 10 54 -80.600281199825019 59.191170545184619 83
7 10 54 -90.767169791847351 41.968093690063576 83
1 13 60 -62.882390191068339 73.856651723851073 83
1 13 60 -67.847235688609032 40.050642073147756 83
7 10 54 -83.603295356846388 23.295147937463650 83
1 13 60 -45.973685116562820 54.105811420122443 83
7 10 54 -46.653610855857899 31.115863595278554 83
7 10 54 -61.662918840722654 17.897668793586639 83
1 13 60 -77.418978508960009 1.142174657902537 83
4 20 61 -84.456314264230301 -31.098729570539852 83
7 10 54 -99.856611929154241 -5.353228374568960 83
4 20 61 -45.545009967914353 -7.404762187800261 83
8 25 62 -20.663568383025382 82.450087578364844 83
4 20 61 -17.356490678541636 37.571771689101496 83
1 13 60 -14.832822289181088 4.668411710817475 83
4 20 61 -11.342982593758910 -28.146539438014912 83
1 13 60 -42.055170272492177 -40.219713336632637 83
1 13 60 -62.751795672110461 -55.956603025128118 83
1 13 60 -54.136275981980361 -80.487661307823174 83
7 10 54 -35.231779009499910 -93.588042760951907 83
3 32 99 3.742888350595532 -77.910145596032464 83
1 13 60 48.313491004120678 -84.111869477468815 83
8 25 62 67.683486224152119 -51.419312447221714 83
4 20 61 89.209559279193996 -11.901870996275008 83
8 25 62 44.462364230636872 -7.138622599814379 83
8 25 62 78.796407407117016 31.876734144696087 83
8 25 62 29.561356740991329 40.589356362148045 83
7 10 54 18.550928043615791 -30.667274807833746 83
7 10 54 5.745195487218848 14.941930309339028 83
7 10 54 7.696628607815496 -4.962639738161084 83
7 10 54 44.029053556117255 -89.785535822606519 182
7 10 54 61.015568520470886 -79.228154074948137 182
2 19 71 73.822562206637812 -53.209297206851836 182
4 20 61 88.374856171596690 -17.026003543098373 182
6 17 63 52.132818735489735 -24.476823798601906 182
8 25 62 27.853186999895662 -58.747795229011246 182
4 20 61 16.300177706956070 -15.256095144084107 182
4 20 61 45.626188355367560 11.946571994438465 182
6 17 63 81.868225791474515 19.397392249941998 182
7 10 54 89.093737811801915 45.412618100280184 182
2 19 71 60.224611925362979 48.164630191994497 182
6 17 63 90.523769252223019 -21.317767246367115 253
6 17 63 92.136475832029078 12.643963826819526 253
6 17 63 61.918400676251075 -2.940256842811432 253
6 17 63 63.531107256057140 31.021474230375201 253
8 25 62 24.362253050997538 15.862290206728515 253
6 17 63 39.475335683341150 55.048955455865936 253
7 10 54 66.326889062956127 57.876336063723230 253
7 10 54 84.037689892723279 48.585074902378160 253
2 19 71 59.068779772151487 -38.827297131792058 253
8 25 62 15.413493688566138 -33.330389186381353 253
6 17 63 -13.316274232526432 -2.693802640224475 253
6 17 63 -14.706444501095545 31.277765275083567 253
8 25 62 0.406638131248066 70.464430524220987 253
6 17 63 90.523769252223019 -21.317767246367122 324
6 17 63 76.811920892376492 -52.430228006592685 324
6 17 63 92.136475832029078 12.643963826819519 324
6 17 63 61.918400676251075 -2.940256842811439 324
6 17 63 63.531107256057140 31.021474230375194 324
8 25 62 24.362253050997538 15.862290206728508 324
6 17 63 39.475335683341150 55.048955455865922 324
7 10 54 66.326889062956127 57.876336063723222 324
7 10 54 84.037689892723279 48.585074902378153 324
3 32 99 29.179668541390502 -40.933770466463642 324
6 17 63 -8.775171315349123 -9.942963257724315 324
6 17 63 -17.019464916736723 23.042361100452304 324
6 17 63 1.854872984540538 51.322378228955053 324
6 17 63 17.879249946603164 81.309364455945541 324
6 17 63 24.513631490103869 -89.711102273728571 423
6 17 63 55.120419197791833 -74.904868916911539 423
6 17 63 26.994451122583762 -55.801729912224992 423
6 17 63 57.601238830271718 -40.995496555407968 423
6 17 63 88.827362402973179 -27.544503780806565 423
6 17 63 92.791522740398150 6.223608882165699 423
8 25 62 -12.549316241811546 -69.954131214851500 423
8 25 62 -61.306802200091354 -58.876786631055822 423
8 25 62 -83.801630589850959 -14.222753266585087 423
8 25 62 51.181831929915802 0.511023595619669 423
8 25 62 -33.882689119901585 -17.068677109517239 423
2 19 71 74.989225544197453 37.513834425266943 423
8 25 62 31.951380207492370 46.665002043328180 423
2 19 71 9.513901775310579 -24.330625792452725 423
2 19 71 -86.009378517858025 29.721823749087513 423
3 32 99 -36.033451149715987 39.890731443338268 423
2 19 71 -0.453583382713855 76.429382344577675 423
8 25 62 -84.434817422976266 9.785785954570130 522