8 13 58 97.000000000000000 0.000000000000000 0
7 15 40 90.979381443298962 27.345057180315223 0
7 15 40 69.695649803919792 6.202617219353049 0
7 15 40 62.027625519428859 35.206089486867114 0
5 23 80 78.357472509057644 -30.797015581862130 0
8 13 58 47.981894317803906 -11.475414987008957 0
3 39 97 21.925312547427730 -56.476021054524317 0
3 39 97 6.591312350914698 20.001874039243379 0
8 13 58 43.729040642002126 56.399526949525452 0
8 13 58 55.349733706671238 79.658062859955251 0
8 13 58 73.291383887873366 60.840592552409390 0
5 23 80 19.508304945975908 83.033264245354616 0
1 14 119 -15.595978883072057 94.724682330841148 0
8 13 58 -41.640979228240909 87.607241988965782 0
8 13 58 -23.558161686784580 68.925386894719935 0
5 23 80 -63.753439680225284 59.198808509461372 0
2 24 84 -84.315992037963028 16.935568684108482 0
6 15 74 -92.610691670993916 -21.172146518955021 0
8 13 58 -65.339055585608691 -14.827237912338649 0
8 13 58 -48.586851085608842 26.549542202212592 0
8 13 58 -44.602261169630268 0.856682431422538 0
7 15 40 -40.011097762359384 -26.764346125959911 0
8 13 58 -64.236947592765006 -40.803868909681441 0
2 24 84 -45.722564192477634 -72.838500284291698 0
8 13 58 -41.640979228240909 87.607241988965782 119
7 15 40 -14.359231868872538 93.908532413918365 119
8 13 58 -24.696884142148875 67.886754121940996 119
5 23 80 -63.753439680225284 59.198808509461372 119
2 24 84 -84.315992037963028 16.935568684108482 119
8 13 58 -95.235691894277593 -18.416378292656518 119
8 13 58 -48.586851085608842 26.549542202212592 119
8 13 58 -51.083174337608220 0.669658697422093 119
5 23 80 -62.530437597667245 -33.461854070911258 119
2 24 84 -18.535163631265995 -16.926562461105998 119
8 13 58 -31.436322318915465 -51.604510850768364 119
4 16 109 -52.790400689720862 -71.226012753872041 119
2 24 84 12.217123035879915 65.365628567661929 119
6 15 74 47.308801180620577 82.382506218568722 119
6 15 74 70.639101764500538 63.522573168162324 119
6 15 74 -17.993153992843624 40.701096100011561 119
5 23 80 47.007446457529284 33.764467256453194 119
5 23 80 27.597704837438215 -7.939992100326695 119
6 15 74 11.164913481645684 -42.203140937772893 119
5 23 80 -5.358425160048840 -76.422715454880560 119
1 14 119 10.558619954805241 27.401838352114879 119
3 39 97 63.354373221777394 32.050325952722162 238
3 39 97 54.545712610083235 -45.450690158216588 238
3 39 97 -8.167805855249696 0.928341760295301 238
5 23 80 27.411577311427255 82.568792102704563 238
1 14 119 95.465696452298417 -10.114385837885415 238
1 14 119 88.486598622415030 -37.230657585323648 357
4 16 109 93.685365885803066 -7.684544153247241 357
2 24 84 55.258963681066817 -18.793622134782929 357
5 23 80 81.853992775917007 29.477514594010902 357
2 24 84 35.090960590678861 24.763830170719309 357
3 39 97 -7.683334300709923 -21.489382653305263 357
3 39 97 -62.130053545374203 34.363591873506699 357
2 24 84 -22.192538886983471 83.087250632992578 357
6 15 74 -8.161927572740868 32.508496457637293 357
6 15 74 11.097702803278899 55.509945059390546 357
6 15 74 40.027860649495153 63.450094112967079 357
4 16 109 66.167775682875273 -57.277356630140829 357
2 24 84 29.203112534143628 -72.561782635091149 357
4 16 109 -10.611212505989887 -76.411395810281277 357
5 23 80 -48.691235752010485 -67.990479614134273 357
5 23 80 -79.969747085857222 -34.261341932621825 357
1 14 119 69.018676475199371 64.179887069974740 357
6 15 74 94.584165473029955 -8.878943730562025 476
6 15 74 87.099352506214245 -37.930235867948767 476
6 15 74 92.636762492396656 21.057783238681317 476
7 15 40 65.682601985882073 -16.922551627417825 476
5 23 80 51.942107930550158 -52.351336860832035 476
7 15 40 35.701831624969074 -17.996520233197685 476
7 15 40 49.762132709953256 8.504572827270458 476
2 24 84 62.216277514902870 45.462579769979726 476
3 39 97 4.559501138044993 70.853446982995592 476
7 15 40 -48.320791425367638 81.793038310275023 476
3 39 97 -9.829097529294501 -47.029854357087615 476
5 23 80 -71.793178145214569 -49.139999713161217 476
5 23 80 -86.815555504957501 -5.662095227532163 476
5 23 80 -20.339430020005647 14.072788064780706 476
7 15 40 -42.727351096989580 44.777526947414756 476
4 16 109 -87.895282172112957 33.322955629485236 476
4 16 109 -71.418865734071261 61.117473910974923 476