2 13 120 97.000000000000000 0.000000000000000 0
3 30 95 71.958762886597938 34.956207514980449 0
6 21 80 66.889591206149007 -15.791240681693775 0
3 30 95 20.169573622527409 4.659675116531233 0
5 18 53 74.447201288347102 -54.051958524482075 0
3 30 95 26.456763297127761 -55.010009363911585 0
3 30 95 -30.468551496759464 -73.970719678054479 0
3 30 95 -36.755741171359816 -14.301035197611661 0
6 21 80 -87.752815142911530 -14.847337623089114 0
6 21 80 -84.790346233421957 27.048053268515048 0
6 21 80 -43.801800972859127 36.209884822456232 0
8 17 74 -74.020948743453204 -56.301857403811042 0
2 13 120 30.508997608989922 46.398102394378725 0
2 13 120 44.680686169116136 68.196341849774839 0
3 30 95 3.230920891508113 79.638236729173116 0
2 13 120 -9.892357914423831 38.689737936399560 0
2 13 120 -76.249888769187436 59.957939113069457 0
8 17 74 -51.750218423923293 77.271695290554035 0
2 13 120 93.515463917525778 25.765442132630543 120
3 30 95 78.658961197679346 -14.586563107942020 120
7 14 109 66.586658835556548 27.724895336284227 120
3 30 95 25.227782508979324 12.710124308962802 120
7 14 109 49.154055162253236 49.636178483775431 120
1 15 68 77.744556132889656 54.492437769278830 120
3 30 95 10.638453282073051 70.909363760255800 120
6 21 80 -39.597163369366697 79.706114276758498 120
3 30 95 -32.495906015431714 29.202924832989844 120
3 30 95 -79.603254140768712 -7.957507788258113 120
3 30 95 -23.867701412479526 -30.173451659093228 120
6 21 80 -63.072605219737696 -62.792089237380189 120
8 17 74 -71.648138141800857 59.292025608958767 120
1 15 68 74.169697269892083 -59.362075493471103 120
1 15 68 47.024139530369368 -46.590282549242836 120
1 15 68 17.104334949852255 -48.782380599893727 120
4 17 61 -4.051213794715196 -72.791602938741590 120
7 14 109 54.189376253197878 77.179699346422751 120
2 13 120 83.312206014640552 49.679737609754852 240
3 30 95 79.707819539621511 6.831069040723442 240
7 14 109 88.915352293754268 -36.194752747844092 240
3 30 95 45.349012962613770 -42.357063782181818 240
7 14 109 36.141480208481013 0.668758006385712 240
3 30 95 33.054838104177911 44.560359031182514 240
6 21 80 20.140257335126783 -86.691233896368516 240
8 17 74 -0.054792007408508 -54.501794913177690 240
3 30 95 -6.992762743787846 -8.016694482382185 240
3 30 95 -45.712706824740046 -65.653243901237403 240
6 21 80 -57.363747053050702 -16.001927084880084 240
6 21 80 -17.870927971925859 41.809659199874446 240
6 21 80 -2.666312553994527 80.960900176282905 240
6 21 80 -44.486976446994319 77.083778621734496 240
6 21 80 -74.882853846748418 48.099461533020481 240
1 15 68 -89.053428016688102 -33.083031277024034 240
1 15 68 -94.929312799312072 -3.664092172744123 240
2 13 120 -73.315192475325034 14.135621381698563 240
7 14 109 -48.594348697611167 24.992871628324806 240
2 13 120 67.123290627867888 70.024737452465914 360
1 15 68 82.697586715839677 46.755846173245295 360
1 15 68 93.153952436703278 18.637090583576153 360
1 15 68 94.320727332854077 -11.340211435480086 360
6 21 80 46.930104332567538 42.670848748237880 360
6 21 80 60.726661704254433 3.001528049620514 360
6 21 80 19.473743542536482 10.888019230278879 360
8 17 74 9.236024399668022 47.482952031853259 360
6 21 80 28.339126478807206 80.332175629283810 360
1 15 68 82.697586715839677 46.755846173245295 480
1 15 68 93.153952436703278 18.637090583576153 480
1 15 68 94.320727332854077 -11.340211435480086 480
1 15 68 63.574212912812328 23.640990032882065 480
1 15 68 53.117847191948727 51.759745622551193 480
4 17 61 62.461714074750674 -8.339665781771137 480
1 15 68 36.601414883736410 10.508276433527259 480
1 15 68 26.145049162872816 38.627032023196385 480