5 13 72 97.000000000000000 0.000000000000000 0
1 24 59 79.567010309278345 32.635729966452310 0
6 36 88 52.744836864732250 -21.035221317372407 0
5 13 72 43.000870228113811 26.986181350442980 0
5 13 72 48.312043800940067 52.437928545465013 0
5 13 72 69.056641303376750 68.111526551726939 0
3 19 95 50.093556303241130 -75.971281527258782 0
2 23 79 9.431364944497865 -86.487278574849938 0
2 23 79 -2.392283210239224 -42.032792363523839 0
5 13 72 5.804404247827096 -6.978344504303774 0
2 23 79 7.057231823736732 28.999849211682587 0
2 23 79 19.050765079440424 73.408802813904856 0
7 33 90 -57.665357284557366 -51.026528093182542 0
2 23 79 -29.902385920120000 -2.393027077756656 0
2 23 79 -36.729231182027910 43.097567376151794 0
5 13 72 -16.948483238548235 73.176164597374139 0
5 13 72 -37.076051592194716 89.634627228169549 0
5 13 72 -59.553195523727098 76.566421510429294 0
5 13 72 77.119031673618622 -58.835830526333254 95
1 24 59 43.463716606257861 -74.208526051734140 95
1 24 59 56.605987757304305 -28.042730174349195 95
1 24 59 85.370842667259211 10.383603530666733 95
5 13 72 93.532069004021622 -25.705098090202590 95
1 24 59 37.710234049439748 16.081531766353258 95
1 24 59 66.475088959394654 54.507865471369186 95
5 13 72 13.592965288820043 -96.042861757951243 95
2 23 79 -2.362894318961335 -63.771968616038194 95
5 13 72 -20.663142582731780 -94.773596210156001 95
1 24 59 -48.836185286253063 -70.788607887758019 95
2 23 79 5.903320865305371 -18.520784250019673 95
6 36 88 -19.284512680422377 34.832500946608214 95
2 23 79 9.174801377441135 86.514871667734127 95
7 33 90 -76.938558256135138 -3.075427363359285 95
3 19 95 -76.729572423687500 48.924152682270289 95
8 18 96 -34.474242989349342 -31.320461067057053 95
4 23 95 -57.727970561303152 -65.088258656022731 191
4 23 95 -82.848796059902952 -26.553285887524527 191
3 19 95 -89.776618444396306 14.871408160940270 191
3 19 95 -53.515946868188315 3.506387402385435 191
4 23 95 -60.443769252681655 44.931081450850215 191
3 19 95 -35.076609363677711 -29.719970092753105 191
3 19 95 -15.809458032868509 -62.473242900148975 191
3 19 95 -22.926349851622263 26.051376964682724 191
4 23 95 6.841903164756935 -27.104954336879359 191
4 23 95 25.668293312754734 -69.075980461997759 191
3 19 95 66.994832108667865 -61.584839617647837 191
4 23 95 83.870527723682045 -23.124328732983393 191
3 19 95 89.089228337333623 18.550185828137462 191
3 19 95 53.326517813891989 5.703842534557096 191
3 19 95 60.082613437636361 43.098430002836814 191
4 23 95 19.844679820402625 31.060627121285219 191
3 19 95 33.900173832760828 70.638943003451843 191
8 18 96 -90.984529689642272 13.631410681019197 286
4 23 95 -82.848796059902952 -26.553285887524510 286
4 23 95 -50.646279720179912 6.294818188508107 286
3 19 95 -41.652609821752520 -34.730953001783014 286
6 36 88 6.539122122219112 -8.225161705532601 286
8 18 96 -13.265607090499444 -58.462326243461021 286
8 18 96 -46.875704913001911 -71.360439452834527 286
8 18 96 -89.249736725706285 -22.326766321886240 382
7 33 90 -72.529603414231303 25.854528202508863 382
6 36 88 -36.287155661917360 -32.860759252469968 382
7 33 90 -6.627019061014074 29.439130770031337 382
7 33 90 32.138502693267057 -23.976544112144929 382
7 33 90 71.255984978948817 29.181922566544873 382
4 23 95 6.322073362041691 -73.670728647016276 382
8 18 96 46.959305692558566 -79.112727224340048 382
8 18 96 90.186987864784584 -18.174356106261321 382
8 18 96 75.393885890100591 -50.994534868215084 382
8 18 96 -90.984529689642272 13.631410681019190 478
4 23 95 -82.848796059902952 -26.553285887524517 478
4 23 95 -50.646279720179912 6.294818188508100 478
8 18 96 -42.510546090440592 -33.889878380035611 478
8 18 96 -63.848204075504043 -62.884780547700501 478
8 18 96 -35.382787726583821 -84.923838424175742 478
7 33 90 4.643666577077404 -53.318728775941317 478
6 36 88 -37.479218101939971 63.806803794479599 478
8 18 96 -11.000279396903274 16.744442984009090 478
8 18 96 18.294509302376554 -4.179594749290553 478
7 33 90 64.559428907346941 -25.640191524441676 478
7 33 90 65.579895048841550 40.351918980178972 478