4 12 90 98.000000000000000 0.000000000000000 0
7 16 90 90.081632653061220 26.857018795073568 0
4 12 90 74.292187369438807 3.733580088092849 0
7 16 90 82.210554716377573 -23.123438706980703 0
4 12 90 62.184783518681833 24.455809022130698 0
4 12 90 56.401950748873446 -12.264527101827529 0
4 12 90 44.294546898116472 8.457701832210317 0
2 17 89 74.350371093830944 55.866110641511710 0
2 17 89 42.031115314885376 45.308378598355205 0
7 16 90 49.407868002397606 77.473321001339258 0
3 19 92 15.336958395641350 69.462508397848637 0
6 23 77 5.695154528114713 28.584205862394100 0
2 17 89 -19.337376327791382 59.783122493394430 0
2 17 89 -46.076771569738170 80.783235400113611 0
2 17 89 -72.033569459296245 58.823166107858768 0
7 16 90 -11.563013184733315 91.854282087644535 0
4 12 90 -90.846907092347834 36.753768130007046 0
2 17 89 -92.671381216667982 7.811216511849963 0
2 17 89 -89.285885983695508 -26.019810992905509 0
2 17 89 -63.836282114777909 25.826128662181929 0
2 17 89 -60.450786881805442 -8.004898842573539 0
4 12 90 -81.762419648945709 -54.026907492005286 0
7 16 90 -60.349903894788525 -72.068641584879259 0
4 12 90 3.112747825553399 97.950552836492520 92
7 16 90 29.704706578373901 89.183128489040513 92
4 12 90 6.091419167120826 74.136113581306915 92
2 17 89 58.199493654205511 72.538396304261454 92
4 12 90 81.197496730681266 54.872274644587179 92
7 16 90 89.674579431627407 28.186340730232207 92
4 12 90 63.644996663740415 38.504326043737969 92
7 16 90 62.998555906559460 10.511789282174981 92
2 17 89 92.883312043491856 -4.657289322268966 92
2 17 89 28.586199653948878 55.833522211519409 92
7 16 90 -3.421432499399149 47.801618082611895 92
4 12 90 -17.797461887681123 71.829305841263434 92
4 12 90 -20.776133229248551 95.643745096449038 92
8 13 78 66.172025129922574 -18.314051435631796 92
4 12 90 42.955705278162213 -9.040298552318712 92
3 19 92 77.057762911574031 -48.405590328635043 92
7 16 90 43.960636618161509 -37.022259044783986 92
7 16 90 55.426198251898604 -75.920593697238914 92
2 17 89 24.719855457811978 -63.832561921468134 92
2 17 89 11.256710950738320 -32.611675643502672 92
2 17 89 15.781101062729464 1.085948814528741 92
2 17 89 -14.426390980187390 16.690673242634325 92
2 17 89 -36.058574347627172 42.921354567324727 92
7 16 90 -45.670717954124456 74.490432718073336 92
6 23 77 -76.052918336864224 42.248711370244877 92
2 17 89 -92.810856754224076 5.928310766727641 92
2 17 89 -88.739264902694089 -27.827016809738794 92
2 17 89 -61.542089634173756 -7.423251044238889 92
2 17 89 -57.470497782643761 -41.178578620705309 92
2 17 89 -54.881789631910763 -75.079885234320201 92
2 17 89 -24.228042807668359 -89.788651519609033 92
2 17 89 -26.816750958401364 -55.887344905994141 92
2 17 89 -21.161244254882192 -22.361008334181683 92
4 12 90 62.286195219171113 -75.659962233134280 184
7 16 90 36.518787034289659 -86.616269796985591 184
7 16 90 43.070695208043709 -55.294192929659324 184
7 16 90 12.669026854773232 -65.281112441588533 184
7 16 90 19.220935028527286 -33.959035574262273 184
2 17 89 75.628769552145542 -49.911647527720021 184
4 12 90 94.056777654141868 -27.519494496071687 184
4 12 90 70.875634231500840 -21.303821594531044 184
6 23 77 86.416816683357013 10.056529934080981 184
6 23 77 41.926739757123897 -1.632484357032713 184
4 12 90 57.467922208980070 29.727867171579305 184
4 12 90 76.945187112536729 43.750568476131164 184
5 19 84 59.162699338011876 69.143148663045494 184
5 19 84 30.222733876848221 44.516366512170514 184
4 12 90 78.807923926085834 -58.252134093612980 274