4 14 96 96.000000000000000 0.000000000000000 0
1 22 95 81.583333333333329 32.987266061652072 0
1 22 95 60.438015544416047 -5.598683915064823 0
6 28 77 31.635564050854903 35.272073209816739 0
2 17 81 63.175242226542395 67.369560659367409 0
4 14 96 91.916666666666671 27.700656831362114 96
1 22 95 68.594782485175969 55.124911027695958 96
1 22 95 59.482793235722781 12.078753801784952 96
1 22 95 84.662924118503099 -24.003943003277350 96
1 22 95 26.759722167511377 41.493046583777613 96
4 14 96 75.808997168884744 -58.898182894279728 96
1 22 95 44.291594167738523 -41.501249024676746 96
1 22 95 19.111463284958212 -5.418552219614442 96
1 22 95 -13.611607783253199 23.995740562378220 96
4 14 96 -4.757680833634838 58.889980453380602 96
1 22 95 19.020058354415809 85.919947510427505 96
4 14 96 96.000000000000000 -0.000000000000004 192
1 22 95 81.583333333333329 32.987266061652072 192
1 22 95 60.438015544416047 -5.598683915064816 192
4 14 96 46.021348877749382 27.388582146587247 192
1 22 95 49.605192861440017 63.209749943025209 192
4 14 96 27.830064662589265 91.877567996089780 192
1 22 95 5.606554648997292 63.555922516425696 192
6 28 77 6.362609059921081 13.561639025933278 192
4 14 96 91.916666666666671 27.700656831362110 288
4 14 96 80.014033564814810 53.044834175334046 288
4 14 96 64.016648697843010 30.064762865218793 288
4 14 96 52.114015595991162 55.408940209190739 288
1 22 95 87.631635338898093 -8.043412698002371 288
1 22 95 28.044929693281006 28.638077245738110 288
4 14 96 25.651071269043044 64.558397982678997 288
4 14 96 44.994541081789691 84.802660765091190 288
6 28 77 -15.013938757107365 54.053305904401576 288
6 28 77 -11.590505002325063 -1.841954192735614 288
7 18 75 -49.730535494731143 23.874540009202846 288
7 18 75 -60.833871386855449 58.119480249575062 288
3 15 71 10.041773818097820 88.999139237557401 288
8 19 65 -86.451473044095508 28.410258860243204 288
6 28 77 -72.071555833772493 -16.335891600151221 288
3 15 71 91.280403051604480 26.322766168027155 384
3 15 71 78.520844964156382 53.474076954304842 384
3 15 71 94.937206264100311 -3.453529610075961 384
3 15 71 61.386899120917533 28.848320116372768 384
3 15 71 48.627341033469435 55.999630902650438 384
7 18 75 61.944492794019325 -4.146968779100131 384
7 18 75 31.443954457657796 14.976764151270469 384
7 18 75 16.661786167808678 47.801868883023864 384
3 15 71 28.780307128369024 78.496191643568039 384
8 19 65 -2.854685954560630 90.955212979250589 384
7 18 75 -39.053971533848788 83.299383595758542 384
5 25 104 -67.775382056764983 51.298124595929821 384
7 18 75 -90.774580392189591 14.965812862050242 384
7 18 75 -55.089844215142449 10.211908784921345 384
7 18 75 -77.049214001614061 -18.315027233182626 384
6 28 77 -32.525005388131902 -29.873350958668162 384
7 18 75 10.847469291436717 -14.549237928212545 384
7 18 75 -4.424555998477196 18.050842494145773 384
8 19 65 -23.808699613197213 49.586156457654525 384
3 15 71 -70.201773422300960 -50.596795423800316 384
3 15 71 6.786171162243427 -47.298373145891368 384
7 18 75 -14.751485606435269 -72.300959830364420 384
7 18 75 16.281587929451991 -90.547832080594418 384
6 28 77 52.875519449332948 -62.675190011384991 384
3 15 71 -45.910157813803920 -83.170051157322362 384
3 15 71 87.451393680840837 -37.111369461104374 384
3 15 71 -92.843299993334853 20.127633898390261 488
3 15 71 -94.490357915770190 -9.827118649413304 488
7 18 75 -82.559425480366912 -40.594842829499200 488
3 15 71 -64.646096648941608 -12.879997526354767 488
7 18 75 -46.559601871650862 -40.482147925753623 488
7 18 75 -59.845249673386597 19.768920806682001 488
7 18 75 -32.849903670018612 -4.048117089715698 488
3 15 71 -14.763408892727867 -31.650267489114555 488
3 15 71 -20.750728127312634 -61.046730003899754 488
2 17 81 -49.366469557533755 -75.369416288208527 488