1 12 101 98.000000000000000 0.000000000000000 0
2 14 94 92.571428571428569 25.426966241470851 0
8 15 91 71.554652953119813 5.444595445950550 0
8 15 91 65.108834895454891 34.743937240050315 0
8 15 91 69.874159289737719 64.363047345137105 0
8 15 91 41.840595304102791 53.680384275316328 0
4 17 90 82.615657338940679 -24.582961597153233 0
2 14 94 52.670667952399569 -16.564382506071052 0
2 14 94 42.862912982596129 9.661710272920942 0
3 23 79 12.030041032290121 30.114925357499526 0
8 15 91 15.457070367045116 67.960076565266277 0
1 12 101 39.334776063083979 80.563852614266565 0
7 34 108 -33.421462514412241 64.512030255210078 0
7 34 108 -34.013619930583026 -3.485391384102655 0
2 14 94 -67.598405202924980 30.808371871199071 0
2 14 94 -80.026829665703957 53.025527188858803 108
1 12 101 -64.439249818801017 73.834836512246383 108
2 14 94 -52.104068131368848 50.947213377939960 108
2 14 94 -67.865321455828166 27.804549450850235 108
2 14 94 -94.226708663483123 18.366474197490273 108
8 15 91 -37.527630260697599 76.017663294175236 108
2 14 94 -24.111373064402354 50.307664405749428 108
2 14 94 -38.661586254766831 26.385053843460376 108
8 15 91 -72.485394224983693 -0.825066816359978 108
3 23 79 -1.146944605295822 86.992439430518232 108
2 14 94 3.888611879966913 50.336700849994052 108
8 15 91 -9.709292991266683 24.722310693035762 108
4 17 90 38.777191457027818 84.530050412294258 108
8 15 91 32.756512362028289 53.101537510232923 108
8 15 91 20.270495316442094 25.823352483781264 108
8 15 91 66.237280620559460 68.100092922060384 108
8 15 91 59.201881308115432 38.936705661413477 108
8 15 91 88.766634367142515 33.845008836311941 108
8 15 91 46.715864262529244 11.658520634961821 108
8 15 91 21.226075568073131 -4.161424760392038 108
8 15 91 -8.753712739635647 -5.262466551137537 108
8 15 91 -38.636660703997620 -2.614935444760384 108
2 14 94 -56.803638255627753 -25.219380287281219 108
2 14 94 -84.739824507202400 -27.108691727285819 108
4 17 90 -74.083478423384520 -56.219553757495447 108
4 17 90 -48.925508463492847 -79.090420542494840 108
5 20 68 -30.635486799187181 -46.927163438786742 108
4 17 90 -14.952260065692517 -80.438898685201522 108
5 20 68 9.009318468485791 -52.245942931141158 108
2 14 94 15.615431060803362 -85.597993489054730 108
2 14 94 43.615322975909308 -85.520194116402223 108
2 14 94 66.436881801099958 -69.297480015846702 108
2 14 94 83.606692000849819 -47.179667788943107 108
4 17 90 53.173627637689833 -41.278092281694050 108
3 23 79 78.725480881817788 -10.503057012980747 108
1 12 101 -44.560947202215260 87.282999401036761 209
4 17 90 -64.899758035034480 66.610970620416396 209
4 17 90 -84.504684651141972 38.832438398986106 209
4 17 90 -92.814962700164230 5.863676233142819 209
4 17 90 -31.286149621850679 61.499676318075814 209
4 17 90 -60.108038108705557 15.151145413099009 209
3 23 79 -66.570964715622964 -24.323284027661749 209
3 23 79 -20.862183650157181 22.881792722247106 209
7 34 108 19.693661433347540 62.934550799098268 209
4 17 90 17.622582490116997 11.976620778237844 209
4 17 90 -4.670635029204924 -13.694617069520850 209
3 23 79 74.027316773093403 45.705102246642902 209
4 17 90 92.439539638136466 10.194680548668295 209
3 23 79 54.694487017424620 -3.045825584395276 209
3 23 79 -26.623922655716072 -47.131919029871547 209
3 23 79 26.186632507344925 -39.147103002682414 209
3 23 79 70.719105401751776 -50.673544687301316 209
3 23 79 5.380699978449955 -80.172865294236132 209
6 17 48 -34.128187694704906 -86.421688769901962 209
6 17 48 -61.647384481009638 -66.454370265990747 209
1 12 101 94.707911780228272 -25.187525607500621 209
1 12 101 39.000312473949371 -89.905370400962738 209
1 12 101 64.368413885252252 73.896598662569460 317
3 23 79 76.664900086706865 41.127765496015620 317
3 23 79 33.581849234400920 57.247651638839962 317
3 23 79 -1.512017600570111 86.986859943186630 317
3 23 79 -45.657375062303451 74.056762705509556 317
3 23 79 -12.386903650205436 42.290810303342091 317
3 23 79 -56.532261111938780 29.360713065665017 317
3 23 79 41.163143754755268 11.876692056794028 317
5 20 68 -89.969959227917244 2.325174515366264 317
3 23 79 -77.809243388219969 -38.919425013131246 317
3 23 79 -39.545182162733155 -13.387844205586314 317
3 23 79 -36.566215197367434 -59.291283682593487 317
6 17 48 1.779229719582805 4.883315528238906 317
3 23 79 2.564539192530930 -35.108974841677366 317
3 23 79 3.941655775976134 -81.088356633036852 317
1 12 101 -28.813285773952732 -93.421799139520743 317
1 12 101 -76.728791456924924 57.945676980703531 317
1 12 101 -91.811882667915853 34.272119878595966 317
1 12 101 80.399107618785820 56.035555624111517 418
3 23 79 84.362222316352586 21.260654878114703 418
3 23 79 46.489144494876847 47.368699161983280 418
5 20 68 44.804980052350103 4.401693330409106 418
5 20 68 10.150847728410852 24.378958230162251 418
5 20 68 6.941428669125788 64.249995704774051 418
5 20 68 -26.652344846451474 85.963088091260616 418
5 20 68 -28.659547690078682 46.013480624546560 418
5 20 68 -65.400118323651185 61.828994195704212 418
5 20 68 -60.726469533385000 22.102969891915095 418
6 17 48 91.212019520156417 -18.148484648989434 418
5 20 68 57.552785518001059 -33.512597587527360 418
5 20 68 18.344143683768969 -25.595375504314973 418
6 17 48 -92.919626161014307 3.865627257942144 418
5 20 68 -62.951661133942004 -17.835088678085661 418
5 20 68 -27.251692034212034 0.206868152544596 418
5 20 68 -29.476883634769038 -39.731190417456155 418
5 20 68 -65.176852734499008 -57.773147248086417 418
1 12 101 3.016297430023716 97.953570378080826 418
1 12 101 -90.334139150355384 -37.996622270462822 418
1 12 101 -87.872188154667015 39.047289309766711 418
6 17 48 88.613990883908471 28.223405528507460 519
6 17 48 92.836429214026325 -5.513384694457617 519
6 17 48 61.508292673733166 7.698271557229717 519
5 20 68 64.402380677315094 -29.188369041061733 519
6 17 48 32.623958713528189 -10.237593397529203 519