8 11 81 99.000000000000000 0.000000000000000 0
8 11 81 96.555555555555557 21.863775779997951 0
8 11 81 78.843192529652626 8.814936902970350 0
8 11 81 81.287636974097069 -13.048838877027592 0
8 11 81 76.398748085208183 30.678712682968296 0
8 11 81 84.861216147439819 50.986017632067515 0
8 11 81 63.043340148006621 48.161077478124973 0
8 11 81 61.130829503749695 -4.233901974057249 0
8 11 81 58.686385059305252 17.629873805940697 0
7 31 80 22.189870512892227 38.414589968627709 0
8 11 81 52.511629967835461 67.476436151493672 0
7 31 80 23.843138232590437 -23.563363416806084 0
8 11 81 -5.310673797695500 6.669983141303469 0
6 14 86 88.602132246115488 -36.954866546124379 0
2 15 90 62.200935643057136 -48.953900587523719 0
6 14 86 38.754863138833493 -66.020877007695162 0
7 31 80 -4.406165473543169 -78.753732505249644 0
8 11 81 35.280548138115620 -92.500177962391547 0
8 11 81 -15.506409459452891 -38.247133247187080 0
7 31 80 -60.026189879300979 -51.360067451027604 0
8 11 81 -30.156127181721995 -21.834157567626882 0
8 11 81 -26.213705899491806 -0.190282812088805 0
7 31 80 -39.799702071841033 39.551643512699634 0
6 14 86 -84.361495479219911 45.816351671750972 0
4 17 76 -91.729510639479386 -15.319819771839256 0
6 14 86 -67.653155171361036 4.207830045094876 0
6 14 86 -91.573852948589661 18.761187659421893 0
2 15 90 -8.181640045522501 72.962691890442500 0
6 14 86 -31.003442921630892 90.855855766181492 0
6 14 86 18.915179130423336 83.295280653482195 0
6 14 86 88.602132246115474 -36.954866546124400 90
7 31 80 78.694496869387507 6.940905018364695 90
7 31 80 44.259236369838284 -44.616954075358208 90
6 14 86 36.240451497831586 -88.896736021258491 90
6 14 86 11.608166864495210 -75.583188269351766 90
6 14 86 -0.382913575167603 -50.280737994930988 90
6 14 86 34.351600993110324 -0.721182510869120 90
7 31 80 -42.263004755146063 -66.744576027318516 90
6 14 86 -18.225856224099136 -28.702290469055999 90
7 31 80 -77.427948330612764 -15.681607612485408 90
7 31 80 -64.902933024029238 45.040085311624082 90
6 14 86 -39.218961928789668 8.089664085623173 90
6 14 86 -12.815473420253724 -1.229981539592973 90
7 31 80 28.954897246265379 43.954040920791414 90
6 14 86 73.297793122542558 51.616128450025229 90
6 14 86 74.170193533116020 -60.949014686540373 176
7 31 80 30.750445624143904 -72.769568460425603 176
1 34 109 74.887809803878696 -12.954379289571911 176
2 15 90 27.901714513474829 -26.857862643073243 176
4 17 76 85.338813620725574 36.963318165541665 176
4 17 76 66.349964112798745 65.166573196926038 176
2 15 90 53.355707710357891 35.923637288443373 176
2 15 90 34.849335347066344 59.535375512284475 176
4 17 76 27.203517449118628 5.134519588628802 176
1 34 109 -10.065620452234448 39.948473114333531 176
2 15 90 15.015016868915136 82.043147736724407 176
2 15 90 72.087260810482917 -61.874282451123534 285
2 15 90 87.787027941473767 -36.310297784552851 285
2 15 90 94.732410014589107 -7.125341593760830 285
2 15 90 65.984805508469648 -15.702942374849933 285
2 15 90 72.930187581584974 13.482013815942068 285
4 17 76 41.958858748080587 5.433610850947090 285
2 15 90 52.654675172128080 35.593178338281454 285
4 17 76 67.562702869012895 63.908381148590188 285
1 34 109 24.157290921881753 -72.058485241611692 285
1 34 109 -43.174070611613239 -62.545980101229802 285
2 15 90 -4.572440802683695 -32.364625325568021 285
2 15 90 22.873606333017086 -20.252049355738524 285
4 17 76 -86.136434531539606 -35.064435632044493 285
2 15 90 -94.903144822532994 -4.288718082752638 285
4 17 76 -63.381575413012641 -9.801490702840564 285
4 17 76 -29.470802621748561 -12.263093574805021 285
4 17 76 8.064769061055532 8.115155981632343 285
4 17 76 20.906127174995603 39.596889126259967 285
1 34 109 -63.866050745322724 41.196208104579981 285
2 15 90 -16.509726152102161 28.611355263901480 285
4 17 76 -6.916297530011160 59.139475534773794 285
2 15 90 22.577761349373230 71.553197410964145 285
2 15 90 72.087260810482903 -61.874282451123541 394
1 34 109 24.157290921881742 -72.058485241611692 394
5 26 111 -35.711054021714446 -76.031050371924977 394
1 34 109 -18.001098774782843 -18.704289734752386 394
1 34 109 -72.930868042050562 21.379627841312082 394
1 34 109 49.284184780971160 -8.871151028226379 394
2 15 90 -73.517791725019705 -60.167551885352822 394
2 15 90 -88.614023733836632 -34.242587485454948 394
4 17 76 3.832976108850936 -92.920978762327820 505
4 17 76 36.975552503504836 -85.333513446128279 505
4 17 76 13.833326592015759 -60.424932999591320 505
4 17 76 46.975902986669638 -52.837467683391765 505