2 10 63 100.000000000000000 0.000000000000000 0
2 10 63 98.000000000000000 19.899748742132399 0
2 10 63 81.766312060385914 8.217823563497323 0
2 10 63 83.766312060385914 -11.681925178635078 0
2 10 63 65.532624120771828 -3.464101615137756 0
2 10 63 63.532624120771821 16.435647126994645 0
4 18 79 78.566312060385911 40.057421550909162 0
7 27 90 33.604994896324499 38.191956763603670 0
1 12 52 61.917444056286243 65.013687180647651 0
7 27 90 30.623398548937324 -15.725666359279328 0
4 18 79 -3.830885359291088 13.220876100420286 0
2 10 63 -3.271277910308775 41.215283390145920 0
2 10 63 3.689463826427119 59.964898705518749 0
2 10 63 19.391047365908786 72.352807098491255 0
2 10 63 39.245720030420607 74.759459002088278 0
7 27 90 50.323983891560445 -66.003762357019966 0
2 10 63 28.471481895497853 -95.861226357033104 0
2 10 63 8.825909071411509 -99.609755190258227 0
2 10 63 15.402374287063282 -80.721925636089694 0
4 18 79 6.946433329724600 -54.029285029997489 0
7 27 90 -27.487869518211763 -25.058976309229578 0
2 10 63 -31.789013972904069 11.690175468462787 0
4 18 79 -31.229406523921760 39.684582758188427 0
2 10 63 -16.045500145446532 63.210079290455269 0
2 10 63 -3.367609333086636 78.678469140400239 0
2 10 63 12.333974206395023 91.066377533372744 0
2 10 63 31.992916592572243 94.744146457186019 0
1 12 52 -16.009607223482163 96.683465373091735 0
7 27 90 -75.834516588829729 33.736124462340200 0
2 10 63 -99.843976687029169 5.583934036141223 0
2 10 63 -98.958285996407085 -14.396445139453654 0
4 18 79 -49.864523410134311 70.486083024201378 0
8 14 91 -76.042812999894892 -7.263346419674087 0
4 18 79 -83.624838407440237 -38.352136854802595 0
1 12 52 -72.316140305975949 -66.139064487233270 0
8 14 91 -90.846894422057062 -31.029691810709608 91
1 12 52 -81.037534226757174 -55.108239369872436 91
7 27 90 -49.852191158825029 -31.688709533956079 91
4 18 79 -50.837957645933905 -76.677911176493524 91
4 18 79 -17.535884852849563 -63.004142578037879 91
7 27 90 -82.191493442045811 11.556747196600860 91
4 18 79 -37.191537813397467 11.493553686802908 91
4 18 79 -9.581188501752589 -11.607714912322802 91
4 18 79 11.043972090866832 -41.113693129095402 91
4 18 79 15.711728942051884 -76.809800003350119 91
1 12 52 -10.115849572273666 -92.072047153961634 91
8 14 91 -80.362170689654079 52.515916844771013 91
4 18 79 -49.152370281352475 45.448501583589810 91
4 18 79 -13.766106584580513 38.829412402855120 91
4 18 79 13.844242727064360 15.728143803729408 91
7 27 90 47.262905274789489 -14.408096730240219 91
4 18 79 47.226490727867599 -59.408081996690839 91
7 27 90 77.172293902316795 30.552202111377159 91
4 18 79 58.117424220799911 71.318756312344505 91
1 12 52 85.648987838896829 -7.515443730013494 91
1 12 52 41.508835616024200 46.335666340179031 91
6 15 97 84.159337805984663 -34.474318758089964 91
8 14 91 26.350931125905749 67.460010861807319 91
1 12 52 97.387797892991159 -10.936947542797494 188
4 18 79 90.184744655118322 18.185484087345795 188
1 12 52 73.729901278262602 -6.899135292727477 188
4 18 79 54.256022818911859 15.921207775474532 188
4 18 79 70.259462929747230 48.168531767069638 188
7 27 90 25.313792086517019 50.379113693170979 188
8 14 91 30.386273418780270 91.064122395810344 188
1 12 52 54.533608975692665 81.425336917241253 188
7 27 90 69.319365957693904 -45.648937591397548 188
4 18 79 36.176492683595640 -15.209654565395386 188
1 12 52 22.481572879316719 11.482088943681902 188
7 27 90 -16.264760314638536 15.922996961531556 188
1 12 52 -13.432541107438229 54.820021711020630 188
6 15 97 -4.250808397365441 80.210881965072275 188
8 14 91 -31.261130623805943 90.767514630077542 188
8 14 91 -56.122278097655396 77.886390987960340 188
6 15 97 -76.100535765772122 56.865705448560455 188
7 27 90 -81.591441922960840 15.226181561117322 188
8 14 91 -47.660232149939191 51.195685145312794 188
8 14 91 -92.904375843663558 -24.182161795408273 188
1 12 52 -84.914317981248672 -48.924008439409249 188
1 12 52 -68.057758363128144 -31.840203305869814 188
1 12 52 17.313377414671997 96.458524571429791 285
7 27 90 45.448560647467659 69.450905934144970 285
1 12 52 81.460878647729771 54.480503392863803 285
8 14 91 65.700471359107084 33.801780944493615 285
7 27 90 27.679822438662377 18.458044252661129 285
7 27 90 -7.596922084766057 59.342653775423628 285
8 14 91 -35.848319667147301 89.055589252118352 285
1 12 52 -59.367239067935692 77.971346823372045 285
6 15 97 -49.114294793279910 52.993814245056711 285
1 12 52 -59.367239067935785 77.971346823371960 382
7 27 90 -72.103993992510055 41.109780470443695 382
1 12 52 -97.337797665386972 11.373352436822991 382
1 12 52 -40.195386992280660 63.533892477497879 382
1 12 52 -33.107267745114768 40.604466720668370 382
7 27 90 -66.581701745025256 -12.607109688363614 382
1 12 52 -41.347898072148340 17.129318345257090 382
8 14 91 -81.446858461626391 -50.817410862142502 382
5 18 99 -22.088523233053081 -5.872344220897226 382
1 12 52 -33.677752162258535 -33.543444177828242 382