1 10 101 100.000000000000000 0.000000000000000 0
1 10 101 98.000000000000000 19.899748742132399 0
1 10 101 81.766312060385914 8.217823563497323 0
1 10 101 83.766312060385914 -11.681925178635078 0
1 10 101 65.532624120771828 -3.464101615137756 0
1 10 101 63.532624120771821 16.435647126994645 0
8 18 100 78.566312060385911 40.057421550909162 0
2 27 108 60.012280859995641 -40.049970612377699 0
1 10 101 95.512185170558482 -29.621318065625442 0
3 16 74 47.417291382339471 -81.164034386927284 0
8 18 100 20.126508999278958 -60.885642021642653 0
8 18 100 17.612989372598875 -24.973496178122044 0
8 18 100 38.164714240467660 4.583679007531676 0
3 16 74 44.630873237450814 37.963145567465403 0
5 15 71 58.052774156766752 65.906885040056864 0
2 27 108 2.116455211078176 31.519213547429707 0
8 18 100 25.317343461147928 70.077206031579806 0
1 10 101 95.512185170558482 -29.621318065625442 108
3 16 74 79.521783214996731 -50.122709367182701 108
3 16 74 93.928345054737463 -3.669604239993099 108
3 16 74 66.858529619390936 -20.734922645937818 108
3 16 74 65.614438073845918 11.240884399800743 108
5 15 71 48.805790910675135 -45.936085815816199 108
3 16 74 34.959059127089013 -18.200404484480096 108
3 16 74 33.714967581543988 13.775402561258462 108
3 16 74 51.859659941870369 40.133895294135158 108
3 16 74 83.759334875185971 42.665839043272719 108
8 18 100 54.634919343142954 74.020440341626340 108
3 16 74 24.947765104379059 57.447182568821290 108
5 15 71 24.955479718931436 88.447181608897452 108
1 10 101 99.496509336314645 -10.022206837251556 209
3 16 74 87.905640777515416 -33.295620124791483 209
3 16 74 92.780020177231975 15.095292508342659 209
3 16 74 69.647556535420250 -7.015544786076099 209
3 16 74 56.017385799771375 -35.967547233524549 209
3 16 74 37.759301557676210 -9.687471894809168 209
3 16 74 51.389472293325085 19.264530552639286 209
1 10 101 95.512185170558482 -29.621318065625438 310
5 15 71 80.855271264439324 -49.874092560706629 310
4 16 69 71.195753812575532 -20.417451160215315 310
4 16 69 50.298334120205674 -44.651680056570825 310
1 10 101 94.853264819967166 -9.632175413386033 310
8 18 100 90.225393048543168 17.982726412752278 310
2 27 108 45.403051228751373 13.988020692709341 310
8 18 100 72.953277051622621 49.568704456639438 310
7 18 108 84.702276415319389 35.909948065443210 418