6 10 93 100.000000000000000 0.000000000000000 0
6 10 93 98.000000000000000 19.899748742132399 0
6 10 93 81.766312060385914 8.217823563497323 0
6 10 93 83.766312060385914 -11.681925178635078 0
8 14 89 86.755771184755062 41.102751320786574 0
8 14 89 64.176011190593613 24.545141632003997 0
8 14 89 61.126580571241270 52.378592242694658 0
7 12 89 63.268619889259611 -3.691642601795420 0
7 12 89 43.101031926713048 9.318676217239993 0
8 14 89 38.137466989960032 34.840490868996952 0
7 12 89 36.524937259788764 60.790437841376566 0
7 12 89 53.894404415212684 77.352491178346895 0
3 25 76 64.168575356803970 -40.680696119781487 0
7 12 89 38.325777368273151 -14.201462895913631 0
3 25 76 31.830327495583379 -78.815165111315409 0
3 25 76 -17.987890287877452 -83.074880698026192 0
7 12 89 4.597427597891189 -53.767826666636765 0
8 14 89 21.822841783232388 -34.292583249841016 0
7 12 89 14.842720569055871 -9.247066528571256 0
7 12 89 19.617975127495768 14.273072584582371 0
3 25 76 1.617105560585728 48.524905400421723 0
8 14 89 21.551046090331596 82.045615639862575 0
5 11 75 -53.987775207883487 -82.983854623071352 0
8 14 89 -48.370605423464909 -58.623078699201130 0
8 14 89 -76.366985855435274 -58.172875735653186 0
8 14 89 -89.904433863113496 -33.662928745922457 0
8 14 89 -24.155170111773359 -44.565600523323283 0
5 11 75 -62.035769008210160 -37.688339527141864 0
8 14 89 -41.883798102380716 -22.893135283516035 0
8 14 89 -14.250578646768751 -18.375925689309824 0
8 14 89 -5.682076498493757 8.280795244349793 0
8 14 89 -28.786118713007223 24.098609042406075 0
3 25 76 -47.404566511597480 58.367449139076541 0
1 21 114 -88.990134498085183 1.325127168505094 0
5 11 75 -94.269629527932537 -30.236351444351723 114
5 11 75 -85.264400431327346 -50.308866207521177 114
5 11 75 -98.619568277479317 -8.670683523436509 114
3 25 76 -81.786388600549628 23.151385264814852 114
3 25 76 -59.339128927227790 -21.526579473503965 114
1 21 114 -61.428556491900480 64.401338862801538 114
3 25 76 -32.123117959743531 28.944445704517484 114
3 25 76 -9.675858286421686 -15.733519033801333 114
5 11 75 -41.855193438305861 89.717015009651305 114
3 25 76 -9.657808929583538 73.613337454586812 114
3 25 76 17.793931569793632 31.823363255565642 114
3 25 76 40.241191243115487 -12.854601482753164 114
3 25 76 84.317113425650945 10.752877920162330 114
5 11 75 74.509558365293913 -23.885422611735379 114
5 11 75 -31.506263355601085 -44.359266439162582 114
5 11 75 -49.989430922154675 -56.291261943130124 114
4 20 104 17.437051102505407 -51.648559677907933 114
5 11 75 -13.176828296078344 -56.526098828849662 114
5 11 75 -31.659995862631934 -68.458094332817211 114
4 20 104 61.995017358020874 -52.247126780866004 114
5 11 75 90.515584603916395 -40.098989311593058 114
5 11 75 -41.855193438305861 89.717015009651305 228
4 20 104 -61.484856101023382 65.723758795708321 228
4 20 104 -21.489682353855834 66.345109690034263 228
5 11 75 -41.855193438305861 89.717015009651305 332
4 20 104 -61.484856101023382 65.723758795708321 332
4 20 104 -21.489682353855834 66.345109690034263 332
5 11 75 -41.855193438305861 89.717015009651305 436
4 20 104 -61.484856101023382 65.723758795708321 436
4 20 104 -21.489682353855834 66.345109690034263 436