3 10 111 100.000000000000000 0.000000000000000 0
3 10 111 98.000000000000000 19.899748742132399 0
3 10 111 81.766312060385914 8.217823563497323 0
3 10 111 83.766312060385914 -11.681925178635078 0
3 10 111 65.532624120771828 -3.464101615137756 0
3 10 111 63.532624120771821 16.435647126994645 0
7 14 108 86.755771184755062 41.102751320786574 0
2 33 81 41.360235561738889 53.278355843744365 0
2 33 81 23.052708779763897 -10.131694330713533 0
2 33 81 -22.708242135575013 37.428114030169738 0
8 19 54 5.399849820565009 90.839647852220040 0
4 18 119 -66.488892509192340 63.586375686156757 0
1 14 100 -69.359770332957254 31.715416169364431 0
1 14 100 -94.158281275595712 18.714114118114196 0
1 14 100 -70.499567945619077 3.738624691388075 0
1 14 100 -95.298078888257479 -9.262677359862163 0
3 10 111 -50.297444869738435 86.430128077977670 0
6 20 58 -68.512015895936997 -30.203232017545872 0
3 10 111 -88.467073732550432 46.238189898783183 0
3 10 111 -50.297444869738435 86.430128077977670 119
7 14 108 -66.770422711666754 68.976160018555234 119
3 10 111 -84.750371899518129 53.078945570662654 119
3 10 111 -66.464407887299771 44.978111036872001 119
3 10 111 -82.622918391525928 33.192418936498214 119
7 14 108 -43.821491279697128 52.934135640978788 119
7 14 108 -61.686990919941451 21.458411057493073 119
3 10 111 -84.242590373818430 13.258110253481972 119
3 10 111 -99.995622304075169 0.935692268187310 119
2 33 81 -65.401884895255776 -25.394545762244285 119
2 33 81 -14.294440602124745 16.367029134118383 119
7 14 108 -18.672259499662637 -30.428640555505250 119
5 15 72 -29.550345977333457 -57.311111323355362 119
6 20 58 -20.323298154614001 87.675330350781479 119
1 14 100 0.661538081827192 60.923944440332924 119
2 33 81 47.659421730512811 60.477925892949770 119
1 14 100 32.703443046560864 15.921010586735235 119
1 14 100 24.109741756441867 -10.727597221857827 119
6 20 58 12.976328528845650 -42.853087255530241 119
6 20 58 -2.632835926988752 -79.681798677336957 119
5 15 72 -36.721732914436757 -87.615719661261537 119
1 14 100 -61.294253435381236 -72.214705563230112 119
2 33 81 65.890742876776784 -39.842314229302595 119
8 19 54 36.259767578401274 -82.574097516067738 119
1 14 100 95.928906954060679 -3.693888276487279 119
8 19 54 67.016991382115236 12.215264370988915 119
3 10 111 97.933968815451721 20.222209376181663 119
3 10 111 -66.490874297364442 74.692460363627603 230
3 10 111 -50.297444869738428 86.430128077977670 230
7 14 108 -79.161096793097101 54.309490464502730 230
3 10 111 -55.449149422907837 58.016720146269748 230
7 14 108 -34.009662838977412 68.803212394330160 230
3 10 111 -39.833581952040269 45.520558633117687 230
3 10 111 -58.463359007657132 38.245161265412492 230
3 10 111 -76.868650433037857 30.419226973150202 230
2 33 81 -75.966848187268283 -12.571315622978133 230
2 33 81 -38.324987901299650 -66.784693623353817 230
7 14 108 -29.656120301074157 -20.591071395499014 230
7 14 108 -4.924089758891309 -33.718396532804604 230
7 14 108 7.953570414958286 -58.581338202020824 230
5 15 72 5.007641614905079 -87.431320931738668 230
5 15 72 34.994482289175835 -88.319795115888709 230
5 15 72 60.790207310719929 -73.003771786940518 230
6 20 58 39.288934613607211 -45.386833643757527 230
8 19 54 78.258008108969136 -43.833994014857915 230
8 19 54 58.438542020855948 -11.411952685198685 230
5 15 72 94.006771592363918 -13.701346458692335 230
5 15 72 93.591919470461093 16.295785032784543 230
8 19 54 61.156396947157205 26.490728810964356 230
8 19 54 26.972784436779008 9.893119472860407 230
8 19 54 29.690639363080265 47.795800969023446 230
8 19 54 63.874251873458462 64.393410307127397 230
8 19 54 -1.037236594986471 70.151955358937300 230
4 18 119 32.967661444664408 84.735058914523393 230
8 19 54 -13.160872703537613 34.137826915957660 230
3 10 111 -83.588496569636888 -54.890465849979833 230
1 14 100 -33.966380048492503 8.522775400900574 230
3 10 111 -13.056469468917914 -3.257531876679017 230
3 10 111 86.650520978199268 40.312799563563040 230
7 14 108 62.638199281574721 72.749267974060942 349
7 14 108 80.965593654656359 51.580739081066575 349
7 14 108 53.469412686037565 46.293014415299105 349
2 33 81 76.852667220318921 4.761044121084954 349
1 14 100 86.712953007857635 -41.193006453244855 349
2 33 81 15.660996405186957 74.212965316651193 349
2 33 81 40.625053417190962 -50.407425117524632 349
2 33 81 10.667786456912772 8.402116253503131 349
2 33 81 -43.829475702259678 45.631787446711790 349
5 15 72 18.747485680373501 -93.131797903101770 349
6 20 58 -8.263676171754902 -70.874279276845982 349
6 20 58 -47.909062714735128 -76.188724295630351 349
2 33 81 -47.278583900004961 -23.192474461664013 349
5 15 72 -94.136130550055810 -12.782367740870558 349
5 15 72 -93.428264922605123 17.209279867313210 349
1 14 100 -28.576802700074929 90.088012728312393 349
7 14 108 80.965593654656359 51.580739081066575 457
5 15 72 61.120657518376056 72.727334782194362 457
6 20 58 49.043441664603122 39.877055373620443 457
6 20 58 82.269778647171449 17.605761501893717 457
5 15 72 31.243711767025356 70.012908034085783 457
5 15 72 49.664254797688194 4.882561648838696 457
6 20 58 87.248690973863773 -22.083159270068720 457
5 15 72 52.370041257075322 -24.995167843815146 457
6 20 58 19.523255856990701 -12.908452455390227 457
5 15 72 18.902442723905629 22.086041269391522 457
6 20 58 1.102712826327860 52.221893929856861 457
5 15 72 6.393517922635988 86.819688388938786 457
1 14 100 78.690913464390960 -54.988545517586964 457
6 20 58 44.952775193431606 -59.200199113222276 457
5 15 72 12.105989793346982 -47.113483724797355 457
5 15 72 -11.658885427830516 -28.804177191728876 457
6 20 58 -15.748997481671571 5.956015319058867 457
8 19 54 -35.743455753456544 39.440663120967272 457
1 14 100 -27.056064886527960 71.276637111489464 457
1 14 100 -53.823659748167820 79.492223841791343 457