4 10 52 100.000000000000000 0.000000000000000 0
4 10 52 98.000000000000000 19.899748742132399 0
4 10 52 81.766312060385914 8.217823563497323 0
4 10 52 83.766312060385914 -11.681925178635078 0
4 10 52 65.532624120771828 -3.464101615137756 0
4 10 52 63.532624120771821 16.435647126994645 0
8 19 65 80.277628055073677 42.854433071168344 0
3 21 69 40.657166532298753 37.357249362912668 0
4 10 52 58.883989164368778 62.432793957976997 0
2 24 97 61.297085244103947 -37.199249612800891 0
4 10 52 45.833351794767474 -6.919339642527328 0
4 10 52 32.052744532242443 7.575309834988243 0
3 21 69 3.078941687623182 18.598864103967600 0
8 19 65 6.663003195724741 58.437971813680988 0
4 10 52 34.155046021788664 67.667683686208079 0
4 10 52 49.729712575012094 80.214785413535523 0
7 11 95 95.013944095216786 -27.809178834892240 97
7 11 95 98.809472811213155 -6.139062043189263 97
7 11 95 97.725521388384180 15.834218306202072 97
7 11 95 78.144836808624461 -13.687096150194568 97
7 11 95 77.060885385795487 8.286184199196764 97
2 24 97 44.416720206874913 -4.337542658247113 97
7 11 95 63.079157680029724 25.271804304504144 97
7 11 95 83.743793682618417 32.819838411509444 97
2 24 97 32.410302712625864 42.136600033725060 97
6 12 79 85.116818207535033 -48.570847822798306 97
1 18 66 55.343321210437054 -44.891326581685810 97
7 11 95 27.994457321556478 -35.245620594694287 97
7 11 95 12.795201139344702 -19.340193486078277 97
2 24 97 -4.293814959115309 11.204290938880924 97
2 24 97 -12.729921597092179 58.457143813524191 97
2 24 97 -60.664767845511179 60.957246839487695 97
7 11 95 -41.177235412457868 90.030190957184061 97
7 11 95 -19.355392780504342 92.824324838417340 97
7 11 95 2.461085321222004 89.988609190314577 97
8 19 65 32.065892708698257 85.135220729617089 97
3 21 69 -85.804511131984299 23.634421283398961 97
3 21 69 -87.088611952792050 -18.345944187640018 97
3 21 69 -68.978152555858983 -56.240683406059759 97
3 21 69 -35.506316930099317 -81.610670001289307 97
3 21 69 -30.271181857839697 -39.938216740469670 97
3 21 69 3.200653767919967 -65.308203335699204 97
3 21 69 -50.090498584313352 1.532174616039510 97
4 10 52 55.073589852357145 67.481726113941960 97
4 10 52 75.026731164111851 66.113460133531717 97
4 10 52 68.460582564864282 47.222041643312430 97
4 10 52 -33.880465910023176 27.956308295281392 97
4 10 52 -89.952229041164713 43.687486658376685 194
4 10 52 -96.846884537111009 24.913469358069925 194
4 10 52 -99.867664651572838 5.142913283440357 194
4 10 52 -98.893738179971777 -14.833359322526821 194
4 10 52 -82.080741866081553 -4.001777953718570 194
4 10 52 -81.106815394480492 -23.978050559685748 194
8 19 65 -68.062350869418651 21.384925531859871 194
4 10 52 -62.312766435197872 -7.039399945339516 194
4 10 52 -61.338839963596804 -27.015672551306693 194
4 10 52 -73.853485490876665 -42.616430460028120 194
8 19 65 -65.513107985818024 59.299320696762763 194
8 19 65 -33.952900045690541 38.134414016696482 194
8 19 65 -34.214305764371687 0.135313145093733 194
3 21 69 -33.120279547927524 -39.849722888874439 194
1 18 66 -60.758563028189315 -67.365632582444235 194
8 19 65 -65.947851578518964 -62.704711722307067 263
3 21 69 -31.598588024343108 -83.201738172155032 263
3 21 69 10.074990772699671 -88.427906007832263 263
3 21 69 -84.688156179199183 -27.366333385522513 263
3 21 69 -42.777162159551757 -30.099203723661169 263
3 21 69 -5.482715974612264 -49.415628956054761 263
1 18 66 32.821714771757513 -56.748471869724838 263
1 18 66 68.521108624144944 -61.391022738818499 263
3 21 69 85.091194899687466 -26.086175467925550 263
3 21 69 87.579061471734377 15.840075496353297 263
3 21 69 50.025929765203635 -2.968494333167393 263
8 19 65 -90.170877941575299 12.256131985480934 263
3 21 69 -50.183721159346710 11.242577609302174 263
3 21 69 -10.677408787401681 -3.014044808728806 263
3 21 69 19.652476560207521 26.039320827645934 263
1 18 66 56.359712032118750 39.214253996723563 263
6 12 79 43.072555599618283 -88.027012638835998 263
6 12 79 15.098457345406494 -23.619983882295742 263
6 12 79 84.812592727172870 48.723911201534719 263
7 11 95 51.906287741511633 -34.913200528105783 263
2 24 97 83.617738508293684 -20.101587170137041 358
2 24 97 59.819700956146804 -61.786757298932343 358
2 24 97 81.367199867483734 27.845624175531668 358
2 24 97 40.968966121918157 1.922994867557394 358
2 24 97 38.718427481108201 49.870206213226098 358
7 11 95 39.933712518738822 -90.588622930645784 358
2 24 97 12.368075351858145 -69.021619254105843 358
2 24 97 -0.231446582523436 -22.704753567565291 358
2 24 97 -2.481985223333393 25.242457778103411 358
2 24 97 -3.210034653941296 73.236936044114302 358
7 11 95 -18.513858774037210 -52.550245764203439 358
2 24 97 -47.216827855066441 -32.521776877803745 358
2 24 97 -85.901930683020765 -4.105886619172033 358
2 24 97 -50.391419411978163 28.189679473856227 358
7 11 95 -94.393157562366071 29.848480788916781 358
7 11 95 -80.149081019101047 46.614705272371822 358
7 11 95 -63.275829673359937 60.731836320267007 358
7 11 95 -41.311921538632077 61.991494785580301 358
7 11 95 32.254063789266134 -40.219753622392403 358
6 12 79 74.854708347727282 63.251661149543636 358
6 12 79 25.810210661451265 94.540113314991899 358
6 12 79 -29.542870495190726 -1.158881105230462 358
6 12 79 89.090025744984970 -40.828511027931398 455
1 18 66 91.350365669519462 -10.913784496914001 455
8 19 65 87.248808742995351 25.858178066681692 455
1 18 66 58.150019338112429 3.005159553358919 455
6 12 79 67.879494725269467 -29.598489929924217 455
8 19 65 36.962754616174266 -27.327987556733611 455
1 18 66 22.335830244190863 6.658084346566396 455
1 18 66 43.406450460183336 35.847619521238322 455