8 14 100 96.000000000000000 0.000000000000000 0
5 16 66 89.333333333333329 29.249881291307091 0
2 14 51 68.951365813099443 7.236807902883316 0
5 16 66 75.618032479766100 -22.013073388423763 0
2 14 51 47.710139033606282 -11.006280785771978 0
3 15 49 41.783717045427338 17.381701221021480 0
7 20 109 58.636612961935320 48.057096886397147 0
5 16 66 89.333333333333314 29.249881291307101 109
7 20 109 89.746687571072400 -6.747745550946593 109
2 14 51 63.207230724892682 14.504483280631637 109
3 15 49 61.787061721616055 43.469688613964465 109
6 23 120 73.493956030980598 -46.557904021941233 109
5 16 66 51.404643980651016 -78.699190448330029 109
5 16 66 34.789575992655323 -51.350707569854286 109
5 16 66 44.231894697128453 -20.775511454650754 109
2 14 51 35.958677678842562 8.061164500950381 109
7 20 109 16.744328470812711 -88.428657481958481 109
5 16 66 3.015811851287157 -55.149116748537736 109
2 14 51 15.032766159793670 -27.661068270203252 109
2 14 51 9.226720377474070 -0.269649315106955 109
3 15 49 15.036397938259238 28.142454560525159 109
4 29 109 27.046622849053570 70.471575713605290 109
8 14 100 55.061607817143866 -78.639807633227605 229
5 16 66 75.198354198347062 -56.402194335503822 229
5 16 66 43.677810078003965 -50.883562407434667 229
3 15 49 64.017138713834569 -27.488868337118610 229
3 15 49 92.958387035256564 -19.589238877594028 229
7 20 109 21.062553441050330 -78.893385099567595 229
5 16 66 12.439939798899594 -43.941267367186967 229
2 14 51 33.564365496380596 -22.639656185128359 229
5 16 66 51.950128018235468 1.066118142869382 229
7 20 109 -17.836148588022855 -88.214918259589012 229
2 14 51 -15.722018859286797 -54.280710511505745 229
2 14 51 -11.990832391505164 -26.530426773449243 229
3 15 49 -51.772733544268220 -79.652897382042553 229
5 16 66 -45.311335199870690 -49.333756044679163 229
5 16 66 -76.976624913758812 -53.949969572618727 229
5 16 66 -65.141738241303798 -24.218917498227768 229
2 14 51 -94.386189284217963 -17.528470338388814 229
2 14 51 -95.429312916633194 10.452092434498695 229
5 16 66 -65.548685820147767 7.778494798207598 229
5 16 66 -37.634640126648179 -7.867784408722638 229
5 16 66 -7.589339340170383 3.144930998935770 229
5 16 66 22.588340169306846 13.789538057126229 229
5 16 66 48.288038962534415 32.855882277699237 229
5 16 66 -85.617668308309462 38.802253458379198 229
5 16 66 -53.644913978059577 37.482033576129474 229
7 20 109 60.335958877622993 66.780027450711543 229
1 16 64 31.638195007293060 88.515674412391490 229
1 16 64 84.862347813203669 40.427489702315739 229
2 14 51 80.337098454813656 10.770751543098180 229
2 14 51 27.277443280871701 58.834302402652568 229
7 20 109 -17.645647422587619 37.711832331735472 229
2 14 51 0.361932957466500 66.551510708164884 229
8 14 100 -8.538745474001708 -95.619505466877499 338
8 14 100 19.415313394137542 -94.016198635168308 338
3 15 49 -36.445247924904500 -87.731088581484300 338
1 16 64 46.712472007794176 -81.571716660378343 338
1 16 64 3.918979050184239 -68.328387870130086 338
1 16 64 32.072399477564161 -53.117046106854012 338
1 16 64 64.034903298348254 -54.665706659190263 338
1 16 64 87.890098186567627 -33.336626115362961 338
2 14 51 59.047769970780067 -25.083135757169952 338
3 15 49 -61.985060305982472 -71.992029412037809 338
1 16 64 -81.075886140011590 -47.567853500151507 338
1 16 64 -49.310310983963262 -43.701558761587791 338
1 16 64 -68.541408024101713 -18.124911079907960 338
1 16 64 -36.775832868053385 -14.258616341344251 338
1 16 64 -17.544735827914938 -39.835264023024081 338
7 20 109 89.962330073477460 2.603683496643367 338
7 20 109 79.948903401574199 41.330047724213408 338
1 16 64 55.975459382528712 14.473503235659182 338
1 16 64 44.061325276929793 44.172887210984406 338
1 16 64 60.502808455000526 71.626077023922676 338
7 20 109 -89.288354740544619 11.295561417063926 338
3 15 49 -83.247131593769339 45.770242313206637 338
2 14 51 -59.957132471342334 28.490892184299895 338
7 20 109 24.615230330356123 74.468916510693674 338
4 29 109 0.847897473904872 31.619016990500480 338
1 16 64 -11.381876917752940 74.925282337781937 338
1 16 64 0.457525850815335 -13.379289755374824 338
3 15 49 30.183639619756669 -22.174638537313868 338
8 14 100 64.138258615775896 71.430272166189098 447
3 15 49 81.751210522526037 48.391523824959563 447
3 15 49 51.929534843995867 45.125385474466327 447
1 16 64 34.152027651446751 70.521452847562983 447
7 20 109 17.547067537249198 38.579704310485226 447
3 15 49 3.152052219814401 70.482424163356981 447
4 29 109 -31.248679145191847 43.049056131839677 447
3 15 49 -69.539138824410500 64.724865172199202 447
3 15 49 -22.428081149276775 86.155865930228373 447
4 29 109 -1.329486619546627 -6.638386130902887 447
1 16 64 -45.766844263852818 0.455360805098000 447
1 16 64 -70.405708173621235 20.874136116950361 447
2 14 51 -95.869091090032867 5.011723612788263 447
1 16 64 -90.738518660921869 -24.546307893887672 447
7 20 109 -71.338016630078670 -54.871553498024994 447
2 14 51 -50.433062602645279 -81.685409936644518 447
2 14 51 -24.717703077524494 -92.763328716531817 447
3 15 49 4.202960002266956 -94.906981446147284 447
3 15 49 33.588066804964740 -88.864175955810367 447
1 16 64 -35.348820641635172 -55.753467385772979 447
1 16 64 13.430939955708379 -65.312313244275458 447
3 15 49 59.623671100796223 -73.959568985115624 447
3 15 49 79.713424538930568 -51.679492531140646 447
3 15 49 91.853916804207557 -24.245782472952182 447
2 14 51 51.235982646426422 -46.199045171750150 447
7 20 109 58.700150903488058 -13.028483038583442 447
3 15 49 88.362055553018436 5.550306280480612 447