7 13 109 97.000000000000000 0.000000000000000 0
1 15 100 90.979381443298962 27.345057180315223 0
1 15 100 69.695649803919792 6.202617219353049 0
1 15 100 62.027625519428859 35.206089486867114 0
2 21 84 78.697873292081894 -28.653658718692636 0
2 21 84 39.541378524328366 -13.462578523298678 0
2 21 84 27.061502261413736 26.640447403211404 0
3 15 95 43.397713029311902 58.720475734664106 0
5 30 76 -11.075231477385472 -7.220880682614384 0
5 30 76 -16.898688907634636 52.495845144896251 0
3 15 95 20.282940385281147 77.843950461155828 0
5 30 76 -73.303878924663607 32.039683746851495 0
5 30 76 -74.963349301829169 -27.937363180013040 0
4 15 57 -56.536625777332915 73.799224236341189 0
7 13 109 71.244498817118256 61.645628942280105 0
7 13 109 93.515463917525778 25.765442132630543 109
1 15 100 94.974603618479634 -2.196512579676362 109
7 13 109 71.147998520855325 12.510386805369542 109
8 22 109 65.764872983153182 47.093937222371835 109
8 22 109 36.204740397466850 14.502549379620408 109
8 22 109 22.759836873895971 56.398069059436665 109
8 22 109 63.497187685199862 -21.643164892177477 109
5 30 76 41.158238360372906 -68.600287281255092 109
5 30 76 -15.381029635486183 21.052994410859512 109
1 15 100 -12.975588211640977 65.988657881609001 109
1 15 100 -4.876605530173366 94.874752798113178 109
2 21 84 16.726910812438785 -23.832997501265559 109
1 15 100 -19.273047757061871 -23.778380706811451 109
7 13 109 23.115395412608258 94.205512019832312 109
8 22 109 -49.329294890751534 72.874005417441367 109
7 13 109 81.232980297048911 -53.011347012307311 109
7 13 109 83.312206014640552 49.679737609754852 218
1 15 100 92.146270469386508 23.109842893941696 218
1 15 100 94.758020173414039 -6.776253597295053 218
1 15 100 63.037553925150661 30.368122383416498 218
2 21 84 52.917393669277224 64.916383647848320 218
1 15 100 33.351592989437165 34.697524573476059 218
1 15 100 17.252993636945941 60.012245565183022 218
1 15 100 25.921338751351431 88.732618003185337 218
5 30 76 42.071874163143903 -9.449465088917641 218
3 15 95 7.541312575371109 19.406042469138420 218
3 15 95 -8.557286777120114 44.720763460845390 218
3 15 95 -8.894958533958604 74.718863030395354 218
7 13 109 67.123290627867888 70.024737452465914 327
3 15 95 82.697586715839677 46.755846173245295 327
3 15 95 93.153952436703278 18.637090583576153 327
3 15 95 94.320727332854077 -11.340211435480086 327
3 15 95 63.574212912812328 23.640990032882065 327
2 21 84 39.410723974661181 50.326675377947630 327
2 21 84 18.889936982243274 86.972238563847938 327
3 15 95 3.637704191118463 54.362893355988632 327
2 21 84 58.326314689732179 -11.974449936886558 327
2 21 84 11.240456261701496 19.174853328825343 327
2 21 84 -27.278001769551764 35.917863538897535 327
6 23 71 -24.532519684400192 79.866588907872071 327
6 23 71 67.382819245437958 -55.032314784466742 327
2 21 84 26.334818240026038 -39.187390882481530 327
2 21 84 -64.456305572644709 61.370878044279692 327
2 21 84 -85.422902277668896 24.978546123820543 327
2 21 84 -87.365890900656979 -16.976486890240359 327
4 15 57 -57.185319552182790 2.648321722320921 327
2 21 84 -48.229768521555194 -32.219974848315061 327
4 15 57 -78.410339870029375 -51.844783460876343 327
7 13 109 83.312206014640552 49.679737609754852 436
3 15 95 92.146270469386508 23.109842893941696 436
3 15 95 94.758020173414039 -6.776253597295053 436
3 15 95 63.037553925150661 30.368122383416498 436
2 21 84 52.917393669277224 64.916383647848320 436
3 15 95 33.351592989437165 34.697524573476059 436
3 15 95 17.252993636945941 60.012245565183022 436
3 15 95 25.921338751351431 88.732618003185337 436
5 30 76 42.071874163143903 -9.449465088917641 436
3 15 95 7.541312575371109 19.406042469138420 436
3 15 95 -8.557286777120114 44.720763460845390 436
2 21 84 -12.333184178319405 80.522196376520938 436
4 15 57 -48.310531502580922 81.799098686587840 436
4 15 57 -71.408961396785116 62.655887450681384 436
2 21 84 -84.147861966763600 28.985122501423056 436
5 30 76 -77.051559501787111 -21.518763401797994 436
6 23 71 -41.577796283490287 17.859049172445026 436
4 15 57 -32.125137689891190 -18.946483638707932 436
4 15 57 -40.492007902677031 -47.756125823962464 436
4 15 57 -2.147182065624047 -17.796624260579470 436
5 30 76 1.987069545003990 -62.606310307460220 436
4 15 57 -40.386138381105702 -77.755939017454224 436
7 13 109 -35.213141481108458 53.291959993410863 436
7 13 109 -64.252418011977710 -62.569731443049349 436