2 12 110 98.000000000000000 0.000000000000000 0
6 24 111 80.122448979591837 31.247290594749217 0
2 12 110 74.387058819239243 -4.292902141201593 0
2 12 110 53.323179931968532 7.209836933574962 0
2 12 110 44.170087288085959 29.395888746651185 0
2 12 110 50.995822062650440 52.404785825548757 0
2 12 110 70.766724355855544 66.010351690757645 0
7 23 98 31.148042301748468 81.232994902123906 0
7 23 98 -14.628525435170108 85.761333032973440 0
1 15 108 5.281985599744455 53.395123024253763 0
1 15 108 -24.400092597110476 49.039180655972324 0
1 15 108 -47.991858850927784 67.571006389699889 0
6 24 111 -58.434166604492205 29.994974018255341 0
2 12 110 -74.458690098035575 62.231826327450740 0
6 24 111 -14.181608985320544 11.401664894759008 0
2 12 110 -46.701863576607586 -4.039612297166347 0
1 15 108 -73.636295495093407 -5.920138082273436 0
2 12 110 -91.035664322432922 14.725974491531028 0
3 27 92 46.069991304645143 -31.109756680351410 0
1 15 108 26.351492908941662 5.973673865090843 0
1 15 108 4.943850277935290 -22.586815623933525 0
1 15 108 -24.848401943401370 -26.111259917756442 0
1 15 108 66.588769164125267 -67.756444868417049 0
1 15 108 36.904507910090985 -72.097485504283000 0
1 15 108 87.729101662681103 -36.450030472675351 0
6 24 111 -60.219415407203137 -42.539631916939882 0
3 27 92 -4.221633116618854 -63.574544447865115 0
1 15 108 -43.712449251326682 -77.874035383373979 0
4 14 81 95.943170118463328 -3.302742439186723 111
3 27 92 76.294556555622037 32.682420962667230 111
4 14 81 68.263080200561646 -7.523242662723980 111
4 14 81 44.328782943199734 7.007738542832588 111
3 27 92 23.121572324278112 42.096970762485071 111
8 15 95 55.316942161677979 69.068403075824364 111
5 36 120 0.257001621783573 -16.607470352226414 111
3 27 92 -30.740451857794714 38.239205734674059 111
7 23 98 -6.815871123967384 82.143811833699459 111
8 15 95 -44.780469690532946 83.783706854586356 111
8 15 95 -68.673770529044546 65.642312888289780 111
8 15 95 30.929061353545023 86.539272249631964 111
7 23 98 -79.944318880352924 29.352166293644839 111
6 24 111 -84.210234331293705 -17.453837224765326 111
8 15 95 -48.214972589244944 -32.465203988701269 111
8 15 95 -69.523416960693183 -53.582736952305140 111
5 36 120 72.254257021615572 -15.978809162585176 231
5 36 120 51.636741590772047 53.006102647599292 231
5 36 120 2.202813200744913 0.658354616478903 231
4 14 81 91.078816740453547 30.342200664402654 351
4 14 81 95.960001321246196 2.770946846554004 351
4 14 81 69.642002810404279 12.329343907951007 351
4 14 81 64.760818229611615 39.900597725799628 351
3 27 92 76.112249324418130 -33.104765559925227 351
4 14 81 47.038565226589789 -4.195927932312394 351
3 27 92 24.897847453696933 30.311877221030908 351
4 14 81 49.310187934866583 63.251786635469884 351
5 36 120 13.664365773943530 -41.427135418707273 351
3 27 92 -41.480161902889812 -71.891558395336290 351
4 14 81 -78.777381869513576 -54.864597927851719 351
4 14 81 -91.257705724613260 -29.799851440567405 351
7 23 98 -42.008520785526969 -21.894350104361301 351
8 15 95 -12.665362691326937 2.250609474374443 351
7 23 98 -79.197384398534908 5.179408836227182 351
8 15 95 -42.799621315596738 16.097414265714001 351
7 23 98 -21.925190517835041 47.850495043324528 351
7 23 98 72.241473988939077 -48.478546140591284 471
7 23 98 37.423125590124272 -78.539860396271308 471
7 23 98 28.798437972965480 -33.355629037240433 471
7 23 98 63.616786371780293 -3.294314781560423 471
7 23 98 76.862443941326532 40.757388426718862 471
8 15 95 41.271821388825188 27.441698946808948 471
1 15 108 42.704361949104310 57.407476552990900 471
6 24 111 6.029158541546416 44.143636422234877 471
1 15 108 22.435598717929061 79.524828046299461 471