8 14 92 96.000000000000000 0.000000000000000 0
1 31 90 69.958333333333329 36.699204313203069 0
1 31 90 21.921943850813339 75.897485978138874 0
1 31 90 58.023711432311671 -24.141282207531251 0
1 31 90 23.280211414323979 -75.491931731174958 0
1 31 90 -38.384036143499323 -69.048285781288868 0
1 31 90 -3.640536125511632 -17.697636257645161 0
8 14 92 25.317408693009313 31.025770850394863 0
7 27 94 -21.526462346656000 37.475669273306863 0
8 14 92 -23.005663390521768 78.448977222163364 0
8 14 92 -50.846674357995227 81.428592685444286 0
3 19 94 -71.787736807096692 55.924242007514188 0
7 27 94 -68.058589949161032 10.075649186011489 0
8 14 92 -91.393777946176044 29.379880066553422 94
8 14 92 -79.028848410581674 54.501753356174717 94
7 27 94 -82.319908425255321 -10.603427599487759 94
3 19 94 -58.401013033058305 28.688892810703546 94
8 14 92 -80.965397424107380 -51.581047100231942 94
8 14 92 -54.978565692907722 -41.155857578006717 94
8 14 92 -42.635278638706268 -0.301478332259514 94
8 14 92 -31.453216213485426 -25.971723362614487 94
7 27 94 -41.750317059435332 71.569591540947869 94
8 14 92 -25.799184864835730 33.799744020598936 94
8 14 92 -15.788207301049674 7.650550376867352 94
7 27 94 -22.318347863655848 -65.941138922906106 94
3 19 94 1.121051617528668 -20.688062200753290 94
8 14 92 15.598549179692011 -50.342776233054366 94
5 22 69 34.636522930304807 -80.896917613086288 94
7 27 94 69.066029788813296 -46.031332038197149 94
8 14 92 94.939994225251127 -14.226647409326027 94
3 19 94 65.066801523997782 -0.205507732616990 94
8 14 92 94.959805053252595 13.773345582299774 94
8 14 92 86.985708652580740 40.613870662722356 94
7 27 94 45.998964754490309 41.656379479158574 94
8 14 92 49.012714847508477 82.545464946760234 94
8 14 92 22.064056722389534 74.944818575861177 94
8 14 92 -2.161607150099477 60.904974918000136 94
8 14 92 -2.207636486724470 88.904937084049038 94
8 14 92 -80.965397424107380 -51.581047100231942 188
3 19 94 -55.272695762718129 -72.290587929010513 188
8 14 92 -55.804910626370130 -39.294879915105000 188
8 14 92 -30.261268224314090 -50.763198572863203 188
3 19 94 -18.422192493801347 -81.566384866608601 188
7 27 94 10.429798105142837 -45.739542436966033 188
3 19 94 37.561082441516774 -82.886459001585905 188
7 27 94 64.429461727966384 -45.548941749906113 188
3 19 94 -88.876635935931361 -19.543377003780893 188
7 27 94 -79.021648161379403 25.388562815944574 188
8 14 92 -57.449323766074876 -9.477392214482300 188
3 19 94 -25.251026654881407 -16.707168361729938 188
3 19 94 8.765452602314198 0.230338507487303 188
7 27 94 54.191900329697305 7.471736637084287 188
2 14 84 89.605613899419723 -13.189069039405148 188
2 14 84 -28.552099505572521 -91.655756032143913 282
4 27 80 -56.034517352044155 -61.230163033618183 282
4 27 80 -81.845076990290366 -13.797948124755486 282
2 14 84 -15.431282759223890 -66.920272048426568 282
2 14 84 -0.570133627595876 -90.650974661023440 282
2 14 84 -41.837998207390207 -22.766428891240977 282
5 22 69 -80.658704625381745 35.187687735277834 282
2 14 84 -67.185872333918837 68.571557943001125 282
4 27 80 -32.890109050212637 46.103789455944167 282
4 27 80 -6.937123244921906 -1.250645687877141 282
5 22 69 20.108519155693841 -61.182460632179968 282
2 14 84 49.140741438496633 -82.469312661588376 282
4 27 80 66.466513853808578 -45.309958385540789 282
6 18 70 91.650057052309734 -8.016672770443449 282
4 27 80 48.797110766235960 5.717408727890405 282
2 14 84 -53.784775597423689 -79.518538177803407 366
4 27 80 -71.318976949979202 -42.457078641945394 366
4 27 80 -82.345196729218515 10.405218672680583 366
4 27 80 -31.051994462726853 -6.476943548100717 366
4 27 80 -18.315415411935799 -58.953410217293978 366
5 22 69 -67.074554210127900 56.964938141918608 366
5 22 69 -31.112202841188608 82.316649800442775 366
5 22 69 -17.279263767639044 40.547644586199681 366
4 27 80 20.557334454244334 9.412586612979648 366
4 27 80 33.293913505035377 -43.063880056213605 366
6 18 70 27.736422815146575 -87.719386964452823 366
6 18 70 77.910099339132501 -48.928687096288442 366
6 18 70 67.933067423813881 -14.338821034669849 366
5 22 69 85.281727790694418 21.703154264620128 366
2 14 84 59.169736559490580 -74.867052559197091 366
2 14 84 -74.442010709632910 -60.616722457642823 450
4 27 80 -35.973130336257711 -74.799290730665462 450
2 14 84 -0.877546841561909 -95.995989038817996 450
4 27 80 15.476059483248758 -58.398654556529060 450
6 18 70 -55.970101285365750 -34.486499300890600 450
4 27 80 -15.735615399374826 -14.332439027834020 450
4 27 80 -82.986421993418361 1.501254385601811 450
2 14 84 25.048757698512727 -18.531833152265065 450
6 18 70 -42.751936107427440 21.655314658658384 450
6 18 70 -7.720056623286197 29.947927021997469 450
2 14 84 17.281687531494860 9.975125785844551 450
6 18 70 48.552705358123973 3.183701481131716 450
6 18 70 53.877751684502897 -32.420285397052567 450
6 18 70 59.442550772843589 -67.987587953001380 450
5 22 69 87.365948855057667 -10.544713398449893 450
5 22 69 81.550142671016289 33.069233894012257 450
2 14 84 82.946872726146623 -46.272458445778142 450