4 12 75 98.000000000000000 0.000000000000000 0
7 16 73 90.081632653061220 26.857018795073568 0
2 27 73 59.113682161281723 -2.975615053426868 0
1 20 85 58.435948938492004 44.019498284863182 0
2 27 73 14.470498422089342 27.405071996551275 0
4 12 75 32.098013260162105 62.194017376276790 0
4 12 75 52.141730262451716 75.394373762834178 0
7 16 73 90.081632653061206 26.857018795073589 85
2 27 73 81.578772424115442 -15.293916757141762 85
2 27 73 54.904229455734757 -62.245687303394988 85
7 16 73 58.611373078092726 21.058504995477627 85
7 16 73 69.324842610932237 51.211806150888783 85
2 27 73 26.359022211066460 49.497665734680716 85
2 27 73 27.937861960919157 -9.076785209606346 85
2 27 73 -18.196252984490439 18.988200772997228 85
4 12 75 55.414846643836491 75.512259072498708 85
5 22 57 12.665949505302287 -87.083716750774556 85
1 20 85 -17.654218203530021 65.985075119024003 85
7 16 73 5.127009920214178 93.860075480888170 85
2 27 73 -63.084214106679951 53.938686770652502 85
4 12 75 -93.460997798886524 29.479516455269913 85
7 16 73 -93.988277536905329 1.484481608392585 85
7 16 73 -63.417153400304599 10.939975726869333 85
2 27 73 -66.909231028029183 -31.917991955254202 85
2 27 73 -14.944403792858923 -46.603247500150516 85
7 16 73 -50.027977628112666 -71.465726196899539 85
4 12 75 -11.295250854778617 97.346891620265012 170
7 16 73 -37.060632001140718 86.385818024002205 170
2 27 73 23.443367300519014 79.620402721996797 170
2 27 73 -63.989202183588887 52.861914493402374 170
7 16 73 -91.828055689304819 20.090002198156498 170
4 12 75 -14.352606057033601 70.004561731465969 170
7 16 73 -22.111686174355711 43.101092146057901 170
7 16 73 -40.450128868064780 16.877028395953335 170
7 16 73 -67.325776089288979 -0.492473221545772 170
4 12 75 -94.356580822960495 -7.795595529854850 170
7 16 73 -87.285848042928279 -34.888117338527053 170
7 16 73 -55.620157056727344 -30.274657209032835 170
5 22 57 66.960813610954389 57.098594033119809 170
4 12 75 36.139277023236481 42.744748472714541 170
4 12 75 12.143523586951883 42.293287483219544 170
4 12 75 -2.407649237254895 23.207602548167667 170
4 12 75 91.912105383463796 34.002424677940922 170
5 22 57 65.065588979052777 13.139429759960187 170
4 12 75 31.605907939787645 19.176792160101634 170
4 12 75 12.620425738234077 4.495121084420475 170
5 22 57 -16.672819433083287 -12.764826404870787 170
5 22 57 -27.190821687612537 -55.489194493512166 170
8 37 95 30.834692401618188 -66.168132393906888 170
4 12 75 -13.664236574462201 -86.682647254896239 170
5 22 57 80.817919304230955 -34.820452600947263 170
3 20 90 -22.128442653529024 -87.237216976067486 265
6 22 93 -58.309864833188442 -65.908722208333657 265
3 20 90 -83.889493406813600 -32.596823402720972 265
3 20 90 -89.729344156806661 6.974582223283839 265
6 22 93 -42.619252954646811 -24.801488065460845 265
3 20 90 -8.693346395759413 -49.560988548258180 265
3 20 90 17.217676412624066 -80.034237423680565 265
3 20 90 56.045030833959402 -70.419844637861416 265
6 22 93 -49.391773420112614 18.674171406763918 265
3 20 90 -10.654775025006181 2.443183903302465 265
3 20 90 20.684112149558803 -22.413890555689811 265
6 22 93 62.184778088771850 -28.871035946792745 265
3 20 90 89.961500307402389 2.632197264879970 265
3 20 90 79.935799671613864 41.355385753969422 265
3 20 90 51.413385042423506 13.311280068094037 265
3 20 90 41.387684406634975 52.034468557183480 265
8 37 95 -11.998555436648704 72.007184832026780 265
3 20 90 -67.592397837008008 59.424471008530112 265
3 20 90 -67.592397837008008 59.424471008530112 360
6 22 93 -85.365709506346363 21.370438471825661 360
6 22 93 -41.653173333306839 26.391810925718293 360
6 22 93 -59.160805312892180 -13.975042090926451 360
8 37 95 -0.182493210342223 -15.574636268900736 360
8 37 95 8.197850863457667 57.949304275691446 360
8 37 95 70.671998896175950 18.288481949546956 360
6 22 93 78.270954916119777 -40.220114576151389 360
3 20 90 -45.230663125317889 77.808657058479099 455
3 20 90 -7.046489250276089 89.723725899261140 455
3 20 90 -15.819823883839337 50.697726880561831 455
3 20 90 -54.003997758881141 38.782658039779776 455
6 22 93 -87.054382440568943 12.866021059020547 455
6 22 93 -45.789908945083560 -2.406281555201858 455
8 37 95 -39.925722012203074 -61.114128659453890 455
6 22 93 13.081530132137708 -87.022259045614149 455
6 22 93 53.575808869746908 -69.811408121827398 455
6 22 93 80.676135389919381 -35.147705167583794 455
6 22 93 37.106324782220483 -29.009985427383100 455
6 22 93 64.206651302392956 5.653717526860504 455
1 20 85 77.692614443915886 45.429700206682327 455
6 22 93 36.111064179753143 39.515760941783888 455
6 22 93 1.449704510693553 12.412437420634504 455