3 10 92 100.000000000000000 0.000000000000000 0
3 10 92 98.000000000000000 19.899748742132399 0
3 10 92 81.766312060385914 8.217823563497323 0
3 10 92 83.766312060385914 -11.681925178635078 0
3 10 92 65.532624120771828 -3.464101615137756 0
2 26 92 60.439522766225650 -39.102007257758231 0
3 10 92 63.532624120771821 16.435647126994645 0
2 26 92 30.085929362926727 3.119543726392132 0
3 10 92 51.264401077214600 32.230921842982703 0
2 26 92 49.086975580864880 68.165011760606149 0
3 10 92 71.077621762792901 34.957877300002870 0
3 10 92 98.000000000000000 19.899748742132399 92
3 10 92 100.000000000000000 0.000000000000000 92
3 10 92 81.766312060385914 8.217823563497323 92
3 10 92 83.766312060385914 -11.681925178635078 92
3 10 92 65.532624120771828 -3.464101615137756 92
2 26 92 60.439522766225650 -39.102007257758231 92
3 10 92 63.532624120771821 16.435647126994645 92
2 26 92 30.085929362926727 3.119543726392132 92
3 10 92 51.264401077214600 32.230921842982703 92
2 26 92 49.086975580864880 68.165011760606149 92
3 10 92 71.077621762792901 34.957877300002870 92
3 10 92 100.000000000000000 0.000000000000000 184
3 10 92 98.000000000000000 19.899748742132399 184
3 10 92 81.766312060385914 8.217823563497323 184
3 10 92 83.766312060385914 -11.681925178635078 184
3 10 92 65.532624120771828 -3.464101615137756 184
2 26 92 60.439522766225650 -39.102007257758231 184
3 10 92 63.532624120771821 16.435647126994645 184
2 26 92 30.085929362926727 3.119543726392132 184
3 10 92 51.264401077214600 32.230921842982703 184
2 26 92 49.086975580864880 68.165011760606149 184
3 10 92 71.077621762792901 34.957877300002870 184
8 12 56 95.599999999999994 21.555509736491995 276
5 17 54 92.713017977005492 -7.300431329411705 276
8 12 56 72.870987243846145 13.848890560056999 276
5 17 54 58.987480945951631 -11.611829242735766 276
1 13 64 77.193020546572157 38.472457079351628 276
5 17 54 48.530632493163438 29.614268151821740 276
1 13 64 59.509842708247824 57.533024267612191 276
7 23 72 23.672600965977814 60.952396184514541 276
8 12 56 49.487041559684471 84.587426475038612 276
5 17 54 -0.264298604537725 92.999624441433312 276
8 12 56 -29.259445889442926 93.530127906695185 276
5 17 54 -52.782918370366517 76.569991042883274 276
8 12 56 -77.002107430573460 60.619101372838117 276
8 12 56 -56.690692262565150 47.834485075396799 276
5 17 54 -86.821485480231672 33.332111529363416 276
5 17 54 -92.999944280255448 -0.101803091219221 276
8 12 56 -93.581109179488280 -29.095979185047103 276
8 12 56 -71.537574550115053 -19.604794799332968 276
5 17 54 -20.560020171318371 65.721727050253847 276
8 12 56 -33.997559400791083 40.022844983977457 276
8 12 56 -52.109204596068267 24.275835479935324 276
8 12 56 -62.287101981477541 2.540831343471961 276
5 17 54 -42.551450477511196 -18.707793546482474 276
7 23 72 10.624668603958519 16.841723314151636 276
8 12 56 -24.354632185634394 18.045266529489105 276
8 12 56 -17.088503339377109 -4.828372699754416 276
4 16 90 -61.483078241876726 -45.737286146076428 276
1 13 64 -61.835738737086977 -74.735141766365317 276
8 12 56 -39.632309072091473 -63.245680895132161 276
1 13 64 -39.621657757646162 -88.245678626122071 276
7 23 72 -6.427687808448049 -74.311534984988882 276
1 13 64 -61.835738737086977 -74.735141766365317 366
5 17 54 -78.534829438725552 -49.812453914962745 366
8 12 56 -49.697486430659687 -52.879642894330544 366
8 12 56 -36.884578261956065 -73.173222772222175 366
5 17 54 -91.190627825338723 -18.255667526019387 366
8 12 56 -97.482962642206004 10.053456843208995 366
5 17 54 -85.545455632188464 36.482530349213377 366
8 12 56 -73.483029807480463 10.110236493285377 366
5 17 54 -66.715606836639751 64.792189378187459 366
6 22 95 -46.842364758601470 31.235457575050120 366
5 17 54 -55.802233141466260 -24.529474154146715 366
7 23 72 -27.331746414993205 71.785867830065513 366
8 12 56 -13.857926475893763 39.483295544739278 366
7 23 72 -10.541943931815021 4.640731635529541 366
1 13 64 -25.989530459066547 -27.876526405133681 366
8 12 56 -24.181000031555808 -52.811024950177014 366
8 12 56 -12.898608555980658 -73.993745327689183 366
8 12 56 -25.602186786380916 -94.355943149734344 366
2 26 92 20.714658931723836 81.405791595821697 366
1 13 64 10.785445983214585 43.690930728742302 366
7 23 72 64.164229342629966 58.753312016144100 366
1 13 64 90.689899289611617 34.414272719906535 366
1 13 64 67.379871474321760 22.897215663070636 366
1 13 64 42.392548843427249 30.082875531140314 366
1 13 64 24.922601826679752 10.826682988686983 366
8 12 56 97.452322069624032 10.346251651601609 366
8 12 56 19.361384846151960 -13.546927037230180 366
1 13 64 0.276539993792570 -29.695261222568657 366
1 13 64 3.864449820819863 -55.446511737313017 366
5 17 54 91.245056645913991 -17.981647246121373 366
1 13 64 65.245070136676446 -3.014994262923479 366
5 17 54 14.499699611334357 -83.498097465990853 366
7 23 72 56.591197245049457 -37.959385572196041 366
5 17 54 51.254009956587453 -77.601716884164588 366
4 16 90 -81.461452157272191 46.904496718635123 461
2 26 92 -83.852686399293418 4.972623414431489 461
2 26 92 -70.712796100095630 -45.339833123935307 461
2 26 92 -41.247811986637927 34.785786216822210 461
2 26 92 -28.107921687440140 -15.526670321544593 461
6 22 95 -37.232381284448536 -79.735498894090114 461
4 16 90 -2.002674408643564 -93.978664042499361 461
6 22 95 -0.168722811742043 -56.022944822068006 461
5 17 54 28.798986484601514 -82.135620252259585 461
2 26 92 45.945938803983367 -42.702359847407877 461
4 16 90 87.235983726597496 -35.012614059118974 461
7 23 72 86.908640002887537 3.986012148563621 461
5 17 54 47.080443127837526 0.282671267378539 461
5 17 54 58.618975642819706 32.264889254889958 461
8 12 56 86.829394161242391 38.985922435542676 461