2 15 86 95.000000000000000 0.000000000000000 0
2 15 86 90.263157894736835 29.623678483095365 0
2 15 86 66.976720827465385 10.709613644674024 0
6 17 84 70.897552511370804 -21.049276117193966 0
7 18 76 72.084330237012907 57.165105915070846 0
6 17 84 45.484339145053113 34.417787965306758 0
6 17 84 38.719469885602066 67.738000208066182 0
7 18 76 12.119478793642273 44.990682258302087 0
6 17 84 6.852894746717940 79.592172001905354 0
7 18 76 -27.145847665442446 87.903941632469440 0
7 18 76 38.961018953134229 -6.729435884718280 0
6 17 84 8.326063816397632 10.196860927347135 0
6 17 84 -19.428987957176769 29.835015144233321 0
6 17 84 -41.279133882139710 55.884412892700091 0
6 17 84 -75.256337843894244 54.639579192428350 0
6 17 84 -89.866253993514505 23.938596307493455 0
2 15 86 -58.080979213443712 27.639448527644358 0
6 17 84 -68.593574785945478 -2.584471375786709 0
2 15 86 90.263157894736835 29.623678483095365 86
2 15 86 95.000000000000000 0.000000000000000 86
2 15 86 66.976720827465385 10.709613644674024 86
6 17 84 70.897552511370804 -21.049276117193966 86
7 18 76 72.084330237012907 57.165105915070846 86
6 17 84 45.484339145053113 34.417787965306758 86
6 17 84 38.719469885602066 67.738000208066182 86
7 18 76 12.119478793642273 44.990682258302087 86
6 17 84 6.852894746717940 79.592172001905354 86
7 18 76 -27.145847665442446 87.903941632469440 86
7 18 76 38.961018953134229 -6.729435884718280 86
6 17 84 8.326063816397632 10.196860927347135 86
6 17 84 -19.428987957176769 29.835015144233321 86
6 17 84 -41.279133882139710 55.884412892700091 86
6 17 84 -75.256337843894244 54.639579192428350 86
7 18 76 -57.147600922629302 24.688391451098024 86
2 15 86 -90.108467958743006 26.295016555978961 86
7 18 76 -78.229672373604657 -4.492874171488840 86
5 21 64 -39.644072282767141 -10.163100413003363 86
5 21 64 -67.164710378151426 -41.890288735054270 86
3 26 64 -35.143974218285770 -76.294829943741703 86
2 15 86 95.000000000000000 0.000000000000000 172
2 15 86 90.263157894736835 29.623678483095365 172
2 15 86 66.976720827465385 10.709613644674024 172
7 18 76 72.084330237012907 57.165105915070846 172
5 21 64 40.086201763142981 79.461288865740102 172
3 26 64 67.366600030153549 -30.288532584238709 172
5 21 64 40.174089754006374 34.743318468109997 172
7 18 76 8.175961280136448 57.039501418779260 172
3 26 64 20.429247747741609 -7.908073234244133 172
7 18 76 -8.578501902487108 25.175917761850275 172
7 18 76 -27.795943213686492 55.617500333237849 172
7 18 76 -61.410695772922679 68.503477610158868 172
7 18 76 -11.041480031062932 87.481083990166837 172
7 18 76 -55.762903167707208 32.949259313471856 172
3 26 64 -83.996209001969405 -0.798043418287563 172
7 18 76 -40.017640372350314 0.575092150359382 172
7 18 76 -80.436538704475680 -44.653815528388904 172
8 27 95 -35.438915042126254 -44.191360404543431 172
2 15 86 -74.990607752229280 -58.321597620018004 267
2 15 86 -89.437782365027587 -32.029409698368781 267
2 15 86 -94.965953750288506 -2.543153219541502 267
7 18 76 -87.137128815486165 29.514755323284831 267
7 18 76 -56.453217206865432 -31.020221248694611 267
3 26 64 -35.623586664019477 -69.777497874491473 267
7 18 76 -20.545687623204007 -28.441593862180621 267
7 18 76 5.268372354622265 -53.534108831015210 267
3 26 64 45.938417325912354 -70.325399491153377 267
5 21 64 80.337862445536231 -38.299188733994086 267
5 21 64 88.955718242217458 2.807167969897947 267
5 21 64 49.047641181281605 -10.282728335971150 267
3 26 64 55.896950657432384 36.215518509473590 267
3 26 64 8.848527765163809 14.069505248611975 267
4 16 42 7.590200336203679 -87.454738465854618 267
4 16 42 -64.664452036024215 4.000469161100479 267
5 21 64 -48.964261325916034 37.504260165496284 267
4 16 42 -13.916693538031003 49.364613960961414 267
3 26 64 10.831564138712519 83.298722789181809 267
4 16 42 -32.665738678627534 4.287424682328657 267
4 16 42 -88.877800426422141 -30.606152835027739 353
5 21 64 -88.770044074245718 6.393690253403943 353
5 21 64 -54.259887928925842 -17.544754199518238 353
5 21 64 -50.783664978272490 24.311139937357524 353
5 21 64 -16.273508832952615 0.372695484435341 353
3 26 64 -17.328945631340016 -46.615452522957014 353
4 16 42 -65.745319017141156 -52.716971541020285 353
8 27 95 -42.114520766409321 71.521794864332634 353
3 26 64 2.772337463480298 43.340773622195385 353
5 21 64 21.946874558738791 86.251577939786031 353
3 26 64 54.057850051858338 51.931245003168470 353
3 26 64 83.508361365246117 9.074887442358204 353
5 21 64 80.558703737733410 -37.832462939862879 353
3 26 64 34.654617597693381 -47.922798694820926 353
4 16 42 44.772924796179488 -7.159827023988779 353
4 16 42 -5.364104809942937 93.846824025045976 448
3 26 64 -41.759029008414032 72.884727455581768 448
4 16 42 -78.248644882641173 52.087902376946552 448
8 27 95 7.264585947399919 52.743099500917957 448
4 16 42 30.535099161584547 88.902236862703276 448
3 26 64 59.907902417215773 58.881603476547347 448
3 26 64 83.089443870660546 12.334679455273694 448
3 26 64 74.429452412219518 -38.939139867454060 448
4 16 42 46.235236926602767 -7.808990282998018 448
8 27 95 -35.840009036877518 20.216281469616391 448
4 16 42 -78.839833353452704 20.093363840002787 448
1 25 118 -69.121282119367493 -19.738153353175537 448
4 16 42 -71.816737093325955 -60.649454022836025 448
8 27 95 -18.325565371476969 -30.864480692781999 448
4 16 42 -40.591969508557632 -67.650446043771467 448
1 25 118 -3.411797570613828 -84.931499676722737 448