3 14 57 96.000000000000000 0.000000000000000 0
7 24 54 79.000000000000000 33.985290935932859 0
3 14 57 68.104712048408103 -2.419278838367411 0
8 17 75 42.574648169620829 15.165255228392542 0
4 15 99 64.166861645282779 70.054363651346790 0
4 15 99 39.122480201605811 86.570384906588941 0
5 16 92 36.709056768595907 55.664473055731037 0
3 14 57 12.979256415259574 74.019215636077917 0
7 24 54 0.810883284050082 38.020178213673702 0
8 17 75 -18.017873756033516 74.441022634492697 0
8 17 75 -51.908545458885015 77.165425602032840 0
4 15 99 -37.135591114855949 48.779516774777846 0
8 17 75 -69.121936671797442 47.844798682554647 0
7 24 54 -49.561070102336842 11.811862373508745 0
8 17 75 -89.587402139072637 20.694021102386404 0
3 14 57 -95.505035286042784 -9.735924969499443 0
7 24 54 -65.752649283028973 -33.374781268560724 0
7 24 54 -18.524078386896157 -24.803778345392601 0
7 24 54 -34.715657567588281 -69.990421987462071 0
8 17 75 -0.778813558793068 -92.996738918311749 0
8 17 75 4.913369080429081 -59.476609789656266 0
5 16 92 29.952349070372136 -80.971946052744386 0
8 17 75 61.111083926281154 -70.103034323451510 0
8 17 75 82.224359845349596 -43.452901491413215 0
8 17 75 48.588029839040502 -38.493334604408858 0
8 17 75 25.042335291985072 -13.965793588302805 0
3 14 57 83.091838528850559 48.080623642954414 99
7 24 54 51.356471467628083 68.981974735395212 99
7 24 54 56.204888759861788 21.227468667796003 99
7 24 54 84.135788258525153 -17.809242940580624 99
3 14 57 94.130616442719244 18.852772955554158 99
7 24 54 36.363554576132415 -22.479755652784828 99
3 14 57 65.683958010473873 70.011553761349319 156
7 24 54 78.837455273787469 34.360670045177542 156
7 24 54 33.429436777461767 49.920614011572269 156
7 24 54 42.658139269264382 2.816144475043188 156
8 17 75 92.907379770142825 -4.149552294700740 156
8 17 75 69.151983498028116 -28.474049164210669 156
7 24 54 31.114097275689684 -43.775003766340433 156
8 17 75 24.056283325438145 89.834821937633109 156
7 24 54 -10.880343589124625 68.377140333306684 156
3 14 57 -45.198890466332273 84.693921273090766 156
3 14 57 -47.059687730458776 56.755821238517562 156
7 24 54 -28.362409588835291 23.673926037444687 156
7 24 54 -75.677251792355179 31.755120705067387 156
8 17 75 65.650342261060203 -65.871333378076173 156
5 16 92 37.594970132324150 -83.246490779324105 156
7 24 54 -2.112301799997823 -78.416112358057759 156
3 14 57 -6.761410371244082 -40.701582141007933 156
8 17 75 -27.100463481425866 -17.306648531758157 156
5 16 92 5.611866351148326 -12.958835641939137 156
4 15 99 -56.088570371647350 -3.753432717011693 156
8 17 75 -87.881685736417850 -7.386312484137768 156
5 16 92 -84.944158679953730 -40.255309043091955 156
3 14 57 -69.651952896918573 -66.065160694918745 156
4 15 99 -53.976314600252039 -41.666915594254604 156
3 14 57 -41.715293755176276 -67.947466726919572 156
3 14 57 -81.548665816236593 -50.653875504168099 255
3 14 57 -92.696116202728277 -24.968581075629658 255
3 14 57 -95.957959481696207 2.840776673578667 255
3 14 57 -70.243427568468221 -8.239063058275740 255
3 14 57 -59.095977181976536 -33.924357486814159 255
3 14 57 -55.834133903008585 -61.733715236022462 255
8 17 75 -39.297554459233027 -10.070165870002793 255
3 14 57 -31.796639787544262 -40.149000273749962 255
3 14 57 -28.534796508576310 -67.958358022958265 255
6 19 119 -4.788696634169884 -90.873914764061368 255
8 17 75 -0.302508110688478 -55.154534694807872 255
3 14 57 23.886672111716109 -74.542251429071115 255
6 19 119 -71.275692786427726 24.744787967942997 255
8 17 75 -35.291062210054378 23.692950394010392 255
8 17 75 -8.054591939080737 3.341668194149637 255
8 17 75 12.572477748743061 -23.686539221320242 255
5 16 92 35.882891896213593 -47.045147747373449 255
8 17 75 54.882389428014307 -74.026976698337819 255
8 17 75 78.617183132370556 -49.682376315262047 255
8 17 75 91.220723952988479 -18.104682308526559 255
3 14 57 95.163759840836349 12.643528501000954 255
3 14 57 60.842853929582979 -24.284084613044499 255
5 16 92 84.702855951637261 40.760596090295195 255
8 17 75 64.243679846096867 14.868085337521812 255
8 17 75 52.237689650584741 46.677772532231330 255
6 19 119 28.551708883423366 19.567362813865557 255
5 16 92 19.949257735407357 53.493721802799193 255
8 17 75 41.119184346882854 78.808425183734585 255
4 15 99 -8.516711451959143 41.218193373281323 255
5 16 92 -6.070082979158157 72.121494315350276 255
8 17 75 -36.153879889683438 85.684870128409145 255
8 17 75 -64.535612111616345 66.963831800300952 255
3 14 57 -36.071880753369591 54.683115324233256 255
3 14 57 14.220741111797439 94.218608554768423 255
3 14 57 -95.957959481696207 2.840776673578699 374
5 16 92 -88.428666665495513 31.880572638562853 374
2 14 52 -68.707023039784673 9.274007824322300 374
5 16 92 -90.159757925439067 -26.593571607180273 374
6 19 119 -54.136312672617812 38.883033465098393 374
5 16 92 -38.763136328201028 7.439982578082606 374
6 19 119 -55.305390957921063 -23.404041344964561 374
5 16 92 -72.998458100091355 -53.602640238003531 374
4 15 99 -54.041868958117320 -78.131148714924677 374
6 19 119 -31.297096391356828 -52.859122264987207 374
5 16 92 -24.389080864248740 -87.170626479714286 374
5 16 92 0.624378657513134 -67.212499244094701 374
6 19 119 0.604583642498399 -32.212504841846851 374
5 16 92 29.076685587088072 -52.567833649235183 374
4 15 99 27.001868389064775 -83.498322387610898 374
5 16 92 56.787764869728484 -74.907608165662509 374
2 14 52 -87.103185572673794 40.361306508738686 493
2 14 52 -71.752080969002847 63.778043844395697 493
2 14 52 -59.148143864411821 38.775228613635903 493
5 16 92 -93.351888909390880 11.019293854360296 493
5 16 92 -41.757267610132047 63.220216302492041 493
2 14 52 -31.394821222759312 35.066713769613010 493