6 13 97 97.000000000000000 0.000000000000000 0
5 16 97 89.711340206185568 28.069118946095067 0
6 13 97 71.575422248941891 5.439746885692533 0
5 16 97 57.844279924987688 30.982959887962117 0
8 31 77 68.992414385616073 -38.484370298127999 0
1 16 91 42.972687982970726 0.656067077193712 0
6 13 97 93.515463917525778 25.765442132630543 97
5 16 97 93.944441834680021 -3.231384899763778 97
8 31 77 50.768690285453452 15.338872991807353 97
1 16 91 72.048808085089703 -26.567649011737689 97
7 14 57 80.288237423916243 49.303506608851905 97
4 16 81 53.237063176607066 62.274010525111947 97
4 16 81 22.617782553758218 52.975642166134492 97
4 16 81 29.874799652562743 84.141901210614932 97
8 31 77 -11.042528841875530 20.173455703202350 97
7 14 57 -4.969994761320482 64.761843539504497 97
7 14 57 0.957105516936174 92.127323295786681 97
6 13 97 43.083452951186352 -27.984759440342042 97
4 16 81 15.682134702006881 -18.489088942310609 97
6 13 97 -12.829225415055294 -23.790253368660409 97
8 31 77 -56.778864643526752 -21.685684128363668 97
7 14 57 -71.306090508455469 -64.276290001834710 97
4 16 81 -46.770176038431188 -81.538645030035639 97
6 13 97 -96.929845687964189 -3.688497649104594 97
4 16 81 -90.713806617434358 24.637477325706897 97
7 14 57 -60.751271930067361 23.138639406407485 97
7 14 57 -46.841614094491902 47.439285877174768 97
7 14 57 -32.195198540263966 71.303118583026318 97
6 13 97 83.312206014640552 49.679737609754852 194
8 31 77 78.778329304126061 5.913952320629107 194
1 16 91 84.728183161883265 -40.707922792576412 194
7 14 57 55.796105491705148 -32.774771988086385 194
6 13 97 57.813595344413876 44.598315182107008 194
7 14 57 38.418082499908380 25.814969327371159 194
6 13 97 38.579469399404090 -11.976035447967501 194
8 31 77 -1.770720288182076 5.569966722778265 194
4 16 81 18.299645170994054 48.069148248251324 194
4 16 81 42.376222606173968 69.148010148453281 194
6 13 97 67.123290627867888 70.024737452465914 291
5 16 97 82.342814907192448 45.339396038763525 291
6 13 97 53.456646566047183 47.906355050321288 291
6 13 97 41.134887546081615 70.801207193410079 291
5 16 97 24.468751661026563 47.068531097763376 291
8 31 77 78.984978638035770 -1.540503018183443 291
6 13 97 43.174819547133730 24.025734598726203 291
6 13 97 17.690778868129389 18.871738996200726 291
6 13 97 -2.182704368807070 35.636125773867413 291
6 13 97 -0.633614150134093 61.589937044939177 291
8 31 77 -44.477802818720306 65.289547834389509 291
1 16 91 -4.688086025946619 90.305111740703182 291
7 14 57 25.222912896624937 92.614255186642211 291
6 13 97 83.312206014640552 49.679737609754852 388
8 31 77 78.778329304126061 5.913952320629107 388
1 16 91 84.728183161883265 -40.707922792576412 388
7 14 57 55.796105491705148 -32.774771988086385 388
6 13 97 57.813595344413876 44.598315182107008 388
7 14 57 38.418082499908380 25.814969327371159 388
6 13 97 38.579469399404090 -11.976035447967501 388
8 31 77 -1.770720288182076 5.569966722778265 388
4 16 81 18.299645170994054 48.069148248251324 388
4 16 81 42.376222606173968 69.148010148453281 388
7 14 57 65.617801969623713 70.073561809538745 485
3 16 75 82.411461880636764 45.214499341431988 485
7 14 57 94.355194202476980 17.694556423173058 485
7 14 57 52.411937222348882 45.383378815549328 485
3 16 75 93.194038440639829 -12.282963776082145 485
3 16 75 66.805925130492710 5.818623887181998 485
3 16 75 64.323547020348528 -26.084946428979752 485
7 14 57 40.414599876053551 20.083894698295332 485
7 14 57 24.503272601018327 43.123635676585870 485
7 14 57 36.500609947313663 68.423119793839874 485
8 31 77 17.880969769900574 -18.867812764139178 485