1 18 100 92.000000000000000 0.000000000000000 0
6 25 84 75.217391304347828 39.589696202024840 0
2 27 90 47.197898163971416 -4.215645985388781 0
7 36 109 15.112583911766933 50.001810699126437 0
7 36 109 -14.783631508860296 -15.497932075356660 0
1 18 100 -36.450993136670405 33.964431799509882 0
1 18 100 -35.072544345797148 69.938031548922510 0
1 18 100 -69.690789424437355 60.059918992608793 0
2 27 90 -73.139715737771596 -39.237507334156248 0
1 18 100 -36.271067707509928 -65.038724212836271 0
2 27 90 -81.799857984745955 14.063542714244953 0
1 18 100 67.692767713933421 62.303203763750815 109
6 25 84 28.533787915146821 80.067614846537182 109
4 20 85 39.796724469679241 36.499894454387018 109
2 27 90 81.622133045655147 15.060790054886532 109
2 27 90 -6.881315096003618 41.991763198680331 109
2 27 90 -58.011969580642607 59.360015038530747 109
2 27 90 -47.487989650959392 6.395443422783444 109
2 27 90 18.762711884252781 -5.530693390135468 109
4 20 85 84.168228226244238 -31.870195437977156 109
2 27 90 42.675976673395162 -53.947175781201047 109
4 20 85 -20.174579300750700 -31.853446953815883 109
2 27 90 -58.917758231063587 -58.461079061422907 109
4 20 85 -87.482604527635601 -21.137499971881972 109
6 25 84 -13.570573609145640 -83.909710593701618 109
1 18 100 -88.241946081831344 26.026120565523598 109
1 18 100 -13.993482093528069 86.426176445614573 109
1 18 100 38.601899864489567 83.509839700791673 209
2 27 90 67.176966250888796 48.746848157875277 209
4 20 85 89.687922147095122 7.488432475265078 209
4 20 85 20.201393557572445 50.261962059518041 209
4 20 85 0.637358173199505 85.151050890827520 209
4 20 85 -19.795461377419969 50.763554831768154 209
4 20 85 -53.417055851942806 72.433542948763886 209
4 20 85 -79.529038475357879 42.132315853570709 209
4 20 85 -89.931581399936832 3.508655997178380 209
8 26 73 -44.731039125503678 12.047448540458838 209
4 20 85 -82.569861331935670 -35.808071710508450 209
4 20 85 36.046936577923802 13.534332590817030 209
6 25 84 -37.647970049211636 -38.458295018669915 209
8 26 73 75.730964616035209 -36.343101110455947 209
6 25 84 25.112436761831525 -30.116975680205936 209
1 18 100 -0.790245336318605 4.205772754646604 209
1 18 100 -2.433698609420620 -63.135310376381206 209
3 21 65 67.800214387517514 57.655276679647130 309
3 21 65 86.690548302562689 20.143208160594572 309
8 26 73 79.762322788048380 -26.343345714908338 309
3 21 65 46.760310003889551 7.121070493868074 309
8 26 73 22.006733358315572 47.074298689493197 309
8 26 73 0.332985494813435 -0.193540837497423 309
3 21 65 -24.420591150760547 39.759687358127707 309
5 25 81 50.680107196434861 -68.238748043599628 309
5 25 81 -69.494363693823573 48.944186731322610 309
8 26 73 -83.999984785211510 0.050557731696472 309
8 26 73 -67.934510274419964 -49.405488700899696 309
3 21 65 -35.747439084799694 80.203506612485398 309
3 21 65 82.015039829735088 -34.562020220568229 390
3 21 65 57.033067361888293 -68.324440921930062 390
3 21 65 88.732332300150631 6.897333149532706 390
3 21 65 49.468832821959488 -8.014997611487974 390
3 21 65 57.033067361888293 -68.324440921930062 455
3 21 65 82.015039829735088 -34.562020220568229 455
3 21 65 88.732332300150631 6.897333149532706 455
8 26 73 35.723375181664487 -26.432949910220913 455
8 26 73 45.230593909170985 24.690555369321004 455
5 25 81 11.117142596189225 -71.104342522825860 455