7 11 90 99.000000000000000 0.000000000000000 0
7 11 90 96.555555555555557 21.863775779997951 0
7 11 90 78.843192529652626 8.814936902970350 0
7 11 90 81.287636974097069 -13.048838877027592 0
7 11 90 76.398748085208183 30.678712682968296 0
7 11 90 84.861216147439819 50.986017632067515 0
7 11 90 63.043340148006621 48.161077478124973 0
7 11 90 61.130829503749695 -4.233901974057249 0
7 11 90 58.686385059305252 17.629873805940697 0
5 23 84 43.004411673530228 75.628173167236682 0
7 11 90 42.031369059010231 41.642099724275845 0
5 23 84 27.936397126109341 3.123384151020523 0
7 11 90 20.679845432286609 36.339983277283864 0
5 23 84 -1.073566562916817 62.470216084645912 0
7 11 90 13.802926360398244 93.042915643280850 0
3 20 91 -40.070516444984655 80.587553082546279 0
7 11 90 -12.384633207803667 94.533587263530521 0
2 27 76 56.635310956622114 -41.967048052703170 0
7 11 90 93.469393011437475 -32.626255839023941 0
3 20 91 10.019962516099305 -35.966273955251452 0
3 20 91 34.181280254653188 -83.256471701320947 0
7 11 90 7.853458861466944 -66.890475835242867 0
3 20 91 -22.270707905633991 -59.573743190961551 0
3 20 91 -61.846539063470480 -65.383527022260125 0
3 20 91 -47.090043872952890 -28.204959948040717 0
3 20 91 -86.831987425845810 -23.668670424799007 0
3 20 91 -88.512370893640423 16.296017881268920 0
7 11 90 -63.350989981978792 -1.812126988326911 0
7 11 90 -41.744577563251987 2.330691181939347 0
8 14 69 -70.415113344627514 65.251144148307930 0
3 20 91 -53.550010423511495 35.728808477494823 0
8 14 69 -23.636664440046943 19.567381186765058 0
8 14 69 -18.999820882489374 -8.046015594919318 0
8 14 69 -70.415113344627514 65.251144148307930 91
8 14 69 -86.248146390621869 42.157528914558782 91
8 14 69 -58.331972409974611 39.992527694643734 91
2 27 76 -82.990018326648993 1.287190018009948 91
8 14 69 -87.514086784524736 -39.462445619483240 91
8 14 69 -60.302740677872734 -32.863760669889466 91
4 17 61 -67.390177739864882 -63.042697627514400 91
4 17 61 -35.448791414617531 -51.391610140876011 91
8 14 69 -42.536228476609679 -81.570547098500953 91
8 14 69 -17.631401854258282 -94.367015787581508 91
4 17 61 -4.814424358078089 -66.140696724295722 91
8 14 69 10.343514555686760 -93.182088846125794 91
8 14 69 37.897283468088801 -88.203151336782312 91
4 17 61 -40.963024985409504 14.315306946231466 91
8 14 69 -37.582253006114478 -16.499792937170081 91
8 14 69 -13.037326342671992 -29.973714975174847 91
2 27 76 62.078494955102144 -55.093197984046604 91
8 14 69 92.080973351826032 -27.149481515865119 91
4 17 61 92.920724194601263 3.839142502023449 91
8 14 69 67.450690936523500 -13.832229992279668 91
4 17 61 36.887525346443667 -19.018067351218043 91
4 17 61 50.513761109336805 12.131983995995689 91
4 17 61 76.755679804366622 33.750533975202089 91
2 27 76 -19.327778506698515 52.628700293798886 91
4 17 61 -7.196930839600459 10.333989810363002 91
4 17 61 21.099137913372605 29.184254878181580 91
4 17 61 47.341056608402418 50.802804857387969 91
4 17 61 -82.612072529476876 -42.711186735847690 167
4 17 61 -92.442975481854816 -10.163477951035702 167
4 17 61 -89.918221172465593 23.742651519566238 167
4 17 61 -75.375260865230331 54.475407749722038 167
4 17 61 -56.031393395218572 26.514456562349658 167
4 17 61 -59.340381363040734 -17.923520644542965 167
4 17 61 -49.509478410662794 -50.471229429354935 167
2 27 76 -19.848853854403451 1.478006486962559 167
4 17 61 -16.483074238535632 -42.393071999637343 167
4 17 61 -26.000386774693773 -75.033855723210635 167
1 23 83 12.436523797395569 -86.106520518697153 167
4 17 61 51.487878390331815 -77.446745437509520 167
1 23 83 30.111453846557328 -43.637745545109340 167
1 23 83 -35.926777646897989 61.094861788610089 167
2 27 76 9.268795311292543 82.480842827152060 167
2 27 76 58.050701631056477 59.322137858830203 167
2 27 76 82.260704052408357 11.053351021391059 167
1 23 83 75.827110394294593 -38.531010148662133 167
3 20 91 35.767974952506933 17.940015006455212 167
2 27 76 82.260704052408357 11.053351021391105 258
2 27 76 58.050701631056469 59.322137858830224 258
3 20 91 87.161934567119843 22.423138997854878 334
3 20 91 68.836694305689733 57.978526344371872 334
3 20 91 47.207445752925281 24.330709074261510 334
3 20 91 28.882205491495167 59.886096420778507 334
6 28 95 -14.353994957024387 80.733901359798779 334
3 20 91 -1.923607324091673 34.371357606300592 334
6 28 95 -62.828162793202182 52.693661478691013 334
6 28 95 -81.999963211253558 0.077674661655969 334
3 20 91 -35.782834234026424 13.038268363425688 334
3 20 91 -76.386580215332344 -47.592965478173319 334
5 23 84 84.550883727152467 -20.497513531097976 334
5 23 84 38.629748089149025 -17.805060798719897 334
5 23 84 -61.573138279145539 61.463392702137938 429
2 27 76 -81.518174558332717 15.613686838066045 429
1 23 83 -32.559922226163131 25.766988201642878 429
1 23 83 -44.984970947129057 -18.523170572983609 429
6 28 95 -11.743210055229746 72.325172169582544 429
6 28 95 5.054809460085679 -8.673278350338256 429