3 11 116 99.000000000000000 0.000000000000000 0
3 11 116 96.555555555555557 21.863775779997951 0
3 11 116 78.843192529652626 8.814936902970350 0
3 11 116 81.287636974097069 -13.048838877027592 0
3 11 116 76.398748085208183 30.678712682968296 0
3 11 116 84.861216147439819 50.986017632067515 0
3 11 116 63.043340148006621 48.161077478124973 0
3 11 116 61.130829503749695 -4.233901974057249 0
3 11 116 58.686385059305252 17.629873805940697 0
6 36 103 14.496910305723731 1.620803845365788 0
5 19 117 33.476762374319215 53.242167789514255 0
8 20 116 16.681620006377678 88.440508557802971 0
8 20 116 -5.477083476994292 55.138979164455300 0
8 20 116 -33.753980561318876 83.430622652992980 0
8 20 116 -66.573377177384387 60.563895607843094 0
8 20 116 -86.242477067052960 25.733929924106917 0
8 20 116 -46.244292027162899 26.114972591948320 0
8 20 116 -65.913391916831472 -8.714993091787868 0
4 16 51 65.457165787959440 67.463763955234455 117
2 23 95 81.018150120919444 31.702671038639000 117
7 27 73 80.958069849854667 -18.297292864958266 117
7 27 73 31.828213692979617 40.666495792349792 117
4 16 51 93.860332745501381 -5.122298010049761 212
7 27 73 75.767626428709292 33.886085423954675 212
4 16 51 61.905301252320584 -6.818164239981641 212
1 22 51 77.652353329895874 -41.401835977755979 212
4 16 51 58.034240617523707 -73.946108186620350 212
1 22 51 33.775886257932299 -44.696625391799984 212
4 16 51 37.627403875214441 14.028506931855425 212
4 16 51 34.472052682412638 45.872560675844809 212
6 36 103 -13.186420646554119 25.071841458659925 212
1 22 51 12.664567880322435 76.992226589967430 212
6 36 103 -72.215201651486112 -16.154400342791973 212
1 22 51 -16.662277889261997 -32.823913277143589 212
5 19 117 -58.762304666053659 -69.483750261006264 212
4 16 51 -82.961413637016051 -44.197328509174930 329
7 27 73 -82.991363282360268 -1.197338939190800 329
4 16 51 -84.201912956978887 41.785617793510603 329
4 16 51 -54.176222395397517 30.719547745830461 329
7 27 73 -29.074535128511894 -4.193276493343788 329
1 22 51 -45.466150415144597 -50.370272371107745 329
7 27 73 3.438102651132958 -47.308568265632779 329
1 22 51 42.283121560254386 -77.176017201723695 329
1 22 51 74.360410033834214 -47.058786847942102 329
1 22 51 87.847595998955484 -5.176859782174986 329
4 16 51 88.083423549751416 32.822408439282725 329
4 16 51 -23.134079119356869 -81.115655628433615 329
4 16 51 58.975206336735830 19.529113487319020 329
1 22 51 59.211033887531769 57.528381708776735 329
4 16 51 51.611638283160346 -16.620433018673619 329
1 22 51 23.177579121900827 32.277834434445637 329
1 22 51 19.326691105685654 76.108995284765030 329
5 19 117 -77.969775352692182 -46.922426742984143 402
8 20 116 -50.434253077324740 -74.541170614180444 402
5 19 117 -41.397949667319573 -36.602467148163988 402
5 19 117 -13.404968244963044 -62.300579745932772 402
6 36 103 -73.565214799186776 8.009942044079381 402
8 20 116 -19.017990640032643 -4.662876763549498 402
8 20 116 10.591359569619879 -31.556860852229075 402
1 22 51 -87.713352744186935 -7.097024050532291 519
1 22 51 -80.185015645581700 36.254148258065833 519
1 22 51 -46.405967691801848 8.058830928121804 519
1 22 51 -53.934304790407083 -35.292341380476316 519
1 22 51 -41.621978481965392 -77.534578784222532 519
1 22 51 1.117035376592874 -87.992910123301641 519