5 11 99 99.000000000000000 0.000000000000000 0
5 11 99 96.555555555555557 21.863775779997951 0
5 11 99 78.843192529652626 8.814936902970350 0
5 11 99 81.287636974097069 -13.048838877027592 0
5 11 99 76.398748085208183 30.678712682968296 0
5 11 99 84.861216147439819 50.986017632067515 0
5 11 99 63.043340148006621 48.161077478124973 0
5 11 99 61.130829503749695 -4.233901974057249 0
5 11 99 58.686385059305252 17.629873805940697 0
2 31 98 22.189870512892227 38.414589968627709 0
5 11 99 52.511629967835461 67.476436151493672 0
2 31 98 23.843138232590437 -23.563363416806084 0
5 11 99 -5.310673797695500 6.669983141303469 0
3 23 60 52.823140548831581 -69.128256325169843 0
5 11 99 63.668024150955475 -36.904220270442238 0
3 23 60 10.189312346329089 -86.401261066658890 0
2 31 98 -31.321282941132914 -51.863303992151181 0
2 31 98 -78.190954304544718 -11.277174510691935 0
7 15 78 -88.914167136757513 33.455506009874533 0
2 31 98 -43.386757248640428 40.032355474426652 0
7 15 78 -32.508837681051162 -5.878635745661700 0
8 20 71 -9.635262049888158 78.266326911469434 0
1 14 113 -75.757456977268646 -58.964461435150000 0
1 14 113 23.978129980298938 83.379044019324581 0
1 14 113 -1.018828039097123 95.994593542692542 113
6 16 106 -30.196310109969172 89.017879416118276 113
6 16 106 -7.302483639600217 66.660046123407781 113
1 14 113 -57.596734546483574 76.802448981669215 113
1 14 113 -77.308105556739932 56.916226291172499 113
1 14 113 -90.442918976231937 32.188171850211461 113
6 16 106 -93.969454522356912 2.396167099911114 113
1 14 113 -91.965872781063851 -27.536852463874247 113
6 16 106 -48.608094576803353 48.180702852275445 113
6 16 106 -63.171747515195506 19.686843635067579 113
4 32 100 -46.027984743661555 -25.147199212230575 113
3 23 60 30.433736215775074 76.507772309019344 113
6 16 106 67.747393729135680 65.163568371517727 113
2 31 98 76.676321577583366 19.019508651146182 113
4 32 100 65.133590010445062 -42.914047261371785 113
6 16 106 36.096548103845478 -4.692977191129382 113
6 16 106 30.321716987778629 26.781636795080306 113
8 20 71 -16.520115715113032 31.860114242433113 113
8 20 71 5.966580178755462 -24.395389044327651 113
1 14 113 -77.308105556739932 56.916226291172499 226
1 14 113 -90.442918976231937 32.188171850211461 226
6 16 106 -93.969454522356912 2.396167099911114 226
1 14 113 -91.965872781063851 -27.536852463874247 226
4 32 100 -48.414605570829963 -12.728506020641412 226
4 32 100 -31.972978972104919 49.123518318001679 226
6 16 106 -12.793727955850322 93.125294764589569 226
6 16 106 -5.617459529673084 9.006357464825669 226
6 16 106 -1.466719219941142 -22.723303026285269 226
6 16 106 -18.181706177270897 -50.010831514887826 226
6 16 106 -48.333537309515791 -60.728437561603087 226
7 15 78 -78.485293427302764 -53.526243242265593 226
7 15 78 9.379623685804248 71.460981321151422 226
4 32 100 36.080489263171970 32.781997655349912 226
4 32 100 76.085911523099895 -17.173644566573973 226
7 15 78 82.952957943768510 29.321986125528518 226
7 15 78 29.213442842503355 -13.713633036752576 226
4 32 100 28.610737101542973 -60.709768471379689 226
8 20 71 -16.833012821931888 -85.985559119600339 226
1 14 113 -90.442918976231937 32.188171850211461 339
6 16 106 -93.969454522356912 2.396167099911114 339
1 14 113 -91.965872781063851 -27.536852463874247 339
4 32 100 -48.414605570829963 -12.728506020641412 339
7 15 78 -75.824021349329271 57.233886696750375 339
4 32 100 -29.650429152721379 48.458957428582380 339
1 14 113 -95.999847640039050 0.171035345144279 452
2 31 98 -70.023606273200983 -36.574507030112223 452
2 31 98 -22.057129399598189 -75.858308988860159 452
2 31 98 -12.019597382886978 -14.676220506907384 452
7 15 78 -68.507724856620783 9.400509049611628 452
4 32 100 -36.172766143339594 43.509898446233805 452
7 15 78 -90.042791496583391 30.286889894850709 452
8 20 71 13.842362845238206 29.280110244861142 452
8 20 71 37.601901227146868 -2.898832184600547 452
7 15 78 28.385330720594034 -36.663530141160741 452
7 15 78 22.908762656110632 -66.159414637732141 452
1 14 113 -34.754731019629567 89.488036472777736 452
8 20 71 -1.526189185910582 82.286369470979594 452
7 15 78 26.836357898764454 61.778665482731874 452
3 23 60 56.053108736205623 37.480898702575288 452
1 14 113 70.970835283503391 3.621462282870260 452
7 15 78 93.953015091033080 -14.065239255132127 452
7 15 78 65.996828942367685 -24.948789044661702 452
7 15 78 53.920168636248938 -52.410658534021231 452