2 13 87 97.000000000000000 0.000000000000000 0
6 17 80 88.443298969072160 28.753832222285070 0
6 17 80 72.197729258507948 58.621565058561728 0
6 17 80 46.302422581492671 80.654111259655437 0
6 17 80 54.454298724127831 29.618622572123783 0
6 17 80 28.558992047112564 51.651168773217485 0
6 17 80 12.313422336548335 81.518901609494137 0
6 17 80 -5.430008197831768 52.515959123056184 0
6 17 80 -21.675577908395997 82.383691959332836 0
8 20 75 -56.547655725734160 70.016873908536112 0
8 20 75 -81.303224299189012 38.597742402318843 0
8 20 75 64.546073009122878 -5.978513433188684 0
8 20 75 -41.715673963233399 32.868356885687881 0
6 17 80 -65.968166490766322 4.925261026389116 0
8 20 75 26.271993794471143 5.644518024678252 0
6 17 80 -9.693579755021894 14.332297905407664 0
6 17 80 -34.781036042203112 -8.615894551489063 0
6 17 80 -62.101585993524573 -28.854164002144888 0
4 16 73 -92.937756976407314 -14.091604883555737 0
3 22 68 74.541217886560446 -46.771859445486257 0
6 17 80 38.387615391996214 -32.145956852311393 0
6 17 80 5.197910961163668 -24.767371636026741 0
6 17 80 -24.639691081120205 -41.068215306410707 0
5 23 65 -54.161564179593277 -68.058195090724226 0
1 18 73 -19.473501115520051 -89.915420002932976 0
2 13 87 93.515463917525778 25.765442132630543 87
6 17 80 92.903828182514076 -4.228322248114623 87
2 13 87 69.858554389604819 14.978847137556194 87
6 17 80 70.470190124616522 44.972611518301349 87
6 17 80 42.069004179989989 26.281099087822415 87
6 17 80 40.082272552355882 60.223003828713999 87
8 20 75 57.731009371694164 -15.711911273381626 87
6 17 80 23.330222397699568 -2.088921308992612 87
6 17 80 8.130454919320282 28.324349948851445 87
8 20 75 3.394553050255563 65.020006823835843 87
6 17 80 -24.048508735032257 89.836903484153311 87
6 17 80 -32.717003598940103 56.960510786741949 87
6 17 80 -65.482879411668804 66.037811168730002 87
6 17 80 -84.842825307864672 38.087990151478934 87
8 20 75 -50.436352306036028 24.479367312468479 87
8 20 75 -82.919890073368506 1.137992586067199 87
8 20 75 -46.463897717386708 -15.322888962033334 87
4 16 73 -87.407914941691914 -34.581156798839928 87
7 13 72 15.352027211875706 95.777425630916952 87
2 13 87 83.312206014640552 49.679737609754852 174
6 17 80 61.236324786059278 69.993660617917840 174
1 18 73 55.786276261257072 35.420593483552956 174
6 17 80 87.171134773760940 19.928961673116934 174
6 17 80 29.307319222170968 58.308687203263041 174
8 20 75 88.369918453032284 -17.051613196540146 174
8 20 75 72.253022875092043 -53.660979169331483 174
8 20 75 51.189285195081077 -2.300324760009168 174
4 16 73 24.573066589854413 21.939660948707456 174
8 20 75 -4.471600710710696 43.209529340389707 174
7 13 72 36.776703985103055 87.363949915262026 174
1 18 73 5.923479862756654 84.350884821995336 174
3 22 68 32.557061049650052 -39.941262891177168 174
1 18 73 8.471239759850718 -8.005809038196627 174
1 18 73 -22.759962052123580 9.899833462974154 174
4 16 73 -40.232443254846928 39.066807948177100 174
1 18 73 -29.890935812130977 71.455899071767632 174
3 22 68 -78.211238096908673 40.336115769229188 174
4 16 73 -93.827436930387890 5.693160727933389 174
5 23 65 -81.209500193426351 -31.209246680012729 174
1 18 73 -59.879866976263429 3.805703652970760 174
1 18 73 -40.478647464541808 -26.519082932560096 174
1 18 73 -52.479679670032766 -60.459843472105590 174
2 13 87 67.123290627867888 70.024737452465914 261
4 16 73 82.342814907192448 45.339396038763525 261
1 18 73 91.146986125178941 12.499076777763978 261
1 18 73 48.342821847780613 45.361120677950311 261
1 18 73 37.687679464774675 79.748152256699157 261
4 16 73 15.463204974460226 54.017378198591963 261
4 16 73 3.938453973818433 83.870018188602998 261
3 22 68 -22.453613135954068 56.530325548171497 261
1 18 73 -60.297650562151638 69.485202285700041 261
1 18 73 -82.345662716613759 41.026720948202595 261
4 16 73 -93.574439888641564 8.934438959834313 261
1 18 73 -88.621489565213935 -24.702865972244560 261
4 16 73 -61.950110631797457 13.823385579988178 261
4 16 73 -55.393695797967439 -17.497748252086520 261
1 18 73 -63.523396381579403 -50.511502483025168 261
3 22 68 -24.887310306320146 -40.155207161571752 261
1 18 73 -39.552160819872540 -77.370018183732839 261
3 22 68 20.763689989413315 16.388866952380560 261
1 18 73 10.950552811026403 -22.388734039921182 261
1 18 73 10.715589285441267 -58.387967255944616 261
1 18 73 34.760712963910194 -85.180354743571272 261
4 16 73 64.382335624187903 -68.490253756096024 261
4 16 73 1.271189596067355 -91.049922410334162 261
1 18 73 46.091427849855819 -14.570876180803010 261
4 16 73 -13.899103331169911 0.816752156549803 261
7 13 72 60.152007333089117 13.057010176927632 261
7 13 72 -32.554735669338115 23.019620936576697 261
2 13 87 83.312206014640552 49.679737609754852 348