8 12 91 98.000000000000000 0.000000000000000 0
6 24 78 80.122448979591837 31.247290594749217 0
5 13 78 73.538784293307259 -5.162259791084570 0
4 22 78 40.838329224278340 7.314928925866895 0
6 24 78 37.430746201783741 53.188542016017166 0
8 12 91 41.000190350638704 89.011147567096302 0
4 22 78 7.025222357346642 87.706712879279422 0
5 13 78 0.431030224464276 53.333516488564854 0
6 24 78 -33.995605067534569 66.891052491530147 0
4 22 78 -74.997095507801362 46.037329042785721 0
6 24 78 -85.989088135216093 1.369934915986022 0
5 13 78 -90.319164189913749 -35.375819142959806 0
6 24 78 -53.351612459573360 -33.826587377016580 0
5 13 78 -43.348163658196476 31.092593756436031 0
6 24 78 -20.982902077479483 1.617263827390206 0
6 24 78 -6.471981717554474 -44.136787253447594 0
5 13 78 9.410155687722590 22.718496959155047 0
1 17 75 -37.051941348110873 -71.447335929619243 0
5 13 78 -67.022612229824844 -70.121105595181035 0
8 12 91 19.259817888694805 -18.959923091605877 0
6 24 78 41.421697810736589 -47.329820488688604 0
5 13 78 49.451206521212001 -83.448056739485793 0
5 13 78 76.156912532754859 -60.075990823941680 0
4 22 78 14.489429027921632 -85.083328738162010 0
8 12 91 -18.410487501285374 -93.662110258355398 0
8 12 91 95.061224489795919 23.819395426849606 91
6 24 78 70.124964677828459 49.784428578957403 91
5 13 78 51.869066268617168 81.967066340218622 91
6 24 78 85.314588569542948 -10.836096031763912 91
5 13 78 35.203377828724584 62.010743311553469 91
4 22 78 29.933226072375781 27.409796785987815 91
6 24 78 -1.774643746530082 60.735627481520652 91
5 13 78 -12.240497305827880 96.224582231912137 91
5 13 78 25.234769134732456 86.023798941898903 91
4 22 78 -45.374639962287851 75.399880956754501 91
4 22 78 -76.205620373443367 44.007992722897896 91
4 22 78 -87.985195691238033 1.614106308316806 91
5 13 78 -91.125109430918016 -33.244765470720580 91
5 13 78 -66.216087876770587 -25.792205828891525 91
5 13 78 -55.867741130157512 15.523423779599444 91
6 24 78 -31.691620075419216 -12.485774187258510 91
4 22 78 -47.817864016233678 -55.566445681112278 91
1 17 75 77.689526163807955 -51.120813026036657 91
5 13 78 54.787539853308338 -31.743015859338676 91
5 13 78 48.569849446515349 -6.497415727726146 91
5 13 78 22.571695889142479 -6.807273125992445 91
5 13 78 3.361973876009603 -24.328305634898946 91
5 13 78 -13.083815136047788 -44.466230646450967 91
6 24 78 -9.696679454811372 -81.310868137908187 91
8 12 91 -42.295340379045115 41.539610519608829 91
8 12 91 -26.832471342558392 23.184783329998449 91
8 12 91 -5.491932741721087 12.203826530785875 91
8 12 91 98.000000000000000 0.000000000000000 182
6 24 78 80.122448979591837 31.247290594749217 182
6 24 78 64.959798383266161 -14.294931868518258 182
4 22 78 35.307668175015472 20.872541371863214 182
6 24 78 46.488665278306954 65.492999726481088 182
8 12 91 95.061224489795919 23.819395426849606 273
6 24 78 70.124964677828459 49.784428578957403 273
6 24 78 85.314588569542948 -10.836096031763912 273
1 17 75 44.405246308908531 81.713977386033321 273
1 17 75 77.689526163807955 -51.120813026036657 273
4 22 78 44.110139878637739 -31.285873734187977 273
6 24 78 37.820414216294026 14.282090353452094 273
4 22 78 16.133690807522232 54.849146295329732 273
8 12 91 16.296618891135108 88.848755917199952 273
3 21 70 -16.213009673933918 83.180947649337639 273
6 24 78 -27.249467854601537 39.555306211917198 273
1 17 75 -52.489213476237403 71.865602418468967 273
3 21 70 -77.688336045807205 43.422602897957788 273
1 17 75 -92.612932831317593 8.476123664851443 273
7 16 109 -59.715887800728211 11.080817169925432 273
3 21 70 -72.374847876142908 -23.686275458148273 273
3 21 70 -31.726231850198751 -13.117925767900712 273
7 16 109 -1.774745068552939 8.605527907076866 273
1 17 75 4.758623006710483 -23.741266394571156 273
1 17 75 -18.346304314755230 -48.684448498500622 273
1 17 75 -51.648726285283040 -55.536359976103526 273
1 17 75 -92.612932831317593 8.476123664851460 382
1 17 75 -89.470332206525157 -25.378330418962314 382
1 17 75 -61.722815251084825 -5.729531402036331 382
1 17 75 -58.580214626292388 -39.583985485850093 382
3 21 70 -62.968364618151483 32.250050043448297 382
1 17 75 -31.829827219556400 10.469520006823950 382
1 17 75 -28.687226594763960 -23.384934076989815 382
1 17 75 -29.604930573245070 -57.372546811747753 382
7 16 109 -58.890704765762848 -72.582524784935615 382
1 17 75 -80.081729390232923 -47.285479989839430 491
1 17 75 -91.725876641971198 -15.341562966721604 491
1 17 75 -91.110211961911716 18.652862414533601 491
1 17 75 -58.239559377699855 -21.229394152868423 491
1 17 75 -46.595412125961573 -53.173311175986235 491
3 21 70 -20.487388291126091 -25.562242898216496 491
8 12 91 -18.084077532314993 -58.474612873600876 491