8 13 67 97.000000000000000 0.000000000000000 0
7 17 86 88.443298969072160 28.753832222285070 0
2 29 74 55.102939390994734 -2.938760338193486 0
2 29 74 50.586244768827598 54.885105579696216 0
3 21 86 12.237459513277727 22.801298613818229 0
2 29 74 -5.532575293207440 69.537000844300508 0
2 29 74 -61.157826274957422 53.110453635062541 0
8 13 67 29.747120580163450 92.326100411472041 0
5 40 97 -37.951225312971545 -11.869956272779355 0
6 14 116 -83.846728576966512 16.583563371451447 0
8 13 67 -86.734959840462352 43.428639645669122 116
7 17 86 -91.957379404681717 13.886697700440479 116
2 29 74 -75.590985472279627 -29.103314507622834 116
2 29 74 -46.524514276504924 21.087723061102523 116
2 29 74 -17.591036297576977 -29.180098177169693 116
3 21 86 -46.644932645411586 -69.872494358880147 116
8 13 67 -22.941812632115631 -94.247934901264017 116
1 31 96 13.465963074339953 22.156660485729461 116
2 29 74 1.656834230580849 80.983053167513859 116
2 29 74 40.363482205553346 -31.476570487110589 116
2 29 74 80.306357061203187 10.577760422629204 116
8 13 67 43.248576208988332 86.824885003640105 116
8 13 67 92.355123146807628 -29.656891754497781 116
8 13 67 10.183310364498860 -60.685425782113541 116
3 21 86 54.101035650996238 54.603399562096996 116
2 29 74 71.121483738271991 38.765120287014625 212
2 29 74 78.806279897465487 -18.723521269310613 212
8 13 67 57.153087749511712 78.374259554375470 212
2 29 74 18.236091444030450 62.579722569735566 212
8 13 67 44.850820849795255 5.995435036771361 212
2 29 74 2.856017093857638 6.656084338812533 212
8 13 67 -18.747244059462599 42.674122979769166 212
3 21 86 -30.283326752417040 74.657224707108199 212
7 17 86 -66.922390826918686 64.578584732162938 212
4 28 90 -53.865227571757131 21.514556962711787 212
7 17 86 -92.997332964979947 -0.704316264652878 212
5 40 97 -52.351409588341795 -46.468590618972669 212
6 14 116 73.773953599540278 -61.428037330626793 212
3 21 86 40.433454436406862 -50.778571825114312 212
7 17 86 4.200892389075996 -39.324251789148860 212
3 21 86 0.381558997781431 -77.131826327145106 212
7 17 86 86.829487012514278 -33.311262136755104 328
7 17 86 92.999917152995067 0.124135152367199 328
7 17 86 60.958798644749422 -11.249814238260408 328
3 21 86 51.842239143388710 -48.140034390194302 328
4 28 90 16.086384014525713 -14.636022331878630 328
3 21 86 46.409314281873634 23.854494682076322 328
7 17 86 83.358627880324107 32.728514323893833 328
6 14 116 73.261683961010647 62.038098481473426 328
4 28 90 32.173224786559004 70.740886693846562 328
5 40 97 -27.281868149215637 37.739493935382576 328
3 21 86 -86.227411602444150 22.041630800434888 328
4 28 90 -77.698247783137759 -26.210347029944618 328
7 17 86 86.550080805160320 34.030626097975627 444
7 17 86 92.997745334697839 0.647582166743948 444
7 17 86 87.015603689312158 -32.822015699596527 444
7 17 86 69.403211394736431 -61.904719110076954 444
3 21 86 56.551556247409167 -10.107663112355928 444
3 21 86 48.659859271942608 31.144259495534875 444
4 28 90 9.122363325699894 2.199719176144054 444
1 31 96 6.173430265329976 61.125976428793805 444
5 40 97 -54.944049526683365 24.992146520066434 444
4 28 90 -70.959121398204431 -41.095049463346385 444
6 14 116 -53.869663463378977 -79.461055608029099 444
4 28 90 -11.902895665256970 -81.131504822615028 444
6 14 116 69.030572587725061 59.605356435150611 444