1 11 99 99.000000000000000 0.000000000000000 0
1 11 99 96.555555555555557 21.863775779997951 0
1 11 99 78.843192529652626 8.814936902970350 0
1 11 99 81.287636974097069 -13.048838877027592 0
1 11 99 76.398748085208183 30.678712682968296 0
1 11 99 84.861216147439819 50.986017632067515 0
1 11 99 63.043340148006621 48.161077478124973 0
1 11 99 61.130829503749695 -4.233901974057249 0
1 11 99 58.686385059305252 17.629873805940697 0
3 30 101 23.256199378444023 38.262419519441394 0
1 11 99 52.198763909071907 67.302528995654484 0
3 30 101 24.052450639613486 -21.732296780655290 0
1 11 99 -4.289591211424788 7.894189067551464 0
1 11 99 -16.021772419844410 26.504829145012689 0
1 11 99 -16.444888577477819 48.500759966806754 0
1 11 99 -5.437114449170607 67.548828339746066 0
1 11 99 13.832149204755579 78.164640990479867 0
1 11 99 6.216909729100427 98.804605324955460 0
1 11 99 -15.757217819434217 97.737966454141585 0
1 11 99 -36.953211154663471 91.844761338678737 0
1 11 99 28.068076679138827 94.937785267689819 0
5 23 81 -57.823195063179227 65.003677685847322 0
1 11 99 -86.913255321012059 47.403439215995384 0
1 11 99 -70.047567090152043 33.277273405718688 0
3 30 101 -79.730343117272227 -6.562955614815664 0
7 13 54 -46.161163824482493 30.944948593474223 0
8 17 95 -33.840443999540412 3.591706317735149 0
8 17 95 -38.999290513963643 -30.014636872808854 0
1 11 99 -63.206727651754456 -44.085883698158277 0
1 11 99 -80.109106692952267 -58.168127224943305 0
8 17 95 -55.176068067326057 -70.909539426619830 0
1 11 99 -93.689949757968066 31.987393053348683 101
1 11 99 -98.440912508664383 10.506509623156699 101
3 30 101 -57.500571347400999 12.717497094709412 101
3 30 101 -39.063259888879799 69.814480781954074 101
1 11 99 -78.840541982346707 59.876280278001801 101
1 11 99 -21.687684875950918 32.678387921098590 101
1 11 99 -16.525337544543035 11.292641031408099 101
3 30 101 -64.861549706532031 -46.829257624556391 101
1 11 99 -50.416968611900586 -85.200523918498476 101
8 17 95 -25.475482642481175 -72.475655446201600 101
8 17 95 -18.484539190968583 -39.202141810612204 101
3 30 101 20.901527873082280 -64.848539632257427 101
3 30 101 72.392758588977998 -34.048326006985320 101
3 30 101 75.705027469060227 25.860178187878692 101
8 17 95 37.923960129428821 -2.096769976723197 101
8 17 95 28.954764021548815 30.698862677311549 101
8 17 95 44.450622031062736 60.962345367659388 101
8 17 95 4.337296176331879 -7.382222133515302 101
6 12 86 -7.656676650210457 97.700436553139937 101
8 17 95 7.816566306069451 73.173334147516584 101
6 12 86 61.253476800159348 -76.498441682771158 101
6 12 86 -96.172741549674157 -18.836235898384167 101
6 12 86 -3.185802482003096 46.341489614364420 101
4 11 57 23.947261095578327 96.060026473139175 101
4 11 57 71.860721334977043 66.679552391159305 101
4 11 57 -7.764006232346112 -94.162139794136593 101
4 11 57 -78.840541982346707 59.876280278001801 202
4 11 57 -90.117312100455877 40.986217924919956 202
4 11 57 -68.119653164560361 40.665279706541092 202
4 11 57 -79.396423282669531 21.775217353459240 202
7 13 54 -55.442638178516134 20.286533644930479 202
4 11 57 -70.545360084094241 1.634247161960861 202
4 11 57 -92.413483526084619 4.039486677242302 202
4 11 57 -97.463729254472057 -17.373010096438879 202
5 23 81 -45.387138985371209 65.948333301646329 202
4 11 57 -35.377959330913711 33.455005945944592 202
4 11 57 -33.079354766601128 11.575416894572502 202
4 11 57 -49.142571333256427 -3.456983896143889 202
8 17 95 -14.866910555600533 91.804003020193917 202
4 11 57 -11.442194503594523 64.014232960635439 202
3 30 101 5.106800460114300 26.502491256321839 202
4 11 57 -19.866006808899229 -6.014564223913531 202
4 11 57 -35.929223375554528 -21.046965014629922 202
4 11 57 -57.769267855102996 -23.695069455799977 202
7 13 54 -79.679852201288597 -33.489266391163625 202
6 12 86 13.655771745025101 97.043907062977297 202
2 20 68 40.858336001532791 80.190999365177191 202
2 20 68 52.654258773967683 41.969850691350658 202
2 20 68 87.282747101430090 21.948167541455391 202
2 20 68 52.629216703366744 1.969858530167670 202
7 13 54 23.015257590213643 -12.590822279619236 202
7 13 54 -1.446714241944349 -21.400585845272339 202
7 13 54 -20.323149232486259 -39.280188806407836 202
5 23 81 81.802557280770145 -29.619953111480779 202
2 20 68 40.261452300249033 -40.725654214847630 202
7 13 54 7.647453530885708 -45.758256352108972 202
7 13 54 -11.228981459656199 -63.637859313244469 202
6 12 86 74.369423070206452 -63.821539563102398 202
4 11 57 58.146138732377047 -80.125068177912723 202
2 20 68 27.187272144464341 -78.528641044648339 202
6 12 86 11.159709242342648 68.274977855532484 202
5 23 81 -47.226334129073592 -63.201280805311967 202
3 30 101 -32.921390322630131 72.912153028319196 303
6 12 86 -74.014747867885802 64.232523678065888 303
5 23 81 -64.698692534574008 30.495139176201000 303
6 12 86 -96.650258512182432 16.208871938796541 303
3 30 101 -77.191436717155682 -21.011475377549040 303
8 17 95 -24.888432490397282 26.603713317338119 303
8 17 95 -32.475124029598788 -6.539040211736802 303
2 20 68 14.477869244767376 88.827874578487013 303
2 20 68 51.539879000047520 73.781033285394301 303
6 12 86 79.208996419965615 57.705587997540370 303
6 12 86 23.612124746649215 58.159236258106020 303
6 12 86 1.495454588016323 48.839745869987283 303
6 12 86 4.065952331060913 24.977798310054066 303
6 12 86 -5.005915475946097 2.758410053574321 303
2 20 68 57.470263914669346 34.223094325377367 303
5 23 81 29.958306962488471 1.176275648516107 303
2 20 68 -32.553867363078595 -43.538956420931555 303
4 11 57 26.490392621845629 35.340043151455376 303
4 11 57 -7.951754801164309 -20.052158345086813 303
4 11 57 -1.647638973416264 -41.129589963534464 303
4 11 57 -7.831869608101251 -62.242507607882530 303
4 11 57 -26.467137613659318 -73.935530585753725 303
7 13 54 90.460833557140006 35.011963557438662 303
7 13 54 -48.162006869788364 -84.198700074730723 303
7 13 54 -60.721140012937035 -60.732116440792268 303
2 20 68 82.466343659010491 2.994966020681645 303
2 20 68 82.041419423920630 -37.002776908069173 303
2 20 68 42.158174973557514 -40.056759899603492 303
4 11 57 15.171244404682493 -55.311450275704843 303
7 13 54 69.597186166335774 -67.566498190511552 303
7 13 54 9.663953011015943 -78.671025218439709 303
7 13 54 -9.201116846249199 -96.562619314006128 303
4 11 57 45.821419479951878 -70.839557688082238 303
7 13 54 33.087030210334923 -91.182500688785581 303
6 12 86 -74.014747867885802 64.232523678065888 404
8 17 95 -49.060388635591508 79.006824179463919 404
8 17 95 -52.177660676107507 45.150028480145039 404
8 17 95 -21.298179489499631 59.378789552210669 404
5 23 81 -84.336344200036081 21.363076720665536 404
5 23 81 -83.441302919423322 -24.628214858349718 404
5 23 81 -44.059196699445167 -0.857440582395682 404
5 23 81 -43.164155418832401 -46.848732161410936 404
5 23 81 -17.726094149123533 -85.175029123660465 404
5 23 81 2.746422018316487 -43.981873359942782 404
5 23 81 28.184483288025362 -82.308170322192311 404
5 23 81 66.215767999918384 -56.431126766891559 404
5 23 81 85.735681977523214 -14.778120173046403 404
2 20 68 43.077271033134600 -20.187369261382592 404
5 23 81 56.437208957655727 20.684528891907796 404
7 13 54 -74.141371706707346 62.546438759116064 499