4 14 90 96.000000000000000 0.000000000000000 0
6 30 91 71.250000000000000 36.379080527138122 0
4 14 90 69.041441447897782 -7.565455755793986 0
6 30 91 25.360614076556182 -2.275340430486334 0
6 30 91 14.829596520397700 56.793244022096260 0
1 34 75 -35.560472815853203 17.336420628824634 0
4 14 90 -28.434920542192351 64.804583694139552 0
4 14 90 -51.067011145574668 81.290592153445118 0
4 14 90 -72.351169145745203 63.097609489138073 0
1 34 75 -60.578231612427146 -45.894202844271426 0
4 14 90 -37.903066130231323 -88.200666539019480 0
4 14 90 -95.167675334186200 -12.614022811416092 0
4 14 90 -94.759502169749567 15.383001935292892 0
6 30 91 0.146718047309527 -66.105103091970619 0
4 14 90 96.000000000000000 0.000000000000000 91
6 30 91 71.250000000000000 36.379080527138122 91
4 14 90 69.041441447897782 -7.565455755793986 91
6 30 91 25.360614076556182 -2.275340430486334 91
6 30 91 14.829596520397700 56.793244022096260 91
1 34 75 -35.560472815853203 17.336420628824634 91
4 14 90 -28.434920542192351 64.804583694139552 91
4 14 90 -51.067011145574668 81.290592153445118 91
4 14 90 -72.351169145745203 63.097609489138073 91
1 34 75 -60.578231612427146 -45.894202844271426 91
4 14 90 -37.903066130231323 -88.200666539019480 91
4 14 90 -95.167675334186200 -12.614022811416092 91
4 14 90 -94.759502169749567 15.383001935292892 91
6 30 91 0.146718047309527 -66.105103091970619 91
4 14 90 96.000000000000000 0.000000000000000 182
6 30 91 71.250000000000000 36.379080527138122 182
4 14 90 69.041441447897782 -7.565455755793986 182
6 30 91 25.360614076556182 -2.275340430486334 182
6 30 91 14.829596520397700 56.793244022096260 182
1 34 75 -35.560472815853203 17.336420628824634 182
4 14 90 -28.434920542192351 64.804583694139552 182
4 14 90 -51.067011145574668 81.290592153445118 182
4 14 90 -72.351169145745203 63.097609489138073 182
1 34 75 -60.578231612427146 -45.894202844271426 182
4 14 90 -37.903066130231323 -88.200666539019480 182
4 14 90 -95.167675334186200 -12.614022811416092 182
4 14 90 -94.759502169749567 15.383001935292892 182
6 30 91 0.146718047309527 -66.105103091970619 182
4 14 90 96.000000000000000 0.000000000000000 273
6 30 91 71.250000000000000 36.379080527138122 273
4 14 90 69.041441447897782 -7.565455755793986 273
6 30 91 25.360614076556182 -2.275340430486334 273
6 30 91 14.829596520397700 56.793244022096260 273
1 34 75 -35.560472815853203 17.336420628824634 273
1 34 75 -60.578231612427146 -45.894202844271426 273
5 14 73 -37.903066130231323 -88.200666539019480 273
5 14 73 -95.167675334186200 -12.614022811416092 273
5 14 73 -94.759502169749567 15.383001935292892 273
5 14 73 -28.434920542192351 64.804583694139552 273
1 34 75 4.481875746944247 -65.672535190226924 273
5 14 73 -51.067011145574668 81.290592153445118 273
5 14 73 -72.351169145745203 63.097609489138073 273
8 28 107 64.598632527264868 -50.507590277179105 273
5 14 73 42.370798247212349 -86.143574664010941 380
1 34 75 62.849340839933362 -42.731257364906611 380
1 34 75 -1.112363405222268 -65.815892732510747 380
1 34 75 10.876608051909638 1.118885696943067 380
5 14 73 -45.257616004592933 -84.662554849123310 380
1 34 75 -64.257446637182014 -40.583008164374732 380
1 34 75 -71.011502999677617 27.080739312780512 380
1 34 75 -14.135552749640523 64.351723779994501 380
5 14 73 24.512701791442282 92.817710868582736 380
5 14 73 50.252472878193785 81.796631774336504 380
5 14 73 71.717294015237869 63.817158657620659 380
5 14 73 45.414202980980555 54.217814823609260 380
5 14 73 66.879024118024603 36.238341706893422 380
5 14 73 58.113145624660746 9.645873332566431 380
5 14 73 -45.257616004592933 -84.662554849123310 455
5 14 73 -67.761849820459432 -68.002438992358961 455
1 34 75 -73.234440476528036 -20.315430787701043 455
5 14 73 -93.110480644600770 23.376021777270505 455
1 34 75 -49.488305488007548 43.403648561477901 455
2 20 66 -30.902481653162852 -53.841618494878780 455
2 20 66 -11.513798055659411 -88.828458140035380 455
2 20 66 9.091352076427022 -54.543945776080434 455
2 20 66 38.990150595292889 -81.115770085454912 455
2 20 66 47.052626212675150 -41.936738870797285 455
2 20 66 85.049590843085937 -29.437511739677880 455
2 20 66 17.153827693809284 -15.364914561422800 455
2 20 66 55.115101830057412 -2.757707656139658 455
2 20 66 -20.631313233123407 -2.239247906664399 455
2 20 66 9.628417994970023 23.920810694255202 455
8 28 107 -0.962460308773423 81.994351452731394 455
2 20 66 37.208805404274948 52.891869189806492 455
2 20 66 76.768647458922430 46.974192567064733 455
7 14 54 84.742345662713973 13.922412933361922 455