2 11 71 99.000000000000000 0.000000000000000 0
2 11 71 96.555555555555557 21.863775779997951 0
2 11 71 78.843192529652626 8.814936902970350 0
2 11 71 81.287636974097069 -13.048838877027592 0
2 11 71 76.398748085208183 30.678712682968296 0
2 11 71 84.861216147439819 50.986017632067515 0
2 11 71 63.043340148006621 48.161077478124973 0
2 11 71 61.130829503749695 -4.233901974057249 0
2 11 71 58.686385059305252 17.629873805940697 0
7 24 73 29.759999310757337 37.334294820682643 0
2 11 71 50.007616501854066 65.883095112162565 0
2 11 71 46.211096925156006 87.553038330910240 0
2 11 71 29.342635387503222 73.430184322150936 0
5 29 96 22.659955193684372 -15.187980201783942 0
7 24 73 -15.562692614749334 21.527536879042223 0
2 11 71 -1.290611664633682 53.485442088134789 0
6 13 58 5.538899921253003 76.493218414808339 0
5 29 96 -36.615124347470491 72.251869657603137 0
7 24 73 -77.116442608663803 38.066445583803358 0
1 18 86 -91.992029569150674 -1.210989574070602 0
1 18 86 -56.109694175880342 1.697275669138691 0
5 29 96 -68.184349656933776 -43.725215400967393 0
1 18 86 -41.243393335725969 -82.237354688454047 0
1 18 86 -21.896800700770264 -51.877688132032887 0
1 18 86 -5.277854529962561 -83.812162108784037 0
6 13 58 -76.625293455367782 59.477427675369171 96
7 24 73 -42.842847892805992 74.568695740463966 96
6 13 58 -12.790904499385235 96.152965435745173 96
7 24 73 3.756954406384068 63.059637322139679 96
6 13 58 24.117063268912581 93.954069945283734 96
6 13 58 -26.294988987036689 41.475367626858471 96
6 13 58 -52.152714090026009 38.759110551720717 96
6 13 58 -77.614495685128958 33.496252202565103 96
7 24 73 -85.962193182159268 -2.549773188566093 96
7 24 73 -38.465606098756453 4.383784010212413 96
1 18 86 -57.235117928990626 -33.188884588846385 96
6 13 58 -85.767305589631732 -45.309704169137170 96
3 27 108 -12.698197547978566 -39.628040043981237 96
3 27 108 54.752415931942053 62.379266985238125 96
6 13 58 26.606045555933846 33.957763952207529 96
7 24 73 22.608839901701852 -2.825688128283460 96
6 13 58 27.301674528627352 -39.526877525417838 96
6 13 58 -0.240251247847921 26.276185241648701 96
8 28 98 80.806130610224358 13.941637486441870 96
5 29 96 69.236165137834107 -41.871765016610183 96
7 24 73 29.098322302164103 -76.483230927476399 96
6 13 58 88.180747359182220 40.412322318521589 204
7 24 73 58.736008203128002 62.817842531895977 204
7 24 73 61.391209788350729 14.891337291665597 204
1 18 86 90.744252672598122 -15.148617326068656 204
5 29 96 48.937881711166916 -36.624821530610980 204
5 29 96 8.780637330549986 80.522670149898474 204
7 24 73 85.990606946895355 1.271029859819784 300
1 18 86 81.326689464902913 43.011272716338553 300
1 18 86 50.714845883143717 24.066219733411621 300
1 18 86 49.613870514766440 60.049380423354165 300
5 29 96 6.768079989129866 40.730005841518668 300
1 18 86 23.375663584041948 84.698041584976750 300
5 29 96 24.047861988691952 -14.636131228423377 300
1 18 86 -19.898903905321895 2.027654879683670 300
7 24 73 -45.920749809269381 34.995268316983186 300
7 24 73 -85.625058733245169 8.021802598438640 300
7 24 73 -28.943222967539242 79.892524161169618 300
5 29 96 -69.062894104294827 -42.323948988001575 300
7 24 73 51.833892191230916 68.623958063549864 396
5 29 96 77.830310845495291 22.437529135214049 396
8 28 98 74.407887473064477 -34.459632641625397 396
8 28 98 27.369851755119726 -4.071753548188264 396
5 29 96 3.203093614501071 47.551572584218604 396