5 14 102 96.000000000000000 0.000000000000000 0
8 33 99 67.375000000000000 37.277464707246388 0
5 14 102 69.720584182980446 -9.663969387171221 0
6 26 74 29.748583463383973 -8.167587593450417 0
3 24 66 10.378712977331475 37.928053386511593 0
7 18 89 31.949340007925045 73.965645557840503 0
5 14 102 91.916666666666671 27.700656831362114 102
8 33 99 53.752866242375234 55.132833871743955 102
8 33 99 63.951619326125510 -10.074415997704570 102
8 33 99 2.381107886388421 13.696829679567067 102
5 14 102 7.056169872325604 60.463738872153712 102
5 14 102 96.000000000000000 -0.000000000000004 204
8 33 99 67.375000000000000 37.277464707246388 204
8 33 99 58.324497250669140 -28.099047894638044 204
8 33 99 6.232027901269163 12.427173704245604 204
7 18 89 22.162760107868593 60.875205360460654 204
5 14 102 47.810225101125788 80.011755191076603 204
5 14 102 91.916666666666671 27.700656831362110 306
5 14 102 80.014033564814810 53.044834175334046 306
5 14 102 64.016648697843010 30.064762865218793 306
5 14 102 52.114015595991162 55.408940209190739 306
8 33 99 74.178475931790786 -15.823550105159597 306
8 33 99 17.454484443806393 23.664383190534231 306
5 14 102 27.910308513463509 69.486602069854982 306
8 33 99 13.690506179732111 -42.228199606223527 306
8 33 99 -41.492155311192441 -6.022207411863864 306
5 14 102 -27.071916452546738 38.710964969039374 306
5 14 102 -10.613435321318390 61.363081842590077 306
5 14 102 4.539962946348372 84.908241025349369 306
7 18 89 -29.634083125450058 87.096619436772144 306
5 14 102 -59.420055385009263 75.400643352974328 306
7 18 89 -77.755287804748960 49.174334956363751 306
6 26 74 -55.055514108370105 -63.442023661474273 306
5 14 102 -80.353058488662214 -32.457604216741217 306
5 14 102 96.000000000000000 -0.000000000000004 408
7 18 89 86.750000000000000 30.633927270266863 408
7 18 89 64.109461752136994 2.644535925561769 408
2 14 86 74.712192816635152 60.283399410865435 408
7 18 89 51.553959200556037 38.199554279568588 408
7 18 89 45.667557821462189 73.715047783167861 408
7 18 89 17.853438908950938 50.859527900201201 408
7 18 89 11.967037529857102 86.375021403800474 408
1 25 76 -23.615438395339190 62.231960143205825 408
1 25 76 -71.101849335734386 46.578181813361141 408
7 18 89 -91.581214619457086 8.768188457426064 408
7 18 89 -55.656056908471285 6.448049788984468 408
1 25 76 -78.648151885116974 -32.240784808307176 408
2 14 86 -66.450643778869392 -69.284283509132194 408
1 25 76 -32.173124040825982 -50.681820215040084 408
2 14 86 -34.420842134867954 -89.616994073258780 408
1 25 76 21.390605260863182 7.553639721363350 408
7 18 89 -20.845204148103186 15.624352426538046 408
7 18 89 7.009826095946137 -32.970343185180866 408
2 14 86 4.164782452101075 -64.843619243104641 408
7 18 89 25.979277841237234 -88.255748384157954 408
2 14 86 56.226720566093746 -77.811026817427432 408
2 14 86 -5.905396392785610 -90.970071318195068 408
2 14 86 36.429546212195866 -58.010221591342102 408
2 14 86 63.476133730322381 -50.765768290759425 408
2 14 86 77.391917142553012 -26.468629117105934 408
2 14 86 49.400519940318247 -25.774595496361222 408
4 18 75 86.750000000000000 30.633927270266863 510
6 26 74 56.270345975220138 62.367043892019012 510
6 26 74 82.956024535176809 -13.202196533878055 510