2 12 75 98.000000000000000 0.000000000000000 0
6 26 80 77.632653061224488 32.080697914408788 0
3 13 79 67.435600729779878 69.724025659837736 0
3 13 79 73.926475039630461 -6.742803273302936 0
3 13 79 50.347971525109187 4.214120200725167 0
3 13 79 38.895993137750267 27.556189325279320 0
3 13 79 44.660308049713230 52.909151156113239 0
3 13 79 43.094311138890653 78.861947800700392 0
3 13 79 22.256952924296648 94.412012194029856 0
6 26 80 6.124007672971594 58.905279346332520 0
6 26 80 5.811575625058175 6.906217948885772 0
3 13 79 -23.100567363704155 33.080403471980112 0
3 13 79 -32.838168336936612 57.188060498039334 0
3 13 79 -25.259246639098755 82.058925901117746 0
2 12 75 -5.857260846907462 97.824805112871474 0
5 20 50 -65.529369106810279 61.691991250594427 0
8 30 87 44.864137838561675 -38.434766866797325 0
3 13 79 2.357377570926975 -31.940513133701295 0
3 13 79 -21.291722395201692 -21.136806788559682 0
3 13 79 -32.894912130103748 2.130466106557691 0
3 13 79 -47.362386643959297 23.733525639664116 0
3 13 79 -72.718363379525002 29.484564135922955 0
6 26 80 -83.621976988467708 -7.960211337657874 0
4 19 95 89.261682964142793 -17.701750038029026 87
7 17 90 91.192475529916763 18.246435452589996 87
7 17 90 60.404197666734945 3.821389656492545 87
7 17 90 63.305880488151537 37.697343322830790 87
4 19 95 53.888203395120676 -31.584002851602747 87
7 17 90 28.022856195222040 -6.544358001311919 87
7 17 90 30.924539016638626 27.331595665026327 87
7 17 90 38.138208951517370 60.557533816877310 87
8 30 87 -8.288851474840335 53.241246495610433 87
7 17 90 21.055961343222954 89.954758458821317 87
7 17 90 -46.581526276410514 80.493238285958384 87
7 17 90 -72.400358045002889 58.371124324920984 87
7 17 90 -88.542370077206868 28.447296903413179 87
7 17 90 -92.850068337963123 -5.278712876788777 87
7 17 90 -54.556569335617731 29.429818126084363 87
8 30 87 -22.593766878365727 -5.028551816190699 87
3 13 79 -20.098590942461204 94.587710113517574 87
2 12 75 66.518893722408393 66.518803139371840 87
2 12 75 -64.272713034052046 -10.211740733392206 87
7 17 90 -77.895116670234259 -35.813110211858188 87
2 12 75 97.230540345640179 12.256509458032387 182
6 26 80 81.035328398129650 -22.119573942716055 182
2 12 75 73.400238015218406 15.105490124989412 182
8 30 87 45.765037804755870 -65.616776168364652 182
6 26 80 30.056448088540407 -11.865123085621143 182
6 26 80 43.377274623053822 38.399731240611651 182
2 12 75 17.265007603642701 -96.467193970002882 182
6 26 80 -17.902107785809619 -82.070180558015437 182
6 26 80 -62.782270456756422 -55.806688813212070 182
6 26 80 -83.603014290533508 -8.156960312325161 182
6 26 80 -72.385414779412272 42.618678149520818 182
6 26 80 -34.021221733640054 7.516132772486941 182
6 26 80 -6.852056367683865 51.853887038093660 182
2 12 75 81.371599460337507 37.743012001539171 182
2 12 75 25.432849562819193 71.895964002783927 182
2 12 75 5.886439915701879 -52.437344071224096 182
7 17 90 -9.786480718900719 -28.037353112589535 182
2 12 75 3.192666512887133 15.205509962805134 182