1 14 87 96.000000000000000 0.000000000000000 0
8 19 84 85.458333333333329 31.270965189595433 0
8 19 84 63.005703484368041 0.613512378486796 0
8 19 84 47.681885459107946 35.386786615013818 0
1 14 87 69.492502380823112 60.151620341372492 0
5 18 77 44.715339293070414 80.402353397805427 0
8 19 84 16.258673094805975 56.754559655459097 0
1 14 87 14.090765377607074 89.683273206548662 0
8 19 84 -16.181096846033874 76.544994875165202 0
8 19 84 -54.035356166932473 73.220081152049758 0
8 19 84 -32.228766756873704 42.099787800265418 0
8 19 84 -70.083026077772303 38.774874077149981 0
4 23 63 77.949331678657643 -38.638086014328152 0
8 19 84 37.450399364572050 -27.509901911829004 0
8 19 84 22.126581339311965 7.263372324698022 0
8 19 84 -15.869609307387078 7.801420965343002 0
8 19 84 -53.723868628285679 4.476507242227562 0
1 14 87 -86.256619238155309 10.010053822498431 0
4 23 63 47.351024162136696 -72.985481506918532 0
8 19 84 9.997284803865384 -53.783967088666707 0
5 18 77 -17.616622225902809 -29.157312046795536 0
8 19 84 -54.358733648017690 -33.518189050896304 0
5 18 77 10.706391277124716 -91.374904573526692 0
8 19 84 -22.059823572297354 -74.188422547192360 0
5 18 77 -58.849048925700259 -70.244706292625210 0
1 14 87 91.916666666666671 27.700656831362114 87
8 19 84 90.846577233243153 -5.281988735730835 87
8 19 84 60.502801470101573 17.592784977601983 87
5 18 77 56.562806443559893 -19.196839092111297 87
1 14 87 31.880125694270856 1.168947684457793 87
3 19 71 71.813407106262105 53.870466823928027 87
3 19 71 34.740710218853934 45.526897713867484 87
7 14 72 47.352800704425583 76.021736188333179 87
1 14 87 96.000000000000000 -0.000000000000004 174
5 18 77 86.750000000000000 30.633927270266863 174
5 18 77 64.109461752136994 2.644535925561769 174
7 14 72 74.712192816635152 60.283399410865435 174
5 18 77 51.553959200556037 38.199554279568588 174
5 18 77 45.667557821462189 73.715047783167861 174
5 18 77 17.853438908950938 50.859527900201201 174
5 18 77 11.967037529857102 86.375021403800474 174
3 19 71 81.862406934223017 -29.818257197671613 174
5 18 77 44.916802999523327 -27.812677505836088 174
5 18 77 28.136411815755004 4.037259255792033 174
5 18 77 -3.240292899480902 21.686689875868517 174
5 18 77 -17.957845824825721 54.540816494752697 174
7 14 72 -20.032811022628771 86.473472498096783 174
5 18 77 -50.555932406857281 76.864150931843895 174
5 18 77 -76.181376729111733 51.579044578754591 174
7 14 72 -92.878674459877473 24.280688428792619 174
5 18 77 -61.356152864868577 18.773363098634789 174
7 14 72 -85.144711450676425 -2.630012345663442 174
3 19 71 64.877780633936212 -63.811233964050956 174
7 14 72 32.523447919170287 -57.315300268097204 174
7 14 72 14.054640305111992 -36.270036066502996 174
3 19 71 -55.845430824010478 -17.813956324744687 174
7 14 72 -86.264543617844353 -30.607610096674449 174
2 28 97 -1.466445265780131 -81.986886379972205 174
7 14 72 -43.303909971205833 -85.678301694219527 174
7 14 72 -66.184336367834959 -69.538720289844846 174
7 14 72 -36.326895415226907 -58.561493845845135 174
7 14 72 -13.856347459493866 -41.855971568193894 174
7 14 72 -4.632874108311270 -15.418733827839390 174
7 14 72 -27.469233562179582 0.783139116166792 174
1 14 87 -43.303909971205833 -85.678301694219527 271
1 14 87 -66.184336367834959 -69.538720289844846 271
3 19 71 -81.568187294590075 -40.343906869249452 271
3 19 71 -43.881807689410792 -45.215948767091362 271
3 19 71 -14.587082364111726 -69.419648238768858 271
4 23 63 -57.922620459609782 -5.632422184026318 271
7 14 72 -23.518796834159239 -19.247741495334854 271
3 19 71 4.554995173363423 -36.593121350453522 271
3 19 71 23.412562607919860 -69.583910223276135 271
4 23 63 64.030656755921726 -58.898853939659432 271
2 28 97 44.480476102516562 -11.794815509613727 271
4 23 63 84.801835844675153 19.433183922681522 271
7 14 72 86.085048765157751 -17.544557552437084 271
2 28 97 40.128462957827274 44.035821076300749 271
1 14 87 81.622628595488280 50.534606965553586 368
1 14 87 63.569147285500712 71.937219249803633 368
1 14 87 54.060681994985082 45.601139666481828 368
1 14 87 36.007200684997521 67.003751950731854 368
1 14 87 24.911541079437288 92.711461648749278 368
1 14 87 26.498735394481887 40.667672367410049 368
1 14 87 8.445254084494330 62.070284651660074 368
3 19 71 89.120830597352253 18.397759473317461 368
1 14 87 56.128689276368867 17.677612921384895 368
1 14 87 28.566742675865676 12.744145622313113 368
1 14 87 3.350255510665640 24.914962153972027 368
3 19 71 -21.005239260974307 47.181750751087215 368
3 19 71 -15.497341074260765 84.780461600859681 368
1 14 87 -48.442647060088348 82.881300338566803 368
2 28 97 -68.056197653805867 45.742255747898021 368
2 28 97 -81.546883718701025 -8.608470001611927 368
7 14 72 -44.418561335665331 11.025370097089368 368
7 14 72 -40.328658332318561 -16.674317508066316 368
3 19 71 -54.016670399333393 -46.701610520478482 368
4 23 63 83.830847707529358 -23.267766816714939 368
3 19 71 42.259738422408830 -17.280875068523244 368
3 19 71 4.912742840428809 -10.266466968079891 368
3 19 71 -16.338195372218799 -41.768810136203655 368
4 23 63 -30.315166146792919 -81.374924411233224 368
7 14 72 3.702345253604584 -95.928580931978303 368
4 23 63 36.571587984334151 -78.939970561839630 368
7 14 72 23.403022551338406 -44.362681997857202 368
3 19 71 -72.676802971049767 -54.763877783692521 465
4 23 63 -85.724641375596775 -14.842030219121703 465
4 23 63 -81.310303294100351 30.945671397166599 465
4 23 63 -43.864159554241091 4.228891669553482 465
4 23 63 -33.169292997717520 -40.510574457549041 465