4 12 59 98.000000000000000 0.000000000000000 0
6 18 63 87.591836734693871 28.136633370798521 0
4 12 59 74.039267399437293 1.372331317259682 0
5 15 69 55.394774829075445 20.901358348674275 0
6 18 63 61.817789346833464 53.270245949342140 0
6 18 63 40.767383502580131 82.474362333718943 0
5 15 69 28.855198979563674 51.699374764434580 0
6 18 63 5.540493597877465 75.053700123244923 0
2 29 75 12.563732861715017 10.826545993587445 0
6 18 63 -17.234134984137533 47.173307497758721 0
6 18 63 -29.991948974285410 80.836910724281978 0
6 18 63 -63.175934180700764 66.879005228814250 0
4 12 59 -85.859371920979214 47.245827893423204 0
6 18 63 -60.660159111725854 30.967017316665409 0
4 12 59 -89.731444892712602 23.560240484588018 0
5 15 69 -74.725200608779772 1.114469557953903 0
6 18 63 -41.734211120726549 0.343358282480917 0
6 18 63 -62.070267148567446 -29.362614605686133 0
2 29 75 -39.615232459836434 -70.651492250009284 0
5 15 69 -2.936108516755787 -94.954616879738055 0
4 12 59 -77.538082481425008 -55.067608066658202 0
2 29 75 16.344702839567535 -55.404012416065520 0
5 15 69 43.317503852498746 -20.640986001254944 0
6 18 63 62.654976182497947 -47.381632289004145 0
5 15 69 -14.409068151216191 -23.936480421223123 0
5 15 69 90.332686566512237 -29.410979882966473 0
4 12 59 52.102019127077924 -75.464279909669486 0
3 13 100 -91.917125688823589 -20.986157402432546 0
4 12 59 -86.817832029277355 -45.460576786224166 100
6 18 63 -90.649397455383280 -15.706264386414446 100
4 12 59 -97.051361675120106 13.602690800169920 100
6 18 63 -59.326530444769688 -33.451066505215756 100
5 15 69 -61.354714615063678 -0.513451701296386 100
5 15 69 -33.845432027688020 -12.481716885854691 100
5 15 69 -27.394908462693905 -41.780023078149419 100
5 15 69 -47.334155130820278 -64.194894086201458 100
2 29 75 -68.390079224330421 42.920448017870868 100
5 15 69 -32.485183194691928 17.487429300053460 100
5 15 69 -7.211265684463999 1.324846162256632 100
5 15 69 -0.760742119469885 -27.973460030038101 100
5 15 69 -2.120990952465981 -57.942606215946256 100
1 20 86 -20.744055376170646 -87.576733020536707 100
1 20 86 19.254503842184874 -87.916233323495433 100
7 17 96 54.148233405554066 -75.610639588999902 100
2 29 75 73.561306338550253 -33.907730825963093 100
4 12 59 30.995393553904517 -58.147936281554387 100
4 12 59 32.562341978261891 -34.199143563853475 100
1 20 86 36.043652860062750 -2.389074803408217 100
4 12 59 66.776437155642128 6.526976421287053 100
4 12 59 90.571482195326979 3.397147103357762 100
4 12 59 94.171111136355464 27.125667316108341 100
2 29 75 58.089211331207117 46.596068093987462 100
4 12 59 78.077334594593594 -59.227779146308350 196
2 29 75 78.920415343455176 -18.236448174371130 196
2 29 75 70.880709766561921 39.203634818577896 196
4 12 59 55.277599871119364 -51.732974509814909 196
4 12 59 46.197601072828796 6.466131168889577 196
4 12 59 32.102231813415244 25.890872233850509 196
2 29 75 18.766402888308271 64.661423775971770 196
4 12 59 56.862763505393389 79.816202155512897 196
2 29 75 21.767014730085037 -28.110089768414468 196
2 29 75 -14.501754300973754 17.151112082306540 196
3 13 100 -22.753998881003472 58.332424098697786 196
4 12 59 -17.968375083103680 82.870105424873969 196
4 12 59 -41.192764244288625 88.922191684159770 196
1 20 86 -62.344106076541166 64.909263110260170 196
1 20 86 -84.313896696359251 31.482802033422328 196
4 12 59 -52.346368763165017 32.924036865240865 196
4 12 59 -60.335190658818192 10.292670916197210 196
4 12 59 -81.812034700588214 -0.419246279407318 196
2 29 75 -70.527416214050106 -39.835707125268179 196
3 13 100 -55.961915951775815 -79.229186307864978 196
4 12 59 -36.809252555989630 -63.161346227514656 196
3 13 100 -31.330564442199730 -87.553639611938706 196
7 17 96 -8.278125242965487 -68.355070733878847 196
1 20 86 23.798574299699439 -86.796473783798874 196
7 17 96 -24.624724284347668 -36.845243347385200 196
3 13 100 -74.996696360562908 -61.518253673210936 296
7 17 96 -86.616915284922371 -33.860153374203435 296
7 17 96 -92.998840093976156 -0.464479466770690 296
7 17 96 -86.950812405789051 32.993275405350104 296
7 17 96 -53.326831485411894 -40.771761046921149 296
7 17 96 -47.870485236650943 -74.331085915184403 296
7 17 96 -60.999560577033421 11.026652348528005 296
7 17 96 -21.535430491260584 -52.826089017781868 296
1 20 86 -52.742924796526744 47.093645092421369 296
7 17 96 -28.076306584460617 19.515430030888336 296
7 17 96 -32.050674948688474 -14.251482710809343 296
7 17 96 -0.259273954537161 -26.305810681670060 296
7 17 96 12.069882531608057 -57.991641905422796 296
7 17 96 -9.206274005115370 -84.511920241534597 296
3 13 100 -88.643256263478975 -39.387474138451623 396
7 17 96 -69.148053528518759 -62.189602774234743 396
7 17 96 -92.499410704531741 -9.636338480686394 396
7 17 96 -60.375524129362503 -29.340816983266166 396
3 13 100 -64.231678570415269 0.410318674499056 396
3 13 100 -39.545781846199702 -7.750962041256485 396
7 17 96 -26.837448297756460 -34.926286481297900 396
3 13 100 -39.148202091827542 -62.284015572393244 396
2 29 75 1.983988525087405 -70.777712944784952 396
2 29 75 58.166246727386593 -56.370983153115127 396
7 17 96 21.205752997222682 -28.986281160533309 396
7 17 96 50.109677253080378 -11.082003386446978 396
7 17 96 83.415016590364331 -17.919720229689752 396
2 29 75 76.185781884972940 27.508664790849611 396
2 29 75 18.423364238206183 22.264324260288195 396
2 29 75 12.765723566634779 79.987725944798967 396
3 13 100 -22.206110129067547 11.622622674590176 396
1 20 86 -25.250177908074733 44.481923509465076 396
7 17 96 58.163291456083357 72.567427451954643 396
3 13 100 -29.145036501121428 77.251270108690548 396
1 20 86 -60.415489755016651 66.708084949738108 396
3 13 100 -85.678796261392876 45.476849838117978 396
3 13 100 -62.462676902225525 33.771645786035194 396
3 13 100 -84.207740647393436 19.518498669745963 396
1 20 86 -89.771672955346915 -6.406772572694830 496