4 10 98 100.000000000000000 0.000000000000000 0
4 10 98 98.000000000000000 19.899748742132399 0
4 10 98 81.766312060385914 8.217823563497323 0
4 10 98 83.766312060385914 -11.681925178635078 0
4 10 98 65.532624120771828 -3.464101615137756 0
4 10 98 63.532624120771821 16.435647126994645 0
8 21 82 35.336905256527359 3.551492605704194 0
1 33 97 47.230205528017152 56.225484372535206 0
1 33 97 -12.612182126154266 28.388662717614324 0
4 10 98 29.697200076563419 95.488618733399647 0
4 10 98 13.832458637737158 83.310360275016151 0
2 34 81 57.334370392917251 -46.857946268114972 0
1 33 97 -9.010727637390531 -37.513002857432895 0
1 33 97 -73.432506697258759 -23.166073473013242 0
4 10 98 -75.005730547652476 -66.137284378880821 0
4 10 98 -60.344462520432565 -79.740490612486894 0
4 10 98 -53.443588871871157 14.905479741557631 0
4 10 98 -55.126301321620417 34.834565992850216 0
4 10 98 -47.611800316428365 53.369189664318924 0
5 17 86 -34.199970618873465 -86.483304803113256 0
4 10 98 -48.532285878810001 -63.601330690511205 0
5 17 86 -0.829611041254285 -92.996299633481271 0
8 21 82 -30.620057859547511 79.297565785453713 0
4 10 98 -3.209714614976731 93.777658437602497 0
4 10 98 -61.615440514620801 78.762538622045611 0
7 11 109 -75.990721090164612 63.454001514457786 0
4 10 98 -88.489687564716704 46.578698937377176 0
4 10 98 -95.988937869314725 28.037899470553029 0
3 12 109 89.233090160306574 40.077491228909423 0
7 11 109 -60.100830610831927 78.669499552800559 109
7 11 109 -75.990721090164612 63.454001514457786 109
7 11 109 -88.127983367513849 45.104972537129441 109
7 11 109 -66.168626999696087 43.768309561214608 109
7 11 109 -78.305889277045324 25.419280583886263 109
1 33 97 -23.452542025308446 54.319901121775260 109
3 12 109 -55.467613584910254 22.696568074267830 109
3 12 109 -70.325055648046302 3.848321064517673 109
3 12 109 -93.872403515158595 8.487546045611197 109
7 11 109 -97.984736612799423 -14.141831243524456 109
3 12 109 -91.112214944746810 -36.091055510503651 109
1 33 97 -46.155834079296447 -34.110192193520732 109
1 33 97 11.365752108186342 -1.748685391828255 109
1 33 97 76.441190996633480 9.259822839352854 109
2 34 81 53.712874113670395 -53.767342824887642 109
5 17 86 8.725337060429460 92.589786116946485 109
5 17 86 1.023206580148816 -50.667309166424275 109
8 21 82 64.031043128304191 61.814444233538566 109
8 21 82 -20.791010231241600 -81.782256457166255 109
6 17 76 26.061747605326996 63.341728584543318 109
7 11 109 93.992142994875209 -31.088214088797876 109
7 11 109 -52.727964075838230 -83.789986301568959 109
3 12 109 43.629432331106457 87.752336917402957 109
3 12 109 8.137298698143518 -97.661580828374838 109
7 11 109 30.509320602862044 -92.323731458563557 109
7 11 109 14.311922874030781 -75.505903987290779 109
7 11 109 -75.990721090164612 63.454001514457786 218
7 11 109 -60.100830610831927 78.669499552800559 218
7 11 109 -88.127983367513849 45.104972537129441 218
1 33 97 -76.957882327699764 2.546438225427096 218
3 12 109 -89.111688388319720 -40.781208817088825 218
1 33 97 -46.826176931098239 -56.173918805950166 218
1 33 97 -28.832981219186131 47.712729785569422 218
1 33 97 1.298724177415380 -11.007627245807829 218
5 17 86 2.942244135506776 -60.980608367083306 218
5 17 86 -11.638041339764708 -91.695674303193357 218
2 34 81 53.464260960543186 -54.014560999261469 218
1 33 97 76.483095356665061 8.907082836893331 218
1 33 97 41.489304636491696 64.866305589114518 218
3 12 109 -87.729552406741433 43.675229072241954 327
1 33 97 -76.999995299159664 -0.026905935960347 327
5 17 86 -67.264441955772739 64.222230172880785 327
1 33 97 -23.952431749644163 39.240841662547439 327
3 12 109 -32.273757955344877 -4.983083199209446 327
5 17 86 -39.478105678631366 -33.073960257108105 327
5 17 86 -69.286404069390443 -49.428328084923095 327
3 12 109 -95.714247217923798 21.042406694724018 436
5 17 86 -92.672525106380078 -7.797633641519390 436
8 21 82 -63.092978701008846 16.057144379927173 436
8 21 82 -59.186323517339602 -25.760770982700727 436
8 21 82 -24.924274071830915 -1.468550668503050 436
5 17 86 -23.737706546442570 -39.450020591449601 436
5 17 86 -48.881215584675466 -62.336784304222562 436
2 34 81 25.021613827871239 -24.499145144338591 436
5 17 86 -3.505088318081587 -66.774755898957977 436
8 21 82 30.575360822810911 -83.583176001842133 436
5 17 86 64.680161968841944 -66.824222013311697 436
5 17 86 84.376413140509783 -39.110368261395962 436
2 34 81 71.831225232597291 24.824888349877394 436
2 34 81 23.213770947825296 72.367954499086835 436
3 12 109 -90.852293093359563 -36.740452360828257 436
3 12 109 -27.938025695506926 -82.396265784715240 436