8 12 85 98.000000000000000 0.000000000000000 0
6 16 57 90.081632653061220 26.857018795073568 0
5 14 41 72.151709837458824 2.804620415150187 0
6 16 57 58.179047451122770 29.352025294675979 0
5 14 41 76.108970266725166 53.404423674599357 0
7 20 54 84.337339389138492 -28.936684416712524 0
7 20 54 43.241508137377906 62.106718382084487 0
7 20 54 13.600999198481176 88.966357803401820 0
7 20 54 5.160123592578785 49.867104370558863 0
7 20 54 -24.480385346317945 76.726743791876189 0
7 20 54 38.330974109624023 -0.682188273028547 0
5 14 41 73.887779292431773 -61.291076603636931 0
6 16 57 50.829860914319497 -42.099088690231184 0
7 20 54 15.813295828978919 -33.742045575342544 0
7 20 54 -1.558541299990928 2.288764501098211 0
7 20 54 -29.866124586099328 30.549704480158287 0
6 16 57 -54.477599278609446 56.822795532791098 0
6 16 57 50.082134394976904 -79.547343226807214 0
6 16 57 19.689570936639164 -69.532749554025798 0
1 28 91 -79.383212981007617 20.550072915004097 0
5 14 41 -94.147272169869169 -18.769420421861192 0
6 16 57 -64.212853384606106 -20.751987441785239 0
4 13 78 -82.601645825158300 -43.176356163742398 0
6 16 57 -54.770667705116992 -51.327224637824308 0
6 16 57 -33.012828406356832 -27.862433374117572 0
8 12 85 -77.107275266431813 60.485271769139914 91
6 16 57 -54.300971068370011 76.729424219343940 91
1 28 91 -79.383212981007617 20.550072915004076 91
4 13 78 -95.469648905315793 -17.162346514848569 91
4 13 78 -69.553941870102221 -19.254266414123354 91
6 16 57 -43.981134811358672 -5.578318946533546 91
4 13 78 -48.315943299977341 -34.252513536216441 91
6 16 57 -73.888750358720898 -47.928461003806248 91
6 16 57 -56.738775440776216 -74.944722038854550 91
7 20 54 -22.836663928307370 -87.054504654414899 91
1 28 91 -27.565027255355950 41.783905072715768 91
6 16 57 -12.549368302023986 0.425351106248057 91
7 20 54 -15.338279066386249 -35.466458220510944 91
7 20 54 10.938593696966002 -65.624806281679625 91
2 26 92 6.411930265175435 83.754923140520688 91
4 13 78 13.278355506907296 45.364140335272914 91
8 12 85 44.231827025620824 87.450245728503006 91
8 12 85 38.903261755451751 64.049254463995680 91
7 20 54 70.012778904933924 56.552725752246815 91
7 20 54 21.070737855942443 13.297354133246909 91
6 16 57 41.770637103532280 -84.209345538158729 91
7 20 54 67.730185965206005 -59.267376431883761 91
7 20 54 86.723210438960635 -24.064180251148162 91
7 20 54 88.585724208723036 15.892434250801891 91
7 20 54 46.739836015158964 -25.217336652544880 91
5 14 41 55.994244765701083 25.577240274418330 91
4 13 78 14.329517176630358 -19.006762380795308 91
8 12 85 7.331745007713973 -97.725357585131718 91
8 12 85 44.231827025620824 87.450245728503006 183
6 16 57 16.692064291137889 92.506080825535577 183
6 16 57 29.935409514397065 63.375104060284833 183
6 16 57 -1.914429012993896 66.471519048480459 183
6 16 57 -21.988466834749200 91.392052861598060 183
7 20 54 65.876754251435216 61.320903852569010 183
6 16 57 42.498756418786122 33.944468413734860 183
7 20 54 85.942691980132452 26.718040631904096 183
6 16 57 56.941392181796175 5.389078866102647 183
6 16 57 24.990381537081021 7.159084171546398 183
6 16 57 10.547745774070965 35.714473719178613 183
7 20 54 -37.065918777189466 58.701527584028653 183
6 16 57 -73.063225151651494 59.141906719677891 183
7 20 54 -86.267237822682063 25.650802686169758 183
5 14 41 -95.744328553826421 -7.001681924861895 183
7 20 54 -61.760210849404828 -5.962574686883288 183
5 14 41 -83.440479223100681 -32.153526621559585 183
7 20 54 -51.845790395850912 -44.714403896227097 183
7 20 54 -23.242932084220293 -16.752349314977465 183
7 20 54 -13.328511630666377 -55.504178524321276 183
5 14 41 -40.003894857971979 -76.585543036050183 183
5 14 41 -11.190691232685552 15.039842972699033 183
1 28 91 74.093737820646766 -35.130015880515316 183
2 26 92 25.605302738764237 -80.002302914705112 183
5 14 41 -13.249762477854949 -89.504087326712664 183
5 14 41 32.450457053935864 -40.592356677727231 183
5 14 41 13.078997393301545 -20.374875365347652 183
8 12 85 63.254684670969233 -74.852153390375150 183
8 12 85 -34.371317265781784 26.815180620246185 183
8 12 85 63.254684670969233 -74.852153390375150 275
5 14 41 40.329728025187748 -87.117811252432105 275
5 14 41 42.492781593552330 -59.201486292645839 275
7 20 54 73.104694027843522 -44.405851222960962 275
7 20 54 89.645003040099624 -7.985826816337067 275
7 20 54 49.834182191386006 -11.871511228590535 275
7 20 54 66.374491203642108 24.548513178033353 275
5 14 41 17.235008213893543 -71.286389432588663 275
1 28 91 18.374780551527415 24.381847904903051 275
1 28 91 5.760220905119343 -30.884294731714615 275
8 12 85 -15.449465140734766 3.029555209515902 275
8 12 85 -21.582374341482669 26.232732249209882 275
8 12 85 -13.330707780746943 48.769590924953398 275
2 26 92 0.923266220589948 83.994925915116553 275
4 13 78 33.467048965384784 62.503015700815119 275
5 14 41 55.171584397837769 78.562690095440743 275
5 14 41 73.861845092110698 57.713849475873516 275
2 26 92 50.189740377860026 67.357181954139136 367
2 26 92 0.923266220589944 83.994925915116553 367
2 26 92 11.147794367357417 33.010035759542426 367
1 28 91 -49.706640277016163 65.216944978826746 367
2 26 92 -36.760666787946803 12.791743306154906 367
1 28 91 -79.454620320101355 -20.272230015184252 367
2 26 92 -28.649843009997536 -38.571809312828265 367
1 28 91 61.930376173996493 14.648952320594432 367
1 28 91 71.261675025372824 -40.568136173333812 367
2 26 92 20.598434130248478 -21.880278564645764 367
2 26 92 10.429585216100596 -72.876303034806512 367
8 12 85 97.962225543422321 -2.720729052965861 367
8 12 85 -62.223672230646144 -56.370629258620241 367
8 12 85 -27.392321529069669 -76.550996240999922 367
8 12 85 -51.361254856086447 -77.771748126120229 367
8 12 85 -70.190393317971598 30.859764341336287 367
4 13 78 -94.097835089137519 23.549892389084945 367
5 14 41 49.283130408461119 -82.384301035710763 367
8 12 85 24.104129102093523 94.989425517947041 459
5 14 41 47.414761034617271 83.473591249149806 459
4 13 78 24.022864221997505 69.989557597910675 459
4 13 78 46.248945821522163 56.498771974705797 459
4 13 78 69.938792481016563 67.212835874535884 459
4 13 78 85.279660391641045 46.220985747670596 459
4 13 78 23.452541955054528 43.995813494534012 459
5 14 41 61.196689214080585 34.014000073033628 459
5 14 41 36.693016435021462 20.465198637600412 459
8 12 85 95.196693599654793 23.272076136293556 459
5 14 41 95.961553225337667 -2.716671231615518 459
5 14 41 69.846730157801716 7.383626593265305 459
1 28 91 -15.137385061032248 57.845634175434405 459
4 13 78 -0.862518391635007 96.280360420991713 459
8 12 85 -39.136905169327271 89.845994088590757 459
4 13 78 -60.062810982843715 76.167307533082635 459
4 13 78 -55.487231077355361 50.573088097270734 459
1 28 91 -45.518742151403387 10.803385702945818 459
4 13 78 -77.401355316987463 36.581263383890104 459
4 13 78 -95.357069547698231 17.777212584526371 459
4 13 78 9.731753081216333 21.910978139033666 459
1 28 91 2.261980151995426 -18.402822133154494 459
4 13 78 -37.248465030658153 -29.353836765074526 459
4 13 78 -63.062936678630010 -26.253344298375552 459
1 28 91 68.620163523615759 -34.598459280258197 459
4 13 78 30.062550633901196 -48.537988979890045 459