5 13 89 97.000000000000000 0.000000000000000 0
8 16 48 89.711340206185568 28.069118946095067 0
4 14 71 70.475973207302218 5.047375823163008 0
4 14 71 59.850261492647931 30.952862704460159 0
2 25 60 31.485476058696840 4.186485525508276 0
4 14 71 34.603910869237794 43.061610790031949 0
7 22 90 78.896055018895510 -29.954084464746067 0
4 14 71 43.030759440119638 -33.065446392751255 0
4 14 71 15.092894089082595 -31.201128923186602 0
8 16 48 -6.743662544883179 -10.630159223835880 0
1 29 82 -8.329325615515600 40.666364467784526 0
4 14 71 24.027072349989989 68.987090282950803 0
8 16 48 52.689627904529665 77.844737209924531 0
4 14 71 75.877476671955861 58.809935673292429 0
3 30 104 -67.270634027511107 43.297364787440188 0
4 14 71 -38.488809342950987 10.016641120019049 0
4 14 71 -64.394516320509325 -0.608533984085614 0
5 13 89 -50.427874012649305 82.861508087678260 0
5 13 89 -90.304179124544802 6.986818106580158 0
4 14 71 -93.942913568513418 -19.766865969566812 0
2 25 60 -60.237170258014643 -39.386317233217589 0
5 13 89 -50.427874012649305 82.861508087678260 104
3 30 104 -67.270634027511107 43.297364787440188 104
7 22 90 -87.887880831434700 -4.440766032964824 104
7 22 90 -43.906577284145172 -3.158214559854335 104
7 22 90 -20.153914396151109 65.297699584433971 104
7 22 90 -8.441870665005187 22.885106741744828 104
7 22 90 -3.620046128469895 -20.849890778992112 104
7 22 90 -39.084752747609876 -46.893212080591276 104
5 13 89 -88.622993273732945 -39.433045319932944 104
5 13 89 -5.045248256906969 96.868702221234372 104
3 30 104 31.166109624015764 73.679533188693810 104
7 22 90 75.102249723723048 45.865587169854720 104
7 22 90 38.048825769303122 22.137043741021600 104
7 22 90 40.369657752850650 -21.801706114932912 104
5 13 89 17.785949783768817 -48.540743763420373 104
7 22 90 -5.187196799217498 -74.945942798394995 104
5 13 89 -39.491252602108801 -81.890851399098068 104
5 13 89 -63.517463461108491 -71.953991142513715 104
4 14 71 94.711638847185512 15.674994956308595 104
7 22 90 84.265508865888421 -18.776106164175879 104
7 22 90 64.937829728414073 -58.303828324184536 104
5 13 89 32.050071981116368 -70.278609756639142 104
5 13 89 -50.427874012649305 82.861508087678260 208
3 30 104 -67.270634027511107 43.297364787440188 208
5 13 89 -30.703711071358164 65.921691197717578 208
5 13 89 -24.348525911764902 40.710352050673322 208
5 13 89 -33.685793475938240 16.444832595383751 208
1 29 82 -61.095138082310619 -15.378552332199387 208
5 13 89 -94.529183702730933 10.041215437228677 208
8 16 48 -73.461969649089241 -58.645878075754744 208
1 29 82 -31.408809295619708 -74.662485216013224 208
5 13 89 4.215929901069252 -96.908337799537506 208
2 25 60 36.451637832736644 -76.787226146742682 208
1 29 82 72.340789099461958 -36.439130511953309 208
1 29 82 15.082126693739035 -27.195452699120779 208
4 14 71 95.998525095432527 -0.532146128062756 208
1 29 82 72.740315233131810 35.634906198622339 208
4 14 71 48.771417763985390 -0.474081716624031 208
4 14 71 31.981599924188426 21.933551288814893 208
4 14 71 32.187013324614583 49.932797802514607 208
4 14 71 49.587553115672165 71.869552689685634 208
8 16 48 2.273628540214768 52.210825620702479 208
5 13 89 20.882931603627402 74.452539572061113 208
5 13 89 -50.427874012649305 82.861508087678260 312
3 30 104 -67.270634027511107 43.297364787440188 312
5 13 89 -30.703711071358164 65.921691197717578 312
5 13 89 -24.348525911764902 40.710352050673322 312
1 29 82 -28.405791033495365 -1.093219563866860 312
2 25 60 -81.703286128262107 -9.775213379996597 312
6 33 108 21.392950416241678 35.840306534005812 312
1 29 82 79.662533378662829 14.658812219734251 312
2 25 60 75.434011393777652 -39.175373961755888 312
2 25 60 28.582731562929517 -21.712339339687365 312
1 29 82 -12.423428581658660 -56.847717951513758 312
2 25 60 79.182590377820404 30.904973403293880 420
1 29 82 77.644262949210571 -23.073110563464208 420
2 25 60 49.455290777174106 -69.131571760991790 420
8 16 48 33.420825421942745 -31.397026304979132 420
8 16 48 45.143249651372756 8.050580326495643 420
8 16 48 39.087711897769694 39.472395400018812 420
1 29 82 17.670650631809060 79.049023436400191 420
8 16 48 61.233507553561324 67.767290554659823 420
1 29 82 -3.544727784947092 25.068399888372909 420
2 25 60 -35.332459731318600 68.720892345340729 420
1 29 82 -74.572031625210030 31.622967907656545 420
1 29 82 -76.597105029452919 -26.341668533085745 420
3 30 104 -37.598024024167849 -70.614365319516239 420