2 10 112 100.000000000000000 0.000000000000000 0
2 10 112 98.000000000000000 19.899748742132399 0
2 10 112 81.766312060385914 8.217823563497323 0
2 10 112 83.766312060385914 -11.681925178635078 0
2 10 112 65.532624120771828 -3.464101615137756 0
2 10 112 63.532624120771821 16.435647126994645 0
4 19 76 80.277628055073677 42.854433071168344 0
8 20 76 41.715433717832504 37.027155156322962 0
6 25 100 30.673121587753002 -6.597004925240778 0
5 17 100 58.997030392644128 71.891240112056948 0
6 25 100 17.090493401872799 74.691625342898305 0
8 20 76 1.995885287105040 32.298786255835651 0
5 17 100 -22.324044966241971 60.183208295252868 0
4 19 76 -56.571499423862846 71.278786836869514 0
8 20 76 -47.738200481154955 33.292304638740724 0
5 17 100 -84.224487661984256 39.436476491647454 0
5 17 100 -92.770601194699893 6.528058974453842 0
6 25 100 -78.364588261703375 -32.924023244034160 0
2 10 112 -15.891041138220757 86.405650243871321 0
2 10 112 -34.441133116358678 93.881885098570862 0
2 10 112 98.000000000000000 19.899748742132399 112
2 10 112 100.000000000000000 0.000000000000000 112
2 10 112 81.766312060385914 8.217823563497323 112
2 10 112 83.766312060385914 -11.681925178635078 112
2 10 112 65.532624120771828 -3.464101615137756 112
2 10 112 63.532624120771821 16.435647126994645 112
4 19 76 80.277628055073677 42.854433071168344 112
8 20 76 41.715433717832504 37.027155156322962 112
6 25 100 30.673121587753002 -6.597004925240778 112
5 17 100 58.997030392644128 71.891240112056948 112
6 25 100 17.090493401872799 74.691625342898305 112
8 20 76 1.995885287105040 32.298786255835651 112
5 17 100 -22.324044966241971 60.183208295252868 112
4 19 76 -56.571499423862846 71.278786836869514 112
8 20 76 -47.738200481154955 33.292304638740724 112
5 17 100 -84.224487661984256 39.436476491647454 112
5 17 100 -92.770601194699893 6.528058974453842 112
6 25 100 -78.364588261703375 -32.924023244034160 112
2 10 112 -15.891041138220757 86.405650243871321 112
2 10 112 -34.441133116358678 93.881885098570862 112
2 10 112 100.000000000000000 0.000000000000000 224
2 10 112 98.000000000000000 19.899748742132399 224
2 10 112 81.766312060385914 8.217823563497323 224
2 10 112 83.766312060385914 -11.681925178635078 224
2 10 112 65.532624120771828 -3.464101615137756 224
6 25 100 70.291971924572152 41.283508471686559 224
6 25 100 32.611179340829885 8.417753189615313 224
5 17 100 29.267799450749742 50.284468022649534 224
5 17 100 49.372888827588845 77.703172972907709 224
1 21 118 12.815044881347763 88.072553185933259 224
6 25 100 -12.729601335267354 49.817213040170977 224
4 19 76 -46.162575990393520 78.422041403747841 224
8 20 76 -56.839668366149922 40.912046756993163 224
6 25 100 -31.730857229910292 3.568404683346287 224
8 20 76 -76.655848426692017 6.165550418395593 224
4 19 76 -85.233177154397438 -31.879546925373671 224
8 20 76 -63.210092691614236 -64.066248383353440 224
5 17 100 -33.872620790899830 -86.612040506825025 224
5 17 100 -0.477865853170766 -92.998772272683112 224
5 17 100 -11.644171365645150 -60.884700260524880 224
6 25 100 30.214403108670780 -64.328498015641586 224
5 17 100 10.458484484675367 -27.264989286406692 224
8 20 76 73.482552852282211 -51.964549707579991 224
5 17 100 49.628590197300007 78.651147703186496 342
5 17 100 18.042282700744789 91.233086295194497 342
6 25 100 -22.897945110876037 81.857706477150387 342
5 17 100 -62.760622564337986 68.630199295475663 342
5 17 100 22.939157999487655 57.587572295426824 342
6 25 100 60.076873021661910 37.971504317063442 342
5 17 100 -39.907426781751369 43.456176126288639 342
6 25 100 14.995608663695425 16.345603089897430 342
6 25 100 -32.914902558237486 2.042354701750050 342
6 25 100 -77.486649497269553 24.699790011221538 342
4 19 76 90.771398419520963 6.446179408346232 342
6 25 100 77.264246544380512 -35.429312806335730 342
7 18 75 -90.550316426406980 -16.267765521963032 342
3 18 118 74.480521298704559 54.006036209605455 442
1 21 118 43.472811128522309 77.660251690191075 442
3 18 118 41.900167570033929 38.691972382041662 442
3 18 118 10.659817820193634 56.581649503433582 442
6 25 100 84.133837844459862 12.103608121636057 442
3 18 118 42.176227860090428 2.693030859876682 442
3 18 118 10.862199847516855 20.453426396794143 442
1 21 118 -23.802557917208176 38.323920769164928 442
1 21 118 -20.386787166758438 80.184791641381295 442
1 21 118 82.307306219487742 -33.860114336656828 442
3 18 118 43.311487186154324 -33.289064496877977 442
3 18 118 11.582448862778747 -16.281180234755180 442
1 21 118 -25.315029572150557 -3.648837413887513 442
1 21 118 -60.908268598103959 18.647380553322702 442
1 21 118 -59.395796943161578 60.620138736375146 442
6 25 100 -82.047701010782433 -22.207538333756236 442