5 13 101 97.000000000000000 0.000000000000000 0
6 17 100 88.443298969072160 28.753832222285070 0
6 17 100 72.197729258507948 58.621565058561728 0
6 17 100 46.302422581492671 80.654111259655437 0
6 17 100 54.454298724127831 29.618622572123783 0
6 17 100 28.558992047112564 51.651168773217485 0
6 17 100 12.313422336548335 81.518901609494137 0
6 17 100 -5.430008197831768 52.515959123056184 0
6 17 100 -21.675577908395997 82.383691959332836 0
7 20 91 -56.547655725734160 70.016873908536112 0
7 20 91 -81.303224299189012 38.597742402318843 0
1 13 97 -48.307570075910988 38.062203068679565 0
7 20 91 64.546073009122878 -5.978513433188684 0
7 20 91 26.271993794471143 5.644518024678252 0
1 13 97 -1.969029049758014 22.716267457929867 0
6 17 100 -30.622481307579463 13.829216557392225 0
1 13 97 -60.607888045911402 12.893597651641501 0
1 13 97 -85.645355235805468 5.884657880536457 0
1 13 97 -95.263724704613679 -18.270817042583946 0
1 13 97 -69.535285046309355 -14.522831883996288 0
6 17 100 -78.502031088204163 -43.151444589123372 0
6 17 100 -46.009795496089581 -33.138721371810192 0
1 13 97 -54.976541537984389 -61.767334076937274 0
2 19 102 -22.990639316795946 -60.817566159721551 0
1 13 97 -35.523975377357949 -90.260994750716463 0
7 20 91 -10.158974997522709 -23.988930686797900 0
1 13 97 7.695363157695382 -51.741815384413087 0
1 13 97 4.304709170871512 -77.519780112871302 0
5 13 101 24.541153487655663 -93.844188874406740 0
6 17 100 50.194645741090113 -78.291107661895197 0
2 19 102 74.721651975357574 -51.939144448802196 0
6 17 100 39.195155646079002 -46.119517436204575 0
5 13 101 -35.523975377357949 -90.260994750716463 102
6 17 100 -59.146464681941048 -71.768347588807558 102
6 17 100 -80.989599304226971 -45.713070390652575 102
6 17 100 -92.007901368334331 -13.547918135081197 102
6 17 100 -58.642911366361517 -20.088364768779400 102
5 13 101 -29.951494866323497 -64.865178934835654 102
2 19 102 -88.236941900881845 22.254035229153438 102
5 13 101 -58.713000069820957 9.911553357336338 102
2 19 102 -28.448773461694412 -0.484435667858198 102
2 19 102 -15.620460086399126 -36.253617597911060 102
5 13 101 -3.979006501151652 -66.060941503664978 102
8 28 106 -50.334609899453326 50.046358429157571 102
2 19 102 -7.321994631768721 31.101308209267820 102
5 13 101 3.517104682721449 0.992938508292333 102
8 28 106 30.703726962491068 -44.195260643240843 102
7 20 91 78.700742145162025 -43.659972352266990 102
5 13 101 61.178164037806916 -71.623506758197138 102
2 19 102 61.476132832290219 -8.669790386193569 102
7 20 91 87.705617258175565 20.192194070046405 102
7 20 91 48.496477273495998 28.106948751134283 102
5 13 101 29.516835956892077 1.111148790898582 102
7 20 91 61.120664193241268 66.062579487763230 102
2 19 102 23.038438109768883 57.651630877333176 102
3 18 113 -25.103101426593874 88.508950387890948 102
5 13 101 5.637487490526440 84.506926771191544 102
5 13 101 30.511227606781784 92.076408433035411 102
5 13 101 4.744176246837323 96.883913998862297 215
2 19 102 34.181548817714315 84.336360606930469 215
5 13 101 5.145108843034784 70.887005470090912 215
5 13 101 -17.569340660840304 83.538241920964353 215
2 19 102 26.559736403467163 47.108575613433636 215
5 13 101 -5.440248779706963 47.139369714111680 215
5 13 101 -28.154698283582050 59.790606164985121 215
8 28 106 72.667282464990109 37.992973812974171 215
2 19 102 34.888746490955803 10.032605080452136 215
2 19 102 -2.751019372971298 15.252569228676515 215
2 19 102 -38.037344910734561 29.354882161064477 215
2 19 102 -60.151291639974275 60.257525414617213 215
8 28 106 80.108583126666488 -17.510422880043944 215
2 19 102 34.285533807216524 -27.962606913405406 215
2 19 102 -3.354232056710581 -22.742642765181031 215
2 19 102 -38.640557594473833 -8.640329832793068 215
2 19 102 -71.243770061460026 10.879673672138903 215
3 18 113 -89.499623677603594 -21.302989498362354 215
3 18 113 -90.822419502935062 14.672699670915343 328
8 28 106 -76.664930527838294 -29.094474168847412 328
3 18 113 -58.220407959870116 -71.234711321000617 328
3 18 113 -33.519235990289445 -45.045933126338653 328
3 18 113 -23.189674764426549 -79.532164652574593 328
3 18 113 -35.243782414216945 -9.087263245046902 328
2 19 102 12.247492170062685 -90.172051853910105 328
3 18 113 2.628791303245377 -54.444183268802931 328
3 18 113 37.553054539211843 -63.178932116075018 328
8 28 106 30.362022127668631 -17.744484250428677 328
8 28 106 81.893609897165419 4.175722453766646 328
3 18 113 70.413753012060369 -40.368782099516984 328
8 28 106 60.116157385383069 55.767800935807514 328
3 18 113 -89.499623677603594 -21.302989498362354 441
8 28 106 -59.630733878859658 -56.286548811137983 441
8 28 106 -78.594582840615075 23.385712478128447 441
8 28 106 -45.255945481503467 68.380548393349301 441
8 28 106 -22.958593219365575 17.011023555191279 441
8 28 106 -7.162172628160533 -36.714883570754523 441
4 21 66 -19.342621119703402 -84.176833325741114 441
3 18 113 -5.678464673424720 91.824588422451797 441
2 19 102 30.799209241155953 85.629485051117143 441
8 28 106 63.505206914345024 51.875704282122513 441
8 28 106 31.879153576379164 5.661066446647286 441
8 28 106 47.675574167584202 -48.064840679298527 441
7 20 91 89.277457482762571 11.381370102651168 441
7 20 91 5.883322194501341 55.626175689009287 441
3 18 113 19.655630600798464 -84.546106590915997 441