6 11 115 99.000000000000000 0.000000000000000 0
6 11 115 96.555555555555557 21.863775779997951 0
6 11 115 78.843192529652626 8.814936902970350 0
6 11 115 81.287636974097069 -13.048838877027592 0
6 11 115 76.398748085208183 30.678712682968296 0
6 11 115 84.861216147439819 50.986017632067515 0
6 11 115 63.043340148006621 48.161077478124973 0
6 11 115 61.130829503749695 -4.233901974057249 0
6 11 115 58.686385059305252 17.629873805940697 0
8 14 80 88.602132246115488 -36.954866546124379 0
6 11 115 65.228357091938193 -28.085445198484816 0
6 11 115 45.071549621590819 -19.270508295514471 0
3 16 89 34.522679104919831 5.583492002677164 0
5 15 79 59.649623878065348 73.938639230143650 0
2 11 79 42.064909212406363 54.787195155939798 0
4 17 79 28.057514276146652 79.031635489749235 0
2 11 79 41.700927319664196 31.611798758352215 0
2 11 79 23.185167206864001 43.493155054888298 0
9 13 66 75.687743968967254 -60.666015304188733 0
10 16 50 52.445436588451486 -78.009462125095538 0
10 16 50 45.698299971562726 -46.728858750591407 0
10 16 50 1.450013542785516 59.511366415676854 0
10 16 50 -2.595353785666118 91.254633468359003 0
1 23 64 11.988992298161129 -27.115532256089036 0
3 16 89 2.954643310374898 10.823636664261418 0
7 22 76 -26.952405067765000 34.266513136819128 0
1 23 64 -65.913526530318038 56.783862323172947 0
3 16 89 -61.320907053272229 18.055218578018906 0
5 15 79 -90.691515116552893 27.973251749628762 0
3 16 89 -93.956654295454840 -2.854314909814249 0
3 16 89 -39.370568246682019 85.357825393653002 0
2 11 79 -94.392424766991596 -29.850798089964545 0
2 11 79 -74.158959250646248 -21.213271059681862 0
3 16 89 -74.594729722182990 -48.209754239832137 0
7 22 76 -42.009923319142878 -28.659040910738586 0
7 22 76 -45.395517452358654 -72.528594730730134 0
2 11 79 -18.709551456546343 -5.290415126051979 0
6 11 115 96.555555555555557 21.863775779997951 115
6 11 115 99.000000000000000 0.000000000000000 115
6 11 115 78.843192529652626 8.814936902970350 115
6 11 115 76.398748085208183 30.678712682968296 115
6 11 115 84.861216147439819 50.986017632067515 115
6 11 115 81.287636974097069 -13.048838877027592 115
6 11 115 63.043340148006621 48.161077478124973 115
6 11 115 61.130829503749695 -4.233901974057249 115
6 11 115 58.686385059305252 17.629873805940697 115
8 14 80 88.602132246115488 -36.954866546124379 115
6 11 115 65.228357091938193 -28.085445198484816 115
6 11 115 45.071549621590819 -19.270508295514471 115
3 16 89 34.522679104919831 5.583492002677164 115
5 15 79 59.649623878065348 73.938639230143650 115
2 11 79 42.064909212406363 54.787195155939798 115
4 17 79 28.057514276146652 79.031635489749235 115
2 11 79 41.700927319664196 31.611798758352215 115
2 11 79 23.185167206864001 43.493155054888298 115
9 13 66 75.687743968967254 -60.666015304188733 115
10 16 50 52.445436588451486 -78.009462125095538 115
10 16 50 45.698299971562726 -46.728858750591407 115
10 16 50 1.450013542785516 59.511366415676854 115
10 16 50 -2.595353785666118 91.254633468359003 115
1 23 64 11.988992298161129 -27.115532256089036 115
3 16 89 2.954643310374898 10.823636664261418 115
7 22 76 -26.952405067765000 34.266513136819128 115
1 23 64 -65.913526530318038 56.783862323172947 115
3 16 89 -61.320907053272229 18.055218578018906 115
5 15 79 -90.691515116552893 27.973251749628762 115
3 16 89 -93.956654295454840 -2.854314909814249 115
3 16 89 -39.370568246682019 85.357825393653002 115
2 11 79 -94.392424766991596 -29.850798089964545 115
2 11 79 -74.158959250646248 -21.213271059681862 115
3 16 89 -74.594729722182990 -48.209754239832137 115
7 22 76 -42.009923319142878 -28.659040910738586 115
7 22 76 -45.395517452358654 -72.528594730730134 115
2 11 79 -18.709551456546343 -5.290415126051979 115
6 11 115 99.000000000000000 0.000000000000000 230
6 11 115 96.555555555555557 21.863775779997951 230
3 16 89 73.272802218506271 8.192148333123878 230
8 14 80 85.241674219961382 44.157184876053535 230
8 14 80 83.845399928946648 -19.883110840269179 230
8 14 80 83.209964776701952 -47.875899593219351 230
3 16 89 56.529349656369334 35.462219772331188 230
3 16 89 65.018015084184640 66.315786166746818 230
3 16 89 34.053710075363206 58.240402874253761 230
8 14 80 56.065132339834022 -16.382149161344522 230
3 16 89 39.300265421672549 8.496340286697441 230
3 16 89 16.824625840666428 31.274523388620011 230
3 16 89 2.086031288066341 59.678287762626269 230
3 16 89 19.315115522763119 86.644167248260018 230
3 16 89 -11.999647849515462 93.230941492015518 230
8 14 80 -41.274377682661438 86.674250772123884 230
3 16 89 -64.816555059882234 68.079469667215051 230
8 14 80 -36.178850179889722 59.141804468380769 230
8 14 80 -56.029945594800360 39.395057626733305 230
8 14 80 -83.535154143737870 44.635620829238832 230
8 14 80 -94.155531032119313 18.727946391946400 230
2 11 79 46.301378753751393 87.505327412116230 230
5 15 79 64.339146244567530 -69.896167709826202 230
5 15 79 -65.915601612436973 12.132009281015158 230
8 14 80 -86.569795497954630 -8.224912758906431 230
8 14 80 -59.729734153747330 -16.200569912971481 230
8 14 80 -80.056886533146411 -35.456916299155189 230
5 15 79 48.545274964336237 -44.390214875566407 230
8 14 80 28.877676606962901 -23.078584838118644 230
4 17 79 -26.598396773758257 29.659353543585794 230
4 17 79 -31.220886729709335 -4.024954176881485 230
2 11 79 -39.431271952757655 -30.794144947040184 230
4 17 79 -55.175742564468983 -53.948229795225359 230
4 17 79 -2.084537616136880 -21.548457260797832 230
2 11 79 13.099102125423688 1.977211363037352 230
1 23 64 -15.525026227221398 -59.222762375760567 230
8 14 80 -43.990471927192111 -82.859987278485903 230
9 13 66 -19.684770605466959 -94.981628782676410 230
10 16 50 8.827458568113602 -89.685140554310209 230
8 14 80 37.525107318774907 -80.941859923810711 230
8 14 80 22.564290604186439 -57.273865432673730 230
2 11 79 96.555555555555557 21.863775779997951 345
2 11 79 99.000000000000000 0.000000000000000 345
2 11 79 78.843192529652626 8.814936902970350 345
2 11 79 76.398748085208183 30.678712682968296 345
2 11 79 84.861216147439819 50.986017632067515 345
2 11 79 81.287636974097069 -13.048838877027592 345
2 11 79 63.043340148006621 48.161077478124973 345
5 15 79 59.649623878065348 73.938639230143650 345
2 11 79 42.064909212406363 54.787195155939798 345
4 17 79 28.057514276146652 79.031635489749235 345
2 11 79 61.130829503749695 -4.233901974057249 345
2 11 79 58.686385059305252 17.629873805940697 345
5 15 79 35.606793052351556 29.602026193567536 345
2 11 79 20.443643809438750 50.722606323790117 345
7 22 76 -8.743507592431648 66.120989129925803 345
2 11 79 5.647223548903917 95.817905758050600 345
7 22 76 -52.513511323987636 70.613958453165765 345
2 11 79 -81.905469032325016 55.610198188775129 345
2 11 79 -92.164413835708288 36.148593642357696 345
2 11 79 -97.872029560784966 14.901873360515193 345
4 17 79 -92.154996479528450 -12.508262223750345 345
5 15 79 -66.194713994275375 34.893727057465192 345
4 17 79 -61.986460470572929 3.171643231205508 345
4 17 79 -63.491532022120722 -30.795028075013498 345
4 17 79 -35.806679390073278 24.865399535200275 345
5 15 79 -31.598425866370832 -6.856684291059405 345
7 22 76 -26.626267950195913 -43.521076358249331 345
4 17 79 -59.467259669316476 -64.556029719373157 345
9 13 66 94.111111111111114 23.496782022908963 424
1 23 64 86.219481152029275 -11.627599488925831 424
1 23 64 58.134848529978598 24.803889781819706 424
1 23 64 40.626569634838077 -17.733860160202124 424
1 23 64 12.541937012787407 18.697629110543417 424
1 23 64 30.050215907927921 61.235379052565243 424
9 13 66 64.158891890584954 72.750509217270974 424
9 13 66 84.489064307578104 47.650792358888751 490
1 23 64 54.607326973043882 67.727688878767111 490
1 23 64 86.210773406533093 11.691986514164491 490
1 23 64 80.122199819541137 -33.903290342937559 490
1 23 64 41.767073698893199 23.556115487550183 490
1 23 64 9.933495654045942 56.761887709599456 490
5 15 79 25.059451381656054 91.621684945475323 490
1 23 64 -28.361244320001056 82.247430480357309 490
1 23 64 -31.285001801688701 36.340441446134250 490
9 13 66 -57.461889717238613 61.054213700825308 490