5 11 118 99.000000000000000 0.000000000000000 0
5 11 118 96.555555555555557 21.863775779997951 0
5 11 118 78.843192529652626 8.814936902970350 0
5 11 118 81.287636974097069 -13.048838877027592 0
5 11 118 76.398748085208183 30.678712682968296 0
5 11 118 84.861216147439819 50.986017632067515 0
5 11 118 63.043340148006621 48.161077478124973 0
5 11 118 61.130829503749695 -4.233901974057249 0
5 11 118 58.686385059305252 17.629873805940697 0
4 21 109 46.775008996028198 75.717227454665036 0
5 11 118 22.387434286232128 96.435485097964005 0
5 11 118 14.775102168980940 75.794448308677801 0
5 11 118 0.705606007635506 92.707439698904608 0
4 21 109 -15.361222627165098 65.033317894952972 0
5 11 118 -20.957977125627401 96.540084455232403 0
4 21 109 20.409842879627917 43.023527516380000 0
3 29 106 -63.237607434440683 50.616252389598863 0
5 11 118 -26.411182297264038 35.001694707233213 0
3 29 106 -80.867017748186612 -4.639551757925666 0
9 13 91 -85.172423870191565 -46.418296091912097 0
5 11 118 -62.062267497191471 -39.943678542165749 0
3 29 106 -25.840791995038010 -22.972976952458350 0
9 13 91 -47.453524104341703 -58.985333314844212 0
8 27 84 56.635310956622114 -41.967048052703170 0
4 21 109 10.983293977612481 -56.795849276949731 0
9 13 91 16.158636694789561 -23.192042531883441 0
2 12 71 -70.903508855677586 -67.651255952516138 0
2 12 71 55.247930904020109 -80.942363017301517 0
10 14 69 -43.324720502200698 -85.667780369320823 0
2 12 71 -41.394430001328729 85.313162909493698 0
10 14 69 29.806596240397216 -86.303192293965736 0
2 12 71 36.454263533615787 -8.594524550421092 0
2 12 71 21.324974011127157 10.036218820274447 0
2 12 71 -1.265429468972112 18.140148151550655 0
2 12 71 3.950806591319367 -89.037811394067049 0
2 12 71 -16.032786722192249 -75.746611362460655 0
2 12 71 95.333333333333329 22.705848487901886 118
7 18 72 78.689343208474355 47.665367568276764 118
2 12 71 64.276619904271541 73.976456617506372 118
2 12 71 71.706634814096461 18.489319455499658 118
7 18 72 45.652786976256245 33.362012985680025 118
7 18 72 91.727427581474245 -7.076653819807429 118
8 27 84 46.960881450238624 -11.654464156633683 118
1 30 74 -0.447377240028295 19.991341378329896 118
1 30 74 22.304634395013249 75.510220748855147 118
7 18 72 84.392626350570978 -36.631743306221644 202
1 30 74 79.227656720451733 11.089563137755203 202
10 14 69 70.308727890580172 -65.365761545386704 202
7 18 72 48.753300065114971 -41.714894092771765 202
7 18 72 35.324091711656862 -8.313451564051377 202
7 18 72 40.395062121263365 -76.731173999037651 202
7 18 72 14.249193148336335 -51.984587655654209 202
1 30 74 25.994904686131239 38.771219714855988 202
7 18 72 68.045041332239578 61.918271536710456 202
8 27 84 -9.355656520425455 -13.672565102477037 202
2 12 71 -13.712053432742525 25.083360972671194 202
1 30 74 -28.207407512575337 64.502705336831724 202
1 30 74 -75.224056626730217 27.227583525140222 202
8 27 84 -77.493826685462523 -29.727206825457010 202
8 27 84 -42.804231462601301 -71.111164868085609 202
9 13 91 12.105083948524573 79.466095066393223 202
9 13 91 35.809383274689743 90.148145125046085 202
9 13 91 35.809383274689743 90.148145125046085 293
1 30 74 59.051919466601952 53.971018216353457 293
8 27 84 3.470200161700731 66.607175825024342 293
8 27 84 17.869806980915783 14.562470777805409 293
8 27 84 -34.402033132051528 28.114397991467001 293
8 27 84 -82.886493514462188 4.339261789408106 293
8 27 84 -68.013836348472523 -47.572240489209648 293
8 27 84 82.969983636517298 2.231998063631082 293
8 27 84 42.483956970416564 -33.501482662318082 293
8 27 84 -11.447722709793236 -30.785985125724487 293
7 18 72 -74.494354124629453 48.549803478711326 293
7 18 72 -51.490423159641793 76.241303260378658 293
7 18 72 -30.063801925959655 -71.754773179771405 293
10 14 69 87.957718064584682 -38.463487008733793 293
9 13 91 72.139446495608681 -60.344581235717186 293
9 13 91 58.468432021819126 77.397948660865140 384
1 30 74 71.266544235384089 36.346659719237500 384
1 30 74 76.493520183631375 -23.425229346078513 384
1 30 74 22.116057846758757 1.934021230427087 384
1 30 74 16.889081898511471 61.705910295743102 384
8 27 84 44.091785192644849 -70.320085882524808 384
6 21 105 -0.124321064113531 -88.999913170030780 384
8 27 84 -13.192519200314026 -42.813094731508670 384
1 30 74 -70.040734245824609 -38.656119131461871 384
8 27 84 -35.235011509653411 6.483239136160577 384
8 27 84 -65.124505199069162 51.456766538293223 384
7 18 72 -38.727640144106196 -83.451602074906958 384
7 18 72 -35.149909227637103 85.020490949469774 384
10 14 69 -93.481600228144302 21.844688571490515 384
9 13 91 -96.874058329326573 -4.941338159469847 384
10 14 69 -24.482803221937697 46.048249144216655 384
8 27 84 44.091785192644856 -70.320085882524808 489
8 27 84 78.022195497830836 -28.311428958960480 489