5 11 99 99.000000000000000 0.000000000000000 0
5 11 99 96.555555555555557 21.863775779997951 0
5 11 99 78.843192529652626 8.814936902970350 0
5 11 99 81.287636974097069 -13.048838877027592 0
5 11 99 76.398748085208183 30.678712682968296 0
5 11 99 84.861216147439819 50.986017632067515 0
5 11 99 63.043340148006621 48.161077478124973 0
5 11 99 61.130829503749695 -4.233901974057249 0
5 11 99 58.686385059305252 17.629873805940697 0
2 31 98 22.189870512892227 38.414589968627709 0
10 13 99 52.908663692603291 69.916268425213758 0
2 31 98 23.843138232590437 -23.563363416806084 0
5 11 99 -5.310673797695500 6.669983141303469 0
3 23 60 52.823140548831581 -69.128256325169843 0
10 13 99 66.141246343207158 -35.682358848052857 0
5 11 99 82.755440027520649 -53.001959542645039 0
10 13 99 16.885526773741038 -67.009786086430879 0
2 31 98 -26.509446598409362 -59.738177871575147 0
7 15 78 -21.162373437727464 -14.050008630355649 0
2 31 98 -75.826998232114505 -22.164528849197410 0
2 31 98 -68.474794659364420 39.398001172113780 0
5 11 99 -66.130207720129548 -73.673574820911981 0
10 13 99 -53.637526313167498 80.820886972392628 0
5 11 99 -35.374025630947514 65.250256194208006 0
10 13 99 -11.424504314874561 66.806028906067965 0
5 11 99 -24.044388455594365 46.391854314015291 0
10 13 99 10.471912157771314 80.825549071053729 0
5 11 99 -29.032639740726779 24.964830509567438 0
10 13 99 94.111111111111114 23.496782022908963 99
2 31 98 77.128490238095509 -17.093741357350819 99
2 31 98 53.398840840471351 40.185432340127008 99
8 20 71 29.259677556554031 85.110935074680555 99
8 20 71 4.271004771895775 53.876879422855886 99
8 20 71 -15.484422590566624 88.657953151630736 99
9 17 83 -50.871592605940407 77.852945132057968 99
9 17 83 -75.454720946537137 54.365293035908586 99
9 17 83 -42.822253385722590 44.819505436533319 99
9 17 83 -67.405381726319320 21.331853340383944 99
9 17 83 -34.772914165504773 11.786065741008674 99
9 17 83 -59.356042506101502 -11.701586355140702 99
9 17 83 -88.047141344584219 -29.944964535741342 99
2 31 98 -16.054732002719913 -32.413817251153233 99
9 17 83 -60.673225387669540 -50.110993524706217 99
9 17 83 -46.043176842235042 -80.802387751072501 99
7 15 78 -16.680646196806968 -93.524093379497401 99
7 15 78 13.314524960511473 -94.062337973685928 99
7 15 78 41.981931855839854 -85.220404819806021 99
9 17 83 45.784781215380846 -53.447171796573414 99
7 15 78 31.759141738760608 -24.684671257297065 99
9 17 83 20.472644054688583 5.258858428219924 99
10 13 99 74.506506394165925 -62.111033681111060 99
10 13 99 -4.397696712882182 22.035811372807558 99
10 13 99 84.489064307578104 47.650792358888751 198
2 31 98 78.898292264400368 4.007427823587133 198
10 13 99 58.875043755563865 43.187391059319978 198
10 13 99 67.816635118859949 67.601484200205405 198
10 13 99 88.882379389583662 -38.844853379130058 198
10 13 99 62.947933613803684 -36.999718613556432 198
10 13 99 42.582931251145283 -20.835972798649607 198
2 31 98 23.874167382956706 69.850823943130536 198
6 16 106 36.636913731332221 24.573805348195776 198
4 32 100 -0.036830727649665 -6.394508576803365 198
4 32 100 -34.933956266620086 47.254262416737021 198
10 13 99 -16.143182176908873 88.143219472517231 198
9 17 83 -83.520916335468812 40.905458492524190 198
4 32 100 -77.615290333376379 -7.737357847850376 198
4 32 100 77.999690487445434 0.219735893093620 304
4 32 100 51.907809108783042 -58.220094070055744 304
1 14 113 84.384202740837722 45.774516139367265 404
6 16 106 92.471054945399473 16.885022868948418 404
6 16 106 61.803578102555178 26.023177173489852 404
6 16 106 56.827834181490132 57.633966034762906 404
6 16 106 69.223442752542311 -5.104713994655018 404
6 16 106 31.939959954494025 37.519450965758061 404
6 16 106 38.555965909698017 4.033440309886428 404
6 16 106 8.692347761636867 15.529714102154639 404
9 17 83 26.242025453520345 70.023812864165080 404
9 17 83 0.482964658777096 47.492286418388517 404
9 17 83 -5.980827450529876 80.872211396849167 404
9 17 83 -39.833157722087648 84.037607925780989 404
9 17 83 -67.376931240083550 64.104205296291241 404
9 17 83 -85.915301530707879 35.602822400584273 404
9 17 83 -36.342211420083956 50.217299028366604 404
9 17 83 -54.880581710708285 21.715916132659640 404
9 17 83 -82.424355228704158 1.782513503169888 404
3 23 60 86.549931072437360 8.837954025471156 517
3 23 60 78.958609451322104 -36.531328931666131 517
3 23 60 43.463318669514450 -7.272410080913609 517
3 23 60 51.054640290629720 38.096872876223685 517