1 18 100 92.000000000000000 0.000000000000000 0
6 25 84 75.217391304347828 39.589696202024840 0
2 27 90 47.197898163971416 -4.215645985388781 0
7 36 109 15.112583911766933 50.001810699126437 0
7 36 109 -14.783631508860296 -15.497932075356660 0
1 18 100 -36.450993136670405 33.964431799509882 0
1 18 100 -35.072544345797148 69.938031548922510 0
1 18 100 -69.690789424437355 60.059918992608793 0
2 27 90 -73.139715737771596 -39.237507334156248 0
1 18 100 -36.271067707509928 -65.038724212836271 0
2 27 90 -81.799857984745955 14.063542714244953 0
1 18 100 67.692767713933421 62.303203763750815 109
6 25 84 28.533787915146821 80.067614846537182 109
4 20 85 39.796724469679241 36.499894454387018 109
2 27 90 81.622133045655147 15.060790054886532 109
2 27 90 -6.881315096003618 41.991763198680331 109
2 27 90 -58.011969580642607 59.360015038530747 109
2 27 90 -47.487989650959392 6.395443422783444 109
2 27 90 18.762711884252781 -5.530693390135468 109
4 20 85 84.168228226244238 -31.870195437977156 109
2 27 90 42.675976673395162 -53.947175781201047 109
4 20 85 -20.174579300750700 -31.853446953815883 109
2 27 90 -58.917758231063587 -58.461079061422907 109
4 20 85 -87.482604527635601 -21.137499971881972 109
6 25 84 -13.570573609145640 -83.909710593701618 109
10 19 120 -20.468193604770434 85.939422207870010 109
10 19 120 -55.779646782374549 71.900146069625848 229
7 36 109 -71.469663207018300 19.185599836215008 229
7 36 109 -53.949538293979913 -50.650244993152747 229
7 36 109 -5.853811713253897 48.826113204715497 229
3 21 65 -11.152249326476465 -88.298512642966443 229
3 21 65 43.238243575102864 77.791093915306760 229
3 21 65 49.752671579218593 36.299381155055549 229
3 21 65 87.276185729949489 17.431792920734281 229
4 20 85 2.038196500739769 -49.478258407847449 229
4 20 85 28.822471219529344 -79.186887251811442 229
4 20 85 65.039980869387364 -62.207723704615063 229
4 20 85 26.080251860247856 2.823769963489745 229
3 21 65 -17.271418925926660 -7.018655982175428 229
10 19 120 88.159607032894428 -22.558450474392778 229
10 19 120 -80.278866571859993 42.852112922672788 349
7 36 109 -73.073395350373119 -11.673855060264707 349
6 25 84 -36.637145154061315 37.248529097008003 349
3 21 65 -16.572811082043259 -4.144978826897837 349
8 26 73 -24.686994838726967 -50.439255168177553 349
4 20 85 -89.858381008085772 5.046916148073905 469
6 25 84 -76.128804829359808 -37.807473801528232 469
9 20 73 -50.310584254042197 -0.950731049024363 469
5 25 81 -26.140939345254360 -38.908974751586612 469
8 26 73 -2.255188277696867 -83.969721482401852 469
5 25 81 23.843568021247638 -40.153572408706374 469
8 26 73 -5.102787091570541 7.549567517309624 469
5 25 81 45.820727718784873 4.757500297575593 469
5 25 81 78.180562102195154 -33.358652691390354 469