4 12 90 98.000000000000000 0.000000000000000 0
7 16 90 90.081632653061220 26.857018795073568 0
4 12 90 74.292187369438807 3.733580088092849 0
7 16 90 82.210554716377573 -23.123438706980703 0
4 12 90 62.184783518681833 24.455809022130698 0
4 12 90 56.401950748873446 -12.264527101827529 0
4 12 90 44.294546898116472 8.457701832210317 0
2 17 89 74.350371093830944 55.866110641511710 0
2 17 89 42.031115314885376 45.308378598355205 0
7 16 90 49.407868002397606 77.473321001339258 0
3 19 92 15.336958395641350 69.462508397848637 0
6 23 77 5.695154528114713 28.584205862394100 0
2 17 89 -19.337376327791382 59.783122493394430 0
2 17 89 -46.076771569738170 80.783235400113611 0
2 17 89 -72.033569459296245 58.823166107858768 0
7 16 90 -11.563013184733315 91.854282087644535 0
4 12 90 -90.846907092347834 36.753768130007046 0
2 17 89 -92.671381216667982 7.811216511849963 0
2 17 89 -89.285885983695508 -26.019810992905509 0
2 17 89 -63.836282114777909 25.826128662181929 0
2 17 89 -60.450786881805442 -8.004898842573539 0
4 12 90 -81.762419648945709 -54.026907492005286 0
7 16 90 -60.349903894788525 -72.068641584879259 0
9 14 76 -58.650749085711887 -42.116799021611271 0
4 12 90 -37.034334754465512 -56.564312006893076 0
2 17 89 -30.944687216699311 -28.210896112758235 0
4 12 90 -33.592136872864934 -80.316180854289158 0
7 16 90 -9.252078858706572 -53.079163897763756 0
2 17 89 -5.119072655963155 -85.819326691007234 0
7 16 90 -3.971782631709811 -9.198731105872451 0
2 17 89 -30.168379656689492 10.869609740117419 0
4 12 90 3.112747825553399 97.950552836492520 92
7 16 90 29.704706578373901 89.183128489040513 92
4 12 90 6.091419167120826 74.136113581306915 92
2 17 89 58.199493654205511 72.538396304261454 92
4 12 90 81.197496730681266 54.872274644587179 92
7 16 90 89.674579431627407 28.186340730232207 92
4 12 90 63.644996663740415 38.504326043737969 92
7 16 90 62.998555906559460 10.511789282174981 92
2 17 89 92.883312043491856 -4.657289322268966 92
2 17 89 28.586199653948878 55.833522211519409 92
7 16 90 -3.421432499399149 47.801618082611895 92
4 12 90 -17.797461887681123 71.829305841263434 92
4 12 90 -20.776133229248551 95.643745096449038 92
8 13 78 66.172025129922574 -18.314051435631796 92
4 12 90 42.955705278162213 -9.040298552318712 92
3 19 92 77.057762911574031 -48.405590328635043 92
7 16 90 43.960636618161509 -37.022259044783986 92
7 16 90 55.426198251898604 -75.920593697238914 92
2 17 89 24.719855457811978 -63.832561921468134 92
2 17 89 11.256710950738320 -32.611675643502672 92
2 17 89 15.781101062729464 1.085948814528741 92
2 17 89 -14.426390980187390 16.690673242634325 92
2 17 89 -36.058574347627172 42.921354567324727 92
7 16 90 -45.670717954124456 74.490432718073336 92
6 23 77 -76.052918336864224 42.248711370244877 92
2 17 89 -92.810856754224076 5.928310766727641 92
7 16 90 -59.822021395762690 6.786647351249297 92
4 12 90 -74.848950057581732 -16.839427544776100 92
6 23 77 -41.569627068944612 -27.678553958743645 92
4 12 90 -74.006952483144232 -40.824652998889334 92
9 14 76 93.889153703757444 -20.020659749174367 184
6 23 77 71.539844270602543 -49.508087033715370 184
8 13 78 96.759501634974512 6.826334547278233 184
6 23 77 61.771700348639563 -1.650325239922040 184
6 23 77 76.169351499101609 42.038433512754821 184
6 23 77 31.134950984242671 32.662785787542774 184
8 13 78 48.007447784067779 64.464025570606140 184
5 19 84 42.916729860867527 -80.244341221355427 184
8 13 78 35.542093120979416 -49.105703920492488 184
8 13 78 32.959666223622030 -23.234270420977911 184
8 13 78 19.069947026710715 -1.255287263630675 184
6 23 77 -12.055646871421899 16.833311479459674 184
8 13 78 0.009357086110056 50.751384530633118 184
6 23 77 16.881853885935158 82.552624313696484 184
10 13 102 71.399513620986795 -65.659039398140152 268
3 19 92 83.552001567272114 -36.056386869770485 268
1 20 100 45.608415907700874 -45.072167883902303 268
1 20 100 57.627122047131415 -6.920487675371319 268
1 20 100 87.930572300054294 19.188914898579469 268
1 20 100 50.167441266916654 32.377771352953260 268
1 20 100 18.577444719768323 -15.587822942269964 268
1 20 100 11.117763939553562 23.710436086054617 268
1 20 100 23.136470078984104 61.862116294585597 268
10 13 102 46.586545206624848 85.080513666239085 268
10 13 102 67.512365348394653 69.649698671745014 268
10 13 102 51.394066594385478 -82.265727486553416 370
3 19 92 20.060278067549117 -88.761395008486701 370
1 20 100 -18.932017801183026 -87.986241549322301 370
10 13 102 36.228879593783233 -61.146610477626062 370
1 20 100 68.448955212091533 -54.014519118810270 370
1 20 100 4.219024980101210 -53.123568186142123 370
1 20 100 -35.755497986109191 -51.696153171537972 370
10 13 102 32.103804387133337 -35.475931590236222 370
10 13 102 -14.831537883223104 -26.177769727188846 370
7 16 90 -70.031922140268165 -62.701912900161332 370
10 13 102 -63.841379059864884 -34.370354941417318 370
10 13 102 -89.721359840527654 -36.865669509267690 370
10 13 102 -96.290668692988987 -11.709275069662979 370
10 13 102 -42.577391660876927 -19.408976666148646 370
10 13 102 -23.554894806312724 -1.684851485534086 370
7 16 90 -92.443649201038681 17.034427562888638 370
10 13 102 -71.708667659047151 -3.240200435012351 370
7 16 90 56.634488251831286 -20.008367168833352 370
10 13 102 85.104714514648052 -25.526176203587873 370
3 19 92 90.804477551348754 5.962118468011305 370
7 16 90 -48.153024647015187 13.675226910748371 370
3 19 92 -17.004969031422924 29.637639991732442 370
10 13 102 1.861899890949704 3.791145895510997 370
10 13 102 10.585256814039324 -20.701772346143763 370
6 23 77 50.732873075316974 18.542520477345899 370
9 14 76 82.297773428053631 37.846848119659818 370
9 14 76 71.747531120004652 63.783162183949173 370
3 19 92 43.092326937088217 80.150180031906984 370
10 13 102 47.467809716886642 -84.592003408605009 472
3 19 92 68.215739643584001 -60.229667647088682 472
3 19 92 30.308095681213640 -57.581927247773336 472
3 19 92 51.554928110832265 -26.076814778402486 472
7 16 90 88.492899043156257 -31.701842516449315 472
6 23 77 86.696823316446668 7.256777992802864 472
3 19 92 44.895298081899597 11.335072742514424 472
3 19 92 65.295270735556485 43.395033998418199 472
8 13 78 61.332461998069384 75.148713264136305 472
3 19 92 32.159861881301083 61.997310204875653 472
6 23 77 9.876888044612826 -20.886345027155762 472
3 19 92 8.165744499386602 21.078783207696937 472
6 23 77 -9.738110089153068 59.071571877027687 472
9 14 76 -25.474585143828357 92.558335722666499 472
5 19 84 -50.120950766746518 70.613936401166768 472
5 19 84 -42.905781297676285 33.305206463890741 472
5 19 84 -79.016926462545527 45.136740383114429 472
9 14 76 12.594485467800007 88.571659600449124 472