5 10 60 100.000000000000000 0.000000000000000 0
5 10 60 98.000000000000000 19.899748742132399 0
5 10 60 81.766312060385914 8.217823563497323 0
5 10 60 83.766312060385914 -11.681925178635078 0
5 10 60 65.532624120771828 -3.464101615137756 0
5 10 60 63.532624120771821 16.435647126994645 0
4 16 65 84.144800066126621 41.900508610655038 0
6 32 85 57.888331006764687 -44.762585640427872 0
5 10 60 45.565536382063151 -4.611013658282181 0
4 16 65 37.807229944982844 20.204479107898351 0
3 11 72 57.315312949926721 38.870884693126051 0
4 16 65 62.409304383767548 65.385998331803080 0
6 32 85 2.637449033411805 -12.461811018654023 0
5 10 60 13.073902323693064 28.220868867506098 0
4 16 65 26.851199669681073 50.270496479786352 0
7 17 90 34.163668475489935 82.450114251973645 0
6 32 85 -14.271035523779279 75.028561280851306 0
6 32 85 -67.373020827530055 39.304911456117040 0
3 11 72 -24.789470020875505 33.334886272160887 0
5 10 60 -59.298405535375757 80.521420137514454 0
5 10 60 -33.635706417345318 14.289044163769539 0
3 11 72 -49.290607173240176 0.291755771974401 0
4 16 65 -74.955891657120318 -8.092346586746043 0
5 10 60 -99.994102165624497 -1.086062655029330 0
7 17 90 -84.045872314310316 -39.815717335326845 0
6 32 85 -42.326997887523127 -65.516602856296004 0
3 11 72 -0.547676338127211 -55.343683370121823 0
3 11 72 -39.141872515984112 -22.634730504828198 0
5 10 60 -98.538384719187377 -17.034868268742763 90
5 10 60 -93.177721040770578 -36.303061877041984 90
4 16 65 -93.615374643650995 8.494800193580987 90
4 16 65 -72.736220550019908 -20.236168658792216 90
3 11 72 -66.723064503333376 6.085722503474170 90
4 16 65 -43.384283783252513 -7.490039519336255 90
3 11 72 -49.397439829939046 -33.811930681602647 90
4 16 65 -69.305014028223795 -52.051680941400271 90
6 32 85 -40.867435558303640 40.443930429047654 90
4 16 65 -12.696597333535475 1.580015627345792 90
3 11 72 -21.876044704598769 -23.811670924789325 90
3 11 72 -30.028780656116314 -44.245292642557160 90
3 11 72 -43.935541702827692 -61.292345091284808 90
3 11 72 -59.233457885525418 -77.102903603467581 90
9 16 80 -88.204695188413979 32.495103426808491 175
6 32 85 -76.713325521388413 -14.109064017485213 175
9 16 80 -56.358503856707486 29.361399920676707 175
3 11 72 -39.836565685012147 8.006644968894271 175
9 16 80 -28.779328538285490 -16.625397306991992 175
10 18 95 -40.469143600000017 -48.552630569880783 175
7 17 90 -40.844763981203492 -83.550614930829695 175
9 16 80 -12.114818418353831 -67.315152881485503 175
9 16 80 -72.576523448963627 -59.738164049977577 270
7 17 90 -46.812621223402935 -80.359059814025983 270
9 16 80 -42.974985012405043 -47.582962604137819 270
9 16 80 -16.982022774250360 -66.247525660525312 270
7 17 90 -87.859705448078216 -30.490525718277357 270
9 16 80 -56.993419277142799 -18.816949658906310 270
9 16 80 -25.072104168611411 -21.059635936976939 270
7 17 90 -92.947426023198105 3.126658865644927 270
10 18 95 -60.039647785229235 15.046312025056173 270
10 18 95 -80.385548183935597 44.745543277159669 270
7 17 90 -45.449492780956511 46.860261433315685 270
7 17 90 -25.319076478660328 19.460145749321782 270
7 17 90 1.479875117346630 -1.463912015721691 270
10 18 95 5.346000085593440 -36.249729207932354 270
7 17 90 15.843297087837671 -69.638451190761742 270
10 18 95 50.012555018710529 -77.218808204351674 270
1 23 105 74.746303738653467 -44.519547138408285 270
10 18 95 91.718050247131004 -7.197170198401082 270
1 23 105 50.763548084852196 -5.266172363109499 270
10 18 95 77.454084780890739 25.856411894587040 270
2 30 115 33.346095479314577 44.790119396606890 270
10 18 95 81.314005813417751 43.035246700529832 385
1 23 105 86.966149046654294 2.426709705570531 385
10 18 95 83.587324760975477 -38.433828059448032 385
1 23 105 45.692060849824443 22.735565988490812 385
2 30 115 36.435568814131372 -29.449847253076516 385
10 18 95 7.198983710372843 8.618802466485182 385