4 15 76 95.000000000000000 0.000000000000000 0
4 15 76 90.263157894736835 29.623678483095365 0
4 15 76 66.976720827465385 10.709613644674024 0
7 25 78 55.241529521179515 48.949452621909174 0
7 25 78 27.095941811729325 7.623602449291472 0
7 25 78 67.750923662230932 -29.282893278131418 0
7 25 78 19.335425855468010 -41.770469989540842 0
4 15 76 -7.630904517726659 -12.226993108785610 0
7 25 78 -19.404239621784338 26.001119328628342 0
4 15 76 15.322606707671648 45.851714886705423 0
9 20 48 22.727405855472995 80.059447193608207 0
3 22 84 -18.856618435634676 85.955965128505667 0
4 15 76 -54.886754748181517 77.539951980981868 0
4 15 76 -76.329162286779635 56.558456349147804 0
7 25 78 -83.249492868915851 17.161641444463562 0
2 23 84 -81.365081891073714 -30.801354659476697 0
4 15 76 -51.553014266624672 -7.237810275083294 0
4 15 76 -43.751335025054061 -36.205616560883513 0
4 15 76 -59.393126821861351 -61.805115567413552 0
4 15 76 -54.886754748181517 77.539951980981868 84
7 25 78 -15.348885962020653 83.602701509729258 84
7 25 78 -40.321930533737216 40.285879779377687 84
7 25 78 9.678059781807331 40.316999635605853 84
9 20 48 -84.403643030224544 31.241399508127465 84
9 20 48 -89.605365599886738 -8.418934357187727 84
5 30 87 64.170495390889997 47.771827694654576 84
7 25 78 84.941416868583303 -3.155265497157380 84
9 20 48 40.473448699919693 3.743995836544942 84
9 20 48 1.206421470320368 -3.878377320806074 84
9 20 48 -38.785386516617820 -4.687879597435089 84
9 20 48 -61.937571411619565 -37.306529701135780 84
1 16 87 83.008061119667985 -44.109656416180165 84
7 25 78 42.109577381547609 -41.226250804285868 84
5 30 87 3.044416307363768 -79.942051070431376 84
1 16 87 -40.968897737107966 -66.569385411606760 84
1 16 87 -21.597320136065697 -41.098971570312436 84
1 16 87 63.401248993127552 -69.399435344327131 171
2 23 84 80.029354049135677 -34.121877006959778 171
1 16 87 42.601006232324892 -45.081748343058351 171
3 22 84 44.039039552048649 -7.108967826333419 171
5 30 87 -1.540605427174008 -32.138869215832003 171
5 30 87 -56.158843491697787 -56.975295503182728 171
1 16 87 -90.292630011295188 -26.138878431244052 171
5 30 87 -50.358700563501259 2.743699314316437 171
5 30 87 70.622755180966777 37.582262447186842 171
3 22 84 19.291164547800776 29.271558321237940 171
3 22 84 31.295493488009033 71.602351919932474 171
8 31 93 -46.807277068538937 63.640229520555856 171
1 16 87 -4.550169025767630 84.215380063420739 171
3 22 84 0.263103684470600 87.999606683502961 264
3 22 84 -42.372410670839464 77.127030371600142 264
2 23 84 43.454578954050199 75.370415734067819 264
2 23 84 -74.241415641773955 45.356501226454427 264
2 23 84 -86.992279104016717 1.159041107492357 264
2 23 84 -75.423461950048704 -43.362442129907265 264
2 23 84 75.813670018039943 42.676544358649167 264
3 22 84 87.997653556555775 -0.642626283610099 264
3 22 84 -11.638726202491672 45.639879992436931 264
3 22 84 -43.454316954835143 12.536468404400598 264
3 22 84 32.144151392503517 31.815000130781410 264
3 22 84 -32.434211174137374 -30.061152052406996 264
2 23 84 -41.276192603656810 -74.183928080214145 264
1 16 87 1.134709124641939 9.851064002751897 264
3 22 84 11.439140901528273 -26.725139815516268 264
2 23 84 4.627352648055393 -71.206591464376046 264
2 23 84 50.625123879327738 -70.753776098542744 264