3 14 57 96.000000000000000 0.000000000000000 0
7 24 54 79.000000000000000 33.985290935932859 0
3 14 57 68.104712048408103 -2.419278838367411 0
8 17 75 42.574648169620829 15.165255228392542 0
4 15 99 64.166861645282779 70.054363651346790 0
4 15 99 39.122480201605811 86.570384906588941 0
5 16 92 36.709056768595907 55.664473055731037 0
9 22 79 3.984558353837834 74.980456165645379 0
8 17 75 9.893709384598072 36.430722909815117 0
5 16 92 -21.451598618641338 46.749233760807876 0
9 22 79 -48.531711377936318 73.407581289187604 0
9 22 79 -78.003539932993121 40.736319886827602 0
9 22 79 -87.974483504801654 -2.119021487239316 0
3 14 57 -88.107655624092729 -38.118775169544470 0
3 14 57 -62.271581076716117 -27.325385897290889 0
8 17 75 -49.078473453169664 0.727099041365090 0
8 17 75 -64.527818467503351 -58.243170307503952 0
9 22 79 -29.239238406853282 -41.638468644929844 0
5 16 92 -38.475787886154059 -78.498828840082965 0
9 22 79 -0.630938104747258 -75.068472441287994 0
7 24 54 15.758228874270834 -32.087136890448456 0
2 14 52 34.045695117603216 -65.397324197021476 0
7 24 54 69.224552081129985 -51.029024967825137 0
3 14 57 83.091838528850559 48.080623642954414 99
7 24 54 51.356471467628083 68.981974735395212 99
7 24 54 56.204888759861788 21.227468667796003 99
7 24 54 84.135788258525153 -17.809242940580624 99
3 14 57 94.130616442719244 18.852772955554158 99
7 24 54 36.363554576132415 -22.479755652784828 99
3 14 57 65.683958010473873 70.011553761349319 156
7 24 54 78.837455273787469 34.360670045177542 156
7 24 54 33.429436777461767 49.920614011572269 156
7 24 54 42.658139269264382 2.816144475043188 156
8 17 75 92.907379770142825 -4.149552294700740 156
8 17 75 69.151983498028116 -28.474049164210669 156
7 24 54 31.114097275689684 -43.775003766340433 156
8 17 75 24.056283325438145 89.834821937633109 156
7 24 54 -10.880343589124625 68.377140333306684 156
3 14 57 -45.198890466332273 84.693921273090766 156
3 14 57 -47.059687730458776 56.755821238517562 156
7 24 54 -28.362409588835291 23.673926037444687 156
8 17 75 -68.054407313286632 33.947451072317065 156
8 17 75 -92.433620333999428 10.248211158541181 156
3 14 57 -93.736327191196338 -20.724405050688112 156
3 14 57 -68.245018445730580 -9.140227115101098 156
3 14 57 -70.958480444285925 -37.008437032180382 156
9 22 79 -36.591608061503486 -26.288451835103587 156
3 14 57 -52.882106063133378 -58.391717632509504 156
8 17 75 -8.703363220803023 -53.550986561448170 156
8 17 75 -30.396244130030123 -79.731493009148735 156
8 17 75 1.010461267053434 -15.940293438055377 156
8 17 75 65.650342261060203 -65.871333378076173 156
5 16 92 37.594970132324150 -83.246490779324105 156
4 15 99 8.747454082518839 -94.596416671426965 156
3 14 57 37.107616747552235 -88.538267315984797 255
4 15 99 8.747454082518811 -94.596416671426965 255
9 22 79 17.165120641425965 -58.566666607028012 255
9 22 79 -23.236324788356185 -75.994322995204115 255
9 22 79 -18.128395234051769 -32.291816709314020 255
9 22 79 22.273050195730370 -14.864160321137916 255
9 22 79 61.056277340125632 -61.659620478360651 255
5 16 92 -60.974473231176852 -71.540992543998840 255
8 17 75 -56.575504025932290 -38.835502638918527 255
9 22 79 -48.692899404084876 -0.640417295701525 255
8 17 75 -88.741536705196367 -27.819771084613290 255
8 17 75 -92.810372393502689 5.935888828082323 255
8 17 75 -70.565308332238857 31.648864636227678 255
3 14 57 -39.671358109195992 34.210863780675197 255
5 16 92 -11.122403171235529 5.056758567605925 255
5 16 92 15.668029857129527 22.557407074238100 255
8 17 75 47.717118633667184 14.692554336035805 255
8 17 75 61.238596978357464 -16.503112404299660 255
8 17 75 92.908152734295143 -4.132209518028379 255
3 14 57 85.758051802180063 -35.471410565772203 255
10 23 116 -53.702921574670505 68.447032180692759 255
8 17 75 -20.476247028723968 90.717822436490792 255
4 15 99 -16.917523011366434 58.916321161106275 255
5 16 92 13.766408525534235 54.500854544904477 255
3 14 57 42.292889968806406 45.214312859936470 255
5 16 92 71.344451945586940 37.730547316489790 255
2 14 52 -83.771648133749906 46.886149009650978 371
5 16 92 -63.668607019543380 69.154236892550202 371
2 14 52 -56.633994807787829 39.990659762331418 371
5 16 92 -33.352432266284310 58.910724392930867 371
4 15 99 -30.948886558727772 89.817406001147674 371
5 16 92 -4.746034743255318 73.252063966152079 371
4 15 99 -7.149580450811854 42.345382357935279 371
2 14 52 -31.796577142865594 27.063839436427255 371
5 16 92 -92.239738118268932 18.106095986522458 371
1 16 113 -61.196509641558961 10.339631814018759 371
10 23 116 -84.431621894016516 -20.983355888556751 371
2 14 52 -94.897788598131186 14.505506512507672 487