1 10 114 100.000000000000000 0.000000000000000 0
1 10 114 98.000000000000000 19.899748742132399 0
1 10 114 81.766312060385914 8.217823563497323 0
1 10 114 83.766312060385914 -11.681925178635078 0
1 10 114 65.532624120771828 -3.464101615137756 0
1 10 114 63.532624120771821 16.435647126994645 0
9 34 113 49.107546252682681 58.003869707465483 0
1 10 114 87.839030033162885 37.126318027194188 0
9 34 113 57.043368445446134 -46.637386619628096 0
1 10 114 45.544957735842516 -4.166378259179756 0
9 34 113 3.211521417098432 7.828627761945837 0
1 10 114 5.551912576613482 51.766340142319763 0
1 10 114 7.290415789405248 71.690637032777730 0
3 13 114 17.152173050045796 92.469129368175970 0
9 34 113 -37.094643541627562 62.595525303434989 0
1 10 114 -5.822510987535032 93.547968268720723 0
9 34 113 -75.710769587631034 6.624150394476636 0
1 10 114 -79.390874647231669 50.469980603862588 0
6 14 99 -87.288661786914929 -39.958597616152382 0
9 34 113 -40.746395600138172 -51.698165674612497 0
8 16 54 30.401234264958067 -88.948102594530596 0
8 16 54 -0.775737809665531 -81.737248813032835 0
6 14 99 9.546494321183033 -53.568977232460526 0
1 10 114 -24.417866528395685 -92.556202073260692 0
1 10 114 98.000000000000000 19.899748742132399 114
1 10 114 100.000000000000000 0.000000000000000 114
1 10 114 81.766312060385914 8.217823563497323 114
6 14 99 86.755771184755062 41.102751320786574 114
9 34 113 41.335760176023314 25.577848745675603 114
9 34 113 -4.431358480786049 75.870699627819207 114
9 34 113 -25.102685645060340 11.088786771933769 114
9 34 113 -59.070029533233622 -47.819782631698637 114
3 13 114 -50.956090726248199 82.537729662853963 114
3 13 114 -47.381578640186625 56.784615999714120 114
3 13 114 -95.330833181013844 -17.917372715152965 114
3 13 114 42.452216638846544 72.564586501840594 114
3 13 114 68.203027696220289 68.973524000652660 114
4 21 93 -78.217579050031219 42.461869101019545 114
4 21 93 78.826457749985337 -22.642462511547727 114
3 13 114 44.853354450252340 -21.290333750789003 114
8 16 54 -74.273866215409569 2.022640880866758 114
10 24 67 10.398787517689241 -34.776727541922689 114
7 23 60 -10.137167462409757 -77.052897579608782 114
3 13 114 96.951205334291259 -3.076326417676341 228
4 21 93 84.317073395435514 28.489140633384142 228
6 14 99 69.953492366074116 -3.427744239876427 228
4 21 93 43.335085575965152 19.298021312823472 228
4 21 93 55.866336664880826 59.385023522349563 228
2 25 92 38.469268659751130 -26.443905032028752 228
6 14 99 12.531524349415022 2.680542088760113 228
4 21 93 5.203741437748235 36.904855048985979 228
4 21 93 17.734992526663909 76.991857258512070 228
5 32 80 12.215144143157659 -77.037589873787468 228
6 14 99 55.518695835794567 -61.519780401986267 228
6 14 99 -0.026279312549327 -32.696327467558362 228
6 14 99 -13.327623199070672 -8.057450650371642 228
5 32 80 -49.542664094627277 -60.245534559890245 228
2 25 92 -52.036378138191687 -3.300109894962780 228
2 25 92 -40.035124091471673 45.238224453324108 228
8 16 54 -15.781067246360966 92.665840073706946 228
8 16 54 81.590805158651591 -46.679122887678091 228
3 13 114 -73.416056267923807 63.396235551214275 228
3 13 114 -53.928249591001467 80.607435129480209 228
8 16 54 -86.244631720307936 37.388012777205141 228
8 16 54 90.556415848238430 25.209830398495559 342
7 23 60 85.943623973252315 -13.516415883813572 342
7 23 60 67.038017320084279 -55.451819030506826 342
7 23 60 40.173696203690071 -18.111381821560588 342
8 16 54 59.912503742850674 15.524603029963783 342
7 23 60 64.525295617836790 54.250849312272926 342
7 23 60 24.428257389845541 31.706947135786081 342
8 16 54 29.041049264831649 70.433193418095215 342
5 32 80 13.050907956810597 -65.958579834766510 342
8 16 54 60.697012289407041 -71.776546999278040 422
7 23 60 78.663912490123153 -37.161658624800978 422
10 24 67 85.491332894675381 9.339807272732894 422
7 23 60 42.243693465302954 -9.062412261524161 422
8 16 54 50.666097876101595 29.017281854119148 422
8 16 54 76.237935762808732 48.254774078834146 422
10 24 67 25.407928762832306 -52.943581649805544 422
7 23 60 -3.273510968247642 -15.709524458137212 422
7 23 60 11.685405148258877 27.790255180607193 422
10 24 67 41.412700744234947 67.932248660220395 422
8 16 54 80.223680882516049 48.991438289360616 489
7 23 60 86.366692997497950 10.478279471169845 489
7 23 60 79.637426223703457 -35.026851763528349 489
8 16 54 53.472793718965100 31.430400849534767 489
8 16 54 48.867437693624311 -0.236469786507840 489
10 24 67 32.671296255205021 -36.810846097071476 489
10 24 67 9.221116832725826 5.071000627416849 489
10 24 67 46.729541463251714 70.857910902996380 489