3 11 116 99.000000000000000 0.000000000000000 0
3 11 116 96.555555555555557 21.863775779997951 0
3 11 116 78.843192529652626 8.814936902970350 0
3 11 116 81.287636974097069 -13.048838877027592 0
3 11 116 76.398748085208183 30.678712682968296 0
3 11 116 84.861216147439819 50.986017632067515 0
3 11 116 63.043340148006621 48.161077478124973 0
3 11 116 61.130829503749695 -4.233901974057249 0
3 11 116 58.686385059305252 17.629873805940697 0
10 15 106 59.649623878065348 73.938639230143650 0
3 11 116 42.064909212406363 54.787195155939798 0
5 19 117 26.245743010150221 80.277467431170550 0
6 36 103 11.703809931364034 18.909574687928107 0
6 36 103 41.170114722846307 -46.784693569930347 0
6 36 103 -30.455942867229929 -39.456127946079896 0
8 20 116 -5.938493869395941 -89.803865677169753 0
8 20 116 -44.148423742331460 14.844111164673372 0
8 20 116 -32.612794436263975 53.144623648359499 0
8 20 116 -12.084323842251306 87.475104202391321 0
10 15 106 -62.249617678007837 71.763396651369945 0
5 19 117 -80.244756467390303 42.915953437960837 0
2 23 95 -85.220633396307434 -17.505531798039435 0
9 11 62 88.139293828065590 -45.082866850832808 0
9 11 62 -98.005200982073958 13.999306427937373 0
9 11 62 -36.708944204642208 -86.038313106013305 0
9 11 62 -57.940353098709821 -80.274002533801863 0
9 11 62 -71.266443365516025 -62.769279793897262 0
9 11 62 56.221342990715982 81.487180539765092 117
9 11 62 72.829297482966240 67.058880307813141 117
7 27 73 77.632316357254695 29.363641753146464 117
7 27 73 79.267072341556570 -24.611607879178440 117
9 11 62 51.722466214021537 1.566525615762704 117
4 16 51 67.081491994540414 -65.848868113175726 117
9 11 62 49.083746051837494 -85.975495773614057 117
4 16 51 44.733852324651579 57.052828528772785 117
9 11 62 34.225681303595834 81.924063757290185 117
1 22 51 29.649116440197762 -59.305378191226531 117
9 11 62 41.465882807215010 -28.493626656668646 117
9 11 62 32.184945464527466 -8.547093072080372 117
4 16 51 35.126419742957509 22.863737675802003 117
7 27 73 2.227955710354394 50.552924451428325 117
4 16 51 9.567096569233488 92.921981691984570 117
10 15 106 94.565899723632171 -9.071417169326192 190
10 15 106 92.679426145496961 20.869211037827363 190
2 23 95 58.777579684107778 3.703407633722050 190
6 36 103 49.918148472077817 -54.627634518800051 190
6 36 103 0.118270801681874 -2.627901980895592 190
6 36 103 -44.809156753669015 -58.890911616522963 190
6 36 103 -73.660957373905546 7.075546534344280 190
6 36 103 -32.779667594885993 66.343751720631403 190
6 36 103 38.869347520402101 59.243143788262749 190
10 15 106 16.888388728816984 -93.486802951776937 190
10 15 106 92.679426145496961 20.869211037827363 296
10 15 106 94.565899723632171 -9.071417169326192 296
2 23 95 58.777579684107778 3.703407633722050 296
6 36 103 49.918148472077817 -54.627634518800051 296
6 36 103 0.118270801681874 -2.627901980895592 296
6 36 103 -44.809156753669015 -58.890911616522963 296
6 36 103 -73.660957373905546 7.075546534344280 296
10 15 106 16.888388728816984 -93.486802951776937 296
10 15 106 35.709036071056246 33.900134204208790 296
2 23 95 59.080979142031218 63.862648736322164 296
2 23 95 -30.800611390687401 47.621702236196406 296
2 23 95 12.259733427227850 63.802144262366127 296
10 15 106 -10.205696730223508 94.450218391757602 296
10 15 106 -39.149066501910859 86.558365234268152 296
10 15 106 -64.188374240166652 70.034652939843355 296
10 15 106 94.565899723632171 -9.071417169326192 402
10 15 106 92.679426145496961 20.869211037827363 402
2 23 95 58.777579684107778 3.703407633722050 402
2 23 95 72.689270104372483 -40.142514293530382 402
2 23 95 67.075885683826343 48.948718081712514 402
2 23 95 27.761742652890369 -30.267430643438011 402
2 23 95 23.743144433893832 33.512606661850384 402
2 23 95 32.041450433612411 78.757917109840847 402
4 16 51 56.088233111798388 -75.432818496968295 402
2 23 95 17.090497749814190 -75.012536881087854 402
2 23 95 -16.324278495486030 -43.398414586193752 402
7 27 73 -65.805387616608471 -50.583109440087938 402
7 27 73 -82.997780804332336 0.606944442269970 402
7 27 73 -18.370287677649703 6.559706339502624 402
1 22 51 -15.532115539063607 55.477441149198725 402
4 16 51 -38.489635159613428 85.758661284326536 402
4 16 51 -7.220172325089329 92.557241580264517 402
5 19 117 -22.820996850180251 -88.092009301434729 402
8 20 116 -76.645025345974616 47.175630252439746 402
4 16 51 -55.591401068914664 -75.799710600998168 519