10 15 58 95.000000000000000 0.000000000000000 0
10 15 58 90.263157894736835 29.623678483095365 0
10 15 58 66.976720827465385 10.709613644674024 0
5 18 62 72.084330237012907 57.165105915070846 0
2 24 69 35.743212889562230 78.220347303827751 0
5 18 62 42.428608891471370 36.755838621128312 0
2 24 69 1.220129831921348 44.871333282492287 0
5 18 62 -5.465266169987796 86.335841965191733 0
5 18 62 -41.231867122204690 82.243134264307173 0
2 24 69 -46.588202661269833 40.586086006023827 0
5 18 62 -87.118048957703365 29.571025443890143 0
10 15 58 -64.225938632347550 5.802321548815474 0
2 24 69 -18.972903411754476 1.325479192581469 0
4 25 71 -54.055321078662026 -32.883057324560760 0
10 15 58 -88.262181971009937 -12.149252370053265 0
2 24 69 68.136824040123869 -28.273128184704518 0
5 18 62 36.146480836844397 -1.058831542380821 0
10 15 58 11.504518601757008 -23.008175432450216 0
8 27 96 -9.359659482321383 -59.459321818755583 0
5 18 62 -51.290271163332761 -75.794064059030859 0
10 15 58 -42.871575943987942 -84.776340898147254 96
10 15 58 -67.169588361772497 -67.180699604202076 96
10 15 58 -84.769248477552026 -42.885597961915408 96
2 24 69 -85.911418607998229 -3.902326583116061 96
7 26 90 -45.021527139659241 -32.677607219583514 96
2 24 69 -74.621378108204169 42.751022551892582 96
2 24 69 -8.338257620407255 -66.653153387054004 96
7 26 90 4.998380831472897 -18.464627005727174 96
4 25 71 39.495684729119148 -56.027055358982523 96
4 25 71 80.471447598164133 -27.374187137811468 96
2 24 69 83.257104692169619 21.546566275792227 96
6 19 75 44.035798994438522 3.920188900814508 96
4 25 71 41.928010741180294 47.869673865708322 96
8 27 96 3.520927374751309 82.925286073800962 96
4 25 71 -25.703549137870539 39.914473798708840 96
1 19 106 49.087460197792453 76.625199845286815 192
3 28 106 2.391792786541352 81.965110426731258 192
1 19 106 29.876357460571608 43.839020872738857 192
8 27 96 75.088984694566108 35.364450759756160 192
1 19 106 38.927704668437308 6.932746152541725 192
3 28 106 -7.349037677596897 15.146339631571781 192
1 19 106 -34.833602351627150 53.272429185564178 192
1 19 106 -72.810911094816930 54.585448844382199 192
1 19 106 -54.959365103426819 21.039624876005995 192
3 28 106 -79.802042249771574 -18.858262188379769 192
8 27 96 80.953812181416197 -18.316121131287332 192
3 28 106 30.084350731756064 -39.227789926999044 192
1 19 106 -16.192391614278133 -31.014196447968978 192
3 28 106 -48.411406001376278 -65.233125594334197 192
1 19 106 49.087460197792275 76.625199845286929 298
3 28 106 2.391792786541167 81.965110426731258 298
1 19 106 29.876357460571516 43.839020872738928 298
3 28 106 75.412736452936457 32.201229490191047 298
1 19 106 90.147151494847137 -12.429443968459744 298
1 19 106 52.326850501427970 -8.738260856342860 298
1 19 106 -7.301115303493891 35.975464496825111 298
3 28 106 -48.499316035223927 58.596433894003439 298
1 19 106 -85.876940532976860 30.102343508364179 298
8 27 96 -48.280933578998386 3.596867449323049 298
9 33 83 -52.584149527244605 -56.248619703032553 298
1 19 106 -88.530382332164422 -18.673783081504759 298
3 28 106 -0.753876016344492 -24.083067511514265 298
3 28 106 3.639668664503617 -79.910451160915144 298
3 28 106 55.957573817032589 -59.939552321579356 298
6 19 75 76.099767999857107 49.898149368167196 404
4 25 71 84.731315422376412 6.753087204661149 404
6 19 75 45.710226425257467 27.084211459825280 404
6 19 75 41.147547423572377 64.809295426962876 404
4 25 71 4.029732832542798 41.181603199706494 404
6 19 75 8.899886877751584 84.911245315506349 404
2 24 69 75.405997783505100 -41.351366341077807 404
4 25 71 33.903710072908652 -15.302179889542034 404
4 25 71 -15.032295218320701 -5.042190311731886 404
6 19 75 -38.974457573489524 31.873563259863218 404
2 24 69 -32.802737811491326 74.428350007999569 404
6 19 75 -71.681967669910335 56.059749472950088 404
9 33 83 -76.911524925723739 -3.690167150655377 404
8 27 96 -57.032774241895851 -60.301431676809649 404
8 27 96 -7.863826198995334 -82.626631527080875 404
6 19 75 -20.766329080647800 -88.598868934734384 500
4 25 71 -56.751379697527149 -63.279387658439795 500
4 25 71 -9.840550462057617 -45.976957180596024 500
6 19 75 16.509285659883655 -81.214524297904774 500
4 25 71 56.706108329063653 -63.319959555992284 500
4 25 71 82.494932715929949 -20.483800335733395 500
2 24 69 81.141190079169760 28.497495899395158 500
4 25 71 38.803898232050315 3.828614306346926 500
2 24 69 -83.140454003474218 -21.992382956291628 500
2 24 69 39.759430719905581 52.819296661919942 500
2 24 69 -37.941414440990286 -5.835439475886290 500
9 33 83 -12.309822097305407 76.009659122592382 500