9 11 67 99.000000000000000 0.000000000000000 0
9 11 67 96.555555555555557 21.863775779997951 0
9 11 67 78.843192529652626 8.814936902970350 0
9 11 67 81.287636974097069 -13.048838877027592 0
9 11 67 76.398748085208183 30.678712682968296 0
9 11 67 84.861216147439819 50.986017632067515 0
9 11 67 63.043340148006621 48.161077478124973 0
9 11 67 61.130829503749695 -4.233901974057249 0
9 11 67 58.686385059305252 17.629873805940697 0
7 14 36 88.602132246115488 -36.954866546124379 0
9 11 67 65.228357091938193 -28.085445198484816 0
8 20 56 35.050832435891309 -20.991997120597564 0
8 20 56 27.694194896515008 18.325681906962537 0
8 20 56 33.608248779317321 57.886065710349868 0
2 12 99 62.725808002324953 71.158885489682490 0
10 32 92 -15.808701166868968 -10.161122654069073 0
8 20 56 -5.403801260248260 40.787263561131148 0
8 20 56 0.510252622554056 80.347647364518480 0
8 20 56 -39.486265321157838 80.875427980240872 0
8 20 56 -70.632263824831625 55.777085859512063 0
8 20 56 -87.826210214958436 19.661047766533965 0
7 14 36 -95.036703660855835 -13.565579872555020 0
2 12 99 31.086503948050204 89.786548512432631 0
2 12 99 77.225784463148429 -60.333889432485151 0
2 12 99 55.991362316486665 -49.149108875971727 0
10 32 92 17.144841060023516 -69.811823757399011 0
5 16 75 -28.924260633972658 -56.334514340893072 0
7 14 36 -22.372782079112092 -93.356620665277731 0
7 14 36 -47.092986170774751 -80.207038555319073 0
3 24 91 -64.438750498250528 -37.930139597911307 0
2 12 99 -59.105721476051087 -2.327347552225071 0
2 12 99 44.826544665607500 87.146892620117526 99
3 24 91 8.862329181339927 85.542148216429368 99
3 24 91 42.425328533204031 51.227062984030923 99
3 24 91 82.392992503116886 24.645380629670246 99
10 32 92 71.851673488502314 -30.353533845363948 99
10 32 92 16.417997840790107 1.632519430778766 99
10 32 92 16.434100960704153 -62.367478543358153 99
10 32 92 -30.232462508877006 45.447294897099901 99
3 24 91 -29.530450316844920 -30.379042728933563 99
10 32 92 -77.966856017252766 -2.273623272439082 99
5 16 75 -78.231655423822389 45.725646318610742 99
7 14 36 -83.149561594042964 -47.980729535079554 99
7 14 36 -65.768050136973713 -69.932564525981121 99
2 12 99 56.810295989762849 -79.853555146627855 99
2 12 99 -61.984120072998984 75.907633731898429 99
2 12 99 -26.938493872429124 89.323823595506497 99
4 20 104 -30.546154137978256 -84.657737197369471 99
7 14 36 -62.451860248676979 -72.909293999323026 203
5 16 75 -35.900465149672947 -86.874372527444010 203
7 14 36 -39.359484444866098 -57.074453307495077 203
7 14 36 -13.253918499464749 -67.198653358378195 203
7 14 36 -6.876010969355878 -94.462590996536420 203
10 32 92 32.605916857497427 -70.857986041673286 203
7 14 36 76.695522086397332 -57.739041314304309 203
5 16 75 61.011558941761628 -32.165357573440744 203
5 16 75 91.374498169359597 -22.061302869452213 203
7 14 36 68.180148456529224 -3.034423424863146 203
7 14 36 93.988714654764451 7.824577946870361 203
3 24 91 24.684886409632259 -15.421019343954399 203
7 14 36 47.030376178547563 15.314612860171508 203
10 32 92 6.818095780024166 37.652305336130880 203
3 24 91 55.090886400731641 66.037824279587539 203
5 16 75 85.201947212974616 39.706777647115715 203
3 24 91 -77.203547168186859 -37.889474853177205 203
5 16 75 -93.986708191917813 -1.580722381472555 203
5 16 75 -61.994079609763659 -0.893906245717304 203
3 24 91 -22.988226085701278 -9.756377168625331 203
2 12 99 -35.061751735685874 24.158663423701313 203
5 16 75 -39.025862473466660 51.876632794826094 203
3 24 91 -76.796203261141358 38.708437900197701 203
2 12 99 -59.925164268456427 70.510451096020773 203
5 16 75 -35.197955633391459 83.646856735234607 203
5 16 75 -4.876068132942592 93.873446509451767 203
2 12 99 19.347835202516951 79.830565494705823 203
2 12 99 -79.740218496610510 56.969268506035903 302
3 24 91 -47.029043878956962 72.001868252366478 302
3 24 91 -83.358335470352841 21.151546222725958 302
10 32 92 -70.508790230985980 -33.354317564039825 302
10 32 92 -27.380902366831528 19.561897475110190 302
10 32 92 8.970466002812643 72.236160807922289 302
2 12 99 15.649904765652071 28.746103348619268 302
4 20 104 19.456656994502559 -3.026662307963758 302
2 12 99 -7.776866803093217 -19.829494853870564 302
3 24 91 -18.527897749275212 -54.186667810827274 302
5 16 75 -48.785694330001192 -80.348964080065713 302
6 30 113 65.267371711830577 46.261973475304082 302
4 20 104 89.956962494645694 2.782965816697939 302
4 20 104 82.278271183216688 -36.473087216481346 302
4 20 104 42.282752794117322 -35.874331183346818 302
5 16 75 20.175864893894683 -64.287101329303908 302
5 16 75 47.332899314310694 -81.213278732614441 302
4 20 104 89.956962494645694 2.782965816697939 415
4 20 104 82.278271183216688 -36.473087216481346 415
4 20 104 52.120877659888755 -10.195118956375337 415
4 20 104 59.799568971317761 29.060934076803946 415
6 30 113 37.094379756157025 -57.883737732233655 415
6 30 113 2.132384222019887 -9.122494226033208 415
6 30 113 14.233008217349603 49.644630077642319 415