9 15 96 95.000000000000000 0.000000000000000 0
9 15 96 90.263157894736835 29.623678483095365 0
9 15 96 66.976720827465385 10.709613644674024 0
1 16 91 61.515748820247723 41.224819440086662 0
2 31 87 21.377916537599653 16.771712896131660 0
9 15 96 36.903452582196628 60.072494996781074 0
9 15 96 31.581980317020541 89.596755071014300 0
2 31 87 56.759544622211202 -34.141354130735110 0
1 16 91 10.058922002317779 -28.844954701471952 0
1 16 91 -16.520670744165425 -11.025716518230279 0
1 16 91 -25.532063682351907 19.679247206118962 0
1 16 91 -12.797951982588915 49.036399643267210 0
2 31 87 -66.789595218427280 42.191823503596474 0
6 15 81 51.486614356478285 -79.838139645831461 0
1 16 91 23.233369724973549 -67.080625476043153 0
2 31 87 -23.467252894919874 -61.784226046780006 0
6 15 81 8.923099032312034 -94.580010063752653 0
1 16 91 -46.910579203962442 -21.048364062924144 0
6 15 81 -94.827383836401296 5.724270673528380 0
1 16 91 -90.617720376538330 -24.988572463418329 0
6 15 81 -32.559423083192222 72.921211971188498 0
1 16 91 -2.208912749321346 79.233622166478199 0
6 15 81 90.263157894736835 29.623678483095365 96
6 15 81 95.000000000000000 0.000000000000000 96
6 15 81 66.976720827465385 10.709613644674024 96
10 18 43 72.084330237012907 57.165105915070846 96
3 22 113 68.913960353439521 -26.239636726869424 96
6 15 81 40.227010371787401 -2.871733510059632 96
10 18 43 40.294917380147353 30.128196620748454 96
1 16 91 38.798096667485382 64.095232519604068 96
3 22 113 4.440403462114631 47.861042745992926 96
6 15 81 14.578548764171156 83.444999943505252 96
6 15 81 95.000000000000000 0.000000000000043 209
6 15 81 90.263157894736850 -29.623678483095325 209
10 18 43 63.606420312228920 -10.170700781537420 209
3 22 113 71.956365273179046 28.948072450110622 209
3 22 113 54.299614732092351 69.249923032060764 209
2 31 87 21.065505848208019 14.145355571515747 209
2 31 87 1.429183996282205 72.953644648206136 209
3 22 113 59.341688097019940 -49.942701726078276 209
2 31 87 6.480115100953718 -46.114634278714973 209
10 18 43 -12.996961423735996 -91.077324256644246 209
6 15 81 19.988163102069990 -90.086587148692658 209
5 33 110 -40.646888768815046 -2.812838631665880 209
8 28 118 -61.142125423713495 54.641014802718374 209
8 28 118 -49.875020053932239 -63.581710212440605 209
7 18 108 -28.818438262059868 87.369889642461175 327
5 33 110 -60.609989850277117 47.491358480773158 327
7 18 108 -91.726847673927267 7.084166556775983 327
7 18 108 -10.400823349501653 56.437843784925121 327
5 33 110 -46.797062971638347 -17.047025842398256 327
7 18 108 -28.818438262059868 87.369889642461175 437
5 33 110 -60.609989850277117 47.491358480773158 437
7 18 108 -91.726847673927267 7.084166556775983 437
7 18 108 -10.400823349501653 56.437843784925121 437
5 33 110 -46.797062971638347 -17.047025842398256 437