9 10 107 100.000000000000000 0.000000000000000 0
9 10 107 98.000000000000000 19.899748742132399 0
9 10 107 81.766312060385914 8.217823563497323 0
9 10 107 83.766312060385914 -11.681925178635078 0
9 10 107 65.532624120771828 -3.464101615137756 0
9 10 107 63.532624120771821 16.435647126994645 0
6 16 99 84.144800066126621 41.900508610655038 0
4 37 104 31.979469682948057 51.269516349675648 0
4 37 104 22.387858073164487 -22.106235685496472 0
4 37 104 -36.361601406190509 22.888219649395907 0
9 10 107 -13.306851348895195 63.845252010098534 0
9 10 107 -3.977839048410202 81.536196854775426 0
9 10 107 -13.596449434374641 99.071371055307864 0
9 10 107 6.390433469704799 99.795602909493340 0
9 10 107 -33.039474361079101 94.384284358910065 0
6 16 99 -52.952113552369823 77.666425631265739 0
7 29 90 -74.985320037236249 -30.630079642620181 0
3 17 79 -90.354676662429426 22.023451256055033 0
2 15 57 -79.436984610202416 52.103411366612690 0
2 15 57 92.000000000000000 23.685438564654024 107
2 15 57 80.026954837319693 51.192641067497142 107
2 15 57 94.798529927223228 -6.183746731340193 107
2 15 57 67.531791706936019 6.327247906430586 107
1 28 75 64.359190363234674 -36.555552849979264 107
2 15 57 38.720791069487532 -2.034943329659578 107
6 16 99 51.502376561370383 -78.635266951481810 107
2 15 57 27.610119966542722 -58.882796857670400 107
3 17 79 52.635447517502129 34.648599035745015 107
2 15 57 54.289174644133759 66.605839007160611 107
1 28 75 12.751420737032142 55.487610715159015 107
6 16 99 21.088705733374749 -28.576507800785951 107
1 28 75 -8.735160187642176 3.773716642410805 107
2 15 57 -28.128453390230966 42.152098301339876 107
1 28 75 -71.108318360146981 40.836344841231615 107
1 28 75 -80.738262657155019 -14.329443223804876 107
2 15 57 -75.953182674740745 -57.062369750803924 107
3 17 79 -46.796628167804116 -43.875431922633453 107
2 15 57 -52.219841165855655 -75.412533260228912 107
1 28 75 -9.643112031617665 -81.431016144621893 107
5 15 55 -15.005358441819505 -38.766671388886131 107
6 16 99 -39.182630215778914 71.114231764010043 107
5 15 55 74.956880866447548 -58.364938197287501 206
5 15 55 53.019585358978496 -78.828443904227825 206
5 15 55 89.419251966182202 -32.081106243526250 206
5 15 55 46.266317320014871 -49.598435850963241 206
5 15 55 60.728688419749524 -23.314603897202005 206
5 15 55 82.665983927218548 -2.851098190261673 206
1 28 75 72.208473579582929 38.857899368168042 206
10 27 81 32.133432332385837 76.527397228312822 206
5 15 55 29.418288541894078 34.615251086687550 206
5 15 55 2.148048253001253 47.118610418724948 206
5 15 55 -9.823526689266782 74.626452816878611 206
5 15 55 -36.901952392604045 87.539967498360340 206
1 28 75 10.378395168577882 -73.285078577453604 206
10 27 81 -62.693733540507274 54.392056173230607 206
10 27 81 -82.888009278318478 4.310210885489361 206
3 17 79 -40.569783671283737 16.358770196548491 206
10 27 81 -67.997158719776550 -47.596075531891451 206
3 17 79 -24.114516677305332 -44.384576291297236 206
3 17 79 -34.486943845075317 -76.763778793046825 206
10 27 81 19.126932669247068 -17.544515641764661 206
6 16 99 -6.141816905648779 17.247585400299478 206