5 13 72 97.000000000000000 0.000000000000000 0
9 23 62 80.835051546391753 32.166666620776674 0
9 23 62 62.411822484083586 -9.982884158771661 0
9 23 62 35.120855282046620 27.046875618701144 0
1 24 59 15.771371464362943 -15.785325772182297 0
5 13 72 54.895531503900045 57.129464940780203 0
5 13 72 0.319714191454644 17.833809962107189 0
9 23 62 -2.345716377541960 53.735000469969997 0
1 24 59 -45.119300604597605 73.213719431210151 0
5 13 72 30.984427973171670 67.340200856608647 0
5 13 72 -11.453664893960932 88.563799958644040 0
5 13 72 -78.420893760729072 57.089083210088816 0
9 23 62 -84.283737080075795 21.569693178547009 0
5 13 72 -51.662703810673321 36.796911848958814 0
9 23 62 -42.685042438064514 1.934301558294003 0
9 23 62 -80.489137715465347 -24.273528955832880 0
1 24 59 -38.234885819297816 -44.854544399567011 0
5 13 72 -72.287135898627056 -59.326733747928301 0
5 13 72 93.515463917525778 25.765442132630543 72
9 23 62 86.475419933764684 -9.539483596036682 72
5 13 72 67.901935020316714 21.299220302958823 72
9 23 62 40.998570348135033 -2.621669507322206 72
9 23 62 39.447276045172387 43.352165290153579 72
6 36 88 -14.078482938335036 18.532956494555879 72
5 13 72 8.626375842594125 61.955178774605798 72
6 36 88 -68.008022173598093 -29.170343159369764 72
1 24 59 -80.800316746252903 29.450107193441639 72
7 33 90 -2.042988864265297 -49.409275455778456 72
3 19 95 -44.564670843648557 -79.340973731088411 72
8 18 96 24.197400000360297 88.760835018732010 72
8 18 96 -62.682761142771184 67.341454212975648 72
2 23 79 -23.271508037514160 78.644247171946859 72
8 18 96 -32.042070093544915 86.239815306622461 168
3 19 95 -62.874525164509848 65.785971797469230 168
10 21 92 -83.282926785261907 31.383978493503754 168
3 19 95 -43.324214228949572 33.200923963793848 168
4 23 95 -6.797801435858950 53.933052857584421 168
3 19 95 -11.645532223758195 12.213758685606216 168
4 23 95 -48.171945016848824 -8.518370208184347 168
3 19 95 -90.168974348231018 -8.018843092780230 168
10 21 92 -76.437697142740490 -45.588139417119031 168
4 23 95 -32.893796595623812 -51.907057452891571 168
8 18 96 -62.682761142771184 67.341454212975634 264
3 19 95 -83.305703797891397 36.621847505798797 264
4 23 95 -86.842720184314999 -5.228953144632865 264
3 19 95 -50.984439107288424 16.638458183664728 264
4 23 95 -25.514671226841418 50.034429858645979 264
3 19 95 -48.016551896972516 -21.245465128300253 264
3 19 95 -76.831537139560552 -46.018366158850434 264
3 19 95 -13.612892506818312 9.756052740152171 264
4 23 95 -7.358014220730293 -31.775579753962777 264
4 23 95 -39.302399990962606 -64.874767323487504 264
1 24 59 2.703777255044670 -85.957487100049079 264
10 21 92 46.554635636253280 -75.852922822892566 264
10 21 92 76.155827753154284 -46.057463013412878 264
10 21 92 88.797181446047674 -6.005045148680026 264
4 23 95 45.604220239527734 -14.393614884461183 264
10 21 92 62.082965113992110 26.404068473326603 264
8 18 96 64.797129727788729 65.309509101203005 264
10 21 92 28.351365401055020 51.427640976192421 264
8 18 96 -32.042070093544922 86.239815306622461 360
4 23 95 8.956847697473560 86.537707846488885 360
4 23 95 -16.570670357974247 48.270936073463844 360
4 23 95 29.333085146010632 45.296842828392620 360
10 21 92 -63.148582024351754 62.715680561672279 360
7 33 90 75.728322293073873 13.936326728242683 360
10 21 92 23.124341638014432 1.737096455715985 360
10 21 92 -18.795715620613930 4.327231477933839 360
8 18 96 84.537056994406100 -36.297189901210473 360
8 18 96 49.165483142140140 -29.600044000627474 360
8 18 96 13.761239776933859 -36.122279180168846 360
8 18 96 -22.203246758349696 -34.523620913556385 360
6 36 88 -72.523954031500182 -14.706328285362352 360
8 18 96 -62.682761142771184 67.341454212975634 456
7 33 90 -74.907622042394749 17.828296608305987 456
7 33 90 -61.197399434976695 -46.731983719888397 456
7 33 90 -15.816890194987934 47.227028039064386 456
7 33 90 -2.106667587569881 -17.333252289129994 456
8 18 96 -29.905523150585054 -87.003791211014601 456