10 12 90 98.000000000000000 0.000000000000000 0
2 17 90 88.836734693877546 27.514261191782229 0
10 12 90 74.132513018557262 2.518544260214910 0
2 17 90 54.988819185027580 24.302000974154453 0
2 17 90 69.130877987420774 55.221285778781692 0
5 25 90 33.830100931955201 77.977716502432429 0
5 25 90 41.870520626983108 -15.596748917815951 0
5 25 90 13.736729320970198 32.192823608565540 0
6 20 87 -10.478861413335451 70.121772518186148 0
10 12 90 -33.866851130183832 91.962146530656653 0
2 17 90 -56.519295797659439 73.855055362085238 0
10 12 90 -79.916705168676856 56.721426595095252 0
5 25 90 -82.656211659387722 19.822983481769274 0
10 12 90 -96.950427323244824 -14.304357442409717 0
5 25 90 -73.409345027135089 -42.849364787439235 0
5 25 90 -39.760316696679496 -5.866356629418927 0
10 12 90 -36.409591463499645 -42.714323200340196 0
2 17 90 -42.333046003323354 -71.102924545151851 0
2 17 90 -28.199239155443848 34.511130737745681 0
10 12 90 95.061224489795919 23.819395426849606 90
2 17 90 92.860222927345077 -5.096959670605017 90
10 12 90 72.521608813100727 15.575262655788936 90
2 17 90 74.722610375551554 44.491617753243546 90
2 17 90 59.246565875956854 -10.207934101343154 90
10 12 90 48.550247802534784 16.747376686555111 90
3 13 67 64.302324459658152 72.623763804176718 90
6 20 87 38.502420526672992 52.047929506420118 90
5 25 90 11.557664840107527 16.006562426475739 90
6 20 87 -0.841166016123619 59.264729209160492 90
6 20 87 -32.261220065870148 84.019126869192689 90
7 18 87 -65.140217554266854 64.967315297638578 90
2 17 90 29.949130652054514 88.045724332225063 90
10 12 90 2.697520171040587 97.962867378036805 90
2 17 90 -85.529631697323921 36.519612562568653 90
6 20 87 -89.999756473026281 -0.209367609628501 90
7 18 87 -83.912481940531379 -37.718634314884667 90
7 18 87 -50.831448189235019 31.933103951545775 90
7 18 87 -55.348595532172851 -15.807349705113591 90
6 20 87 -49.261320999677949 -53.316616410369761 90
6 20 87 -19.061431598971382 -27.087497473869213 90
6 20 87 -11.446292981431714 -66.355928354611777 90
10 12 90 -20.888916501580482 33.789120151314535 90
3 13 67 0.807142429148382 -96.996641803204028 90
6 20 87 27.097360218573705 -77.051104743887123 90
7 18 87 63.597012826991090 -66.478718094466373 90
7 18 87 39.902001042881835 -39.376201300800808 90
10 12 90 86.156015509143330 -46.702687198792461 90
3 13 67 -38.910467370403126 -84.651259046680906 90
3 13 67 13.534940099853735 -21.941960371483017 90
3 13 67 -24.928234506357796 5.386809657244182 90
10 12 90 98.000000000000000 0.000000000000000 180
2 17 90 88.836734693877546 27.514261191782229 180
10 12 90 74.132513018557262 2.518544260214910 180
2 17 90 54.988819185027580 24.302000974154453 180
2 17 90 69.130877987420774 55.221285778781692 180
5 25 90 33.830100931955201 77.977716502432429 180
5 25 90 41.870520626983108 -15.596748917815951 180
5 25 90 13.736729320970198 32.192823608565540 180
6 20 87 -10.478861413335451 70.121772518186148 180
10 12 90 -33.866851130183832 91.962146530656653 180
2 17 90 -56.519295797659439 73.855055362085238 180
10 12 90 -79.916705168676856 56.721426595095252 180
5 25 90 -82.656211659387722 19.822983481769274 180
10 12 90 -96.950427323244824 -14.304357442409717 180
5 25 90 -73.409345027135089 -42.849364787439235 180
5 25 90 -39.760316696679496 -5.866356629418927 180
10 12 90 -36.409591463499645 -42.714323200340196 180
10 12 90 -22.907279062485571 27.072603926440202 180
7 18 87 -48.709270702339722 -78.047465991191473 180
3 13 67 -37.265797555905344 50.848473576544549 180
3 13 67 93.816326530612244 24.647451720239562 270
5 25 90 84.134575051126362 -12.098482589415330 270
4 18 71 74.483811257233754 -54.001498688432505 270
6 20 87 43.663445024165732 -31.773025388190746 270
6 20 87 43.985744775690073 8.225676126610544 270
5 25 90 37.391776123560739 -76.333839667119548 270
7 18 87 8.014997857711663 -44.933124727501720 270
7 18 87 10.111338374716121 -8.994213274359929 270
6 20 87 9.806249420327005 29.004561978665130 270
6 20 87 44.891040108224871 48.215430318914485 270
8 17 113 76.183645949118059 -53.339029705267677 360
8 17 113 90.264132978370185 -22.391656876236404 360
8 17 113 92.280180451257863 11.548519207382615 360
8 17 113 81.962329369208092 43.945154048807808 360
8 17 113 59.064946140430713 18.811315478575356 360
8 17 113 48.747095058380943 51.207950320000549 360
8 17 113 56.422678413414744 -25.671283825762423 360
8 17 113 32.106726982968283 -1.907140541558620 360
8 17 113 21.788875900918509 30.489494299866571 360
8 17 113 17.325276239023065 64.195224941084348 360
5 25 90 35.050222678991261 -61.826755553844038 360
8 17 113 10.237012778110955 -27.940111954708172 360
8 17 113 -1.373344699241972 4.016101826778444 360
8 17 113 -11.691195781291746 36.412736668203635 360
8 17 113 -16.154795443187183 70.118467309421419 360
8 17 113 -48.954592753927471 79.072421540617512 360
8 17 113 -74.104149644704279 56.192303791847472 360
6 20 87 -0.039217026121641 -89.999991455693277 360
6 20 87 -87.357793834889577 21.647536956913310 360
6 20 87 -48.193182971382427 29.779772560365622 360
7 18 87 -90.559358557369507 -16.217354213242874 360
5 25 90 -24.174621530305924 -52.019967108420921 360
7 18 87 -65.197052706937257 -64.910278988222245 360
6 20 87 -36.141374203286475 -8.640284877407368 360
8 17 113 90.264132978370185 -22.391656876236404 473
8 17 113 92.280180451257863 11.548519207382615 473
8 17 113 81.962329369208092 43.945154048807808 473
9 17 97 59.064946140430713 18.811315478575356 473
9 17 97 48.747095058380943 51.207950320000549 473
7 18 87 24.754654735082251 25.725352192396858 473
6 20 87 13.347705008537687 61.972855526227804 473