7 11 90 99.000000000000000 0.000000000000000 0
7 11 90 96.555555555555557 21.863775779997951 0
7 11 90 78.843192529652626 8.814936902970350 0
7 11 90 81.287636974097069 -13.048838877027592 0
7 11 90 76.398748085208183 30.678712682968296 0
7 11 90 84.861216147439819 50.986017632067515 0
7 11 90 63.043340148006621 48.161077478124973 0
7 11 90 61.130829503749695 -4.233901974057249 0
7 11 90 58.686385059305252 17.629873805940697 0
5 23 84 43.004411673530228 75.628173167236682 0
7 11 90 42.031369059010231 41.642099724275845 0
5 23 84 27.936397126109341 3.123384151020523 0
9 24 72 7.127713785067971 45.265983710282022 0
7 11 90 9.312878736224146 80.197703595455721 0
5 23 84 -24.529241767444624 83.470451647958939 0
2 27 76 56.635310956622114 -41.967048052703170 0
10 29 83 0.641462076499458 -41.137055528648020 0
5 23 84 -19.739559543822871 6.702404728674639 0
5 23 84 -47.322923867617050 43.514875612613395 0
5 23 84 -85.230576338580732 17.457057512460779 0
9 24 72 -80.841258284333634 -29.337534985162925 0
8 14 69 49.388053933050600 -82.321443917767169 0
8 14 69 21.627395083048746 -78.668250764673019 0
4 17 61 -8.435550007832120 -86.232596900505385 0
1 23 83 -43.966567011271977 -67.860149303593644 0
8 14 69 -42.872427533405791 -30.876330425563015 0
8 14 69 92.888888888888886 24.241582476968254 90
8 14 69 81.943013331181007 50.013423860058701 90
9 24 72 85.021660994264579 -12.935113520041018 90
8 14 69 65.286707112284219 19.538438722916766 90
8 14 69 54.340831554576340 45.310280106007220 90
9 24 72 37.474752916886892 -6.355483417869891 90
9 24 72 17.224345390993754 37.163719183226220 90
8 14 69 38.684396577528318 68.523983899445000 90
8 14 69 92.888888888888872 24.241582476968251 162
9 24 72 85.021660994264579 -12.935113520041043 162
9 24 72 54.889348877602963 24.428555551720212 162
2 27 76 39.438237213612361 73.031674261808092 162
2 27 76 -13.838826765255781 81.838174917096239 162
9 24 72 5.743640853056370 34.747549926788921 162
2 27 76 -61.258143778310910 56.003926834069304 162
2 27 76 21.194752517046968 -13.855568783298956 162
4 17 61 -90.155841247676847 22.823765879532004 162
9 24 72 -52.906459703379511 5.692403570382112 162
9 24 72 -78.629936539154102 -34.832930968389654 162
2 27 76 -27.775696991168275 -38.686023232542453 162
4 17 61 -58.259951803571354 -70.414720157132336 162
4 17 61 -57.033545484605781 73.458659730867694 238
4 17 61 -79.625434862956865 48.049871205706808 238
4 17 61 -91.574821905595371 16.218877672591574 238
4 17 61 -91.284586549937160 -17.779883531874788 238
4 17 61 -78.793520803282590 -49.402237595302033 238
4 17 61 -57.653291730215827 -22.773480306643922 238
4 17 61 -45.162225983561257 -54.395834370071157 238
4 17 61 -46.324833831605453 41.189115347147386 238
9 24 72 -16.268569383113537 69.074971392862054 238
9 24 72 -16.707325574468641 -24.877727338816246 238
2 27 76 -6.167070753331050 -74.776655466637649 238
9 24 72 44.814366362448837 -73.400766804797172 238
1 23 83 77.467308360834210 -39.595658036297692 238
9 24 72 85.740923035199629 6.670391073390995 238
9 24 72 40.800492620877975 -10.192518348636810 238
1 23 83 49.074107295243394 36.073530761051877 238
1 23 83 34.713543247032298 79.774494139646023 238
3 20 91 6.336997968931618 31.325953860055314 238