6 11 91 99.000000000000000 0.000000000000000 0
6 11 91 96.555555555555557 21.863775779997951 0
6 11 91 78.843192529652626 8.814936902970350 0
6 11 91 81.287636974097069 -13.048838877027592 0
6 11 91 76.398748085208183 30.678712682968296 0
6 11 91 84.861216147439819 50.986017632067515 0
6 11 91 63.043340148006621 48.161077478124973 0
1 19 88 47.541826291693141 22.476391998981544 0
8 15 94 59.649623878065348 73.938639230143650 0
3 21 87 49.594650363479502 -17.470897187273579 0
1 19 88 15.072768460158947 2.734044531355298 0
3 21 87 13.019944388372590 42.681333717610414 0
1 19 88 26.273459318307246 80.421820492452085 0
1 19 88 -10.391811225142956 90.404702640188987 0
8 15 94 -43.835932931082397 84.281735767968414 0
1 19 88 -25.604851660178028 55.582821577816894 0
1 19 88 -63.590972852294335 56.609757202796686 0
1 19 88 -87.001761462918552 26.677584267497316 0
1 19 88 -49.374345005168166 21.369333075719030 0
1 19 88 -72.785133615792390 -8.562839859580336 0
3 21 87 -33.353542461300385 -15.282186481461681 0
1 19 88 -60.608911209487573 -44.559223121127616 0
4 36 100 -10.652295238066635 -67.566537625084209 0
1 19 88 42.859336410281685 -80.275010323701011 0
8 15 94 71.719466597982944 -62.300225608747276 0
2 18 94 41.328681688481481 -82.194525790299295 100
1 19 88 69.725646255367579 -58.475073785941859 100
8 15 94 36.934812134812447 -49.488350374250714 100
8 15 94 56.815470770732425 -27.021498965964319 100
2 18 94 89.391842745710292 -21.750826433177231 100
3 21 87 5.440951868722017 -66.927867728236478 100
8 15 94 12.788147165140472 -31.685581745680146 100
10 28 83 78.710684601629993 22.991914438400443 100
2 18 94 38.590424128285434 0.489365703846255 100
2 18 94 34.670342674733504 36.275298154985741 100
2 18 94 57.723930000603993 63.925471959294157 100
4 36 100 -13.978567613059454 12.838499572195623 100
4 36 100 -61.342911714807308 -41.388974164013248 100
8 15 94 -94.951683628642641 -3.029484458807396 100
8 15 94 -94.951683628642641 -3.029484458807396 200
3 21 87 -81.251502955987462 -36.320700260225735 200
3 21 87 -55.548045281356920 -69.537145939564724 200
3 21 87 -39.633488336938782 -30.669075788567103 200
3 21 87 -13.930030662308241 -63.885521467906074 200
10 28 83 -56.134120296167822 15.469077023894624 200
3 21 87 -9.963928668014944 -0.941693982357393 200
10 28 83 25.483271383886454 -34.772094637396663 200
3 21 87 23.094791953126535 -83.713847425878171 200
5 18 83 59.627130487629699 -70.061439535675973 200
3 21 87 80.801830193376148 -37.310377073956332 200
3 21 87 88.914568941367151 3.898644632544382 200
3 21 87 -81.251502955987462 -36.320700260225735 294
3 21 87 -55.548045281356920 -69.537145939564724 294
3 21 87 -39.633488336938782 -30.669075788567103 294
3 21 87 -65.336946011569310 2.547369890771890 294
3 21 87 -13.930030662308241 -63.885521467906074 294
10 28 83 8.231448541033195 -20.183475297047384 294
10 28 83 34.746260818099223 -69.508567592064423 294
5 18 83 76.743011238318871 -50.739631710086954 294
10 28 83 81.845976707811246 -5.023554194434233 294
10 28 83 65.984459621824954 48.683170484426668 294
9 15 34 42.617300445128166 12.586413400016509 294
9 15 34 24.702455408779603 36.650044200949637 294
5 18 83 25.039832086034444 69.648319564635614 294
4 36 100 -28.938170473892818 68.107138316214090 294
2 18 94 20.569372614057723 89.671070643012015 394
4 36 100 55.728903424905631 48.685617209372445 394
4 36 100 70.736706058897809 -21.732887887648314 394
4 36 100 2.248590431357769 0.479226324841830 394
2 18 94 2.621630969417705 58.464043071369531 394
2 18 94 -15.430576861906079 89.610757062008929 394
7 27 109 -52.582444515530653 64.219051135711581 394
4 36 100 -73.836754345430364 4.912607019961136 394
7 27 109 -60.626720839515578 -56.686865500285407 394
9 15 34 -90.907675243446960 -27.582504995594210 503
9 15 34 -94.975885306216483 2.140376205345611 503
9 15 34 -67.201010081150926 -9.197891132834410 503
10 28 83 -54.358362340310549 -50.235269204595866 503
5 18 83 -34.202481526953207 -8.886261131393750 503
5 18 83 -10.595239556357804 -36.065262705067482 503
5 18 83 -13.791876190678645 -71.923058429681092 503
5 18 83 -69.979259875361507 23.684951324607873 503
5 18 83 -34.142913047867559 27.113689585187785 503
5 18 83 -2.995825431862968 9.062126410744044 503
5 18 83 20.611416538732431 -18.116875162929684 503
5 18 83 20.551848059646787 -54.116825879511225 503
5 18 83 45.773619434628941 -79.804609916055341 503
9 15 34 14.199693278731058 -89.400816828263288 503