2 10 63 100.000000000000000 0.000000000000000 0
2 10 63 98.000000000000000 19.899748742132399 0
2 10 63 81.766312060385914 8.217823563497323 0
2 10 63 83.766312060385914 -11.681925178635078 0
2 10 63 65.532624120771828 -3.464101615137756 0
2 10 63 63.532624120771821 16.435647126994645 0
4 18 79 78.566312060385911 40.057421550909162 0
7 27 90 33.604994896324499 38.191956763603670 0
1 12 52 61.917444056286243 65.013687180647651 0
7 27 90 30.623398548937324 -15.725666359279328 0
4 18 79 -3.830885359291088 13.220876100420286 0
2 10 63 -3.271277910308775 41.215283390145920 0
2 10 63 3.689463826427119 59.964898705518749 0
2 10 63 19.391047365908786 72.352807098491255 0
2 10 63 39.245720030420607 74.759459002088278 0
7 27 90 50.323983891560445 -66.003762357019966 0
2 10 63 28.471481895497853 -95.861226357033104 0
2 10 63 8.825909071411509 -99.609755190258227 0
2 10 63 15.402374287063282 -80.721925636089694 0
4 18 79 6.946433329724600 -54.029285029997489 0
10 17 95 -12.415376183827687 -24.872461945839017 0
4 18 79 -37.236965514658934 -0.196791679530853 0
9 20 111 -33.049200150141175 37.571748420024825 0
1 12 52 -17.580658044375419 65.584677669251008 0
1 12 52 -0.275257469952893 82.213661731988481 0
1 12 52 19.315277941734230 96.077677105733329 0
1 12 52 -19.958188156219329 95.946186612709852 0
9 20 111 -57.647341938355730 69.114281935373484 0
4 18 79 -82.619716228559170 40.471996371718021 0
1 12 52 -96.975983580823851 14.130060457470933 0
8 14 91 -71.220714181903162 10.571114238571305 0
1 12 52 -88.917674964042988 -8.476656735361713 0
8 14 91 -31.395720674227693 90.721048954175302 111
7 27 90 -57.916217460541205 59.453441910988658 111
7 27 90 -3.922651572435491 60.287014155480747 111
7 27 90 -30.197539776868588 13.110428333226267 111
8 14 91 -89.867673236477245 33.760943515573615 111
4 18 79 -91.981780640584063 1.830855042725609 111
8 14 91 -91.139951804823340 -30.158069981589957 111
1 12 52 -68.678655200503712 -17.062645022743471 111
4 18 79 -63.716706869276067 -46.649450675909669 111
7 27 90 -30.624381261452569 -77.143679406372584 111
4 18 79 -30.768424848109603 -32.143909946461534 111
4 18 79 2.272045068517368 -46.438221671356459 111
1 12 52 8.352994607525503 -75.815458653483233 111
7 27 90 46.684621208935951 -68.626133087754326 111
8 14 91 82.620100270476286 -48.886798128906378 111
4 18 79 90.259253300218276 -17.811995780569806 111
4 18 79 54.862634167440248 -24.375482199315002 111
4 18 79 66.876797757801768 9.560632387125676 111
9 20 111 29.321948706671140 3.761208903123775 111
1 12 52 0.742035672907623 -10.632837469683098 111
8 14 91 45.703760602003534 33.554433619927195 111
4 18 79 75.795996105381420 44.438245562865397 111
4 18 79 54.948775804694151 73.787749915317647 111
1 12 52 95.534038023111108 21.845996864385938 111
1 12 52 31.689352856615695 92.735025289956667 111