4 14 96 96.000000000000000 0.000000000000000 0
1 22 95 81.583333333333329 32.987266061652072 0
1 22 95 60.438015544416047 -5.598683915064823 0
6 28 77 31.635564050854903 35.272073209816739 0
9 20 70 78.881559280113493 -43.332431336562941 0
2 17 81 63.175242226542395 67.369560659367409 0
9 20 70 38.916307135808154 -41.665511709796874 0
9 20 70 14.866027924369888 -9.703282909979734 0
6 28 77 -22.395909518411436 20.554741116883815 0
2 17 81 -4.638381156345318 61.902899316136384 0
6 28 77 -78.257452281579958 24.490225854332927 0
2 17 81 -91.114050178754098 -18.634104755084973 0
2 17 81 -57.276045102059186 -15.319076485285564 0
2 17 81 -71.324148944496784 -46.281162629989865 0
2 17 81 -47.850991847587117 57.663214322000833 0
2 17 81 -28.799649923469847 85.824293329921886 0
6 28 77 -26.357578221691497 -48.015382175188918 0
7 18 75 -10.924249930202869 -91.349114738252737 0
2 17 81 24.043128728117750 -89.838343489643435 0
2 17 81 54.727093949701541 -75.192720311347557 0
3 15 71 2.355399884627690 93.129282820329223 0
3 15 71 28.345833909274916 78.146047548517600 0
4 14 96 91.916666666666671 27.700656831362114 96
1 22 95 68.594782485175969 55.124911027695958 96
1 22 95 59.482793235722781 12.078753801784952 96
1 22 95 84.662924118503099 -24.003943003277350 96
1 22 95 26.759722167511377 41.493046583777613 96
4 14 96 75.808997168884744 -58.898182894279728 96
1 22 95 44.291594167738523 -41.501249024676746 96
1 22 95 19.111463284958212 -5.418552219614442 96
1 22 95 -13.611607783253199 23.995740562378220 96
4 14 96 -4.757680833634838 58.889980453380602 96
1 22 95 19.020058354415809 85.919947510427505 96
9 20 70 -24.429900003313136 86.620898089480235 96
1 22 95 -60.034068489760458 64.342137208572353 96
4 14 96 -87.027900248315575 40.523383106167643 96
1 22 95 -87.883143911456472 4.533543452778556 96
1 22 95 -79.092543209014295 -38.579393576496344 96
1 22 95 -50.528806704318541 -72.047482211647164 96
4 14 96 -55.566716311303168 -11.329889566717895 96
4 14 96 -48.667893383492689 15.806916476195784 96
7 18 75 -34.486567556934972 -35.405340310031285 96
4 14 96 -16.083041436815193 -61.583770865472708 96
4 14 96 -19.004000340290993 -89.430996922733883 96
3 15 71 12.913039502983626 -61.107021316300163 96
3 15 71 9.955616684279862 -90.960892929064414 96
7 18 75 41.715392848926008 -81.998939014232207 96
4 14 96 96.000000000000000 -0.000000000000004 192
6 28 77 73.833333333333329 35.674064653314872 192
10 21 111 63.177803738329317 -12.153330101678772 192
4 14 96 38.619079407478075 12.783972463780374 192
6 28 77 19.783417778334822 50.323522953795845 192
3 15 71 50.369399026573078 80.547648269219252 192
3 15 71 94.872601666412592 4.918277447054496 303
8 19 65 86.568381485296570 -28.052011104663482 303
9 20 70 60.136904265629951 0.625105416811350 303
9 20 70 48.788615266777910 -37.731332592974361 303
9 20 70 21.245110051046467 -8.725207025588164 303
9 20 70 32.593399049898508 29.631230984197551 303
9 20 70 71.485193264481993 38.981543426597064 303
6 28 77 27.264786783364961 77.334542098971838 303
6 28 77 -14.312692938230434 39.820369043974033 303
3 15 71 -15.385563678677720 82.806982639072359 303
3 15 71 -45.378426021807122 83.461359033886922 303
3 15 71 -69.141394724242787 65.149578168906459 303
3 15 71 -86.009376695174993 40.340886461597364 303
3 15 71 -94.300246308693616 11.509280868921209 303
3 15 71 -93.187213243228925 -18.470064644201379 303
3 15 71 -67.780854972766093 -2.516476977695595 303
3 15 71 -54.433682816838576 24.350845096527465 303
3 15 71 -37.839485446866753 -0.641806096301604 303
9 20 70 -50.834093593682958 -33.140116192531188 303
2 17 81 -63.573664265021513 -67.877751965709109 303
9 20 70 -26.683669009456572 -65.026743364460074 303
7 18 75 3.972968762592316 -42.573000680591406 303
3 15 71 6.725748752616543 -75.457985131348295 303
9 20 70 41.444018981204493 -79.889882279832918 303
3 15 71 -84.409088880234947 -43.590202045971253 384
3 15 71 -93.792979450216222 -15.095595577893512 384
7 18 75 -61.182135657945757 -20.148601332504821 384
6 28 77 -75.183315414792602 23.668826312399926 384
6 28 77 -43.246142897579716 69.669011220786786 384
7 18 75 -3.002957354823799 91.950977412559951 384
7 18 75 0.720615205158744 56.144064568940692 384
7 18 75 -22.484412660732552 28.620861961990883 384
6 28 77 45.020020674445675 68.536105364052347 384
7 18 75 23.211588483054339 28.034348792843168 384
7 18 75 0.006560617163047 0.511146185893359 384
7 18 75 -25.496693084278050 -24.897199896446018 384
5 25 104 -48.513660846687443 -61.240081543815222 384
6 28 77 0.251509103762828 -81.999614286719208 384
6 28 77 52.826734712756966 -62.716314461135219 384
6 28 77 80.764149486057192 -14.182812055224041 384
7 18 75 13.971721875448987 -38.093398764316689 384
8 19 65 81.979415092073481 39.501588590353109 384
8 19 65 -83.939749126803974 -35.144252965872127 488
7 18 75 -91.994904472949457 0.968272179144577 488
8 19 65 -56.362985984876232 -8.999996720684816 488
8 19 65 -47.509777484457928 -45.954302278334268 488
6 28 77 -63.899894299372889 37.391759153164912 488
8 19 65 -24.519627071505596 11.736456522680093 488
8 19 65 -15.666418571087299 -25.217849034969355 488
7 18 75 -14.262782757626621 -62.191215212573077 488
2 17 81 -42.674172702679613 -82.631198612520890 488