9 12 106 98.000000000000000 0.000000000000000 0
6 17 92 88.836734693877546 27.514261191782229 0
2 24 84 62.184620276730875 -3.641232659147535 0
6 17 92 56.161898386377530 36.913999075259539 0
6 17 92 27.628803010018778 18.424475873088674 0
6 17 92 25.882953901256386 52.379622918705095 0
3 21 89 75.882992132003722 -46.505607243581501 0
6 17 92 38.979598829837336 -37.442519315859450 0
6 17 92 15.141283363509036 -13.199278696507157 0
6 17 92 -6.001931633550310 13.427107832425468 0
6 17 92 -7.747780742312704 47.382254878041891 0
6 17 92 4.739738904197039 79.006009447637723 0
9 12 106 78.994723481191102 54.793095757968416 0
9 12 106 61.572986155680283 -76.241506909769328 0
6 17 92 33.064658516483142 -70.924058723262107 0
6 17 92 7.026264988539758 -49.060800446327356 0
3 21 89 -21.353057505448525 -23.789986158255608 0
9 12 106 95.061224489795919 23.819395426849606 106
2 24 84 70.124964677828459 49.784428578957403 106
2 24 84 85.314588569542948 -10.836096031763912 106
4 19 80 40.875030013531024 81.303332781583677 106
2 24 84 22.707367130662099 42.329802977697206 106
10 17 72 77.689526163807955 -51.120813026036657 106
2 24 84 41.851101399774556 -31.205810881102845 106
2 24 84 3.891032419368720 -1.828384802516060 106
10 17 72 4.932144508654208 79.276270477825804 106
2 24 84 -36.050378067474362 78.079256151631995 106
4 19 80 -72.407553063177843 55.119381885168892 106
2 24 84 -37.436224600794603 30.099266266409167 106
2 24 84 -82.399107790324123 13.296316070544052 106
2 24 84 -45.365884467415462 -17.241207901048245 106
10 17 72 -88.940008949923438 -27.178572589220707 106
9 12 106 52.195828213306569 3.275874506264628 106
9 12 106 98.000000000000000 0.000000000000000 212
2 24 84 80.122448979591837 31.247290594749217 212
2 24 84 64.959798383266161 -14.294931868518258 212
2 24 84 33.100402083437046 21.607419968240784 212
3 21 89 48.966660161242324 63.717535791027103 212
9 12 106 95.061224489795919 23.819395426849606 318
2 24 84 70.124964677828459 49.784428578957403 318
2 24 84 85.314588569542948 -10.836096031763912 318
4 19 80 40.875030013531024 81.303332781583677 318
2 24 84 22.707367130662099 42.329802977697206 318
10 17 72 77.689526163807955 -51.120813026036657 318
2 24 84 41.851101399774556 -31.205810881102845 318
3 21 89 8.942598762112770 -0.513296253803122 318
3 21 89 -20.427818394624058 29.509671554847298 318
10 17 72 4.932144508654208 79.276270477825804 318
4 19 80 -30.482314989698434 85.742804204602535 318
10 17 72 -62.352606711285219 69.001104602084368 318
4 19 80 -82.226744245384594 38.984131782099617 318
10 17 72 -92.886243612630111 4.598450558082952 318
4 19 80 -57.335953940219468 10.270919527384923 318
10 17 72 -72.308874956735963 -22.467614896641436 318
4 19 80 -36.324948589078218 -21.391955486332858 318
4 19 80 -69.804910966894639 -58.380428269274574 318
9 12 106 41.513251579055151 4.792603771470947 318
8 23 120 -33.877033874058760 -80.133305035396333 318
8 23 120 9.743033908424234 -65.528864387032243 318
9 12 106 -3.691095497349913 -97.847963494354445 318
4 19 80 50.490913881048726 -75.707777773862318 318
9 12 106 -0.618678853034403 -32.097817310265036 318
9 12 106 -67.640835153941964 -70.913450202886409 438
10 17 72 -41.406732001534579 -83.273540485277152 438
4 19 80 -47.070260545898840 -47.721825415154704 438
3 21 89 -83.417980621789440 -31.023225315604464 438
3 21 89 -88.356217104093147 10.685452683642236 438
3 21 89 -49.766324157328548 -5.892248072410999 438
9 12 106 -24.215946792564999 -26.777128165870444 438
3 21 89 -7.816843878500332 -55.413982455647385 438