2 10 120 100.000000000000000 0.000000000000000 0
2 10 120 98.000000000000000 19.899748742132399 0
2 10 120 81.766312060385914 8.217823563497323 0
2 10 120 83.766312060385914 -11.681925178635078 0
2 10 120 65.532624120771828 -3.464101615137756 0
2 10 120 63.532624120771821 16.435647126994645 0
7 26 108 60.439522766225650 -39.102007257758231 0
7 26 108 30.085929362926734 3.119543726392130 0
5 28 112 51.776921020290430 52.571549559524712 0
2 10 120 85.879960901318171 35.809011837776517 0
5 28 112 6.834100804815940 -45.618044116095760 0
2 10 120 -3.767109239571028 -9.126752749595878 0
5 28 112 -18.965645513926830 25.701461317695760 0
2 10 120 15.156695499419705 42.424674040402159 0
2 10 120 15.076524504119426 62.424513355044482 0
2 10 120 25.162668333243250 79.694999817742271 0
2 10 120 41.751369370659724 90.867063095902566 0
5 28 112 -74.206455526492263 34.891287711902038 0
7 26 108 -54.163322572878315 -15.251237368151067 0
8 14 100 -60.452529390137414 74.575409421166256 0
8 14 100 -92.252019467475208 -3.034397806647215 0
4 18 91 -30.830408919125407 86.680366207576171 0
10 10 90 -6.101558687621981 99.813681334682300 0
10 10 90 13.523540348746534 95.959399584118700 0
10 10 90 0.373084921231442 80.890706142119853 0
10 10 90 -40.958339070852574 60.576247167820469 0
10 10 90 -12.459020786217959 65.550006578121980 0
6 17 88 -77.546377009011849 -51.337699722291802 0
9 10 89 -95.124516652305232 -30.843578451037505 0
4 18 91 -43.158083095537648 -57.852701005523699 0
10 10 90 -56.786407094966293 -82.312234626723395 0
10 10 90 -39.270751078314504 -91.966342265771658 0
8 14 100 -19.103069694336096 -78.956168262541297 0
8 14 100 3.151570135360661 -95.948254833956739 0
10 10 90 27.149748924442640 -96.243914786025442 0
10 10 90 98.000000000000000 19.899748742132399 120
10 10 90 100.000000000000000 0.000000000000000 120
10 10 90 81.766312060385914 8.217823563497323 120
10 10 90 83.766312060385914 -11.681925178635078 120
9 10 89 65.532624120771828 -3.464101615137756 120
9 10 89 63.532624120771821 16.435647126994645 120
4 18 91 78.566312060385911 40.057421550909162 120
1 27 78 60.012280859995641 -40.049970612377699 120
9 10 89 95.512185170558482 -29.621318065625442 120
1 27 78 33.604994896324499 38.191956763603670 120
8 14 100 62.212030696855400 67.562647983034367 120
8 14 100 41.532627830646405 -3.450757179369831 120
6 17 88 10.794050585741832 0.566688396992697 120
9 10 89 -0.922062123186560 24.892244978326794 120
9 10 89 -2.799423876247938 44.803937845788937 120
9 10 89 5.960005830901776 62.783715130435809 120
9 10 89 22.796861123273619 73.578172220244937 120
9 10 89 41.719260141954081 80.054499526507414 120
9 10 89 83.064277638359187 55.680569145955950 220
9 10 89 92.483285443826531 38.037375218536084 220
9 10 89 98.202961831540819 18.872686282374772 220
6 17 88 92.692297081096299 -7.558972273383880 220
4 18 91 70.282040930547922 20.975583341314728 220
6 17 88 56.196083368027047 53.015960984951526 220
6 17 88 59.004754192150855 -12.157825837638979 220
6 17 88 35.635498276001499 25.937143790074330 220
6 17 88 22.464847226815749 57.282541393878660 220
1 27 78 -8.364475412526971 25.889025095137761 220
5 28 112 -16.184938365408382 80.330189292853163 220
8 14 100 25.076431953461931 88.172339470517954 220
4 18 91 29.297619221085018 87.210375001924561 332
7 26 108 61.495233342365374 57.221816435412421 332
8 14 100 91.089226773750767 30.310934755632420 332
3 27 100 82.423820279373786 -9.762881262900290 332
3 27 100 33.187998387316419 12.414445956888960 332
3 27 100 38.599780572967489 -41.313690187733343 332
3 27 100 4.148511746227058 -82.896259567554779 332
8 14 100 45.133577126390676 -81.789726339986146 332
3 27 100 -10.636041319089870 -19.136362967944095 332
3 27 100 -16.047823504740947 34.591773176678210 332
6 17 88 -39.836726489004093 -84.035916265845998 332
3 27 100 -58.477738067843021 -44.179766334905679 332
3 27 100 -82.904536728942219 3.979672066825337 332
4 18 91 -60.278392150417524 42.877712910956518 332
4 18 91 -40.049258818013406 72.656600811947996 332
4 18 91 -6.687768123137359 86.184754367245148 332
4 18 91 89.091163335985712 22.951353237678944 440
6 17 88 92.234584238662336 -11.907202455703082 440
6 17 88 61.151509753947963 1.871131281643341 440
6 17 88 56.434345098487171 35.542311207705801 440
1 27 78 60.246884290570840 -42.119568335105321 440
6 17 88 29.528276676431968 -10.617708925721733 440
6 17 88 42.856195627934795 -82.536940192256836 440
4 18 91 23.445241658735767 23.849618864135742 440
4 18 91 30.581419316039650 59.135238717602917 440
4 18 91 18.074943695567967 -57.820760215072546 440
6 17 88 0.161549640157173 -27.752333029475125 440
6 17 88 -6.422773680850520 5.604025980531260 440
6 17 88 -7.823061436307807 39.575178363132544 440
4 18 91 -2.154834240550914 74.113145883779765 440
1 27 78 -46.808593891667257 68.541633609689896 440
1 27 78 -79.069880982467083 25.237946061803246 440
1 27 78 -77.862192467972363 -28.748547512534010 440
4 18 91 -33.612811544899685 -36.933429180879102 440
4 18 91 -53.773867808194595 -66.758449052595154 440
4 18 91 -42.475041008994886 -0.950175049035571 440