8 13 58 97.000000000000000 0.000000000000000 0
7 15 40 90.979381443298962 27.345057180315223 0
7 15 40 69.695649803919792 6.202617219353049 0
7 15 40 62.027625519428859 35.206089486867114 0
5 23 80 78.357472509057644 -30.797015581862130 0
8 13 58 47.981894317803906 -11.475414987008957 0
3 39 97 21.925312547427730 -56.476021054524317 0
3 39 97 6.591312350914698 20.001874039243379 0
8 13 58 43.729040642002126 56.399526949525452 0
9 35 111 -47.403256016700297 -30.600364911172143 0
6 15 74 -50.431858630242445 -80.508556285026259 0
6 15 74 -94.132071189712079 -12.812227500906175 0
6 15 74 -75.539603501063553 10.731776942827700 0
1 14 119 68.407394180835922 67.353013454393661 0
1 14 119 46.063093085384295 84.227023308479929 0
1 14 119 46.063093085384295 84.227023308479929 119
4 16 109 68.527084190147818 64.343132752426598 119
9 35 111 23.256048663449494 40.858385737812661 119
9 35 111 -43.824307875128568 60.864029108053181 119
9 35 111 -74.977881670486710 -1.821334732138212 119
4 16 109 -4.944805177321840 93.869850866816293 119
4 16 109 -26.182800515363269 13.012412436561856 119
9 35 111 -14.206850444658812 -36.561538585159163 119
4 16 109 -63.001931599782260 -51.395285753859241 119
3 39 97 68.822605725112041 -17.448465296574817 119
4 16 109 31.948574611447324 -58.256624155171792 119
4 16 109 9.937647617168270 -81.484174453309521 119
4 16 109 87.529409795143081 34.272473224351799 119
6 15 74 57.762010483050723 -75.422477716897760 119
6 15 74 68.486772596118385 65.837390435584297 238
6 15 74 44.541965074890555 83.910746315756427 238
6 15 74 85.601874262885644 41.198533016129524 238
6 15 74 55.706446984031494 38.695848894083085 238
9 35 111 74.614856239650024 -7.590996531178284 238
5 23 80 20.970778448146039 54.104720733549385 238
6 15 74 15.576159882957928 91.719851871644963 238
3 39 97 0.680234436876972 -4.481061020445786 238
5 23 80 -24.979196331275283 51.960002157478151 238
2 24 84 -71.757559799396901 47.400976905924395 238
6 15 74 -50.510541146294585 80.105169272572482 238
6 15 74 -22.138610043321602 89.853683286931513 238
10 21 95 -88.813509652743036 5.758515708246101 238
5 23 80 -78.709227604123214 -37.065583631751004 238
6 15 74 -40.763672325354861 -39.099012899253331 238
6 15 74 -55.223604111108209 -7.192092219725837 238
1 14 119 -54.210490664255957 -64.793040932253405 238
2 24 84 -16.522132461431326 -69.649753398066224 238
1 14 119 -79.783657555540188 -53.390710681356325 357
3 39 97 -70.991084487955703 -1.125132536164159 357
4 16 109 -77.280273971964178 53.514103326302269 357
4 16 109 -45.800588431815115 47.766982456394359 357
9 35 111 -31.942369356565976 -63.983686819472133 357
9 35 111 2.976502073379137 -3.315141278483907 357
9 35 111 38.057568007555517 -63.890043778793128 357
9 35 111 74.873532828088869 -4.353628583273913 357
9 35 111 45.855744037579150 59.348552962646224 357
7 15 40 -59.467608726637415 -74.085109923219775 476
7 15 40 -79.604290872264670 -51.847438458653656 476
10 21 95 -87.418081446121434 -16.705658810094207 476
7 15 40 -55.695776669985818 -33.726098865802619 476
7 15 40 -35.559094524358578 -55.963770330368718 476
7 15 40 -31.819811187484227 -85.729820792708765 476
5 23 80 -82.691316563447373 27.039714588059802 476
7 15 40 -55.689147804698358 0.302420739877657 476
7 15 40 -30.983861928785682 -16.716652377934309 476
7 15 40 -10.847179783158445 -38.954323842500408 476
2 24 84 -36.224282733080202 34.097672296031220 476
9 35 111 14.579371122549290 4.097859714660245 476
7 15 40 18.371098740933100 -45.758161001678374 476
7 15 40 -2.130336344173339 -67.660013878801962 476
5 23 80 38.276441907198382 -78.127549525918624 476
7 15 40 72.431404518761639 -61.471063431825520 476
2 24 84 82.632818494740647 -23.828917466289756 476
10 21 95 86.485572830481487 21.005848999349727 476