2 13 120 97.000000000000000 0.000000000000000 0
3 30 95 71.958762886597938 34.956207514980449 0
6 21 80 66.889591206149007 -15.791240681693775 0
3 30 95 20.169573622527409 4.659675116531233 0
10 29 102 29.161232345258490 75.568661018347086 0
10 29 102 -28.838635749506555 75.692358188309100 0
10 29 102 -72.052164770755354 37.006560929758415 0
10 29 102 -78.322623789135534 -20.653488876834842 0
6 21 80 -34.695302491758248 3.773071184201396 0
1 15 68 -35.866806128355009 -32.207862367187182 0
1 15 68 -14.379561821352137 33.492941322087390 0
5 18 53 74.447201288347102 -54.051958524482075 0
6 21 80 -53.090819335040273 -63.820096850942541 0
3 30 95 -2.123999824539460 -61.980719514985168 0
1 15 68 42.848104836872807 -63.564955079218350 0
7 14 109 31.567237215344772 -90.280905852222119 0
2 13 120 39.385845993940833 -35.779837413378971 0
2 13 120 93.515463917525778 25.765442132630543 120
3 30 95 78.658961197679346 -14.586563107942020 120
7 14 109 66.586658835556548 27.724895336284227 120
3 30 95 25.227782508979324 12.710124308962802 120
7 14 109 49.154055162253236 49.636178483775431 120
1 15 68 77.744556132889656 54.492437769278830 120
3 30 95 10.638453282073051 70.909363760255800 120
6 21 80 -39.597163369366697 79.706114276758498 120
3 30 95 -32.495906015431714 29.202924832989844 120
3 30 95 -79.603254140768712 -7.957507788258113 120
3 30 95 -23.867701412479526 -30.173451659093228 120
6 21 80 -63.072605219737696 -62.792089237380189 120
8 17 74 -71.648138141800857 59.292025608958767 120
1 15 68 74.169697269892083 -59.362075493471103 120
1 15 68 47.024139530369368 -46.590282549242836 120
1 15 68 17.104334949852255 -48.782380599893727 120
4 17 61 -4.051213794715196 -72.791602938741590 120
7 14 109 54.189376253197878 77.179699346422751 120
2 13 120 83.312206014640552 49.679737609754852 240
3 30 95 79.707819539621511 6.831069040723442 240
7 14 109 88.915352293754268 -36.194752747844092 240
3 30 95 45.349012962613770 -42.357063782181818 240
10 29 102 41.359316323934387 51.668467505804287 240
6 21 80 20.140257335126783 -86.691233896368516 240
6 21 80 7.724250998323249 88.664175101981868 240
3 30 95 -17.159244761222610 44.146632056743364 240
3 30 95 -74.943308933428995 27.991077973322550 240
3 30 95 -73.326821119458160 -31.987142800115571 240
8 17 74 -58.732981104777991 72.107121219376054 240
8 17 74 -54.763786892857475 -75.166000593045339 240
3 30 95 -15.768469734238735 -48.929285103130539 240
6 21 80 10.438880508799141 -5.178001770652820 240
8 17 74 -27.403754015229268 -1.723293059225291 240
1 15 68 -28.264263381317036 87.754871661746407 240
7 14 109 -28.195117859148766 -91.138033205623117 240
2 13 120 67.123290627867888 70.024737452465914 360
3 30 95 75.029981526075971 27.757915487238936 360
10 29 102 26.149224162287830 60.798368867034917 360
7 14 109 32.078603474869531 18.209139466075708 360
3 30 95 73.227006488247468 -32.214989069843909 360
7 14 109 35.494601471864421 -9.581703588508423 360
10 29 102 -6.566796105348892 -0.646445682236547 360
10 29 102 -31.161142148019721 51.880862860400228 360
10 29 102 -78.791644619304549 18.785013659436512 360
10 29 102 -71.151713236491616 -38.709607379978209 360
7 14 109 -72.812847863093566 62.564280432735657 360
7 14 109 60.682087961023598 -74.388737055353985 360
6 21 80 29.508296966559001 -58.476642440456857 360
6 21 80 -11.704246161136922 -50.381811438650601 360
1 15 68 -41.233939153116090 -70.973004502663599 360
5 18 53 8.874255631761688 -91.570997520951721 360
2 13 120 -7.177027829965755 86.359294674775413 360
1 15 68 82.697586715839677 46.755846173245295 480
1 15 68 93.153952436703278 18.637090583576153 480
4 17 61 61.431726885018804 22.844275633946136 480
4 17 61 51.910923892720476 55.484041417141384 480
5 18 53 90.884242623904484 -14.284762604932013 480
4 17 61 56.065276466540411 -10.729541693042657 480
4 17 61 29.672722968589156 10.704849361003660 480
6 21 80 15.159259014924178 45.824065811056570 480
4 17 61 29.470090743691603 81.026339817587797 480
4 17 61 -2.363062084095173 92.969973311745719 480
4 17 61 -35.621480865068435 85.907567192765754 480
4 17 61 -64.118836878089425 67.363007336378303 480
4 17 61 -84.046257010537943 39.814905280794036 480
4 17 61 -92.740300671234579 6.945259635823945 480
4 17 61 -33.810098933946300 51.955853016606632 480
5 18 53 -53.382847600522858 22.940210517516149 480
5 18 53 -63.129716846165749 -11.715215318972152 480
6 21 80 -24.950793247988230 -3.754700707182032 480
8 17 74 -40.509607653552784 -38.423466106215166 480
5 18 53 -74.724084678800637 -45.797037960397326 480