1 12 101 98.000000000000000 0.000000000000000 0
2 14 94 92.571428571428569 25.426966241470851 0
8 15 91 71.554652953119813 5.444595445950550 0
8 15 91 65.108834895454891 34.743937240050315 0
8 15 91 69.874159289737719 64.363047345137105 0
8 15 91 41.840595304102791 53.680384275316328 0
4 17 90 82.615657338940679 -24.582961597153233 0
2 14 94 52.670667952399569 -16.564382506071052 0
2 14 94 42.862912982596129 9.661710272920942 0
3 23 79 12.030041032290121 30.114925357499526 0
8 15 91 15.457070367045116 67.960076565266277 0
9 31 84 -30.269179928818190 72.971067872389199 0
8 15 91 -74.198736697143019 59.325774099863558 0
8 15 91 -88.998525723992941 33.230444158267993 0
8 15 91 -94.923115509669032 3.821274910030738 0
8 15 91 -66.491732943661447 13.395014272752073 0
3 23 79 -69.565448754270321 -24.480469501262132 0
4 17 90 -37.621033944973654 -0.406534166722666 0
4 17 90 -30.638122557644586 -33.681734369827531 0
4 17 90 -51.780204347377612 -60.309020705393898 0
2 14 94 -24.901414306003321 27.863790844495732 0
1 12 101 39.334776063083979 80.563852614266565 0
1 12 101 7.389853804828029 93.726721999592627 0
1 12 101 -56.522762411078766 38.915974173396961 0
1 12 101 95.061224489795919 23.819395426849606 101
2 14 94 95.975595063065612 -2.164521261262269 101
8 15 91 70.732243872778383 12.110394524262516 101
2 14 94 72.139144640965981 -16.855458306760312 101
2 14 94 46.991148199533328 -4.543745388498665 101
2 14 94 43.975160090828524 23.293348851528460 101
4 17 90 74.163206792075968 43.925933077717886 101
9 31 84 2.965164570676833 4.768223550005166 101
2 14 94 25.081721864692152 43.958246431607805 101
7 34 108 39.377032252508528 -51.935994104351586 101
4 17 90 -10.502373127297059 -41.303735691529724 101
8 15 91 -35.183275599026352 -20.935793891215511 101
8 15 91 -42.917615644508295 8.050064454896207 101
2 14 94 -30.874352206108750 34.431114580948979 101
9 31 84 -8.757794912093438 73.621137462551616 101
2 14 94 -53.328020017712738 79.825574103732109 101
2 14 94 -74.093277860160228 61.042494837097621 101
8 15 91 37.124985303091698 70.339296557660575 101
1 12 101 63.822659900896518 74.368461616296017 101
3 23 79 85.130031815769883 -17.940949892522625 209
9 31 84 71.198575888538358 34.231020893979256 209
3 23 79 39.865368952673926 -9.748862497342930 209
3 23 79 17.337697130829383 30.357296659166590 209
6 17 48 50.995162977328199 77.772060233195162 209
8 15 91 77.361250936977186 -55.138342861080318 209
10 20 77 42.448312310695300 -52.671215690163727 209
10 20 77 5.984717128922874 -36.227182534644285 209
3 23 79 -17.207354337641235 -0.017683489645293 209
3 23 79 -26.240333051725049 45.086698731497130 209
10 20 77 7.182285361274575 72.140877307440235 209
3 23 79 -72.098969723722320 48.690230691359154 209
6 17 48 -91.946069475797984 13.961386319120699 209
10 20 77 -87.085553966388972 -22.717972848983571 209
6 17 48 -59.956874966451110 2.442209497699277 209
6 17 48 -50.875461993940014 -30.322526704850972 209
6 17 48 -72.370284463467613 -56.665886532395589 209
8 15 91 -46.800018364565531 77.044473056956207 209
2 14 94 -18.728292671492184 94.155462154943152 209
3 23 79 -33.568950734957923 -66.384759969621555 209
3 23 79 17.192496979251032 85.284336472874344 303
3 23 79 58.277868318034706 64.596362624421872 303
3 23 79 83.070999022525683 25.849741225001424 303
3 23 79 84.640687537604009 -20.123469212878931 303
3 23 79 44.041875147332540 1.503745875974743 303
3 23 79 17.806064770717008 39.288428670491797 303
9 31 84 41.370859163633298 -52.430155091921350 303
3 23 79 1.504835794952839 -16.006259353439123 303
3 23 79 -24.730974581662696 21.778423441077933 303
3 23 79 -25.344542373128668 67.774331243460480 303
6 17 48 14.093036788773553 -91.925982801764349 303
10 20 77 -8.586166068321955 -62.691520984130165 303
10 20 77 -45.739917366784525 -77.510386138115223 303
10 20 77 -39.996555396160289 -37.924861090765056 303
10 20 77 -59.766338418781814 -3.151945204425208 303
10 20 77 -85.780923821143972 27.232941603710277 303
6 17 48 -65.313749113878174 66.205091773136104 303
8 15 91 -75.001614751377531 -58.307441932277818 303
2 14 94 -95.856899485476973 -5.239734824508123 303
1 12 101 -55.686579772000137 38.110921942530595 303
4 17 90 -84.684732855336549 38.438210432072431 404
4 17 90 -65.209471838602397 66.307803330607484 404
4 17 90 -50.811326903707737 35.506936095515435 404
2 14 94 -95.538640934456254 9.400430224039646 404
2 14 94 -94.187411502729773 -18.566946825351984 404
8 15 91 -69.495766026964972 -3.357652177040907 404
8 15 91 -69.242136402492690 -33.356580024775567 404
9 31 84 -17.345326681502755 69.916627014315850 404
7 34 108 -22.723003167508601 -17.962742197066756 404
8 15 91 -51.551097402141323 -57.585222972494435 404
7 34 108 29.825281602646644 25.196008569315143 404
8 15 91 25.945807221768849 -23.650175299315919 404
4 17 90 14.010741430378861 -53.341153803824540 404
9 31 84 76.384057396903174 -20.161244395785729 404
4 17 90 89.269207389486326 26.076974748863812 404
4 17 90 73.930590377735882 56.420455567102849 404
10 20 77 49.575427792653230 -63.546695629374781 404
4 17 90 20.696779092749416 -86.677273859664311 404
4 17 90 -11.516166570401019 -75.799492298016858 404
1 12 101 -39.862110539933099 -81.923825770007767 404
5 20 68 -23.075495888167236 36.036107317361626 512