5 13 58 97.000000000000000 0.000000000000000 0
3 16 61 89.711340206185568 28.069118946095067 0
5 13 58 71.575422248941891 5.439746885692533 0
3 16 61 57.844279924987688 30.982959887962117 0
9 24 79 35.350334642422482 -2.093049932222701 0
9 24 79 19.793005818492006 43.315864609572962 0
3 16 61 54.710507318982664 62.829144420082329 0
7 35 93 -23.416913796204362 3.142454909978404 0
3 16 61 -18.772885242343520 53.930573587390796 0
3 16 61 1.351033076448256 78.810845119241023 0
4 30 92 -64.678315026119265 -47.082008935283064 0
1 15 77 -94.101623815959769 -13.033970814743803 0
1 15 77 -93.473935678159194 16.959461926469157 0
1 15 77 -66.087010184786692 29.205126956203699 0
3 16 61 -50.698185638529175 56.115795455601898 0
5 13 58 -45.595502632751945 -85.615711990654560 0
5 13 58 -26.874725430455722 -67.573192739120245 0
1 15 77 -32.922358788083130 81.513039002549306 0
9 24 79 77.040081904213991 -31.154480730859795 0
1 15 77 39.276039369046416 -40.894967956971975 0
4 30 92 14.691201699531335 -78.585626703717068 0
3 16 61 63.904605468451628 -68.936212544072532 0
5 13 58 -8.825120691593899 -42.585868632354114 0
2 14 98 31.230096616498980 81.501860163719883 0
5 13 58 57.971108972362515 77.771141977692906 98
5 13 58 35.230796815969846 90.375831701356134 98
5 13 58 76.546422758543997 59.578898637607061 98
3 16 61 34.033610481405027 61.400553533919478 98
3 16 61 8.096354780457439 80.142452229186773 98
3 16 61 4.834022245675332 48.309180540079751 98
3 16 61 -21.103233455272253 67.051079235347046 98
1 15 77 -48.398391530378710 81.747144887587140 98
9 24 79 -70.328244063423767 49.496849262912676 98
10 19 85 -90.282229193728682 11.406975576858379 98
1 15 77 -92.288838262634101 -22.533759831270103 98
1 15 77 -56.324298552354051 13.097817543332683 98
1 15 77 -62.974655231334921 -16.155776356260827 98
1 15 77 -72.108251032709120 -44.731595290057278 98
9 24 79 -33.250470411466274 -41.404000784808090 98
1 15 77 -58.249077235714772 -71.338423392345334 98
4 30 92 4.654563554539159 -79.864479201436950 98
9 24 79 12.349374129941811 -26.415532624271641 98
10 19 85 53.274748792645461 -73.775342365051202 98
9 24 79 30.810990341217700 17.892127287616688 98
1 15 77 -6.795968368920327 7.561751855234125 98
9 24 79 59.951741301516421 -20.249931302211010 98
9 24 79 83.206631566490103 21.740663820554659 98
2 14 98 79.013555276421130 -53.123130842050870 98
2 14 98 60.741969133116420 -74.339849245418378 196
4 30 92 16.910936861043350 -78.192200470902506 196
7 35 93 55.185458354864970 -25.655917728220878 196
7 35 93 -14.684299675742288 -21.387790182751758 196
7 35 93 -72.952791771943510 17.403740192253238 196
7 35 93 -10.224094967412888 48.469969400273776 196
7 35 93 59.645663063194370 44.201841854804663 196
2 14 98 -69.449149593128283 66.278319387196973 196
2 14 98 -46.143897421463400 81.798152544003457 196
2 14 98 91.638733819516546 7.087916926538672 196
2 14 98 26.801730976594129 80.564956752882239 196
2 14 98 22.619837119187352 12.106854502196207 196
6 25 108 -73.558268825326621 -42.593204709448436 196
8 15 111 -94.611566026291001 -8.582049525187706 304