5 15 96 95.000000000000000 0.000000000000000 0
5 15 96 90.263157894736835 29.623678483095365 0
5 15 96 66.976720827465385 10.709613644674024 0
4 17 92 70.897552511370804 -21.049276117193966 0
1 34 96 21.632204901872761 -7.861193431855447 0
5 15 96 47.654126901049835 33.658194514846571 0
5 15 96 70.940563968321285 52.572259353267903 0
1 34 96 19.184271962533820 73.538858498534907 0
1 34 96 -47.341110471049419 59.454346009084112 0
1 34 96 -75.967376765759298 -2.226581983483882 0
5 15 96 -29.648592851040505 13.759982896489197 0
5 15 96 90.263157894736835 29.623678483095365 96
5 15 96 95.000000000000000 0.000000000000000 96
5 15 96 66.976720827465385 10.709613644674024 96
4 17 92 70.897552511370804 -21.049276117193966 96
1 34 96 21.632204901872761 -7.861193431855447 96
5 15 96 47.654126901049835 33.658194514846571 96
5 15 96 70.940563968321285 52.572259353267903 96
1 34 96 19.184271962533820 73.538858498534907 96
1 34 96 -47.341110471049419 59.454346009084112 96
1 34 96 -75.967376765759298 -2.226581983483882 96
5 15 96 -29.648592851040505 13.759982896489197 96
8 15 51 95.000000000000000 0.000000000000000 192
8 15 51 90.263157894736835 29.623678483095365 192
8 15 51 66.976720827465385 10.709613644674024 192
7 18 63 72.084330237012907 57.165105915070846 192
6 19 66 42.771825327335655 34.586862938254711 192
8 15 51 41.108997739200476 68.546176894990310 192
8 15 51 22.713860677441737 92.244677532775654 192
8 15 51 11.387925624397312 64.464771212303305 192
8 15 51 -7.007211437361423 88.163271850088606 192
7 18 63 -21.029336599120334 58.290541711248466 192
6 19 66 -55.281000491383395 72.284237456527606 192
7 18 63 -80.253223912645694 44.982441592545342 192
6 19 66 -90.509827826296203 9.432447553748521 192
7 18 63 -87.803666880390224 -27.468456133489997 192
7 18 63 -57.716063879709466 -7.701409169579938 192
6 19 66 -55.009902933803488 -44.602312856818457 192
6 19 66 -23.917344918897328 -22.756195671156039 192
7 18 63 -21.211183972991346 -59.657099358394561 192
8 15 51 -20.971948869033429 -92.656232173743433 192
7 18 63 9.103432489848544 -79.074205958269744 192
8 15 51 -47.791810433292675 -79.213947186659965 192
6 19 66 46.098331243946177 -78.459823199669628 192
7 18 63 74.199825413571219 -54.391046217144527 192
7 18 63 40.438051246146387 -41.895342752841067 192
7 18 63 38.489528756665159 -5.948113929077948 192
7 18 63 10.432972199391667 16.609138433488603 192
7 18 63 -25.078625161547052 22.518999081132556 192
8 15 51 67.248895020762475 -22.131403214248049 192
8 15 51 10.082652298257296 -22.742439455182112 192
8 15 51 -80.853187900452838 49.877469927153143 258
8 15 51 -92.374928404459396 22.178201060297908 258
8 15 51 -94.684764690846720 -7.732744366587042 258
8 15 51 -67.626207956760723 5.222351444260905 258
6 19 66 -50.486008474574035 34.585824701197794 258
6 19 66 -33.975692365925390 0.359965150377201 258
6 19 66 -59.499411303268275 -27.792117749605953 258
1 34 96 2.332360334146600 38.969877208406999 258
6 19 66 21.211794971479346 88.493275191326958 258
6 19 66 -16.788092313489869 88.400720722851418 258
6 19 66 -52.176358321862871 74.556204518930357 258
6 19 66 49.506483389838209 63.127735431487650 258
6 19 66 1.199211887580478 -14.018007959790122 258
2 17 69 51.958326048788336 27.211325984331708 258
6 19 66 87.805635858862871 23.899169680572065 258
6 19 66 64.865562491140253 -6.395269312145778 258
2 17 69 -25.145320987255118 -38.552994970316675 258
2 17 69 34.978987985898513 -26.464964485282671 258
6 19 66 8.858310558683597 -51.238139710582018 258
2 17 69 -20.395400252621940 -72.219569684930903 258
2 17 69 -54.231823283432419 -75.550707100294943 258
10 26 78 51.141397786779670 -66.637507699600889 258
9 22 100 44.319674011166285 76.024775537609784 354
9 22 100 75.585050954310475 45.065508676084974 354
9 22 100 33.140850898116170 33.468531415188259 354
9 22 100 1.875473954971987 64.427798276713062 354
1 34 96 75.209470424652267 -10.933231838910018 354
9 22 100 19.271954838277125 -8.288548488480547 354
9 22 100 -11.993422104867058 22.670718373044259 354
9 22 100 -41.221666059381377 55.560074635145185 354
9 22 100 -80.457220376918826 35.645977181442468 354
9 22 100 -87.657102327681002 -7.760954291481173 354
4 17 92 -52.288728793754267 8.673100398844968 354
4 17 92 -52.834815993276038 -25.322513859034217 354
4 17 92 -79.846756580419211 -45.970881003112396 354
3 27 107 -43.461294073997827 -70.711497773795472 354
3 27 107 9.239805974587462 -82.484095349054883 354
9 22 100 56.010799542183491 -67.873340382254199 354
4 17 92 52.835588754955339 -76.533656393231581 461
4 17 92 21.796055361433289 -90.409800191579535 461
4 17 92 25.298729022259096 -56.590703852000061 461
4 17 92 56.338262415781138 -42.714560053652107 461
4 17 92 87.955964667875691 -30.211724203418168 461
4 17 92 -5.740804371262946 -70.466847650348015 461
10 26 78 -48.693327831105748 -68.446766357019840 461
10 26 78 -79.654200380826950 -26.668490052702055 461
10 26 78 -80.089993873043028 25.329683800156886 461
10 26 78 -27.992715500101696 -20.744726053470107 461
10 26 78 24.698973177016192 -13.594886695838262 461
9 22 100 87.560273453748522 8.786268417524042 461
10 26 78 66.163349962596996 51.753368216251559 461
3 27 107 -27.544180653090251 32.253375954913331 461
9 22 100 21.413370805806352 34.292531454008795 461
2 17 69 28.571268262423335 72.630039249907014 461
2 17 69 1.341526870449041 92.990323720567091 461