8 12 85 98.000000000000000 0.000000000000000 0
9 27 89 76.387755102040813 32.463993446134097 0
9 27 89 64.668684805907802 -20.249035222253880 0
1 28 91 38.545347359722349 72.375798419902395 0
1 28 91 -16.899762171336853 80.239628853530050 0
9 27 89 4.175159494713656 29.437584831957103 0
2 26 92 -48.371028457705798 36.358432443991973 0
1 28 91 -81.775026453458764 -6.070012235252783 0
8 12 85 -56.330534870987705 73.515481003544224 0
8 12 85 -42.082782033751343 -1.117666031057748 0
2 26 92 -38.969915163373472 -38.989952202443071 0
8 12 85 -76.372174205422013 -45.703447458380793 0
4 13 78 41.718881393232977 12.512321943156390 0
6 16 57 22.690531927684106 -9.371962751960929 0
10 34 118 17.556852864609876 -59.107717891270454 0
8 12 85 59.585796598577929 -77.804452595676679 0
8 12 85 -6.214709347305311 -19.726087274889856 0
7 20 54 -29.889821680597869 -84.891687224969573 0
8 12 85 -60.854169901000652 -76.816469625075499 0
5 14 41 -88.353406086220531 37.545647323803180 0
8 12 85 59.585796598577929 -77.804452595676679 118
9 27 89 72.219066094676378 -40.907291433346742 118
9 27 89 23.243571409023765 -63.653739953843591 118
9 27 89 28.032316487224840 -9.866493132910236 118
9 27 89 77.007811172877453 12.879955387586612 118
5 14 41 -1.976163177308713 -95.979658152634869 118
4 13 78 -28.768296075199260 -92.635765992027473 118
1 28 91 -54.823015497565081 -60.978987952849295 118
8 12 85 -15.082168729981989 -56.433099899291435 118
9 27 89 -25.788050122740685 -14.267417804943236 118
8 12 85 -1.171440866591182 15.981921836279586 118
6 16 57 21.355068810587692 32.611905653588813 118
4 13 78 48.984260979993394 41.422566245511078 118
8 12 85 71.846869374313712 51.536968719604879 118
2 26 92 33.285931680911041 77.123581038056855 118
4 13 78 -0.269139651774857 96.999626617053750 118
8 12 85 -4.412458126886662 72.345358994311482 118
4 13 78 -24.411043598373137 87.347244847085136 118
4 13 78 -50.059257636293339 83.084720165041219 118
4 13 78 -33.543695958425019 63.003977587523629 118
4 13 78 -59.191909996345217 58.741452905479719 118
6 16 57 -10.752003609447339 45.072475702027461 118
7 20 54 -43.348744967391674 29.793324781793668 118
7 20 54 -83.048775598745380 34.682861351815141 118
4 13 78 -96.884922390413081 4.723538229297407 118
4 13 78 -70.894921985727322 4.002511902153916 118
6 16 57 -90.971771029080514 -23.667210985507950 118
8 12 85 70.253520713376588 68.326004034885315 210
9 27 89 77.394323290802163 29.985308441948661 210
8 12 85 97.949093353961189 -3.158339933730524 210
1 28 91 63.323031997087490 -23.184220061955056 210
8 12 85 43.135743590855228 11.347987901098801 210
4 13 78 47.940929016235543 57.050000675686071 210
1 28 91 14.460052657655901 80.714973066574331 210
10 34 118 -1.861199032431038 20.901791047316777 210
9 27 89 -39.292422857946150 69.067167438705965 210
9 27 89 -77.163828797300837 30.573575606082553 210
9 27 89 -79.642107503251438 -23.369525293435931 210
6 16 57 -68.102622620599519 -64.792227868751411 210
9 27 89 -30.056881467457004 -44.754224472502599 210
8 12 85 -38.650285138961216 -6.712754819785735 210
8 12 85 -45.088740095413527 -80.740933493877833 210
2 26 92 5.781126948436039 -83.800826793093563 210
8 12 85 43.572128222468869 -87.780804519921844 210
6 16 57 64.107950666191243 -68.747150205526253 210
6 16 57 12.878893050672943 -42.404912545937030 210
1 28 91 -28.493992074333743 76.890132108533962 328
1 28 91 27.504854926240284 77.249485147064078 328
2 26 92 70.877828675716557 45.081408609489699 328
1 28 91 22.302920284791913 21.491616859385616 328
1 28 91 -33.695926715782115 21.132263820855503 328
2 26 92 -83.987217155707114 1.465385423735412 328
2 26 92 -68.757023463800735 -48.254240481001801 328
1 28 91 -23.967699826116565 -78.419062510624116 328
5 14 41 -69.198666872529259 66.539796385807506 328
6 16 57 -29.001542071139088 -34.707960576993720 328
7 20 54 89.942448892802673 3.218056426724026 328
7 20 54 54.074799702503057 -14.488206351219844 328
7 20 54 6.399741302832567 -41.246242880149367 328
5 14 41 17.719954673531056 -73.306385881107104 328
6 16 57 88.115734035475654 -32.735568047451331 328
7 20 54 59.185195079819110 -54.160411471272184 328
3 14 112 52.297772717666646 80.504304038798338 420
3 14 112 73.302698353388038 61.989631504891229 420
3 14 112 46.766058778413779 53.056168566707058 420
10 34 118 4.522466767652041 75.865323398345069 420
10 34 118 74.697541039460816 14.009902307227861 420
3 14 112 29.740107011325929 30.827426667427240 420
10 34 118 56.008664224797563 -51.371485590294952 420
10 34 118 -13.669931915439729 10.344054865482853 420
10 34 118 -71.780545172666280 -24.971049932167777 420
10 34 118 -23.066417329802238 -72.415056387241734 420
3 14 112 -94.418142615664280 17.355527793993488 420
3 14 112 13.379848761669397 -29.308301499811432 420
2 26 92 -63.880508481550777 43.190637654240383 420
3 14 112 -43.446978984445579 77.577711857942731 420
5 14 41 52.297772717666632 80.504304038798352 538