4 12 59 98.000000000000000 0.000000000000000 0
6 18 63 87.591836734693871 28.136633370798521 0
4 12 59 74.039267399437293 1.372331317259682 0
5 15 69 55.394774829075445 20.901358348674275 0
6 18 63 61.817789346833464 53.270245949342140 0
6 18 63 40.767383502580131 82.474362333718943 0
5 15 69 28.855198979563674 51.699374764434580 0
6 18 63 5.540493597877465 75.053700123244923 0
2 29 75 12.563732861715017 10.826545993587445 0
6 18 63 -17.234134984137533 47.173307497758721 0
6 18 63 -29.991948974285410 80.836910724281978 0
6 18 63 -63.175934180700764 66.879005228814250 0
4 12 59 -85.859371920979214 47.245827893423204 0
6 18 63 -60.660159111725854 30.967017316665409 0
4 12 59 -89.731444892712602 23.560240484588018 0
5 15 69 -74.725200608779772 1.114469557953903 0
6 18 63 -41.734211120726549 0.343358282480917 0
6 18 63 -62.070267148567446 -29.362614605686133 0
2 29 75 -39.615232459836434 -70.651492250009284 0
5 15 69 -2.936108516755787 -94.954616879738055 0
4 12 59 -77.538082481425008 -55.067608066658202 0
10 16 71 5.027848875329653 -64.995054422034372 0
5 15 69 26.166136514484784 -87.670433044768359 0
5 15 69 54.500126028149374 -77.812185825330943 0
10 16 71 -10.019201311208656 -36.753484340259561 0
5 15 69 20.937621902946965 -38.389056560467502 0
4 12 59 43.559823172195237 -53.127984938528840 0
1 20 86 52.678861784686198 -22.454818574687316 0
5 15 69 70.616509553828195 -52.508783246760039 0
5 15 69 90.208485274479074 -29.789749654605902 0
3 13 100 -91.917125688823589 -20.986157402432546 0
4 12 59 -86.817832029277355 -45.460576786224166 100
5 15 69 -93.042078127457117 -19.187800752670071 100
5 15 69 -94.386158201767330 10.782074935324420 100
5 15 69 -67.759444470547379 -3.038855419599706 100
5 15 69 -69.103524544857578 26.931020268394771 100
5 15 69 -42.476810813637627 13.110089913470642 100
10 16 71 -40.514464158314652 -17.827737993548666 100
10 16 71 -67.344453953204365 -65.579909436844588 100
4 12 59 -64.083223875972209 -37.770479770212503 100
5 15 69 -40.266027356892224 -50.488229176908810 100
4 12 59 -41.977503570651777 -77.433931045105439 100
2 29 75 0.994654494180537 -35.205685763440130 100
8 14 111 -16.126982921078877 -74.649944309144715 100
4 12 59 -36.328206514396271 -91.017918079064927 211
5 15 69 -58.152705798347498 -75.121653391887222 211
5 15 69 -78.678174449286473 -53.242322125613981 211
5 15 69 -91.357620163454499 -26.053507212465092 211
10 16 71 -93.875101441462064 4.844102533514960 211
10 16 71 -65.216022310839890 -9.391668727106534 211
10 16 71 -51.512167671591371 -38.308867208742804 211
10 16 71 -29.243819773461876 -63.928963420295361 211
10 16 71 -8.463958532189658 -88.264069066120541 211
2 29 75 -60.834650605094211 35.394529838702681 211
10 16 71 -34.341375463336945 -0.979999330252159 211
2 29 75 0.163063786366848 -29.866738018852853 211
2 29 75 43.675136974419381 -68.216437976969345 211
2 29 75 78.086850167246524 -21.527745607889159 211
4 12 59 96.857087148649754 14.923292836330273 211
2 29 75 60.417221267816466 33.715210635929175 211
3 13 100 40.315284658683680 -3.161776016486002 211
1 20 86 14.303717520136615 17.145818006363157 211
10 16 71 19.640384031508141 52.748064993686953 211
1 20 86 16.010021842329671 88.564548215457677 211
10 16 71 50.749873727622266 79.123007504962771 211
1 20 86 -23.949030022399857 86.755080318020518 211
10 16 71 -18.680239821544060 51.142725020745310 211
2 29 75 80.488186841389194 9.091302381156559 311
2 29 75 65.932264068483931 -47.052487232915787 311
2 29 75 24.588277384420984 -6.374793529019229 311
10 16 71 43.362757103897522 34.521647774142650 311
4 12 59 49.465134920606204 -84.600238931614285 311
10 16 71 22.283570469368151 -91.320548000637302 311
4 12 59 67.852480221548262 48.095647244483104 311
4 12 59 66.425437383317330 72.053183610684329 311
2 29 75 25.603391675655082 75.869016972026913 311
7 17 96 21.337144277487592 -58.334122346084740 311
2 29 75 -21.503854422110912 -41.581545516802642 311
2 29 75 -77.065028838872209 -24.939553525750913 311
2 29 75 -28.947730125003677 15.938787536126416 311
2 29 75 -32.361046032732332 73.838263134045661 311
4 12 59 -97.419471660304140 10.651128645697536 311
4 12 59 -74.010955700626297 15.946539920141486 311
4 12 59 -63.736162494543798 37.635906544647639 311
3 13 100 -70.664872665814428 -66.449046427501372 311
3 13 100 -73.126510617779743 63.730004274813489 311
3 13 100 -88.680476322161752 39.303601861337199 311
3 13 100 -85.776777427966920 -45.291770268703630 411
9 26 102 -83.760099979814726 -6.343946041025450 411
3 13 100 -91.619896905699619 31.855839197688280 411
9 26 102 -52.783334349642672 35.422547600330070 411
3 13 100 -44.923537423757779 -2.777237638383642 411
3 13 100 -51.312068037972153 -27.980147720182643 411
2 29 75 -9.404726236464562 -25.191832255316026 411
7 17 96 -42.858659042867082 -56.764516331661284 411