1 13 41 97.000000000000000 0.000000000000000 0
6 15 61 90.979381443298962 27.345057180315223 0
6 15 61 69.695649803919792 6.202617219353049 0
6 15 61 62.027625519428859 35.206089486867114 0
8 19 64 36.362889915636060 12.905386664144004 0
6 15 61 34.378405695652873 46.847422878558689 0
6 15 61 58.284706058669826 64.971682944923202 0
8 19 64 79.043547538803921 -26.487087703422688 0
6 15 61 45.710787650520189 -19.784318258631732 0
9 22 110 8.785501954431446 -17.434153102259945 0
4 35 119 -14.136946492800568 34.753597924048812 0
7 17 72 18.940275982133130 74.877124106872543 0
10 26 73 -75.065857782422071 37.697705439312671 0
5 23 67 -86.427193445117254 -9.966957068247062 0
6 15 61 -58.213834369794675 75.074293123319592 0
6 15 61 -29.134950987385093 82.451185506445711 0
1 13 41 -53.714217150840412 5.061721581923124 0
5 23 67 -44.948603866120330 -29.854807795189068 0
6 15 61 -78.765875586897664 -47.186632089334040 0
7 17 72 -58.712501891631177 -72.123797193611523 0
5 23 67 -18.946781919821674 -67.800891327919842 0
8 19 64 -44.759484091928222 79.231234900286793 119
6 15 61 -14.108845293465581 93.946476700752612 119
8 19 64 -11.977274178083675 60.013360065523401 119
5 23 67 22.547469768878425 83.930760747802893 119
8 19 64 61.152919367080855 67.389320020929915 119
8 19 64 32.004714349636814 43.009366283052344 119
6 15 61 1.180000408661522 28.662345321994145 119
5 23 67 -72.664730621148024 47.841790557586712 119
6 15 61 -93.618712320880590 16.141149382252848 119
6 15 61 -64.094232401280465 10.820896993772681 119
5 23 67 81.436531323558171 30.611948091997164 119
5 23 67 44.671743286263592 2.965061095939156 119
5 23 67 84.768007291772477 -19.580218072892009 119
5 23 67 45.195090793398130 -43.031961714094720 119
5 23 67 5.098826787889237 -20.486682545263548 119
5 23 67 -84.343603696611709 -21.334397471428765 119
1 13 41 79.742687475867882 -55.227744785805470 119
1 13 41 -78.579907627999617 -56.870010701379748 119
6 15 61 -53.766755089266795 -43.896674157160412 119
6 15 61 -46.929691275054779 -14.686152792412521 119
1 13 41 -57.212840107835518 -71.683802437081610 119
1 13 41 -23.759757048561852 1.034984187462431 119
1 13 41 -26.762000149914581 26.861066669332963 119
5 23 67 -21.913175802478015 -64.617424303336605 119
1 13 41 -11.243934011816556 96.346115375441656 186
5 23 67 -41.319972772351917 76.561477585611527 186
10 26 73 -73.890180681670898 39.952987358019030 186
5 23 67 -86.689319837164106 -7.345871368998061 186
1 13 41 -34.908159846790710 41.137069968721079 186
1 13 41 -42.826588615864097 16.372206031499235 186
5 23 67 2.681007168788025 63.148283923422035 186
1 13 41 19.369644731095640 95.046393214004382 186
5 23 67 47.660534786551963 72.783744228088921 186
5 23 67 78.112707967886394 38.306720740931311 186
5 23 67 33.133180350122451 28.671260436264433 186
7 17 72 92.992547301542999 1.177347174918019 186
5 23 67 79.057491645242933 -36.316842026287809 186
5 23 67 37.243246276919947 -17.144755956230654 186
7 17 72 -6.621162139953643 24.244946712438392 186
1 13 41 -23.242668726867041 -0.729550655500660 186
1 13 41 -47.845184411647878 -9.138844441551486 186
7 17 72 -59.572815239798402 -36.751571129776494 186
1 13 41 -59.847080265819081 76.336930666988479 259
1 13 41 -37.420337169943771 89.491442976899890 259
1 13 41 -37.241566883103047 63.492057576768929 259
7 17 72 -77.196417619986505 51.862444086647486 259
7 17 72 -90.678491189789497 20.649727251062341 259
1 13 41 -61.245429031535110 26.454453944743435 259
10 26 73 -63.281382550521663 -12.492367405252850 259
10 26 73 -22.765983846475031 20.103682475862140 259
10 26 73 -14.794675938428032 -31.281706986854857 259
9 22 110 -53.617285590032559 -59.509441218265344 259
7 17 72 -10.294579470556130 76.677650828042772 259
7 17 72 9.223598631369084 48.838097606384792 259
10 26 73 46.789320450834666 69.762163754782620 259
7 17 72 36.163434561702466 28.095743833326189 259
4 35 119 74.688327038634796 -6.830359007397441 259
7 17 72 28.189297744817665 -30.107821814428981 259
10 26 73 17.766149489270664 -71.825419785104231 259
7 17 72 60.743241338550689 -70.422003888604209 259
2 17 110 81.544523558771516 44.715664789567398 378
2 17 110 60.022803172042238 71.037054410851496 378
2 17 110 92.167241837287122 12.417710421290590 378
9 22 110 84.148598264766207 -25.749046779929287 378
9 22 110 61.164319811747703 -63.268680893205357 378
2 17 110 47.988671290466797 39.238003012156447 378
9 22 110 21.178026222266197 67.560949734328048 378
2 17 110 58.611389568982403 6.940048643879646 378
2 17 110 45.196790144305595 -27.687253205163437 378
2 17 110 25.329181456526307 13.889481941578230 378
2 17 110 -0.958604528983695 35.452234733836086 378
9 22 110 -22.821576582154442 67.747907091015392 378
4 35 119 4.271936545507039 -59.767720126904230 378
2 17 110 -0.683488008797340 -8.004376267696324 378
9 22 110 -33.206533476625182 13.518902141914120 378
4 35 119 -68.006294137300173 -31.625052691039283 378
9 22 110 -84.999641918347663 22.782907491202138 378
2 17 110 -58.012943929167356 50.938158007593778 378
10 26 73 64.927603100000866 -53.295462805840785 497
10 26 73 83.859053540495779 -4.864066127455743 497
10 26 73 70.654041286333566 45.431337751700326 497
10 26 73 32.450508456005593 -12.684647454693572 497
10 26 73 19.245496201843380 37.610756424462487 497