10 13 85 97.000000000000000 0.000000000000000 0
5 16 66 89.711340206185568 28.069118946095067 0
9 25 76 59.010529359116731 0.894494508349835 0
9 25 76 70.272149716684197 -47.820758820787454 0
9 25 76 61.929446572883577 58.221505023284649 0
9 25 76 19.580638698898937 31.639961207088856 0
2 14 51 35.477213543095601 -30.205072155888587 0
10 13 85 21.821267590978753 -6.913117747705847 0
9 25 76 -16.022082186615414 -3.466252851794803 0
2 14 51 -19.237589768672514 35.400963552132723 0
2 14 51 -6.712923752568265 60.443582049107903 0
6 23 120 21.586382193071948 84.279464306642495 0
9 25 76 -43.659992957585786 72.930137905694096 0
3 15 49 -78.569500883956792 53.402561088827113 0
3 15 49 -91.304332251247700 26.239643902952817 0
3 15 49 -94.934022452209177 -3.539969073797661 0
5 16 66 -54.820312574536047 33.478303144209114 0
10 13 85 -69.649684858134407 8.489256688023332 0
2 14 51 -70.094823976565692 -18.507073639731260 0
10 13 85 -12.763737751451783 95.053008746465139 0
10 13 85 57.104610597810876 78.409587733085203 120
9 25 76 19.355264991075920 82.766984463161577 120
5 16 66 75.503290652332026 55.993330858857384 120
9 25 76 39.227897093432588 36.885850068681052 120
7 20 109 -5.042716041880936 44.955101125836556 120
10 13 85 -17.912308588325523 75.342163960018112 120
10 13 85 -40.559698941761752 88.113057044649452 120
10 13 85 -40.295921605349378 62.114395126835383 120
10 13 85 -63.929380435526959 72.952274242340522 120
10 13 85 -81.010652266217775 53.350484715716931 120
9 25 76 -53.964414818161138 26.657769606471511 120
10 13 85 -91.841335527753600 29.713727322024202 120
10 13 85 -96.908496571151460 4.212278756104038 120
5 16 66 -71.782429963252568 -10.268079554912612 120
2 14 51 -89.632845786792771 -34.379542698544235 120
3 15 49 -74.408796918143494 -59.062093945224120 120
9 25 76 -40.893269933744918 -37.228416953978439 120
3 15 49 -49.802284740949048 -76.223666089802890 120
9 25 76 -9.802617001830868 -76.386702159886838 120
7 20 109 81.112295500061663 20.432972809223724 120
2 14 51 53.501945453323124 0.591889917996109 120
4 29 109 11.723508900553462 -9.584663487071818 120
5 16 66 23.822802969818007 -52.927564670835004 120
3 15 49 29.579835780247198 -83.388302895960834 120
2 14 51 57.788166849639367 -76.658514022633142 120
1 16 64 77.131895906574329 -53.727745475288486 120
7 20 109 87.890229029196547 -19.372858364097304 120
1 16 64 54.026254196585761 -31.588880979347486 120
10 13 85 80.956511241082424 53.432605099063764 229
3 15 49 60.868615204062436 72.938410204362000 229
3 15 49 90.994752146889269 27.293865276398478 229
2 14 51 55.498038473753297 44.440043486533028 229
2 14 51 63.644743986347684 17.651404303269832 229
4 29 109 77.666482494121936 -22.998206386373933 229
2 14 51 41.590147118741555 0.400469342886437 229
2 14 51 33.443441606147168 27.189108526149639 229
1 16 64 28.123631883831315 56.713668209883345 229
3 15 49 68.333076684554939 -65.996898645487377 229
1 16 64 41.729850599529598 -50.082491277664104 229
2 14 51 34.940849173494300 85.928827775176160 229
4 29 109 -10.162852245121620 80.359918082610221 229
1 16 64 2.726966052901485 37.245505361990340 229
2 14 51 -53.160772938440310 79.937051613051068 229
1 16 64 -44.459406610990342 51.226666313729154 229
2 14 51 -73.965311258010246 61.197489576825475 229
1 16 64 -87.474865741288852 34.411449599566282 229
8 14 100 -95.836510515935686 5.600290361128458 229
3 15 49 -92.133106496822307 -23.162268611800478 229
1 16 64 -67.521825675745163 -4.313267143656855 229
10 13 85 47.422113232611458 -84.617629230281423 229
7 20 109 15.828855425763233 -75.085260104506688 229
5 16 66 -15.566108085538158 -92.702191339090490 229
10 13 85 -15.146856572399161 -63.705222046270748 229
5 16 66 3.306005048026300 -41.333545801129233 229
5 16 66 13.897503406091735 -11.137185713676685 229
5 16 66 -11.358983689953785 8.512492644181652 229
5 16 66 -41.461661580304501 19.367389411530031 229
4 29 109 -53.747860958675666 -47.153410653838108 229
8 14 100 -19.221948746208646 -21.522152668771891 229
8 14 100 31.586591248140984 90.654769611548090 338
8 14 100 56.401362937784526 77.684530369696546 338
5 16 66 76.154010908958142 55.105050789181590 338
1 16 64 44.543510553420404 50.127474343505540 338
1 16 64 64.659468382423782 25.240766232110861 338
3 15 49 33.951870883219598 20.993007313943654 338
8 14 100 18.898508188691800 65.694550296074937 338
8 14 100 56.401362937784526 77.684530369696546 438
1 16 64 28.815192336363051 89.474491843309195 438
1 16 64 76.154010908958142 55.105050789181590 438
1 16 64 44.543510553420404 50.127474343505540 438
1 16 64 64.659468382423782 25.240766232110861 438
3 15 49 33.951870883219598 20.993007313943654 438
7 20 109 9.653441687338166 58.997823520400367 438
3 15 49 -2.084119979872590 91.970989066165373 438
4 29 109 -38.613296099509860 67.443060249803352 438
1 16 64 -79.893482236817022 49.528087950933497 438
1 16 64 -57.549147578898733 26.621086647948605 438
7 20 109 -21.934313010652264 21.369081442654490 438
4 29 109 -51.202863407989199 -17.929162253960609 438
3 15 49 -84.337643686961485 11.020558571363932 438
7 20 109 -61.325921197440870 -65.872083535328329 438
8 14 100 -29.161852945393122 -54.850617504095730 438
8 14 100 -31.797372816930917 -82.726306464312117 438
4 29 109 9.996985293947006 -72.615340630145099 438
8 14 100 52.262885589237484 -80.526956914354287 438
7 20 109 51.480308862019285 -46.535964377124415 438
8 14 100 85.377505283695740 -43.893981267737672 438
8 14 100 71.900213871907511 -19.350904520888278 438
3 15 49 94.983026451937178 -1.795741081169922 438
3 15 49 45.888118784782378 -6.530182654380115 438
3 15 49 20.670744155718332 -29.929618523558233 438
3 15 49 -9.296128437448941 -31.339067701386341 438
8 14 100 -94.642564600451564 -16.086794766184827 438
8 14 100 15.514755543991605 -1.391647652528442 438