2 17 81 93.000000000000000 0.000000000000000 0
2 17 81 86.784946236559136 33.427131296561186 0
2 17 81 60.943728239819734 11.331171203254726 0
2 17 81 54.728674476378870 44.758302499815898 0
2 17 81 49.984183053155206 78.425642773959282 0
2 17 81 23.199656809503921 57.483122536338513 0
5 20 78 66.019502818188272 -25.319019961725406 0
5 20 78 29.718825728051812 -8.518399651818926 0
10 25 65 -8.932948523722395 84.529299243945744 0
2 17 81 -50.442797723951415 78.131454343180636 0
5 20 78 -32.140384185491122 45.975247187062465 0
5 20 78 -72.082861358279018 48.119662562244727 0
5 20 78 -53.968740963058842 12.456254952939233 0
5 20 78 -89.848131901281377 -5.226202622358258 0
8 18 75 -57.624994196448966 -25.367438841999991 0
8 18 75 -70.650017432990680 -58.928558753104703 0
5 20 78 -32.938341953232978 -54.256350227210056 0
5 20 78 4.152919894384663 -39.281761933989316 0
5 20 78 -1.424337156281934 -78.891031099057102 0
2 17 81 34.841121607653442 -86.227004152531620 0
2 17 81 -7.004763937284789 -4.004204032222621 0
2 17 81 86.784946236559136 33.427131296561186 81
2 17 81 93.000000000000000 0.000000000000000 81
2 17 81 60.943728239819734 11.331171203254726 81
2 17 81 54.728674476378870 44.758302499815898 81
2 17 81 49.984183053155206 78.425642773959282 81
2 17 81 23.199656809503921 57.483122536338513 81
5 20 78 66.019502818188272 -25.319019961725406 81
8 18 75 27.757566987876920 22.452263836627093 81
2 17 81 -4.023463523800661 37.113986096164652 81
2 17 81 -8.052092967490259 70.874468095174052 81
2 17 81 93.000000000000000 0.000000000000000 162
2 17 81 86.784946236559136 33.427131296561186 162
8 18 75 59.813838748057186 11.121092633372378 162
8 18 75 54.404349759254416 46.712347582868354 162
8 18 75 67.558476824892423 -24.035991731785572 162
8 18 75 26.286163314823639 24.231965222324970 162
8 18 75 33.239229603255311 -13.164502866862172 162
7 28 72 -11.415835004425510 -2.122528184593978 162
7 28 72 -8.933224718800883 53.822414805543310 162
4 26 71 -62.901531906776860 55.672230813761473 162
4 26 71 -83.620275726766806 7.978062883902062 162
4 26 71 -72.294061275047909 -42.773457942509381 162
3 18 70 31.970347283945017 74.867551949695667 162
3 18 70 85.419354838709680 34.169194004813818 243
6 23 69 58.108434188774609 64.748821426562273 243
4 26 71 83.428050619263161 -9.785722756631834 243
3 18 70 51.936731678175732 20.943690373961935 243
4 26 71 14.046511411184966 43.311774961581911 243
3 18 70 23.252824699454496 86.337857697966740 243
3 18 70 -12.423109602968442 91.157371329984244 243
4 26 71 19.180906772828330 -8.434123274610059 243
4 26 71 -49.673301274366054 67.738933712497015 243
4 26 71 -80.029737403420654 25.519426544096415 243
3 18 70 -90.368602257211052 -17.248644180862144 243
6 23 69 -31.130214942193632 22.383074672262744 243
4 26 71 -46.891641025200300 -24.012802815181303 243
7 28 72 58.352539904676888 -57.610598735589377 243
3 18 70 12.701603933720616 -51.954447661258769 243
4 26 71 -26.536600264869925 -71.863323352008166 243
1 22 86 86.482144078323046 -16.273867260616790 315
1 22 86 83.550428178377530 27.628354116917251 315
1 22 86 46.995847132837561 3.138302982118657 315
1 22 86 44.064131232892038 47.040524359652693 315
7 28 72 46.929807374113651 -46.861653405364997 315
7 28 72 0.575681982404461 -15.440401693033396 315
4 26 71 -3.157325532547610 38.430412806965691 315
4 26 71 -42.460524011552870 72.478299515540115 315
6 23 69 4.372166372974910 86.890069405007537 315
7 28 72 -53.798157728029210 19.681916479284503 315
4 26 71 -79.207892728834651 -27.966224798092146 315
3 18 70 74.229191748724915 -54.350962202439703 401
6 23 69 85.699230516242054 -14.988058210589031 401
6 23 69 81.362907594406479 30.807097685177553 401
6 23 69 43.871300679321713 4.154153927971889 401
6 23 69 39.534977757486132 49.949309823738460 401
4 26 71 31.640878412256164 -43.294942703779355 401
4 26 71 -1.370804107696962 22.973079360642650 401
3 18 70 2.171446644107945 66.830261892256985 401
3 18 70 -26.978658653452261 87.955397658475206 401
3 18 70 -58.665342754389656 70.868734710801633 401
6 23 69 -79.422531245546622 35.511428168269561 401
3 18 70 -91.932116412750673 -3.533549472196171 401
3 18 70 -56.307082827444376 1.648822768949582 401
4 26 71 -72.232549002105927 -42.877253464492881 401
6 23 69 -26.174443444046119 -26.154487174114333 401
7 28 72 -6.258695099628888 -81.760801950873017 401
1 22 86 43.465500399400540 -76.516339921808282 473
1 22 86 75.075626628214124 -45.909152533900979 473
1 22 86 87.916846199974174 -3.824677012518436 473
1 22 86 78.778854221740673 39.215967761993717 473
1 22 86 32.763961697488938 -33.837573896869273 473
6 23 69 44.948187334118067 9.542983787699596 473
1 22 86 37.297074048723289 53.887774524538756 473
7 28 72 -4.121763056503404 81.896343442830471 473
1 22 86 -52.784842346960581 70.411365690536897 473
1 22 86 -80.274492891486716 36.055593061474490 473
1 22 86 -87.695520213141180 -7.314077832956567 473
1 22 86 -46.425769803966105 7.943959431527809 473
7 28 72 -5.436901721267020 -66.097363636753713 473
6 23 69 -56.436775223817357 -66.210953794189635 473
6 23 69 -1.428390735801678 30.967513242814306 473
1 22 86 -8.030445254242647 -13.545550863530178 473