1 10 101 100.000000000000000 0.000000000000000 0
1 10 101 98.000000000000000 19.899748742132399 0
1 10 101 81.766312060385914 8.217823563497323 0
1 10 101 83.766312060385914 -11.681925178635078 0
1 10 101 65.532624120771828 -3.464101615137756 0
1 10 101 63.532624120771821 16.435647126994645 0
8 18 100 78.566312060385911 40.057421550909162 0
2 27 108 60.012280859995641 -40.049970612377699 0
1 10 101 95.512185170558482 -29.621318065625442 0
10 11 83 60.917021252883586 -78.039198622716071 0
8 18 100 32.996832665593352 -85.879037221191709 0
1 10 101 27.857419885096302 -58.354749105571642 0
9 19 99 14.628130140773822 -32.548046626162069 0
9 19 99 35.757546442905756 -0.964067036325680 0
8 18 100 42.876114801053774 35.344692024407507 0
8 18 100 56.639869939604402 68.609674280317719 0
2 27 108 11.648167575561232 67.745545594674027 0
8 18 100 -28.852825817945874 87.358539607294688 0
1 10 101 -24.467412415069980 59.704097843160724 0
1 10 101 -56.437200741776110 82.552058559629288 0
8 18 100 -70.928145093514303 58.593499926129880 0
1 10 101 -91.720833905356756 39.840791002513456 0
8 18 100 -91.234289251156440 11.845018566313904 0
9 19 99 -16.930798680502207 31.700536401516821 0
8 18 100 -53.633537031984496 27.019831593196692 0
1 10 101 -43.329818513433935 53.055065117989173 0
1 10 101 -65.206190970114832 1.523289066252445 0
8 18 100 -79.886513704325026 -22.319699933020097 0
9 19 99 -43.217200491740343 -17.383966095244581 0
8 18 100 -58.333783385398746 -51.155091655686803 0
10 11 83 -14.915268131735569 -27.333871858100565 0
8 18 100 -22.573700316188379 -55.304363746448502 0
10 11 83 -43.074426022283568 -75.815829942784831 0
1 10 101 95.512185170558482 -29.621318065625442 108
10 11 83 86.307962218869932 -48.496759248697430 108
10 11 83 98.603628271331274 -8.850112526353424 108
5 15 71 93.529560783758654 16.649962750624891 108
5 15 71 83.674109153365976 44.984924779203496 108
5 15 71 73.920500621698423 -17.019764258950733 108
10 11 83 65.419949286609068 -41.590898278354700 108
10 11 83 68.846433134125803 8.480311018027543 108
10 11 83 62.709394476766917 29.606994537171825 108
10 11 83 58.424336197271586 51.185647774603687 108
5 15 71 45.104543798560243 -25.364860565587122 108
10 11 83 48.372664879120727 0.428925209339292 108
9 19 99 57.504881138307894 -70.527928122617368 108
5 15 71 29.627263295624243 -51.064156046853476 108
5 15 71 15.109660800952948 -24.810790209180126 108
10 11 83 26.450015205392038 -1.414287009306030 108
5 15 71 35.437558190679823 22.982927403155170 108
1 10 101 99.496509336314645 -10.022206837251556 209
10 11 83 98.392705862044977 10.948764000794794 209
10 11 83 93.545263191339686 32.408081314125759 209
10 11 83 80.283947502676909 -1.544148817360041 209
10 11 83 75.436504831971618 19.915168495970917 209
8 18 100 69.253610030725099 48.248396548501731 209
2 27 108 73.319515780811457 -38.900496213638959 209
10 11 83 63.810593321727403 -75.691533079526920 209
10 11 83 58.415373520132022 -3.945288540483453 209
3 16 74 39.064297937374477 -64.892419007050705 209
9 19 99 43.242236953645403 21.934740955920656 209
9 19 99 33.770922181268219 58.735477313805532 209
2 27 108 -2.064024350092630 29.893552844475998 209
9 19 99 -0.154864609674689 75.853917389217884 209
9 19 99 -37.492598551676899 82.917459282365826 209
8 18 100 -67.994460922726972 61.973811274019241 209
9 19 99 -86.028529892067183 29.666345319396907 209
8 18 100 -49.066908527201818 31.351143847509015 209
9 19 99 -65.050489691552116 -2.018380170112607 209
1 10 101 -31.099925613897298 52.826420911915505 209
10 11 83 -98.965871209325286 2.599295246646701 209
10 11 83 -97.096313980956168 -19.321123448484396 209
3 16 74 -75.436997769082026 -35.441732036067137 209
3 16 74 -43.917342862535342 -29.918023628465590 209
10 11 83 -55.923022777042185 -54.101978015422389 209
10 11 83 -75.627331570364106 -63.886670906740861 209
8 18 100 28.779124258825934 -32.485395039983125 209
9 19 99 -4.369524808993884 -16.048635475563856 209
10 11 83 2.715051520369578 -45.200115339087475 209
3 16 74 -22.818536200678505 -53.977124971732458 209
5 15 71 94.955659295378197 -2.902200506521496 317
2 27 108 75.558332311111158 34.350231707569250 317
9 19 99 52.636213849983392 74.232263817957332 317
8 18 100 31.565585914673026 43.817980357521861 317
9 19 99 14.720444087690431 76.760979565682035 317
5 15 71 65.153343112301798 -6.340506793626089 317
2 27 108 -13.294810583025175 40.276112761280139 317
8 18 100 -21.454693873150756 84.530110373829558 317
3 16 74 -54.512059329389892 76.579601642141469 317
8 18 100 35.445508283199246 8.027671579666791 317
2 27 108 -67.079350732737424 35.457062970710354 317
2 27 108 -81.316453335018991 -16.632330474520973 317
8 18 100 -39.471639737057330 -0.079035486759684 317
3 16 74 -41.974087590564324 -33.986818586521288 317
3 16 74 -64.855856229346017 -56.356992120968144 317
5 15 71 -47.683575318606756 -82.166152671490934 317
2 27 108 -10.284940904924916 -63.052227276853330 317
5 15 71 94.955659295378211 -2.902200506521488 425
5 15 71 91.126016028170824 26.852359353203109 425
5 15 71 67.272632944828288 8.658511066507177 425
4 16 69 76.726492370858239 54.305113649311458 425
4 16 69 51.117944393630580 35.116516241005918 425
2 27 108 65.996554081427320 -33.322099014033356 425
3 16 74 37.776027147909161 -0.878272797099936 425
7 18 108 51.807146757785752 -76.026439774707654 425
3 16 74 27.425631161187571 -52.329568732039597 425
3 16 74 14.646367268775773 -22.992043029143304 425
3 16 74 7.060110413940812 8.095715123101604 425
3 16 74 19.221959061580016 37.694523164506187 425
3 16 74 37.402571214488695 64.028253279047675 425
6 15 38 94.955659295378211 -2.902200506521460 533
6 15 38 89.316040139777797 -32.367344249252227 533
6 15 38 91.126016028170810 26.852359353203134 533
6 15 38 66.618286710213084 -12.750718921467545 533
6 15 38 60.978667554612670 -42.215862664198298 533
6 15 38 61.735301196999700 -72.206319571874928 533
6 15 38 35.384486822655738 -57.866355073701733 533
6 15 38 38.280914125047957 -22.599237336413619 533