7 12 72 98.000000000000000 0.000000000000000 0
2 16 95 90.081632653061220 26.857018795073568 0
7 12 72 74.292187369438807 3.733580088092849 0
7 12 72 62.184783518681833 24.455809022130698 0
2 16 95 82.210554716377573 -23.123438706980703 0
7 12 72 56.401950748873446 -12.264527101827529 0
7 12 72 44.294546898116472 8.457701832210317 0
4 31 95 46.965172533012733 -54.216251940082472 0
2 16 95 25.575673819543265 -12.365453324207914 0
1 36 109 -18.500036155104571 -39.957694810370818 0
2 16 95 -57.472819685968382 -74.383297838588504 0
4 31 95 -2.725104860365064 25.158751212475430 0
4 31 95 -57.538855877747878 54.132061334109181 0
4 31 95 -78.894894260433006 -4.073777072336604 0
7 12 72 -32.004867733936877 -86.018736092862184 0
7 12 72 -65.875765831586136 -47.673926897402936 0
7 12 72 39.620480546285989 32.632130405853829 0
9 22 99 -10.043022454354563 77.651113343432911 0
3 18 119 -2.516967375179668 -91.538132113443297 0
9 22 99 61.740328120864952 58.452903889182963 0
8 13 102 -33.512751538340751 -91.026894291354566 119
9 22 99 -58.087178420922754 -66.105065638692821 119
9 22 99 -82.829258408133086 -29.720598102304628 119
9 22 99 -38.948345224845539 -26.485562059108020 119
9 22 99 -13.452681620969184 -62.346001785887374 119
6 19 98 -90.383162228091393 10.577522661309388 119
10 15 106 -56.695374109392091 5.980465812670047 119
2 16 95 -25.861970229416162 9.190014873564010 119
9 22 99 3.505791333694546 -14.925013236978948 119
6 19 98 25.493056199697968 -49.530795755399353 119
9 22 99 65.417443106440118 -58.860497257631714 119
9 22 99 85.735978421671973 -19.832851637588529 119
9 22 99 84.620519131485821 24.153006891851792 119
6 19 98 67.259351253484169 61.295837289007125 119
6 19 98 19.290772116504790 -87.021216827339430 119
6 19 98 50.591680587639935 1.282979621276255 119
6 19 98 37.944443198029070 37.116586562398290 119
8 13 102 36.218045600288704 69.069983116356624 119
2 16 95 18.637878896743437 92.133758580828157 119
6 19 98 5.640049190681964 59.636736826023828 119
8 13 102 -16.667426079828125 36.693839296383402 119
8 13 102 3.327539617968176 20.074532850446822 119
4 31 95 -56.650472246064183 55.061093290071099 119
6 19 98 -19.302713356658820 88.304813087031889 119
6 19 98 -90.600890932483466 8.513434221290302 225
2 16 95 -83.679482665932653 42.822239324466416 225
4 31 95 -69.819220442760212 -36.963177038307393 225
2 16 95 -58.673815571006656 22.854349773045733 225
2 16 95 -38.460979848578830 -1.953739070276036 225
4 31 95 -14.306838144483763 38.364711278646055 225
4 31 95 -7.822437055178447 -37.594722439102625 225
8 13 102 -39.138893246055133 -68.502319751816884 225
6 19 98 -15.187783684031022 -89.723638060251886 225
8 13 102 16.262984164666779 -95.626959305730296 225
6 19 98 43.994128044572690 -79.658751544307691 225
2 16 95 72.682424213412304 -59.609271178748500 225
4 31 95 77.938969834233518 -12.904145891086266 225
4 31 95 63.251633171967057 47.331077539803772 225
6 19 98 31.015064620361620 85.551538657085487 225
6 19 98 28.060337452422207 11.812452769416833 225
8 13 102 46.224183007141370 -47.736551512606816 225
8 13 102 35.387832486920090 -24.102391755955850 225
8 13 102 -64.888740489663078 -72.100286807093639 327