4 10 52 100.000000000000000 0.000000000000000 0
4 10 52 98.000000000000000 19.899748742132399 0
4 10 52 81.766312060385914 8.217823563497323 0
4 10 52 83.766312060385914 -11.681925178635078 0
4 10 52 65.532624120771828 -3.464101615137756 0
4 10 52 63.532624120771821 16.435647126994645 0
10 18 53 78.566312060385911 40.057421550909162 0
3 21 69 39.746241020025010 36.315485631985240 0
7 11 95 59.248115048368163 61.686274137324112 0
3 21 69 31.418087969563928 77.481513698439457 0
1 18 66 3.371361387811973 50.382046396508073 0
8 19 65 -7.733488614784299 85.676271227489110 0
1 18 66 -44.381800494460826 80.586945499068733 0
8 19 65 -71.869344690051449 55.819327242654715 0
8 19 65 -35.545595987864338 44.657549596582371 0
8 19 65 -63.373853331849816 18.781149282842474 0
3 21 69 -25.490393385520136 5.942011364164493 0
8 19 65 -57.012288074272760 -18.682573002504299 0
1 18 66 -91.799027878785637 -6.077703555615159 0
4 10 52 -94.047131168818979 -33.987308203430267 0
4 10 52 -97.706981886111308 21.291916088203898 0
2 24 97 31.834332205968039 -7.983517730596720 0
3 21 69 -6.515282118950366 -31.527244732284728 0
8 19 65 -40.363609383903977 -52.841341977174046 0
4 10 52 -68.382189049124406 -45.360754196545017 0
4 10 52 13.135842109755082 20.413074813612287 0