7 10 54 100.000000000000000 0.000000000000000 0
7 10 54 98.000000000000000 19.899748742132399 0
7 10 54 81.766312060385914 8.217823563497323 0
7 10 54 83.766312060385914 -11.681925178635078 0
7 10 54 65.532624120771828 -3.464101615137756 0
7 10 54 63.532624120771821 16.435647126994645 0
2 19 71 80.277628055073677 42.854433071168344 0
4 20 61 41.715433717832504 37.027155156322962 0
6 17 63 58.997030392644128 71.891240112056948 0
4 20 61 24.986797985641033 86.461898697777656 0
4 20 61 -14.947704627227427 88.750020430291528 0
1 13 60 3.518034892649925 61.400130778155088 0
1 13 60 -22.019213820253533 56.516594336670209 0
5 21 83 -52.356902997529943 71.970512770906666 0
1 13 60 -80.907095408939497 53.507400539446515 0
1 13 60 -59.513325955847861 38.732197373737989 0
4 20 61 -87.446906877181974 21.161908334815518 0
4 20 61 -88.007239249224568 -18.834166818039691 0
4 20 61 -71.153727071794947 -55.110317761672505 0
1 13 60 -55.775338775583151 -25.912626527416741 0
9 35 79 -22.266601899995941 8.455448091372457 0
4 20 61 -29.631196739410544 -46.049255768489658 0
6 17 63 -45.068038601788572 -81.350303604766566 0
7 10 54 -23.252610868607494 -97.259015457658819 0
7 10 54 -3.433258946089527 -99.941046287344307 0
1 13 60 -10.565381514376789 -78.074797691141811 0
7 10 54 11.729294198882425 37.938986692331930 0
9 35 79 25.279664086153222 -42.919181744514013 0
1 13 60 59.377992219042859 -76.702373105630087 0
1 13 60 36.760402186603883 -89.525969368945510 0
1 13 60 43.107750738108990 1.647165720028745 0
6 17 63 76.877037993221094 -52.334701961402629 0
7 10 54 91.947574064245501 -29.932047151493329 0
7 10 54 11.153294164162105 -85.644416358580969 0
7 10 54 -80.600281199825019 59.191170545184619 83
7 10 54 -90.767169791847351 41.968093690063576 83
1 13 60 -62.882390191068339 73.856651723851073 83
1 13 60 -67.847235688609032 40.050642073147756 83
1 13 60 -45.973685116562820 54.105811420122443 83
1 13 60 -44.738326693613509 28.135176280279435 83
4 20 61 -70.193318570369343 7.134143244871513 83
8 25 62 -26.993756037075855 -5.467356544124495 83
1 13 60 -60.022004555470787 -24.259237764671383 83
1 13 60 -85.913025974377575 -21.881211295998199 83
8 25 62 -20.663568383025382 82.450087578364844 83
3 32 99 -35.298549288257803 -61.859114887477503 83
4 20 61 8.697126599702194 -89.578792071051907 83
6 17 63 12.859310174978951 -52.813642433308047 83
6 17 63 41.109087777788460 -71.733210752691079 83
6 17 63 72.382705011544516 -58.393013410952939 83
6 17 63 45.192946605223625 -37.979365089158463 83
4 20 61 78.519029926309329 -21.905405699012761 83
6 17 63 46.144132186612794 -3.992672899571119 83
6 17 63 74.433069256014520 14.868293127741179 83
8 25 62 38.983625868168929 37.392434920314109 83
2 19 71 23.153889872793808 78.446295376021865 83
6 17 63 -81.339139161454099 -45.088185153913713 182
6 17 63 -92.109478538906771 -12.839157421368149 182
6 17 63 -58.795831586447107 -19.636283779387043 182
6 17 63 -48.025492208994436 -51.885311511932599 182
8 25 62 -80.427351783369247 27.503474055365672 182
6 17 63 -42.224643151228776 10.052025600644793 182
8 25 62 -16.982796862317954 -23.594834923274171 182
6 17 63 -16.911980597551963 -65.594775221525126 182
9 35 79 4.763511484786385 32.325627103363814 182
6 17 63 24.299758906720953 -15.864984395858256 182
8 25 62 -34.526824843781164 77.671734667167399 182
6 17 63 4.621007539201713 92.885124155176982 182
8 25 62 24.370575171486948 -57.864924694109213 182
8 25 62 72.510409885066409 -44.353584503393442 182
8 25 62 84.901703945700930 4.086644970700540 182
4 20 61 39.598753097963822 80.820410498131594 182
2 19 71 57.022054175895391 45.928741298339091 182
10 24 91 50.471707763066775 69.631937467512600 261
10 24 91 79.930530403615535 31.735001329709963 261
5 21 83 88.115787702622342 -12.514310110684860 261
9 35 79 32.803878357524269 -3.762585446388522 261
2 19 71 81.701411070294526 40.073425472783761 352
8 25 62 84.914608969493031 -3.809092222314206 352
5 21 83 46.376741772417773 21.307292706663741 352
2 19 71 50.072920295361726 61.136154908922649 352
8 25 62 8.344126885397571 47.182381206137705 352
9 35 79 1.693553867906772 -12.447895319625811 352
8 25 62 -39.137983185652999 31.515562026717820 352
2 19 71 -82.643698181752242 38.092245284879723 352
2 19 71 -26.742128573496835 73.733363822101325 352
5 21 83 -88.988968133666091 -1.401267463891308 352
3 32 99 43.972610441964818 -64.423672131594657 352
2 19 71 0.443811693725202 -90.998917747303523 451
8 25 62 41.176638329754091 -74.360503332485763 451
8 25 62 -0.681831424614462 -47.013318654303383 451
8 25 62 43.930760105860323 -24.436412822568833 451
8 25 62 84.894500948331313 4.233640128042794 451
9 35 79 -60.614374041693836 -44.168967154933945 451
8 25 62 -19.337005134749411 -0.623831765087949 451
5 21 83 -88.902684460334228 4.160852766711137 451
2 19 71 22.219793749802786 13.834123362414747 451
2 19 71 53.640980021476153 35.204875648677529 451
10 24 91 -54.650434184156403 33.346180433504188 451
2 19 71 -49.920320246287631 76.085226072530574 451
5 21 83 -15.550811384741905 55.622165191613227 451
5 21 83 25.649514201527470 63.778952033587068 451