10 10 74 100.000000000000000 0.000000000000000 0
10 10 74 98.000000000000000 19.899748742132399 0
10 10 74 81.766312060385914 8.217823563497323 0
10 10 74 83.766312060385914 -11.681925178635078 0
10 10 74 65.532624120771828 -3.464101615137756 0
10 10 74 63.532624120771821 16.435647126994645 0
6 19 53 80.277628055073677 42.854433071168344 0
8 36 78 25.284406574615829 41.990956840279765 0
10 10 74 63.989835692512891 66.848345214753991 0
8 36 78 27.930159482547225 -29.960415568800606 0
2 18 48 79.275020652075796 -46.684805885994180 0
10 10 74 57.942466036848955 -64.821015897690785 0
10 10 74 40.311462839508600 -74.262823259386650 0
2 18 48 79.044659518999936 47.073791025637334 78
8 36 78 73.699598117266589 -6.661023746646951 78
1 13 55 79.697792300845421 -55.292512172728266 78
1 13 55 53.973658027799729 -51.515090313534337 78
1 13 55 33.803349452579774 -35.109034968619497 78
6 19 53 42.949776619555962 38.939946394995140 78
10 10 74 56.984506750239916 64.317620641443966 78
6 19 53 29.876280423148049 74.620244841091520 78
2 18 48 6.602124397267151 45.857184133250435 78
6 19 53 -7.746435131457101 79.961712270297824 78
10 10 74 14.160083485252343 98.992383725671971 78
6 19 53 -45.724750020292134 78.678124250529734 78
1 13 55 -73.674496763069243 63.095709257512112 78
1 13 55 -25.865833793772850 53.585825704798822 78
6 19 53 -84.773619950301125 33.082221215056066 78
1 13 55 -55.055112570401882 44.948573607888257 78
1 13 55 -56.054586765246121 18.967791261433781 78
6 19 53 -78.011097319923110 -4.311204512919506 78
8 36 78 -24.988161296571860 -18.925179176357290 78
1 13 55 23.411153591182803 -11.276236870654504 78
6 19 53 -74.831021111315053 -42.177906446246695 78
10 10 74 30.995424766126838 10.437326419255173 78
9 12 77 -21.589229091210445 28.954328547337582 78
10 10 74 12.706120946691705 18.530617826364875 78
10 10 74 86.030840685821147 -50.977391566172358 156
10 10 74 74.165851035143433 -67.077764872071540 156
8 36 78 73.699598117266589 -6.661023746646936 156
9 12 77 90.149710387553668 38.432144320089634 156
8 36 78 28.185497817266871 -68.422055748076176 156
8 36 78 1.892460114470033 -1.394627270181374 156
8 36 78 42.356862250888341 58.158980175062652 156
9 12 77 14.122860982209502 96.977032320427213 156
8 36 78 -43.008476846332982 -57.678780102412873 156
8 36 78 -69.301514549129820 9.348648375481936 156
9 12 77 -80.388586047920327 56.050648820652455 156
2 18 48 -8.252185324490195 76.993106210349538 156
2 18 48 -44.053862858781969 80.766683522474978 156
2 18 48 -29.421037907081310 47.874732623616964 156
3 13 47 -88.550043746038313 -39.596587638011215 156
9 12 77 90.149710387553668 38.432144320089634 234
8 36 78 73.699598117266589 -6.661023746646929 234
9 12 77 81.798073678589134 -53.972911191375466 312
8 36 78 73.699598117266589 -6.661023746646933 312
9 12 77 90.149710387553654 38.432144320089641 312
9 12 77 66.262810234992415 40.759374670005585 312
8 36 78 18.284743768934284 39.308465238473588 312
8 36 78 6.181425682997130 -31.666950866757020 312
8 36 78 -65.784295160703877 -33.888442133113656 312
9 12 77 -55.495556364589142 -80.772787644012325 312
9 12 77 -34.083862543910357 -69.931230203796176 312
9 12 77 -30.781020310600308 -1.043796454280290 312
8 36 78 -53.692074396693528 41.135387993313181 312
3 13 47 56.832237864367443 -52.666372980175403 312
9 12 77 37.272771513809808 -68.236449283180605 312
9 12 77 59.128435659040690 -78.152594944215934 312
3 13 47 15.130252189848594 -79.842862940637616 312
3 13 47 -16.860196892514146 73.452764116957951 312
9 12 77 -2.077823940458881 -97.977970216127957 312
9 12 77 -25.397508582152380 -92.304143622728716 312
3 13 47 88.320064327342322 40.106935026427969 390
2 18 48 67.217550777468958 62.815610062136486 390
3 13 47 63.607580004428904 32.026519282806923 390
2 18 48 35.673122333726404 45.467727362579012 390
2 18 48 36.421629435908336 81.459945092499225 390
6 19 53 3.727904279897629 64.135963580640222 390
6 19 53 41.465516568272207 8.923943089031198 390
2 18 48 7.349929705389748 23.246189176887729 390
6 19 53 90.630658760232507 8.190463520844876 390
2 18 48 87.418756264882049 -28.669863151071116 390
2 18 48 51.472853850615792 -26.697022654718875 390
2 18 48 16.455509575262425 -18.343245072009566 390
2 18 48 -16.457430696201456 -3.757691853600224 390
2 18 48 -27.939797468581130 30.362027566473429 390
8 36 78 -73.969452761612047 2.126042837678312 390
7 24 108 -64.315474738367200 -57.092203576131560 390
3 13 47 -37.968554595680075 -31.114524715331314 390
2 18 48 -22.322800709717374 -57.876631981760902 390
3 13 47 -38.957129580471879 -84.035743262910785 390
3 13 47 -15.728602407133781 -95.716305122577239 390
6 19 53 9.739948664747889 -76.342278532862977 390
3 13 47 39.257058653524041 -88.701089879853072 390
6 19 53 62.215480662928705 -66.409592423690896 390
4 25 104 -58.088366907735342 61.022486805899327 390
3 13 47 -24.610151859485615 79.000504415834683 390
3 13 47 -4.220474580127558 95.133113022121208 390
3 13 47 -91.552416268719881 -32.049260137467058 498
6 19 53 -90.999983960835038 -0.054028953035751 498
3 13 47 -91.590408594373528 31.940523688814253 498
3 13 47 -67.615799752247057 -21.898477421670176 498
3 13 47 -67.641755413739190 21.818171648221469 498
3 13 47 -53.549949143494281 -0.031793936233953 498
6 19 53 -35.990943647611743 -26.784014890681213 498
6 19 53 -62.957173346588377 -53.557555109001811 498
8 36 78 -9.490713828590671 21.410775486900754 498
6 19 53 1.582299953859181 -32.463043440048132 498
6 19 53 -22.122504839445124 -62.162912626819605 498
5 20 83 -67.807384354109260 54.817755994908502 498
6 19 53 -32.493848050876089 71.369316457905114 498