2 10 112 100.000000000000000 0.000000000000000 0
2 10 112 98.000000000000000 19.899748742132399 0
2 10 112 81.766312060385914 8.217823563497323 0
2 10 112 83.766312060385914 -11.681925178635078 0
2 10 112 65.532624120771828 -3.464101615137756 0
2 10 112 63.532624120771821 16.435647126994645 0
9 19 82 80.277628055073677 42.854433071168344 0
8 20 76 41.715433717832504 37.027155156322962 0
6 25 100 30.673121587753002 -6.597004925240778 0
5 17 100 58.997030392644128 71.891240112056948 0
6 25 100 17.090493401872799 74.691625342898305 0
8 20 76 1.995885287105040 32.298786255835651 0
5 17 100 -22.324044966241971 60.183208295252868 0
10 22 84 -61.204895466160508 63.229429627163057 0
5 17 100 -39.489381831886988 30.834422795867582 0
10 22 84 -84.165099524914993 25.695058317916985 0
6 25 100 -82.296304867702204 -21.267773863811296 0
5 17 100 -69.863060325287009 -61.385281639700153 0
5 17 100 -43.130409303278242 -82.393979108498513 0
5 17 100 -38.302669105881421 -48.738475478535719 0
5 17 100 -11.570018083872661 -69.747172947334064 0
5 17 100 8.108096654102319 -42.020438549661250 0
6 25 100 29.588611052904053 -78.111815652272227 0
5 17 100 68.666843554851553 -62.720527709941514 0
9 19 82 -39.129039565921566 -12.747961285726898 0
2 10 112 -15.891041138220757 86.405650243871321 0
2 10 112 -34.441133116358678 93.881885098570862 0
2 10 112 -2.662503032410338 -17.261719229129071 0
2 10 112 98.000000000000000 19.899748742132399 112
2 10 112 100.000000000000000 0.000000000000000 112
2 10 112 81.766312060385914 8.217823563497323 112
2 10 112 83.766312060385914 -11.681925178635078 112
2 10 112 65.532624120771828 -3.464101615137756 112
6 25 100 70.291971924572152 41.283508471686559 112
6 25 100 32.611179340829885 8.417753189615313 112
5 17 100 29.267799450749742 50.284468022649534 112
5 17 100 49.372888827588845 77.703172972907709 112
1 21 118 12.815044881347763 88.072553185933259 112
6 25 100 -12.729601335267354 49.817213040170977 112
10 22 84 -56.181305563461216 67.732273734055326 112
10 22 84 -81.949388389623351 32.067081915363985 112
5 17 100 -92.844240409373114 -5.380243749731978 112
5 17 100 -84.705766645933579 -38.391836331759997 112
5 17 100 -60.186125732235169 -14.837915013574204 112
6 25 100 -45.839901692199874 -54.311777958478814 112
10 22 84 -21.189911015240710 -14.294557170100394 112
6 25 100 4.158175379287567 -53.873270086711642 112
10 22 84 46.191192240910311 -74.902428260793158 112
10 22 84 76.679275366365005 -43.177409941880136 112
7 18 75 -42.975185631989888 19.252451785584817 112
3 18 118 50.232588562420467 77.075852550059963 230
1 21 118 12.815044881347760 88.072553185933259 230
3 18 118 25.286406278077187 51.120352373097134 230
3 18 118 -10.286261456733769 56.650751113580469 230
3 18 118 -29.336302705293686 87.197370049694598 230
1 21 118 -61.161490871170940 64.655023272872398 230
1 21 118 -84.001024340074764 29.407956573318192 230
1 21 118 -88.133600740945241 -12.388237180311691 230
1 21 118 -72.638898804859849 -51.425580992511222 230
3 18 118 -45.844510088131528 -79.763907218611138 230
3 18 118 -34.054177160534252 -45.749380182998607 230
1 21 118 -7.259788443805931 -74.087706409098516 230
3 18 118 -53.363429488053434 5.276280674545722 230
3 18 118 -21.737187257785262 -11.921998378673587 230
3 18 118 4.257673096546029 -36.827163207656675 230
1 21 118 33.231776263446250 -62.932743945763661 230
3 18 118 71.846423146147629 -57.463827588359472 230
3 18 118 50.916825405580212 -28.173010965772193 230
9 19 82 87.683524403892491 -24.024535972777414 230
1 21 118 87.554504152374989 15.975255948865112 230
6 25 100 27.990733593235046 8.205476004027966 230
3 18 118 75.964026691554338 51.898618948916365 348
1 21 118 45.631046293634874 76.412090758911646 348
1 21 118 87.772698123102316 14.729340249676824 348
3 18 118 50.557754174977575 26.393299566218253 348
3 18 118 20.663587160862029 46.451683811519928 348
3 18 118 6.766627609195684 79.661238388769974 348
6 25 100 79.342683202534715 -30.491615605313797 348
3 18 118 42.304216629988510 -8.647806552074529 348
3 18 118 12.410049615872971 11.410577693227143 348
1 21 118 -17.139327419608613 36.863167282794521 348
7 18 75 60.621898726283348 -69.202495582314413 348
9 19 82 -29.682348604196065 86.023009604052916 348
7 18 75 -61.986459140656855 67.982930822403347 348
7 18 75 35.012110329658398 -43.901532393532563 348
7 18 75 5.117943315542860 -23.843148148230888 348
6 25 100 -33.979409104177179 -5.943510337140648 348
7 18 75 -55.719472836261538 31.155945574299750 348
6 25 100 -84.999339238844243 -0.335155128071840 348
4 19 76 27.965332092412240 -86.596421409669688 348
6 25 100 -9.875298329601726 -64.144546448665849 348
6 25 100 -59.739808725177937 -60.466149649859076 348
7 18 75 9.664034425550675 91.491018349462976 466
4 19 76 44.604450126988908 79.318617164376732 466
8 20 76 15.047908412928015 53.874347831087192 466
8 20 76 52.997652480496583 41.232475928317207 466
4 19 76 23.441110766435685 15.788206595027674 466
8 20 76 -14.072694454369490 26.451902851743270 466
4 19 76 -22.465896807877158 64.538044087802788 466
7 18 75 88.069307773956808 26.604455044523501 466
8 20 76 59.671734077247017 1.354151914859166 466
8 20 76 27.906213211803212 -22.955345902805725 466
8 20 76 -10.941951897129769 -13.425389571894122 466
8 20 76 -47.042071448760339 3.801954052645919 466
8 20 76 -54.983007167053366 43.005800036400352 466