5 11 105 99.000000000000000 0.000000000000000 0
5 11 105 96.555555555555557 21.863775779997951 0
5 11 105 78.843192529652626 8.814936902970350 0
5 11 105 81.287636974097069 -13.048838877027592 0
5 11 105 76.398748085208183 30.678712682968296 0
5 11 105 84.861216147439819 50.986017632067515 0
5 11 105 63.043340148006621 48.161077478124973 0
5 11 105 61.130829503749695 -4.233901974057249 0
5 11 105 58.686385059305252 17.629873805940697 0
1 31 99 22.189870512892227 38.414589968627709 0
5 11 105 52.511629967835461 67.476436151493672 0
1 31 99 23.843138232590437 -23.563363416806084 0
5 11 105 -5.310673797695500 6.669983141303469 0
3 25 96 -33.104157552036369 29.550591979295309 0
8 16 102 -15.453466542631993 66.556714538819591 0
8 16 102 11.287633152267706 84.132652269348668 0
5 11 105 38.287335431334533 84.259446755639459 0
2 18 110 -47.078056133759873 79.042119345742194 0
8 16 102 -73.878621280194452 58.120128335522438 0
7 24 72 -80.896886920910333 18.740641957506437 0
1 31 99 -47.121206497561651 -24.666769989531151 0
2 18 110 -56.235875578218895 -72.811580795578692 0
8 16 102 -23.126544153665961 -65.080334284238376 0
10 16 111 -26.934887360046911 -90.058380192526144 110
2 18 110 7.023922031297502 -91.731480524944402 110
2 18 110 -10.508918074915798 -60.289478079012966 110
2 18 110 25.487074842219933 -60.826594369507305 110
4 17 114 -55.930368160715460 -74.302045176474294 110
10 16 111 -40.851285713195118 -44.948659127486955 110
1 31 99 69.046811190092413 -38.386688636553821 110
4 17 114 22.689011891819291 -25.938618737126525 110
2 18 110 42.586954847864845 2.854989340326309 110
4 17 114 77.053798297215209 8.940768061079631 110
1 31 99 -5.346436668152300 13.023075579743052 110
2 18 110 36.598457390115080 38.353410406600858 110
2 18 110 72.213434275643621 43.604450441038566 110
3 25 96 -79.279357465016716 -30.655888177218053 110
10 16 111 -93.681517296041719 7.731320528307926 110
4 17 114 -60.689489611756670 7.005986619429137 110
2 18 110 -46.808769590258777 39.135810952667995 110
2 18 110 -82.795557810874428 40.111040958645681 110
2 18 110 -17.775064825178035 60.420640940575538 110
2 18 110 -49.407656637727698 77.607238486937561 110
10 16 111 -79.092898090651502 -50.796786036341082 224
4 17 114 -55.930368160715439 -74.302045176474309 224
10 16 111 -48.268196023434854 -42.203896972275970 224
2 18 110 -71.736380554604224 -17.602183316292916 224
2 18 110 -22.399583715168287 -64.267779161151964 224
2 18 110 -17.081030694609026 -28.662821728689000 224
1 31 99 25.333705044848188 -53.198310151624682 224
2 18 110 74.322997742616678 -54.222615268455989 224
10 16 111 -1.975843592451660 -91.449957870735474 224
10 16 111 61.220882843687797 -22.848508346102555 224
4 17 114 92.266194124231944 -11.659735066867768 224
4 17 114 90.291055822437698 22.282846282946892 224
1 31 99 42.336665512041911 20.190849639015738 224
10 16 111 76.635417192639210 52.324875735238479 224
1 31 99 -36.416380673072716 16.360996870029659 224
10 16 111 1.717164068464270 43.835216885258433 224
9 22 59 44.838053141697749 73.131788995304134 224
10 16 111 -26.934887360046897 -90.058380192526144 338
4 17 114 -55.930368160715446 -74.302045176474294 338
4 17 114 -78.899120575652432 -49.233411139069560 338
4 17 114 -91.322447694548913 -17.584383613774378 338
10 16 111 -46.560390105910074 -42.660245113069777 338
3 25 96 -81.741808614380261 23.308297330565097 338
3 25 96 -38.852100323830257 -2.391370425099113 338
10 16 111 -15.275215653417611 -35.934335548028557 338
1 31 99 16.025506781927042 -70.995207970509895 338
10 16 111 63.009157280274039 -69.755616969744366 338
10 16 111 51.325762367712073 -39.964707562391226 338
9 22 59 20.204023150014013 -18.160181700414881 338
8 16 102 56.945639625771264 -8.462057203979327 338
8 16 102 81.417796493665321 -29.080338854814972 338
1 31 99 69.957442065846251 36.700903253241130 338
8 16 102 50.315645830700333 79.399847510178063 338
8 16 102 27.532986695242748 56.928745118048937 338
10 16 111 -26.934887360046911 -90.058380192526144 452
1 31 99 -57.405363322480611 -54.273605572266867 452
3 25 96 -1.521879721621961 -57.884181791177355 452
7 24 72 44.992776794645657 -73.291541369432224 452
3 25 96 76.936624994399381 -36.135242277742663 452
3 25 96 29.952272219381484 -19.033470605992740 452
3 25 96 68.255017324346937 13.105286641667686 452
1 31 99 16.894259863413829 35.422826672755441 452
7 24 72 -21.094913300564542 -12.963180505391364 452
3 25 96 -39.036257476337525 32.634058107998996 452
7 24 72 -18.805055661123529 77.262507253270471 452
9 22 59 63.161701913573012 61.274786098206391 452
8 16 102 20.882370587493192 82.253318586171034 452
8 16 102 -58.625634014299472 73.478126244627475 452