4 10 98 100.000000000000000 0.000000000000000 0
4 10 98 98.000000000000000 19.899748742132399 0
4 10 98 81.766312060385914 8.217823563497323 0
4 10 98 83.766312060385914 -11.681925178635078 0
4 10 98 65.532624120771828 -3.464101615137756 0
4 10 98 63.532624120771821 16.435647126994645 0
10 24 99 61.297085244103947 -37.199249612800891 0
4 10 98 45.833351794767474 -6.919339642527328 0
4 10 98 43.833351794767466 12.980409099605071 0
4 10 98 50.690664049928237 31.768098383687398 0
4 10 98 70.389936375932592 35.223336411076971 0
4 10 98 90.152516738487691 38.295862637743184 0
1 33 97 7.975965781308652 36.713252761539223 0
8 21 82 55.475468289331126 62.399771822913941 0
7 11 109 95.013944095216786 -27.809178834892240 99
7 11 109 98.809472811213155 -6.139062043189263 99
7 11 109 97.725521388384180 15.834218306202072 99
3 12 109 85.116818207535033 -48.570847822798306 99
7 11 109 78.144836808624461 -13.687096150194568 99
7 11 109 77.060885385795487 8.286184199196764 99
10 24 99 44.416720206874913 -4.337542658247113 99
7 11 109 63.079157680029724 25.271804304504144 99
3 12 109 84.180393660668756 34.422642522360761 99
10 24 99 32.410302712625864 42.136600033725060 99
3 12 109 67.201977754570777 51.385348477471787 99
1 33 97 41.950024270564953 -61.284144059540523 99
1 33 97 -22.907028574013943 -73.513726894433177 99
7 11 109 13.609788952344701 -98.060051216959067 99
3 12 109 -67.821505049245445 -70.740677497852488 99
3 12 109 -60.008263592445722 -48.048095936078909 99
3 12 109 -83.860234736241665 -50.709575328358333 99
1 33 97 -76.743819318125233 -6.275842291432490 99
7 11 109 -41.924723101917145 -33.835933421971021 99
7 11 109 -20.338582119291335 -29.588755832300158 99
7 11 109 0.605447249653825 -36.322821008162549 99
8 21 82 -0.583279190389916 -4.344907857821717 99
3 12 109 -0.969153663517725 28.652836017949372 99
3 12 109 -2.026573110129496 52.629530204469901 99
3 12 109 12.221285586705557 71.942699870659396 99
3 12 109 35.442040783949636 78.008714053766951 99
7 11 109 21.845632242394952 96.559662136577685 99
4 10 98 56.070039271591426 70.361121073367940 99
1 33 97 -53.412446313982180 55.462695379470802 99
3 12 109 -12.508026497601328 74.219785758452019 99
4 10 98 1.521850334182691 91.165657116543059 99
7 11 109 -31.761003161033912 93.766938086965354 99
7 11 109 -92.302268980387538 34.881594996460571 99
3 12 109 -36.459404786542876 13.778233250652125 99
7 11 109 -32.824104737209829 -8.932658267545023 99
4 10 98 87.952015078859191 -47.586164413284294 208
5 17 86 90.661888824450031 -20.722497793052447 208
5 17 86 62.232251140013460 -39.370706852682389 208
5 17 86 60.297247201509094 -5.425813867757942 208
5 17 86 88.726884885945680 13.222395191871996 208
8 21 82 74.619664479907257 48.506759043519565 208
8 21 82 27.334541409532932 -24.332427178227423 208
5 17 86 31.973816742558448 13.383313890779574 208
5 17 86 36.647192579287790 47.060599385437165 208
2 34 81 -13.316369229532349 36.831108128477716 208
5 17 86 19.114540945430399 76.191444321446113 208
2 34 81 -75.442901329662590 9.185240277902146 208
5 17 86 -59.834145232313205 57.737961448743427 208
8 21 82 -76.306150019971625 -45.807984774813939 208
8 21 82 -37.241260842811371 -30.382861320650321 208
2 34 81 -6.148744021700047 -75.750861031117054 208
9 15 58 62.703407615645716 -71.367238095544820 208
9 15 58 -36.728050959997276 79.876353609847840 208
9 15 58 -9.034278384397782 91.411298799616773 208
4 10 98 41.789081388171098 90.849725793382632 208
7 11 109 50.153806910679890 71.587551281321694 208
7 11 109 -49.293873361536541 -62.964234648494468 208
7 11 109 -50.105564611775264 -85.384028921896245 208
7 11 109 40.788984481010722 -57.375881525284207 208
7 11 109 39.442176127129578 90.803715465593640 317
2 34 81 57.569322140046118 49.616258911123026 317
1 33 97 -3.617105900346438 76.914995578922571 317
1 33 97 -61.854064284180772 45.859292749980696 317
1 33 97 -74.647220336780251 -18.888951691191892 317
1 33 97 -12.177017773980488 2.405972393264603 317
1 33 97 -24.970173826579966 -62.342272047907983 317
2 34 81 74.228957602272089 -16.311402554044555 317
9 15 58 69.229722052790308 -65.055711390264577 317
9 15 58 45.491619525742252 -83.399715544629444 317
5 17 86 24.910913400950701 -58.895949805360559 317
9 15 58 26.265588638844974 -26.337131339432574 317
9 15 58 13.641315086173364 94.015501502250885 426
9 15 58 42.277822804681804 85.074001310012008 426
9 15 58 20.216002631005281 64.744808246234001 426
6 17 76 -10.650762081802242 73.185355394623159 426
2 34 81 -4.673498103441915 22.536837989540153 426
9 15 58 -38.704696687146082 57.791306117090897 426
2 34 81 -72.672854003705282 22.240869833622451 426
6 17 76 -89.299591770588151 -25.972733964800586 426
6 17 76 -55.300613430119597 -25.709158919793989 426
6 17 76 -72.071839915574543 -55.284925387859950 426
2 34 81 -21.859776616128784 -64.215138107188210 426
2 34 81 61.472364211115789 38.307852499189643 426
6 17 76 92.982709505902662 -1.793246480804697 426
2 34 81 42.057532262646376 -26.861651875269821 426
9 15 58 -63.761302876697584 70.423691009957977 507
9 15 58 -82.542161360056213 47.029688474520455 507
9 15 58 -52.891931626490447 42.461989190770169 507