8 12 47 98.000000000000000 0.000000000000000 0
2 16 61 90.081632653061220 26.857018795073568 0
8 12 47 74.292187369438807 3.733580088092849 0
8 12 47 62.184783518681833 24.455809022130698 0
5 21 101 68.428911924058895 56.859680094228906 0
2 16 61 82.210554716377573 -23.123438706980703 0
8 12 47 56.401950748873446 -12.264527101827529 0
2 16 61 38.606877419570580 9.353413716037940 0
2 16 61 34.933386770561583 41.141862348389346 0
2 16 61 35.203504992910247 73.140722267860781 0
2 16 61 10.447720815909395 93.417584692352293 0
1 28 86 -7.384132279935862 53.192903025890423 0
9 30 93 -65.010712311577890 46.621961399551324 0
6 23 65 -86.985139479270941 -1.607952042748707 0
6 23 65 -29.528803148838364 7.251488679921700 0
2 16 61 -39.853702322947299 85.133321391532149 0
2 16 61 -54.294540077444033 -22.875878851661561 0
2 16 61 -81.213304221181630 -40.178483770396397 0
8 12 47 -71.904891021505307 -66.585934304366759 0
9 30 93 -12.977864858051056 -43.097954630750074 0
2 16 61 27.090015994285753 -20.502270883561955 0
2 16 61 -45.429668341350464 -75.699801981495654 0
8 12 47 28.678814536648829 -48.457158098354739 0
6 23 65 22.095848987934382 -82.832506308728398 0
6 23 65 62.386910303946316 -60.637228026414235 0
2 16 61 -16.390262695334904 -89.142752540288896 0
8 12 47 11.409965389717883 2.695487909868733 0
8 12 47 91.999931236167015 33.764073399703108 101
2 16 61 93.819452689973062 5.823254841916718 101
8 12 47 71.029969403171862 22.090997510173096 101
6 23 65 81.252696356264366 -31.096612915825755 101
3 13 39 71.353650046465106 -65.708877825196424 101
3 13 39 50.624376947862537 -50.015017981182517 101
8 12 47 46.732729213651226 -25.319773946899154 101
3 13 39 61.479672158044309 -1.012937707224591 101
8 12 47 47.171572290679244 19.487751993014957 101
3 13 39 56.721869535806796 42.591687210412644 101
1 28 86 15.755296282796706 44.246944261676390 101
3 13 39 49.480201333356483 67.562835394779739 101
10 25 95 -21.093463775592120 82.341154873779757 101
8 12 47 12.809712595339594 97.159205756453133 101
6 23 65 -63.369605045868695 59.609505587033794 101
8 12 47 -30.856321066055941 46.652408502885230 101
8 12 47 -46.846593574127319 28.755168907975165 101
2 16 61 -89.009106007084242 30.222161534536855 101
6 23 65 -86.563796245376409 -8.701102205407874 101
6 23 65 -40.662183850042140 -5.694113760385884 101
2 16 61 -61.554116074390521 -38.626273846436021 101
3 13 39 -9.117519579526267 11.653340117934100 101
1 28 86 -19.695241638842965 -52.184836859862784 101
3 13 39 -57.775872411226921 -67.379097617706975 101
7 19 76 15.961067748818941 -21.564131432793765 101
3 13 39 21.294169490630150 -53.116596087896234 101
4 13 85 14.395341310959399 95.925878409014246 196
1 28 86 44.947192772398992 68.583889229765930 196
1 28 86 78.488349899646209 23.739817396743085 196
4 13 85 96.084970187725020 -13.292046645418978 196
1 28 86 57.953992250740598 -28.359512310526970 196
6 23 65 -5.999855857452026 66.260478825296815 196
6 23 65 16.594119658642718 26.191634689508319 196
7 19 76 -25.314216597315863 28.964963421827640 196
7 19 76 -47.502250718313064 59.814455181749139 196
4 13 85 14.395341310959409 95.925878409014246 282
1 28 86 44.947192772398999 68.583889229765930 282
9 30 93 -23.890040821188748 76.349629662244837 282
9 30 93 -70.254467589428245 38.266300888980325 282
9 30 93 6.869153180978873 24.833884648346263 282
9 30 93 -39.495273587260627 -13.249444124918259 282
9 30 93 65.977969528304001 14.531077748370386 282
10 25 95 -52.792744789886989 -66.617761126818579 282
4 13 85 -96.894957028231119 4.513014790275321 282
7 19 76 -83.822694503054436 -35.422533594417096 282
4 13 85 -85.082331200774576 -46.583225708850392 377
7 19 76 -89.767221756782334 -14.928023917071691 377
4 13 85 -63.126888961433551 -32.656325261336583 377
7 19 76 -58.441998405425792 -64.311527053115285 377
7 19 76 -54.043935079982319 -1.972454110723429 377
7 19 76 -31.497990485358937 -37.515623687052496 377
7 19 76 -21.764061413029047 -74.247770708630895 377
7 19 76 12.771858485939720 -90.099276527700979 377
9 30 93 52.026402896073883 -60.772143303452737 377
9 30 93 79.646940571361881 -7.507653269960478 377
7 19 76 31.443132475714613 -16.304975878459686 377
7 19 76 39.649760633188912 20.798275384535447 377
7 19 76 -5.925669187604647 -9.407682043374233 377
7 19 76 2.280958969869651 27.695569219620904 377
7 19 76 26.938591480079083 56.609253851494842 377
7 19 76 64.087984851906072 64.604413143545059 377
3 13 39 87.204834144098214 42.477251581291398 377
3 13 39 0.334101346180759 -40.789448610353091 377
5 21 101 -85.463361903054903 24.839761919701697 377
4 13 85 -77.779355372052336 57.960088663734751 377
7 19 76 -49.662652661061720 42.680984348959839 377
7 19 76 -16.287635253937193 60.849864696249682 377
4 13 85 -77.779355372052336 57.960088663734751 478
9 30 93 -78.587330696970398 14.967680312092899 478
4 13 85 -93.639259710714342 -25.311835982982110 478
9 30 93 -34.823458307138438 56.013063407472870 478
9 30 93 -21.159050033391004 -2.410253397791990 478
9 30 93 -58.176339077241877 -49.630167754385205 478
9 30 93 -6.285738431750410 -79.752677023204782 478
5 21 101 4.154126748999722 88.902998998645970 478
9 30 93 23.442127084397914 41.690997949530505 478
9 30 93 37.106535358145351 -16.732318855734352 478
10 25 95 77.902234121419909 34.003557444648038 478
3 13 39 78.176867412184492 -3.995450128650560 478
5 21 101 44.639674708291757 -76.995450787289357 478