4 14 90 96.000000000000000 0.000000000000000 0
6 30 91 71.250000000000000 36.379080527138122 0
4 14 90 69.041441447897782 -7.565455755793986 0
6 30 91 25.360614076556182 -2.275340430486334 0
6 30 91 14.829596520397700 56.793244022096260 0
1 34 75 -35.560472815853203 17.336420628824634 0
10 25 88 -36.584521765419510 76.327532872525325 0
10 25 88 -83.179458664651477 -17.497932913791168 0
4 14 90 -72.994546700844680 62.352194443645729 0
4 14 90 -93.893214608463410 20.001606197729046 0
2 20 66 -67.401296951240994 -59.641136552639843 0
10 25 88 -27.491806699731875 -80.431340684987831 0
4 14 90 -47.119395955398531 -32.352961604599720 0
2 20 66 16.793542057616925 -88.419324500694145 0
2 20 66 32.726961650731234 -51.729732787651585 0
2 20 66 72.705278828781118 -53.046606210286356 0
2 20 66 -13.534641363816849 -37.650532653980136 0
7 14 54 50.154218974707717 -81.856913691129776 0
4 14 90 96.000000000000000 0.000000000000000 91
6 30 91 71.250000000000000 36.379080527138122 91
4 14 90 69.041441447897782 -7.565455755793986 91
6 30 91 25.360614076556182 -2.275340430486334 91
6 30 91 14.829596520397700 56.793244022096260 91
1 34 75 -35.560472815853203 17.336420628824634 91
10 25 88 -36.584521765419510 76.327532872525325 91
10 25 88 -83.179458664651477 -17.497932913791168 91
4 14 90 -72.994546700844680 62.352194443645729 91
4 14 90 -93.893214608463410 20.001606197729046 91
2 20 66 -67.401296951240994 -59.641136552639843 91
10 25 88 -27.491806699731875 -80.431340684987831 91
4 14 90 -47.119395955398531 -32.352961604599720 91
2 20 66 16.793542057616925 -88.419324500694145 91
2 20 66 32.726961650731234 -51.729732787651585 91
2 20 66 72.705278828781118 -53.046606210286356 91
2 20 66 -13.534641363816849 -37.650532653980136 91
7 14 54 50.154218974707717 -81.856913691129776 91
4 14 90 96.000000000000000 0.000000000000000 182
6 30 91 71.250000000000000 36.379080527138122 182
4 14 90 69.041441447897782 -7.565455755793986 182
6 30 91 25.360614076556182 -2.275340430486334 182
6 30 91 14.829596520397700 56.793244022096260 182
1 34 75 -35.560472815853203 17.336420628824634 182
10 25 88 -36.584521765419510 76.327532872525325 182
4 14 90 -72.994546700844680 62.352194443645729 182
1 34 75 -60.578231612427146 -45.894202844271426 182
4 14 90 -37.903066130231323 -88.200666539019480 182
4 14 90 -95.167675334186200 -12.614022811416092 182
4 14 90 -94.759502169749567 15.383001935292892 182
6 30 91 0.146718047309527 -66.105103091970619 182
4 14 90 96.000000000000000 0.000000000000000 273
6 30 91 71.250000000000000 36.379080527138122 273
6 30 91 57.972155359016298 -22.133301424803477 273
1 34 75 19.149376860321674 73.547952832566168 273
1 34 75 1.452011971138496 7.891245056596258 273
1 34 75 -46.559682447111143 56.045966518656620 273
1 34 75 -75.812132382231511 -5.340466614351492 273
2 20 66 -68.142363472628531 -58.793012343000257 273
7 14 54 -40.970088053520882 -38.356098472551075 273
5 14 73 -34.846837794896480 -65.678356912699400 273
5 14 73 96.000000000000000 0.000000000000000 364
1 34 75 66.083333333333329 37.536556255942770 364
2 20 66 66.251661247126890 -16.463181388914709 364
2 20 66 29.050294735885281 -1.764258649602419 364
5 14 73 18.589172769544501 30.586397096538843 364
6 30 91 48.864268964085859 -63.342586137648944 364
5 14 73 16.615678468783550 -33.408852473665462 364
5 14 73 -2.916192669615441 -13.346300047989995 364
2 20 66 -13.377314635956218 19.004355698151258 364
5 14 73 -0.942698368854495 50.648949522214309 364
1 34 75 -58.962854479627488 47.951869532003371 364
5 14 73 -34.845106680272202 89.452884472444211 364
5 14 73 -94.677174766665729 15.881831701734939 364
1 34 75 -62.731338316966266 -19.943627590911312 364
5 14 73 -68.123885163456535 -67.639753623414293 364
5 14 73 -45.708904597162828 -84.419760959904806 364
2 20 66 -1.186321465719189 84.648076684344133 364
5 14 73 24.490159487340019 62.360898175901490 364
5 14 73 45.481793135817412 80.890639587160095 364
2 20 66 -24.370525001248929 -57.949521893725489 364
5 14 73 -18.607819045217205 -91.457598831447783 364
5 14 73 86.788863083847460 -41.032831301449079 455
5 14 73 71.257360622462130 -64.330308231193669 455
1 34 75 75.786755721649712 5.689258052417312 455
7 14 54 79.690076770081120 53.530287355651083 530