8 13 67 97.000000000000000 0.000000000000000 0
10 23 62 80.835051546391753 32.166666620776674 0
10 23 62 62.411822484083586 -9.982884158771661 0
10 23 62 35.120855282046620 27.046875618701144 0
8 13 67 54.895531503900045 57.129464940780203 0
1 31 96 15.683915736877307 77.427480826632433 0
10 23 62 -10.760698080000264 30.345824100512360 0
8 13 67 -25.888078204132594 63.013275341464819 0
8 13 67 -26.767395028107373 88.998401893457498 0
8 13 67 -51.809186515224411 82.004927855773943 0
10 23 62 -57.888655723284572 46.521973438924036 0
8 13 67 -91.232218789143403 32.949692787791932 0
2 29 74 -70.928405000175346 -3.816530102558268 0
10 23 62 -66.867188052687638 -55.657696340456887 0
5 40 97 -8.229261088606883 -32.623080620737774 0
8 13 67 -37.658445228287547 -76.701682241850577 0
10 23 62 -66.867188052687652 -55.657696340456866 97
2 29 74 -80.808847631040848 -5.561487619623378 97
3 21 86 -77.187263803393307 44.307181207399886 97
2 29 74 -31.248592592566311 24.567918622806296 97
2 29 74 -20.358040164060107 -32.400457409883614 97
8 13 67 -61.904022693477188 74.678591138059517 97
8 13 67 -34.723088799739330 -71.867473736109375 97
3 21 86 -27.904751458019550 74.455980586235114 97
2 29 74 18.143122805336240 54.972826944532848 97
2 29 74 29.033675233842441 -1.995549088157064 97
8 13 67 11.046550414708921 96.368945848417866 97
8 13 67 20.264178520891861 -43.069822391546730 97
2 29 74 61.001843860698216 -53.289539739005029 97
3 21 86 23.134827665641318 -85.940559393577828 97
4 28 90 76.465243897896059 29.615308130007193 97
7 17 86 92.147455685275617 -12.563694151409727 97
6 14 116 -11.863924192485213 -86.236140809239743 97
6 14 116 53.148596285281513 79.945148151117721 97
6 14 116 14.776230077929648 -94.856012063991429 213
6 14 116 41.518288054575052 -86.557678787137831 213
9 15 115 64.888282752403498 -69.386675676560088 213
6 14 116 37.892289120438988 -58.793454833826175 213
6 14 116 59.432591027515983 -40.904480750554228 213
5 40 97 68.918764074234161 12.255772455461621 213
5 40 97 -2.766896807397259 -23.257126946920877 213
5 40 97 -64.119627348661993 28.083329372934337 213
1 31 96 4.202151587070482 47.400019644740794 213
4 28 90 -65.652489103761667 -49.129936642341143 213
7 17 86 -13.506377177424481 92.014008583156226 213
3 21 86 -19.303183488234616 -86.881454334164701 213
3 21 86 48.510379459272777 74.617310891758663 213
9 15 115 -44.472954325911786 83.947342623369352 213
9 15 115 42.106855882704956 -85.158749918450042 329
9 15 115 13.452445825105670 -94.042712111692083 329
9 15 115 66.562244301031726 -67.782502414780822 329
9 15 115 20.085913908297194 -64.785283974733773 329
5 40 97 46.530725988440189 -16.560063248998119 329
9 15 115 94.419062702922787 10.490023751237935 329
5 40 97 32.212016246712388 62.148097391002551 329
5 40 97 -47.112343559428069 51.772841184721713 329
5 40 97 -64.902213818560426 -26.224085140379319 329
3 21 86 -15.146906209370655 -72.177738679096862 329
7 17 86 -8.544331750980263 -34.755739660853443 329
7 17 86 -2.183699038141710 16.695542236828281 329
9 15 115 -50.437756690787353 -79.288003955321884 329
9 15 115 13.452445825105670 -94.042712111692083 444
3 21 86 45.035230512789674 -76.764757621319291 444
5 40 97 -5.328845669705188 -42.348775428683062 444
5 40 97 -69.822179554032829 4.986305478447919 444
5 40 97 3.417869943898175 37.171630543461902 444
5 40 97 69.560732044320233 -7.829722693574765 444
7 17 86 -48.886726834800911 -79.114397800776800 444
7 17 86 -69.332236202722228 61.984199786154640 444
7 17 86 -74.055906696499861 -56.255867990453297 444