8 10 116 100.000000000000000 0.000000000000000 0
8 10 116 98.000000000000000 19.899748742132399 0
8 10 116 81.766312060385914 8.217823563497323 0
8 10 116 83.766312060385914 -11.681925178635078 0
8 10 116 65.532624120771828 -3.464101615137756 0
8 10 116 63.532624120771821 16.435647126994645 0
4 29 109 59.160451104693607 -41.940008505725331 0
1 22 91 34.087900877670791 2.471332670976574 0
4 29 109 47.070862095229998 51.791133137151959 0
7 27 79 3.497322174681976 -35.806813765550984 0
4 29 109 -14.758918345510764 17.133810353067727 0
4 29 109 -6.293282869971677 74.512665482769421 0
2 36 105 -73.095648794260114 -11.533695303161952 0
4 29 109 -61.714797657377723 52.462212592578723 0
6 13 44 87.749736468377790 41.339856672831452 0
6 13 44 32.290530031060584 91.104512336514688 0
8 10 116 -46.667943280988325 88.442654132055850 0
8 10 116 98.000000000000000 19.899748742132399 116
8 10 116 100.000000000000000 0.000000000000000 116
8 10 116 81.766312060385914 8.217823563497323 116
8 10 116 83.766312060385914 -11.681925178635078 116
8 10 116 65.532624120771828 -3.464101615137756 116
2 36 105 47.423611108750599 38.821400010483835 116
2 36 105 28.404585742615680 -30.621214241301907 116
2 36 105 -22.224969621566629 20.571052006884440 116
2 36 105 -63.053105900717817 -38.733781590142534 116
10 24 102 -84.219572575476064 17.408721814197662 116
5 15 48 35.050283865568424 88.297664753622300 116
5 15 48 5.768922898354749 94.824677845974449 116
5 15 48 -63.538695274519952 50.473829012916951 116
6 13 44 -57.819930267124398 77.883603305861953 116
5 15 48 -30.715317831919538 70.859360660755058 116
6 13 44 96.951205334291259 -3.076326417676341 232
3 24 79 80.562017655530553 30.095868674454035 232
5 15 48 69.261149053934219 -7.230936289933876 232
2 36 105 32.757307831849786 66.354794729615676 232
6 13 44 45.271353003785045 18.979709785789300 232
6 13 44 19.272724598394706 19.246769776110963 232
6 13 44 -2.929328102782549 32.777063780830453 232
6 13 44 -15.083831494583926 55.761146257594426 232
6 13 44 -13.768692993561821 81.727863622774208 232
3 24 79 -49.065147325894372 70.630102066245669 232
2 36 105 -72.390522997189521 15.349663846266331 232
5 15 48 -89.151666245702557 -32.817379627490979 232
5 15 48 -74.473046570234246 -58.981059116870064 232
6 13 44 -61.192602892025064 -34.330910725634894 232
7 27 79 -22.715623661812259 -23.398295790598883 232
6 13 44 -46.343908365727287 -55.673737878209941 232
6 13 44 -5.606530473115690 96.837837729133668 337
5 15 48 22.040799334372942 92.407809002821324 337
5 15 48 49.757172354437678 80.927274755120607 337
5 15 48 2.163889230045003 69.937641119503979 337
7 27 79 70.220788474947057 44.249755546858594 337
5 15 48 94.476266014048420 9.961684598638875 337
7 27 79 56.500444695676343 -7.978131320011936 337
2 36 105 -0.429211851946736 19.003607048182140 337
7 27 79 -39.799595745911333 68.186661772770506 337
7 27 79 -77.551655594179280 29.576015867621560 337
1 22 91 -85.992005198355599 -18.691576765109577 337