5 14 119 96.000000000000000 0.000000000000000 0
6 39 109 59.625000000000000 38.546846498773412 0
6 39 109 -11.742346630506560 70.022262856958790 0
6 39 109 -3.317183476134101 -7.521380504842341 0
3 29 103 -71.631261512564379 37.814843304165791 0
8 32 98 -62.942183476134119 -46.068227003615718 0
8 32 98 63.304783141880094 -32.357731604680076 0
3 29 103 17.235867241393702 -72.340915416801792 0
10 17 70 -89.200334867491961 -4.697833175317060 0
5 14 119 91.916666666666671 27.700656831362114 119
6 39 109 68.211502258267856 -19.702562261551634 119
6 39 109 45.136380713024892 54.806086670449972 119
6 39 109 -7.852441291123306 -2.431879249144870 119
3 29 103 -22.235167877646113 64.029667346893120 119
8 32 98 -52.988822004148091 -57.237965919594942 119
3 29 103 -75.829759443470834 -0.675685406050000 119
8 32 98 9.449118485301256 -71.291562876814908 119
10 17 70 -81.395499040992618 44.986361665151023 119
5 14 119 96.000000000000000 -0.000000000000004 238
6 39 109 59.625000000000000 38.546846498773412 238
6 39 109 -11.742346630506560 70.022262856958790 238
6 39 109 -3.317183476134101 -7.521380504842341 238
3 29 103 -71.631261512564379 37.814843304165791 238
8 32 98 -62.942183476134119 -46.068227003615718 238
10 17 70 -89.200334867491961 -4.697833175317060 238
4 26 71 65.744097514348695 -26.164486709636773 238
8 32 98 28.774303163891801 -70.854914159874113 238
5 14 119 91.916666666666671 27.700656831362110 357
5 14 119 80.014033564814810 53.044834175334046 357
5 14 119 64.016648697843010 30.064762865218793 357
5 14 119 52.114015595991162 55.408940209190739 357
6 39 109 67.226696022704743 -22.837936462624093 357
5 14 119 37.508715886964197 21.046475993870416 357
5 14 119 25.606082785112353 46.390653337842359 357
5 14 119 31.049983661348371 73.856339989548644 357
6 39 109 -14.711574996550588 11.988815145665566 357
6 39 109 1.203482699470626 -64.370276903233986 357
3 29 103 -11.521198833520476 79.913932001938775 357
4 26 71 -61.580237669710513 57.130327572507120 357
8 32 98 -72.046205273714506 -29.888865914547402 357
10 17 70 -80.287807089748853 18.413059507799272 357
10 17 70 75.651620544691127 54.090963283732222 476
10 17 70 90.037930680885793 23.284566534595470 476
10 17 70 56.165653428973698 26.228854864497706 476
10 17 70 70.551963565168350 -4.577541884639043 476
10 17 70 36.679686313256255 -1.633253554736802 476
10 17 70 22.293376177061603 29.173143194399945 476
7 17 58 41.779343292779032 57.035251613634458 476
6 39 109 -18.858931426598303 -8.806951314352341 476
4 26 71 -83.793368587716586 -5.888240885279036 476
4 26 71 -71.203819868665875 44.564739829943818 476
4 26 71 -31.327546528743220 77.939622968612241 476
7 17 58 7.696264481123015 59.880216160351829 476
7 17 58 23.508055694387188 89.979838394329150 476