5 13 101 97.000000000000000 0.000000000000000 0
6 17 100 88.443298969072160 28.753832222285070 0
6 17 100 72.197729258507948 58.621565058561728 0
6 17 100 46.302422581492671 80.654111259655437 0
6 17 100 54.454298724127831 29.618622572123783 0
6 17 100 28.558992047112564 51.651168773217485 0
6 17 100 12.313422336548335 81.518901609494137 0
6 17 100 -5.430008197831768 52.515959123056184 0
6 17 100 -21.675577908395997 82.383691959332836 0
9 29 103 58.259942236930250 -16.223684061088569 0
6 17 100 24.009177858505179 14.482750761169907 0
6 17 100 -9.717228862919589 18.787340133111694 0
6 17 100 -36.783459410233839 39.364491635679606 0
8 28 106 -78.705816061221952 23.008574882793095 0
5 13 101 -95.957149448494846 -14.185396353970038 0
5 13 101 -39.982721294499150 9.535567360810301 0
6 17 100 -66.593292584239734 -20.330631097699378 0
6 17 100 -76.525353369598335 -52.847613869105814 0
2 19 102 -60.583943099229984 66.374433808328348 0
9 29 103 -21.246230037633040 -28.053578617535365 0
7 20 91 -44.414868126371772 -71.230125597499438 0
5 13 101 -95.957149448494846 -14.185396353970038 106
2 19 102 -80.594073628817839 -42.256304806652089 106
7 20 91 -63.728621024968923 -7.091599369704008 106
1 13 97 -49.086291043063234 -36.665273011999211 106
2 19 102 -53.036275002781188 -68.420550159553301 106
9 29 103 -9.022192248753321 -49.269557513698437 106
9 29 103 46.390401114813187 -66.399779249683803 106
5 13 101 9.711142164875785 -86.860276870304787 106
5 13 101 -16.006024754861926 -90.684845554790471 106
2 19 102 83.562667549746578 -36.031660966024461 106
5 13 101 96.755847736482991 -6.877930560460481 106
5 13 101 95.107019687200918 19.069735347360638 106
5 13 101 70.756416832590673 -6.705905347978675 106
2 19 102 29.980949018767454 -21.291799003306330 106
2 19 102 63.567011948442214 24.476019823693814 106
9 29 103 -7.487490810262589 8.710134547355967 106
2 19 102 28.892791367728499 40.022673068685464 106
7 20 91 60.164110332087787 63.327277983364944 106
4 21 66 -84.369404883797557 28.333787596328126 106
1 13 97 -50.751660581515296 23.249766744052963 106
1 13 97 -32.898279880518274 42.151004733805578 106
8 28 106 -17.437945813436873 80.124391079169143 106
1 13 97 20.873253197853288 94.727542462254917 106
5 13 101 20.873253197853288 94.727542462254917 212
8 28 106 49.498765795940415 65.374858964885263 212
9 29 103 79.248314552474994 16.754242465476580 212
2 19 102 2.600000686765046 68.458011772385191 212
2 19 102 15.648619622460119 32.768607968580625 212
9 29 103 29.563962766863824 -13.170081881843899 212
9 29 103 -24.827709865715569 6.968089540366059 212
9 29 103 -63.751707071643175 49.967187688035850 212
5 13 101 -94.596180289367169 21.460724001336509 212
2 19 102 -90.419134226928819 -10.265484189877718 212
9 29 103 -54.944135264508304 -42.600054677457479 212
5 13 101 94.371390663948404 -22.428567144435050 212
8 28 106 46.353701120936506 -67.641218146858435 212
9 29 103 -9.560230166354330 -78.715164507579203 212
5 13 101 -13.334767470585124 -36.885117075870852 212
3 18 113 -31.087069382434024 83.760995473378671 212
5 13 101 -60.953914151676898 75.456082257098416 325
2 19 102 -77.332558421115650 47.965356331885360 325
9 29 103 -80.999931084055234 0.105661621710652 325
2 19 102 -43.687548540438605 30.301457834409092 325
2 19 102 -33.427556191437944 -6.287236553317396 325
8 28 106 -52.485988157232377 -49.249733815524870 325
8 28 106 -20.195762166035237 71.009392846386760 325
2 19 102 -5.905816574791906 26.234428245626820 325
2 19 102 4.354175774208755 -10.354266142099672 325
5 13 101 -90.698756952587090 -34.390921581945655 431
2 19 102 -69.684594167921517 -58.523989403082211 431
5 13 101 -65.845289335156735 -26.755140849804278 431
8 28 106 -26.805076560996206 -39.279588404418149 431
5 13 101 -43.397592379614281 -76.772099907502451 431
8 28 106 -81.224445936763360 11.251194703932818 431
5 13 101 -42.184233162602837 -1.273252850681070 431
8 28 106 -3.230050023311520 11.516259100544929 431
8 28 106 28.972931053904549 -34.298236528463846 431
8 28 106 80.906342363029324 -13.347800022336543 431
8 28 106 70.607106094455943 41.696961147861153 431
1 13 97 3.748057260415845 -66.620144611102887 431
1 13 97 -17.777798315518922 -81.202241227296255 431
1 13 97 30.093114716229380 35.402796977378785 431
8 28 106 26.536614769720192 76.248253372557926 431
1 13 97 43.734909941221780 3.952044246066428 431
3 18 113 71.165753415380635 -58.304678550020668 431