4 12 75 98.000000000000000 0.000000000000000 0
7 16 73 90.081632653061220 26.857018795073568 0
2 27 73 59.113682161281723 -2.975615053426868 0
1 20 85 58.435948938492004 44.019498284863182 0
2 27 73 14.470498422089342 27.405071996551275 0
4 12 75 32.098013260162105 62.194017376276790 0
4 12 75 52.141730262451716 75.394373762834178 0
9 39 93 2.909421614432567 -37.574474808943307 0
4 12 75 -19.495884165899959 8.240394752038728 0
2 27 73 -37.237223055541115 42.971431223801360 0
2 27 73 -0.985573148804889 82.994148260997022 0
2 27 73 -82.009895872859531 12.781900442529576 0
4 12 75 -83.213939664548619 51.763309839159845 0
4 12 75 -66.389094250870201 68.878349330958414 0
7 16 73 -89.214539209033987 -29.610234611021539 0
4 12 75 -62.563525717874057 -21.023996791463347 0
7 16 73 -63.756868185823230 -48.998555478852666 0
1 20 85 -34.680394475094026 -83.049805773715491 0
3 20 90 -34.680394475094026 -83.049805773715491 93
9 39 93 -63.575349592027422 -31.609728316635344 93
3 20 90 -87.148186572115833 22.476511677564439 93
3 20 90 -47.233122112423970 25.081819563140293 93
3 20 90 -67.430482012463855 59.608137830054616 93
9 39 93 6.944822079488716 1.720519018478949 93
6 22 93 -0.359664713857121 -58.840561492735816 93
7 16 73 -41.345498668745265 84.418894448060513 93
3 20 90 -20.644746540971767 54.965900349930500 93
3 20 90 19.102635972698746 59.454283501128700 93
3 20 90 57.988782872369697 68.828054316398934 93
4 12 75 32.691791424653424 88.425559864150927 93
4 12 75 42.818673130277347 37.970578477545097 93
1 20 85 64.548614727950707 14.479949746885175 93
1 20 85 59.448456837457613 -25.193572777489205 93
1 20 85 41.585630399633715 -60.983507558823760 93
4 12 75 73.331045796266892 -65.011981375941801 93
4 12 75 20.885016602379530 -85.386060466602288 93
4 12 75 -97.803818045971596 6.197836366868785 186
7 16 73 -91.599826704875895 -21.106201639250585 186
4 12 75 -74.379588715983886 0.972371765884106 186
4 12 75 -63.606962806406635 -20.474085540913794 186
5 22 57 -79.165361495884483 34.633868745358484 186
7 16 73 -48.642200430032986 11.999014238468289 186
7 16 73 -35.786853225917980 -17.305252486049021 186
2 27 73 -33.429163917938098 52.217959029221660 186
7 16 73 -16.648372663537661 12.627492438434459 186
2 27 73 6.774243863424388 -23.433303934231581 186
4 12 75 -67.672544918799076 70.883190279593947 186
5 22 57 -51.091711816641613 -52.086875557981031 186
9 39 93 70.665547667323210 -6.883340241283378 186
1 20 85 73.420413796918368 52.052308670118364 186
1 20 85 35.196638711808347 40.264899360056958 186
5 22 57 39.888802953024062 -59.550141784483813 186
5 22 57 -2.440699477770256 -71.559022829834305 186
3 20 90 73.420413796918368 52.052308670118364 279
3 20 90 88.724923785461286 15.095956387857203 279
3 20 90 86.503522902801976 -24.842313205585633 279
3 20 90 49.067528883544639 20.320038086436924 279
3 20 90 33.763018895001721 57.276390368698095 279
6 22 93 7.293131403139220 24.667418349204119 279
10 32 113 -1.231717082410668 77.990274220757158 372
10 32 113 57.541720606027113 52.658811130692229 372
10 32 113 77.575696163911459 -8.124737822508038 372
8 37 95 -59.917489442193606 41.700053464529496 372
10 32 113 3.345647586466701 14.154173676565762 372
10 32 113 -73.561140821412167 -25.937589730974803 372
8 37 95 -10.298003792751839 -53.483469518938541 372
6 22 93 44.196527365241394 -76.096432037602582 372
3 20 90 50.644105619677852 74.398753793211583 485
8 37 95 -6.331312691417100 72.724923372964099 485
6 22 93 -64.023926608163976 60.373312164170947 485
6 22 93 -85.249039853045460 21.831197954621434 485
6 22 93 -85.161893134665561 -22.168715743583423 485
6 22 93 -41.258033209573668 22.720767791127283 485
9 39 93 43.994338516941674 15.774692201750966 485
9 39 93 35.100698726620386 -61.716618093533199 485
6 22 93 -7.050745872881592 -17.622902915799358 485
6 22 93 -44.936395502225302 -39.998728088574751 485