6 11 93 99.000000000000000 0.000000000000000 0
6 11 93 96.555555555555557 21.863775779997951 0
6 11 93 78.843192529652626 8.814936902970350 0
6 11 93 81.287636974097069 -13.048838877027592 0
6 11 93 76.398748085208183 30.678712682968296 0
6 11 93 84.861216147439819 50.986017632067515 0
6 11 93 63.043340148006621 48.161077478124973 0
6 11 93 61.130829503749695 -4.233901974057249 0
6 11 93 58.686385059305252 17.629873805940697 0
4 23 97 43.004411673530228 75.628173167236682 0
6 11 93 42.031369059010231 41.642099724275845 0
4 23 97 27.936397126109341 3.123384151020523 0
6 11 93 20.679845432286609 36.339983277283864 0
4 23 97 -1.073566562916817 62.470216084645912 0
6 11 93 13.802926360398244 93.042915643280850 0
4 23 97 -45.577629284560345 74.105868248062421 0
6 11 93 -77.295129074440993 61.858411080187842 0
4 23 97 -33.402368286856635 29.746393277794844 0
4 23 97 -79.366157630643102 27.921545569074478 0
4 23 97 -54.803898484960193 -10.971839802480890 0
1 26 62 57.054430551868357 -41.008661954036732 0
7 19 90 12.348027623005564 -35.876650928895799 0
7 19 90 -12.946139784884206 -7.518140828016964 0
7 19 90 38.990326995688321 -82.223806776196511 0
7 19 90 2.252566953214330 -72.511083828351175 0
7 19 90 -24.426052256054817 -45.450941975677615 0
7 19 90 -61.787652074563752 -52.387141151133420 0
9 13 38 -90.501183753838347 -6.313103446736385 0
9 13 38 75.726000339914236 60.618255274457624 97
5 18 52 49.681844508622206 77.431998077158553 97
2 25 54 81.799030290162690 23.106679631419315 97
2 25 54 80.637921432298555 -26.879836812719795 97
2 25 54 33.895851997351350 37.434467647967047 97
5 18 52 13.738280971465780 75.416994292943926 97
2 25 54 -15.665667470371194 44.041720333505850 97
5 18 52 -20.422091543127742 86.777845918777416 97
2 25 54 -64.318198865832301 55.571299198914261 97
5 18 52 -89.617524513847613 20.801425432165047 97
5 18 52 -54.314650432091952 13.751100505773035 97
5 18 52 -78.071847964159915 -13.296922812434595 97
2 25 54 -36.852719287716653 -25.543695087398021 97
1 26 62 31.422800889963010 -13.505536457060717 97
2 25 54 2.943702943304310 -55.813230558070529 97
9 13 38 -0.187806777648172 9.336737573437240 97
8 20 66 60.151579037543897 -66.946154029115888 97
9 13 38 30.678451118490486 -81.789830482983859 97
9 13 38 7.485481120776676 -93.540836511624434 97
9 13 38 -17.833695281349410 -87.629888506606818 97
5 18 52 -47.539312818806323 -78.765561870119839 97
5 18 52 -71.099945775037938 -51.546146470414193 97
9 13 38 85.498533675386156 -45.814852824808447 163
2 25 54 53.390742995799656 -66.139462972997222 163
9 13 38 64.915770114324800 -29.929329723901606 163
2 25 54 27.485539052511037 -23.373583949450612 163
2 25 54 66.383366725936000 8.042319702816581 163
8 20 66 14.524540849972617 -88.820255083497017 163
5 18 52 -23.475221805374137 -88.954561216322617 163
5 18 52 -6.534754038030938 -57.189477369060285 163
5 18 52 -15.501651798427915 -22.324097053414967 163
5 18 52 0.361579956867895 9.992429342189102 163
5 18 52 29.824299195066651 30.679337644085582 163
2 25 54 -57.472054335106726 -62.625577606139018 163
5 18 52 -86.616575010941034 -31.009174986994193 163
5 18 52 -52.363784803449164 -19.930079220572196 163
9 13 38 -32.319174395862490 3.717618206620756 163
5 18 52 -26.342165932940311 34.135957573426381 163
5 18 52 3.120553305258440 54.822865875322847 163
1 26 62 -83.012398644471148 12.842961936072410 163
5 18 52 -58.845803096723955 49.612183570907249 163
5 18 52 -29.383083858525204 70.299091872803729 163
8 20 66 60.797542716473473 52.694291329333950 163
8 20 66 23.549470681652814 86.864391039216841 163
9 13 38 47.266869844079963 -84.704445073105845 229
1 26 62 66.789610811654015 -50.942594041016292 229
1 26 62 83.979272296085114 -1.865964796021615 229
5 18 52 41.883527619370909 -14.670193789322536 229
9 13 38 89.789758759082716 36.698763221472845 229
9 13 38 64.259090037718650 31.780943110899170 229
9 13 38 72.765467251401887 56.350060854492057 229
1 26 62 15.883265972044342 -61.551272331488960 229
9 13 38 11.954898991299931 -22.749623747123415 229
10 18 86 -17.390219158188859 -90.341464885345758 229
1 26 62 -53.303821188031336 -64.920741267751879 229
9 13 38 -86.344217623380032 -44.200408176920597 229
9 13 38 -65.978362382661814 -28.037736977081419 229
9 13 38 -19.582400404755091 -45.328248308528316 229
9 13 38 -39.979377722107834 -28.267512128651340 229
9 13 38 -15.445705290610567 -19.659439346431672 229
9 13 38 0.724953706800891 0.700074095432207 229
9 13 38 24.576622500373151 11.048885416629014 229
1 26 62 -83.733469333126322 6.686263039874689 229
1 26 62 -33.371022595405812 19.633230197872162 229
1 26 62 33.766299116029757 56.095336004947910 229
10 18 86 -50.726623443166787 -76.751610237539396 315
1 26 62 -74.135703500605672 -39.495537298159192 315
1 26 62 -83.179501992359704 11.711978838054140 315
8 20 66 -28.579862365055295 -45.872475312010060 315
8 20 66 -40.809626499161382 -7.787926355456399 315
8 20 66 -1.712557544060729 -16.238914411305558 315
8 20 66 10.517206590045353 -54.323463367859219 315
8 20 66 41.155830693847236 -80.038725626407754 315
8 20 66 48.106589022828523 -40.647267686238827 315
10 18 86 -15.162038859285985 -82.333753497613259 315
4 23 97 84.998062930214431 -18.556112149674764 315
8 20 66 45.876485360227036 -0.709483100034603 315
8 20 66 77.499558610540547 23.785031351272785 315
1 26 62 36.321116813976083 44.287127127240495 315
10 18 86 71.893170633287042 -57.405330904830379 412
7 19 90 87.780851705578684 -23.990041138839331 412
7 19 90 49.953822463043466 -27.611623484221738 412
7 19 90 65.730954771312682 6.958335962201794 412
8 20 66 34.362548175139814 -63.359520850071860 412
10 18 86 13.192000512189313 -31.803096596827622 412
10 18 86 27.029709129308863 1.431190220068203 412
10 18 86 41.099446802828268 34.567914285647603 412
7 19 90 77.072061298906704 43.226494210584967 412
8 20 66 68.778527022226385 -58.047516920647652 502
8 20 66 36.831764167921321 -82.118336248846560 502
8 20 66 31.959204566948124 -42.416218384241844 502
8 20 66 63.905967421253195 -18.345399056042943 502
1 26 62 -6.720654553282877 -67.313376825298576 502
1 26 62 23.004466169136400 2.703762336351961 502
1 26 62 68.767379412428539 27.396995650094347 502