1 11 99 99.000000000000000 0.000000000000000 0
1 11 99 96.555555555555557 21.863775779997951 0
1 11 99 78.843192529652626 8.814936902970350 0
1 11 99 81.287636974097069 -13.048838877027592 0
1 11 99 76.398748085208183 30.678712682968296 0
1 11 99 84.861216147439819 50.986017632067515 0
1 11 99 63.043340148006621 48.161077478124973 0
1 11 99 61.130829503749695 -4.233901974057249 0
1 11 99 58.686385059305252 17.629873805940697 0
3 30 101 23.256199378444023 38.262419519441394 0
1 11 99 52.198763909071907 67.302528995654484 0
3 30 101 24.052450639613486 -21.732296780655290 0
1 11 99 -4.289591211424788 7.894189067551464 0
1 11 99 -16.021772419844410 26.504829145012689 0
1 11 99 -16.444888577477819 48.500759966806754 0
1 11 99 -5.437114449170607 67.548828339746066 0
1 11 99 13.832149204755579 78.164640990479867 0
1 11 99 6.216909729100427 98.804605324955460 0
1 11 99 -15.757217819434217 97.737966454141585 0
1 11 99 -36.953211154663471 91.844761338678737 0
1 11 99 28.068076679138827 94.937785267689819 0
5 23 81 -57.823195063179227 65.003677685847322 0
1 11 99 -86.913255321012059 47.403439215995384 0
1 11 99 -70.047567090152043 33.277273405718688 0
3 30 101 -79.730343117272227 -6.562955614815664 0
7 13 54 -46.161163824482493 30.944948593474223 0
8 17 95 -33.840443999540412 3.591706317735149 0
8 17 95 -38.999290513963643 -30.014636872808854 0
1 11 99 -63.206727651754456 -44.085883698158277 0
1 11 99 -80.109106692952267 -58.168127224943305 0
8 17 95 -55.176068067326057 -70.909539426619830 0
9 14 105 88.602132246115488 -36.954866546124379 0
6 12 86 77.225784463148429 -60.333889432485151 0
6 12 86 62.927893944232849 -41.057729889954274 0
8 17 95 44.964037117837705 -63.823929571077542 0
8 17 95 11.104717527164087 -66.913666915355520 0
8 17 95 -21.594597921300572 -76.227890941102444 0
6 12 86 -11.681255351536834 -48.974897727612841 0
4 11 57 78.786524311008947 -59.947340116061824 105
4 11 57 63.602034568039407 -75.866864959650997 105
4 11 57 45.276703611833341 -88.039877953380866 105
5 23 81 82.959795747492223 -26.204432631415024 105
2 20 68 88.485928067519609 16.438994313209747 105
2 20 68 50.978606606564618 2.539323927744292 105
2 20 68 57.694799678998791 41.971452333573311 105
2 20 68 46.956289715844008 -49.715016491223174 105
2 20 68 18.835299300232887 -21.268401612733548 105
2 20 68 14.288857829017335 18.472381846438612 105
5 23 81 19.227530122604744 61.187830058725368 105
7 13 54 45.744774710408478 85.536048463171198 105
5 23 81 13.302020354056275 -76.480482183496036 105
2 20 68 -14.371490205310199 -43.568830548844936 105
2 20 68 -18.917931676525733 -3.828047089672781 105
2 20 68 -21.627274897716251 36.080090668305715 105
2 20 68 -21.112514747102058 76.076778306000662 105
4 11 57 -50.810579642011405 84.966375681458928 105
4 11 57 -68.320500324976777 71.647116029501476 105
4 11 57 5.348722378783476 92.226172405088633 105
5 23 81 -77.774880734004000 38.988048512479466 105
4 11 57 -50.303903700714770 59.021655797152278 105
3 30 101 -78.764994301944284 -14.002702332574444 105
2 20 68 -65.134361591538294 -62.108895820669204 105
4 11 57 -51.881441228390770 16.953307974657193 105
6 12 86 -94.806708953862483 24.813059814090060 206
9 14 105 -95.992993063828195 -1.159863202206029 206
8 17 95 -68.365731213645034 12.901943319767394 206
8 17 95 -75.224301293095166 46.202994601450250 206
3 30 101 -66.789991715860182 -34.071634838971171 206
3 30 101 -24.138262922584207 -76.271516722038484 206
3 30 101 -8.917957571783205 -18.234095130203627 206
3 30 101 -28.877988075454752 38.391512595302558 206
3 30 101 33.733771221492773 -60.433977013270948 206
6 12 86 13.249853052197704 -97.100161658439930 206
6 12 86 75.694754882740739 -62.243908001038911 206
8 17 95 72.217939608604595 -33.453080372269120 206
8 17 95 92.781157963008013 -6.376262780293381 206
8 17 95 59.050336897517923 -2.106402097801457 206
8 17 95 79.613555251921341 24.970415494174279 206
6 12 86 32.934267756322647 -14.713976512109234 206
6 12 86 8.804573405337251 19.843613516260458 206
6 12 86 30.285248949576779 9.139381728639735 206
5 23 81 43.255856636273762 41.647278249912802 206
7 13 54 76.753848984889885 54.833805791766096 206
4 11 57 -96.086712157477606 23.839961131806479 311
4 11 57 -98.979166047087759 2.030932944001332 311
2 20 68 -68.801771471578192 9.124934398329202 311
7 13 54 -86.707803730985162 -18.594625640117961 311
7 13 54 -78.863169510338736 40.553715308597191 311
7 13 54 -61.076571497957858 -22.958102948025278 311
7 13 54 -52.980627948171986 38.085103900799005 311
4 11 57 -39.227110625367807 18.416836024564311 311
7 13 54 -39.260740086228822 -5.583140414160841 311
4 11 57 -37.999588808397064 -29.549982038672475 311
4 11 57 -53.065631715731371 -45.581649173264616 311
4 11 57 -74.863089301186548 -42.603253160259818 311
4 11 57 -98.979166047087759 2.030932944001238 379
5 23 81 -81.268931720262970 31.054158128135359 379
2 20 68 -70.678627108019555 -10.621319652208035 379
7 13 54 -49.294326409537327 14.512555569032575 379
2 20 68 -30.736650374551512 -12.775036119874558 379
2 20 68 -52.572811914833629 -46.288944414591612 379
4 11 57 -82.329400966616575 -54.980630557297843 379
4 11 57 -92.438840683186058 -35.440947125444403 379
8 17 95 -64.239422871618586 67.248022640977084 379
2 20 68 -35.181799466871510 44.342684353409815 379
2 20 68 -5.124727699428579 17.950025586874279 379
7 13 54 2.231718250967102 -14.219567245160556 379
7 13 54 -9.046971697267633 -37.645859163677855 379
5 23 81 -18.413011509818396 -72.406142508750207 379
6 12 86 -52.915391344989189 -78.287110601641061 379
6 12 86 -85.627913303114198 47.664037421879797 474
5 23 81 -86.072937014632842 12.666866766294138 474
5 23 81 -80.500745363035435 -32.994393402451401 474
5 23 81 -51.018146252392050 42.452125613843513 474
5 23 81 -43.743029913889963 -5.338103793039713 474
6 12 86 -46.260517404005746 -40.247447194729624 474
8 17 95 -58.622335151926350 -66.480736389323496 474
6 12 86 -40.594972883344731 -89.196682542572773 474
6 12 86 -29.654002418868870 -67.835615965843346 474
5 23 81 -11.331817857725369 -38.014523549444604 474
6 12 86 -6.137119018060901 -72.626878337369519 474
6 12 86 -17.078089482536761 -93.987944914098946 474