8 11 82 99.000000000000000 0.000000000000000 0
8 11 82 96.555555555555557 21.863775779997951 0
8 11 82 78.843192529652626 8.814936902970350 0
8 11 82 81.287636974097069 -13.048838877027592 0
8 11 82 76.398748085208183 30.678712682968296 0
8 11 82 84.861216147439819 50.986017632067515 0
8 11 82 63.043340148006621 48.161077478124973 0
8 11 82 61.130829503749695 -4.233901974057249 0
8 11 82 58.686385059305252 17.629873805940697 0
10 12 81 43.970973885323005 35.306317848242827 0
10 12 81 42.911153742540002 59.282906038912316 0
10 12 81 63.772201973195131 71.149525891181980 0
9 29 74 4.274716013717288 45.563369617195825 0
7 18 55 20.405908694746778 89.708410365704609 0
10 12 81 -8.529862917357871 97.628077101882340 0
8 11 82 -31.232918635072600 93.944157846749221 0
10 12 81 -51.622424824263447 83.301412084449481 0
9 29 74 -67.119410129218522 45.342968406421704 0
10 12 81 -96.549734345314519 16.797285430961580 0
8 11 82 -98.812438352084598 -6.091143317594899 0
10 12 81 -77.406401843169036 2.322036876539432 0
10 12 81 -53.785642017677432 6.571708071636999 0
8 11 82 -95.027419082271564 -27.763098216199324 0
10 12 81 -72.964916364125415 -21.263407930363080 0
10 12 81 -79.190257762592211 -44.441956730331896 0
9 29 74 -32.615816325223783 -28.540091656533150 0
9 29 74 -7.207775602668058 -80.678671102476542 0
10 12 81 -45.965582093680212 -67.305846568921339 0
10 12 81 -69.955021237532605 -66.593940982904059 0
9 29 74 25.241538353474233 -32.605372653382062 0
10 12 81 38.790088997027304 6.091355573421273 0
10 12 81 8.387114629454297 4.770132706829369 0
2 19 60 40.787568012367885 -81.347245163167415 0
7 18 55 70.425019630164286 -59.197268603297701 0
10 12 81 95.333333333333329 22.705848487901886 82
9 29 74 79.571815708405154 -15.143518246022200 82
9 29 74 57.493349571221984 38.489879306522020 82
5 12 66 57.318568670592953 79.489506763814560 82
9 29 74 16.318844493557172 79.339115916394604 82
4 26 90 25.317670652004097 -6.116462014947036 82
1 22 98 61.579736100558748 -62.864426361699529 82
9 29 74 10.715713276193277 -59.142708731030993 82
5 12 66 36.672722782680317 -90.879653408805865 82
7 18 55 -16.220667892413740 -20.627369325288853 82
1 22 98 -15.361276597557522 19.363397691640508 82
5 12 66 16.629894048322299 30.877085228924010 82
4 26 90 -36.090114840432875 62.656760521301919 82
4 26 90 -77.818116762795853 31.628163138125355 82
9 29 74 -77.555055592756858 -23.371207756647777 82
5 12 66 -39.749914248146581 -39.238510234196958 82
2 19 60 -55.441369322410097 -65.973847106066927 82
7 18 55 29.730267265449164 -87.063834100761738 180
2 19 60 61.097346758564811 -67.439708029199608 180
7 18 55 83.714099810953741 -38.156906227335497 180
7 18 55 27.895527115169600 -51.110618269894090 180
7 18 55 50.877302983727262 -23.400728736960531 180
4 26 90 83.796534281418573 5.843016551665833 180
2 19 60 39.179508583143381 11.701430828537262 180
2 19 60 -3.471552377946043 -70.734744341456221 180
2 19 60 -4.223007985480036 -32.742175140757169 180
2 19 60 1.816120053284006 4.774873417617115 180
2 19 60 14.499239639585475 40.595795761403522 180
2 19 60 51.862628169444854 47.522353172323662 180
5 12 66 82.641402475769482 43.825455526955160 180
5 12 66 -22.172353896776560 -95.458822131200094 180
4 26 90 -48.813105037504627 -68.361398293170836 180
5 12 66 -35.222724459558933 -32.874759177207821 180
2 19 60 -82.462476966535036 -38.482981856187763 180
2 19 60 -56.715416478829091 -10.535014555462453 180
5 12 66 -29.164382137743150 3.675562728247852 180
2 19 60 -90.781485455087093 6.302531123906377 180
2 19 60 -22.931418383699565 34.042488203850084 180
5 12 66 -8.440368225617737 61.447040112537749 180
5 12 66 13.318736768271510 71.573310396551705 180
5 12 66 37.103107310123754 74.783250883207387 180
7 18 55 -11.069949888213660 91.331572905936738 180
7 18 55 -59.680674580758080 26.345973017932927 180
1 22 98 -49.715341649469906 65.084740932885822 180
5 12 66 -81.830995032469431 53.922984450009466 180
5 12 66 -81.830995032469431 53.922984450009466 278
7 18 55 -57.658325642779815 71.690428120294825 278
7 18 55 -88.621820412763199 24.701679026494265 278
2 19 60 -90.169544847007600 -12.265935842139655 278
7 18 55 -54.388008075502270 35.839277190245788 278
2 19 60 -53.829750117968878 -1.156511057240580 278
2 19 60 -62.378603397333173 -38.182408853349486 278
2 19 60 -23.830367205003689 56.701457911101286 278
7 18 55 -22.189492868950694 19.737860529173176 278
7 18 55 -20.024661997755612 -16.196990344305085 278
4 26 90 12.655504597905214 83.041183778727529 278
5 12 66 -23.354704631893803 95.176455972877022 278
5 12 66 5.183238784859432 45.783094138768966 278
5 12 66 7.731132814255576 21.918722451775665 278
5 12 66 6.428049777066118 -2.045875909102188 278
4 26 90 59.112547151034434 59.680036606194619 278
5 12 66 27.892050591860674 38.017151419806822 278
5 12 66 30.439944621256814 14.152779732813523 278
4 26 90 82.916482065785374 13.448308512013433 278
1 22 98 80.950371930474262 -34.511408031517419 278
4 26 90 33.274911946799563 -28.939109103334069 278
3 30 105 -10.923732663176652 -63.326313331666157 278
1 22 98 -62.893389771180395 -61.550154533440271 383
1 22 98 -25.233875616719438 -84.304516613049458 383
1 22 98 -84.829556482846243 -23.408253820471021 383
1 22 98 -85.558334073800523 20.585710347615997 383
1 22 98 -24.357777086099063 -40.313239621302053 383
3 30 105 22.311708676653961 -63.247037794308476 383
4 26 90 73.531866671039381 -40.608676214233924 383
1 22 98 34.484979553288426 -12.692003661552882 383
4 26 90 83.346612472881546 10.456681562298122 383
3 30 105 35.346472953383170 39.300859590258838 383
4 26 90 73.531866671039381 -40.608676214233924 488
4 26 90 83.346612472881546 10.456681562298122 488
4 26 90 34.215342484142475 -6.576178129885918 488