6 12 67 98.000000000000000 0.000000000000000 0
7 17 55 88.836734693877546 27.514261191782229 0
5 12 45 74.132513018557262 2.518544260214910 0
7 17 55 54.988819185027580 24.302000974154453 0
7 17 55 69.130877987420774 55.221285778781692 0
3 21 95 39.931039539346713 79.539374408572826 0
3 21 95 21.306492222991956 41.894637229773679 0
1 16 74 3.314596644634690 74.225608348771772 0
8 30 76 -29.692674028479708 42.186256253079165 0
1 16 74 -32.834764051190810 88.078818507644769 0
8 30 76 -79.518983636709407 8.759637057820477 0
6 12 67 -92.956853115143758 -31.032619272784380 0
6 12 67 -38.230196661653466 1.063139794230306 0
1 16 74 -74.032929512107827 54.431326430362219 0
1 16 74 -48.329672602813361 -25.052001134241301 0
1 16 74 -70.661476108381152 -47.971219100583653 0
8 30 76 5.323420350036362 -6.536152702912077 0
6 12 67 -23.187804840733360 -37.376224656803785 0
6 12 67 -41.967907298065853 -52.319709916009359 0
10 13 98 -56.014445942592182 -73.000492108852754 0
3 21 95 -24.427957921550494 -85.581977493996703 0
10 13 98 7.705113273490468 -96.693491143109938 0
1 16 74 7.960966648483351 -67.694619802133488 0
1 16 74 34.493017882051547 -85.584568302319639 0
1 16 74 36.720142138823967 -53.662163669446251 0
1 16 74 65.704924335083177 -67.222488187517982 0
7 17 55 84.055569200275599 -39.795242007276201 0
1 16 74 57.595154581977980 -20.076051906570196 0
6 12 67 32.351910998870302 -92.505966589843126 98
7 17 55 55.298688375487799 -74.773357982310046 98
7 17 55 78.479059702993510 -49.900272425448549 98
7 17 55 91.170149839996199 -18.357662654941702 98
7 17 55 57.507903408576695 -23.138161079832663 98
7 17 55 70.198993545579384 8.404448690674176 98
8 30 76 12.414261533016916 -55.539899260780977 98
7 17 55 25.933552202571253 -10.526248222544794 98
7 17 55 38.624642339573946 21.016361547962045 98
3 21 95 67.018274640034321 46.271096644300975 98
6 12 67 94.091187520179957 27.401613657635799 98
7 17 55 48.413299327665442 79.404990071215735 98
4 15 95 31.514976912496056 52.230614281641763 98
8 30 76 -3.972083925970281 79.901330084580252 98
6 12 67 -45.392727956172472 86.853326065827318 98
1 16 74 -65.527269953396413 67.395674137549150 98
1 16 74 -38.780444368093143 49.828451217879504 98
6 12 67 -64.768358734212399 39.405960781364229 98
8 30 76 -42.240659347074612 3.958778096096388 98
6 12 67 -80.501544980013350 21.282306333242019 98
6 12 67 -23.380325598373098 -33.568382879490223 98
6 12 67 -3.059342491877591 -11.168165068094257 98
1 16 74 -50.282236297457075 -41.332866168062068 98
6 12 67 -72.866929881401887 -24.781986562454321 98
6 12 67 -87.769763785014334 -43.594363914648270 98
5 12 45 -83.605409019105906 -3.318411235657166 98
1 16 74 5.594721073101648 15.460901453533927 98
5 12 45 94.091187520179957 27.401613657635799 193
1 16 74 93.998096358179765 -0.598231592571544 193
5 12 45 72.372920940775231 17.188049304976524 193
5 12 45 74.386848037887503 41.103402065233212 193
8 30 76 52.105344743595872 -19.598162175570494 193
4 15 95 74.957913454606839 -58.363612041508119 193
10 13 98 47.239115363306141 -62.321923850057978 193
8 30 76 4.659317649361412 -56.325189185296864 193
8 30 76 -3.424207199421620 3.127789091818130 193
8 30 76 33.443390933057877 50.464669089785829 193
5 12 45 72.481244520634306 65.958086636439191 193
10 13 98 26.680362653226595 -93.258555900744625 193
10 13 98 27.427035374625333 93.041698880443121 193
5 12 45 5.216776675820132 81.565444764567687 193
3 21 95 -17.102174295785712 57.257741715388924 193
5 12 45 44.731292904925411 -87.195822348629576 291
8 30 76 62.959099375297981 -49.357388563935942 291
8 30 76 79.568495525513029 8.297862363670141 291
5 12 45 43.018608297453227 -12.392853999378069 291
4 15 95 78.646956170999488 53.288425432141324 291
8 30 76 34.037368380570733 47.373640806474057 291
3 21 95 4.417022061538418 88.890325210946799 291
8 30 76 -25.960106349643102 47.924118778197993 291
8 30 76 -77.953470295047850 17.979334497113452 291
8 30 76 -68.529523646110604 -41.275954123886322 291
5 12 45 -28.207740778545762 93.852668370006228 291
5 12 45 37.373019733658175 90.593914784535031 291
5 12 45 -44.212452634020089 -7.031537682764902 291
4 15 95 -66.132314114843396 68.202030980137863 291
4 15 95 -48.604878418566223 -81.624541615352399 291
10 13 98 -23.538100779870412 -94.100785393516588 291
3 21 95 9.986988260033826 -88.437888178619161 291
4 15 95 -18.588496814911515 -66.541732060898937 291
3 21 95 -18.671940944476038 -30.541828768289367 291
5 12 45 5.045626145295607 -53.486915635463809 291
10 13 98 22.291541406284587 -35.387788396539051 291
5 12 45 -47.157515774557830 -85.907908285397852 389
4 15 95 -66.880397076640307 -67.468603712178023 389
3 21 95 -81.929247438583502 -34.764902044265227 389
4 15 95 -94.992184972827175 -1.218521271125937 389
4 15 95 -90.635701824515735 28.463477559452834 389
4 15 95 -67.108578376290254 9.849653066566933 389
3 21 95 -58.566854825878252 44.821626971228611 389
4 15 95 -51.390124631259432 -15.702846064933436 389
4 15 95 -46.640830947954434 -45.324530850065422 389
4 15 95 -37.649702462500883 15.521921563029423 389
3 21 95 -19.109844265662961 -68.520322974920518 389
4 15 95 5.447877731861041 -94.843664143782917 389
4 15 95 34.751166954276833 -88.415815300861070 389
3 21 95 61.505259309090000 -64.328089333677539 389
3 21 95 84.156587227607517 -28.959779457069214 389
3 21 95 88.066314354621454 12.857848808918000 389
3 21 95 -15.865761472481971 -26.645796985591552 389
5 12 45 86.625306149669370 45.826371604961842 389
5 12 45 13.883254400837448 -69.195186207412320 389
9 25 119 38.366388353474996 -24.571421328179440 389