9 13 93 97.000000000000000 0.000000000000000 0
6 21 69 83.371134020618555 31.148900656621240 0
6 21 69 63.508355141331947 -5.857450354962784 0
3 22 93 58.196301426672399 66.009018325194688 0
6 21 69 20.456358297421978 86.617188855373826 0
6 21 69 20.893660367266680 44.619465501604871 0
10 20 50 -14.536715605580881 65.251684442442681 0
1 25 70 -18.215538651949828 20.402311414567421 0
6 21 69 -52.855648933355170 50.668840116948800 0
1 25 70 -83.423572703790924 16.294401410770185 0
6 21 69 -83.897092957355071 -29.703161335200015 0
7 18 43 -49.886264239785547 -10.617472195319630 0
9 13 93 49.879489161950502 25.291450301658458 0
7 18 43 25.681688052572675 5.914494362425039 0
6 21 69 -1.204525428238949 -22.336727286633312 0
6 21 69 -35.341837140598138 -46.803928782783721 0
6 21 69 -21.344113099562623 -86.402713128657481 0
10 20 50 19.630933368824710 -87.832946296186407 0
7 18 43 54.942029858845970 -73.792773053935832 0
7 18 43 27.381741078654770 -50.631804111500209 0
9 13 93 -54.749494612265032 -80.071798029653124 0
9 13 93 -42.353554645767460 83.006218111687602 0
2 17 100 79.271427931421755 -48.631684257420162 0
9 13 93 94.312552588356141 -22.674708912543021 100
5 25 98 68.396921585855836 -50.466435554517695 100
3 22 93 64.972735231581055 -3.591336111303725 100
3 22 93 27.694497149359698 -26.965102720158658 100
7 18 43 87.052877404518895 29.762334175830368 100
7 18 43 51.303217842822690 34.000475422039983 100
7 18 43 61.329635530629425 68.576058545823102 100
9 13 93 94.312552588356127 -22.674708912543032 198
3 22 93 87.231893507565374 11.601584162724258 198
5 25 98 56.329542594346321 -23.810909508807399 198
3 22 93 44.394277401173483 21.648406860542430 198
9 13 93 72.028715617803513 43.127183000054160 198
5 25 98 8.623802954064367 -8.838855362043475 198
3 22 93 3.497949813441636 37.880793925817926 198
3 22 93 38.003773169898068 65.181859005646331 198
9 13 93 94.312552588356127 -22.674708912543061 296
5 25 98 83.862369924095248 13.860119433619776 296
2 17 100 75.048377267681019 54.924867496315542 296
2 17 100 47.538373985745245 34.944884527657052 296
5 25 98 37.952755491440662 -5.946629482974124 296
5 25 98 5.628201283140648 32.199447579217654 296
2 17 100 43.990202808674454 68.759237712335960 296
2 17 100 79.271427931421712 -48.631684257420218 296
5 25 98 37.913335571096219 -55.946613943670513 296
5 25 98 -2.812617906161172 -84.953453022899197 296
5 25 98 -5.368211200521806 -30.912483060888871 296
5 25 98 -37.692765408821820 7.233594001302913 296
5 25 98 -84.302998509032477 -10.862984966668559 296
2 17 100 -44.675818996851021 -81.566360694593982 296
2 17 100 -71.007720408998111 -60.057502797881583 296
2 17 100 -87.680901956152340 31.000958568334635 296
5 25 98 -53.079433264729062 54.807225902724852 296
3 22 93 -18.039327737052638 86.131194434973452 296
9 13 93 12.768965510920257 69.522489875408667 296
9 13 93 25.357749813582600 92.271610952519367 296
9 13 93 -54.800072858708056 -34.812460494776253 296
2 17 100 89.774732726476017 24.279566797819868 396
5 25 98 83.239734378781378 -17.208911079726185 396
8 31 104 41.917070637794559 20.585763959878715 396
4 24 100 37.286966449598438 -34.218999840419244 396
8 31 104 -12.056400633324387 -9.924306491460751 396
4 24 100 -7.426296445128273 44.880457308837201 396
4 24 100 30.442471932300279 74.375480305550866 396
8 31 104 -62.302127889476203 48.574117186453840 396
10 20 50 -27.373793822301522 85.736079988381363 396
7 18 43 67.788364592969799 62.199177050911210 500
1 25 70 28.656711108800835 80.023702166462726 500