5 13 89 97.000000000000000 0.000000000000000 0
9 26 89 77.030927835051543 33.499793385498386 0
5 13 89 71.506489677803316 -5.106949329301317 0
5 13 89 48.468285203272508 6.944653659086121 0
5 13 89 38.124588565087947 30.798540970323455 0
5 13 89 45.072598269109427 55.852984910527425 0
1 29 82 3.113569202285937 53.998293623692476 0
5 13 89 35.941070757046617 80.196674139903493 0
1 29 82 41.475452633988610 -34.469115701574140 0
5 13 89 22.750287748675991 3.125673831256811 0
9 26 89 -16.244973802032597 2.517745717226385 0
4 14 71 65.701300440955805 -69.995279272014201 0
5 13 89 39.477208422832078 -76.421553295503998 0
5 13 89 83.371377401172552 -49.580373437795465 0
4 14 71 13.982634132590896 -67.531858038670194 0
9 26 89 -21.573722932837228 -49.208499388144922 0
9 26 89 -73.006130283169895 -41.546419112564010 0
9 26 89 -67.677381152365271 10.179825992807299 0
4 14 71 10.978288388908348 -95.370211198518163 0
4 14 71 -16.252686276563587 -88.853001767448319 0
4 14 71 -44.027463741098266 -85.308747713972906 0
4 14 71 -37.482195243819774 36.414359492535780 0
8 16 48 -21.882524708912168 91.417477061904577 0
4 14 71 -50.290150033582435 81.773472529908915 0
8 16 48 -71.713032298032914 60.772041257648119 0
8 16 48 89.711340206185568 28.069118946095067 89
2 25 60 61.929446572883577 58.221505023284649 89
2 25 60 53.443746718706151 8.946837109793709 89
6 33 108 6.947054593716722 76.685972853396862 89
6 33 108 -4.491594506197025 11.684762812590368 89
1 29 82 -50.466052008637796 53.282229771003450 89
1 29 82 -80.905487659305606 3.911785603780757 89
1 29 82 -62.779642273598157 -51.183166334245549 89
7 22 90 60.452049516778700 63.949587248245287 197
1 29 82 79.289927832989093 16.556187491067593 197
1 29 82 22.771410804340952 29.581441150110486 197
8 16 48 23.965063877245836 74.565607168183391 197
2 25 60 -16.303032408724999 66.853252047743098 197
2 25 60 -30.142735403323393 18.806788899855675 197
2 25 60 -77.410900089772198 35.107727743209274 197
3 30 104 68.432728417441240 -41.436236331799378 197
1 29 82 -78.770097054905449 -18.875163839309469 197
10 29 99 -22.975052175893811 -34.715396380187073 197
8 16 48 -60.270011347966680 -59.896461098610274 197
7 22 90 87.733040465592453 6.849351112530108 301
7 22 90 80.082338256287940 -36.480393355958775 301
7 22 90 46.383029911740564 -8.189818651666897 301
7 22 90 54.033732121045077 35.139925816821986 301
7 22 90 41.840719100203252 77.416756746701083 301
7 22 90 11.324416033849175 45.718882257038075 301
7 22 90 -0.868596986992650 87.995713186917172 301
7 22 90 -43.360763827440394 76.575741330403957 301
7 22 90 -75.012739711028033 46.011834141289754 301
8 16 48 62.531221530867299 -70.184373858128836 301
8 16 48 -93.149113155101034 12.619140954050067 301
8 16 48 -61.212481957106569 10.606285339931926 301
6 33 108 -8.554209502645392 -5.563085790023319 301
8 16 48 -26.261671077100338 40.125488324181660 301
2 25 60 -60.970574413324258 -30.393001004348037 301
6 33 108 -22.366859885345168 -73.679872277775686 301
10 29 99 -72.177232342836902 -36.762033830137014 409
10 29 99 -29.095127481661322 -75.594137053252197 409
10 29 99 -17.006592038651789 -18.867888183411509 409
10 29 99 -60.088696899827355 19.964215039703674 409
3 30 104 -33.515262579132980 72.641084616432920 409
10 29 99 9.790230990640229 32.570718675025134 409
10 29 99 65.965016281217714 47.006559404179761 409
3 30 104 79.312732718427682 -10.463767425514163 409
2 25 60 24.595769276642571 -81.363678221244186 409
2 25 60 -76.109745896294086 37.845826448916995 513