8 12 45 98.000000000000000 0.000000000000000 0
6 14 75 92.571428571428569 25.426966241470851 0
2 21 46 65.198675509136891 3.615675821351240 0
2 21 46 81.854484456543631 -34.940569176151911 0
2 21 46 63.968218910672078 45.597647863637377 0
2 21 46 40.135892340465865 -30.086800346434714 0
2 21 46 28.225992920316621 23.541055169969592 0
8 12 45 32.728791975298222 56.232411836074121 0
8 12 45 48.195344740564707 74.584135067401135 0
10 23 74 14.083450315168296 85.852527203456191 0
7 28 108 -15.988446967168848 44.661739473181306 0
2 21 46 -60.398172931488617 65.368652323097464 0
2 21 46 -83.649961282130221 30.392169674080748 0
2 21 46 -88.272974010795096 -11.352623454052054 0
8 12 45 -87.394970849662116 -44.340941241551349 0
8 12 45 -31.603010161269353 81.488162273358924 0
8 12 45 -65.278101059526421 -35.021924625717702 0
8 12 45 -68.266030826993045 -58.835204024084632 0
2 21 46 -46.411262651713969 -7.947168698960159 0
2 21 46 -35.110711027601774 -48.398343378946592 0
2 21 46 6.359288632873548 -55.049593499050083 0
2 21 46 1.629177467088564 -13.316800058407793 0
8 12 45 -52.176304034370744 -76.643086877999977 0
8 12 45 -18.406977537329553 -76.858583846763423 0
8 12 45 -50.693896066342447 24.773758106922159 0
4 15 100 66.735515732941991 -67.611914185728040 0
9 19 103 36.583070394493127 -83.322739756392792 0
8 12 45 5.945162285155167 -88.046994902314040 0
3 18 98 -15.642410193041387 90.660437917278088 108
9 19 103 -49.709471759563208 76.223148828851109 108
4 15 100 -76.888673355085515 55.795447033740686 108
4 15 100 -90.453482601210936 29.037346388959651 108
4 15 100 -60.497883062747093 30.668927306715528 108
4 15 100 -20.948677446010556 58.089844925438541 108
3 18 98 -73.877066542953500 0.502763324482522 108
4 15 100 -90.840308023840265 -27.803568802112832 108
4 15 100 -60.909689163999715 -29.842699662787879 108
3 18 98 -38.333920345787575 6.219821869476553 108
4 15 100 -31.158037422937930 -25.990529017739107 108
4 15 100 -42.697785655143903 -53.682300552570524 108
4 15 100 -71.276650196616757 -62.806362231458152 108
3 18 98 -33.957408682379452 -85.503768312150200 108
9 19 103 -8.997963266843943 -58.190290237234450 108
1 23 78 16.402098954764007 65.084092723403799 108
3 18 98 -4.216951974977001 29.646051880874900 108
4 15 100 -6.724419718442032 -3.258546665764172 108
3 18 98 13.832324708354790 -29.073663527234267 108
3 18 98 27.777191036230235 -62.263130276455861 108
3 18 98 63.520862062914745 -66.551484452145459 108
3 18 98 6.907886453379500 -91.596935454581072 108
9 19 103 83.757625916330198 -35.576117000877048 108
1 23 78 62.204445714894426 60.824394228818690 108
1 23 78 86.770456704962939 6.315682323561944 108
1 23 78 42.613150292277666 19.204913890114852 108
3 18 98 48.982413970317104 -21.297338889201111 108
8 12 45 -76.708609695200010 60.990074591112510 211
10 23 74 -82.854979693386781 26.533984623656973 211
10 23 74 -84.803775832142861 -19.424716332849286 211
10 23 74 -44.027975209498216 1.866927182444056 211
2 21 46 -45.607639751486829 49.956957689699308 211
2 21 46 -9.286430856551945 28.867391918671604 211
6 14 75 -7.896990026228028 -6.105017980833871 211
10 23 74 -23.868492423606529 -39.480324888344597 211