10 13 89 97.000000000000000 0.000000000000000 0
1 31 90 70.690721649484530 35.267858918214742 0
10 13 89 72.497018163557684 -8.695049230624180 0
1 31 90 28.522197449140720 -10.183384923566081 0
10 13 89 26.715900935067570 33.779523225272833 0
8 14 92 33.104925365862321 60.012715307493934 0
10 13 89 54.676755406535086 76.250207376662999 0
8 14 92 51.921997675006580 80.747174300012574 92
1 31 90 68.705556958652608 38.994184733128378 92
1 31 90 75.695194238157228 -22.610563222698527 92
7 27 94 15.461406803543895 61.995499353389476 92
3 19 94 23.912046219801979 16.778393149471633 92
8 14 92 -7.186475131814397 27.818409895068545 92
7 27 94 -38.057049550622068 54.800026508104494 92
8 14 92 -23.421800866401203 93.098975526987658 92
3 19 94 58.619391331282493 -69.604360207891887 92
8 14 92 36.649414879478627 -44.980791524470234 92
3 19 94 14.922059568402251 -20.142876330431882 92
3 19 94 -18.990490615105394 -2.998228767677050 92
8 14 92 -46.813851528991805 14.746082643465897 92
3 19 94 -76.393236296016127 29.376871986639760 92
8 14 92 -95.959074410230571 2.802862524604226 92
8 14 92 -92.686243636943473 -25.005204267775042 92
8 14 92 -81.528645609819165 -50.686092224874805 92
10 13 89 -69.361427552491492 -1.840970119990395 92
3 19 94 -55.341033642328611 -30.606027995890241 92
3 19 94 -53.797824465383286 -68.574679610560366 92
7 27 94 -9.925960103665091 -82.404340395518304 92
8 14 92 30.130630595068666 -91.149026873266791 92
8 14 92 -10.314262489218144 -41.406179201906532 92
10 13 89 49.083340739697555 83.664960777082456 186
3 19 94 17.580822631975753 89.285579326019999 186
3 19 94 34.421937898607332 55.221274891964271 186
10 13 89 2.919419790885541 60.841893440901799 186
5 22 69 -23.107825455235648 84.242374309855364 186
10 13 89 -57.560285685315925 78.075690914809172 186
4 27 80 -72.241651773506604 40.867392246574894 186
2 14 84 -95.725164153638872 7.258990822345048 186
2 14 84 -93.748091862851666 -20.671121693665395 186
4 27 80 -54.157261215062022 -10.014380699438304 186
9 18 72 -78.118847193164598 -48.594708695608006 186
5 22 69 5.709817245049921 25.953303872852580 186
10 13 89 -20.373816764274810 49.290913794770418 186
2 14 84 -30.188519116460192 23.249705072016660 186
2 14 84 -13.533617946637131 -4.471853514141177 186
4 27 80 -13.429174402615924 -45.471720483999903 186
2 14 84 -50.036089036733642 -63.936113270398764 186
5 22 69 12.377616289507369 -87.125166369939990 186
2 14 84 -23.570744397840958 -85.197638447364227 186
4 27 80 40.548262429634512 -47.032589799610420 186
4 27 80 82.054881297555724 -12.489854092183784 186
2 14 84 41.564558093516318 -6.045187550583041 186
2 14 84 13.874392259619011 -10.199067193912445 186
2 14 84 55.143379573565632 18.441862235231326 186
3 19 94 84.634002991894690 33.437786074558836 186
10 13 89 73.408989229145106 63.404418618541534 186
10 13 89 80.180270222398704 -52.445902862262372 186
10 13 89 49.083340739697547 83.664960777082470 280
3 19 94 69.359655289992503 58.908727859744303 280
8 14 92 36.372907501917332 59.843859062259703 280
8 14 92 47.528422329986931 34.162066116269358 280
7 27 94 82.108256067867103 12.134013577277976 280
7 27 94 72.195765868195423 -40.948399122611740 280
8 14 92 46.821804371757601 -8.743398300110726 280
7 27 94 31.723999536769082 -76.698030309722270 280
7 27 94 10.197882026389099 -27.174033450327816 280
7 27 94 7.205263393011901 26.742979019904290 280
3 19 94 5.991571362954655 72.726964837318775 280
10 13 89 49.083340739697547 83.664960777082456 374
3 19 94 69.359655289992503 58.908727859744303 374
10 13 89 37.396299001607566 60.439693170181926 374
8 14 92 46.566840406307527 35.044788753258359 374
8 14 92 19.117066327218499 40.568365765211034 374
8 14 92 22.100968155842928 82.689476412240737 374
8 14 92 -2.551241269025446 95.966093845624570 374
8 14 92 -1.723024530229004 67.978345507582475 374
10 13 89 -29.322856461323948 92.461722290624635 374
7 27 94 -40.261687359462520 53.986509769029269 374
10 13 89 49.083340739697547 83.664960777082456 468
3 19 94 69.359655289992503 58.908727859744303 468
10 13 89 37.396299001607566 60.439693170181926 468
8 14 92 46.566840406307527 35.044788753258359 468
10 13 89 23.126148113384886 82.173602013907157 468
10 13 89 20.215039482895477 40.925484978439542 468
7 27 94 -12.486663922078243 63.960210816033751 468
7 27 94 -5.631065961047014 10.397156603295798 468
3 19 94 -45.999963263713070 32.450549325659431 468
3 19 94 -58.270456753685394 68.414906535437936 468
7 27 94 -82.853895239072159 4.922605378542620 468
7 27 94 -68.347019794317248 -47.092301761914406 468
10 13 89 -83.711219748438964 49.004404783943265 468