10 11 74 99.000000000000000 0.000000000000000 0
10 11 74 96.555555555555557 21.863775779997951 0
10 11 74 78.843192529652626 8.814936902970350 0
10 11 74 81.287636974097069 -13.048838877027592 0
10 11 74 76.398748085208183 30.678712682968296 0
2 23 73 45.648760152012279 16.172223028048119 0
2 23 73 51.506843970803885 -29.453239752859773 0
2 23 73 44.288603963026169 -74.883373047734850 0
2 23 73 8.554074436239965 -45.917127182948626 0
4 21 66 5.584610891613007 -2.017442830357526 0
8 15 72 11.799759022985548 33.441997854812570 0
4 21 66 36.861580913179075 59.285857542255101 0
8 15 72 72.747411778494026 56.421046360692060 0
7 13 60 94.111111111111114 23.496782022908963 74
4 21 66 88.433494703666426 -10.025817397928243 74
2 23 73 58.146914105920594 21.891623534832100 74
2 23 73 46.251736728676590 -22.543776262670598 74
8 15 72 22.979218053125464 7.496028571850617 74
4 21 66 19.733872838000146 43.349448693711565 74
4 21 66 45.647128134742275 76.402484861753166 74
8 15 72 75.202956590705625 55.848823283297932 74
7 13 60 86.240057334180634 44.403293920577987 147
4 21 66 88.381908959924118 10.470824637997030 147
7 13 60 94.228191058422908 -23.022771550301023 147
7 13 60 62.889600036989371 32.968428638815915 147
7 13 60 64.661944862726344 58.907950489048304 147
7 13 60 68.852211021255641 -17.360648525031344 147
9 15 63 52.722978352893051 5.527074243514793 147
9 15 63 39.034263889227304 47.628678884881857 147
9 15 63 43.539519873051240 77.288460888804593 147
4 21 66 8.931889554774649 67.373223939870741 147
2 23 73 34.385662418008614 -27.755696739446250 147
9 15 63 22.866321579992903 8.456245857680791 147
7 13 60 10.135165290387228 33.394522853689033 147
4 21 66 -23.160475417771053 40.279311146238996 147
9 15 63 -25.977064074049427 76.168959073480138 147
2 23 73 -61.909160372763935 61.124920138511399 147
6 31 80 -63.233701007694393 7.141167100153474 147
2 23 73 -73.982057230476173 -45.778326836468686 147
4 21 66 -31.560296305643398 -34.099534089085466 147
9 15 63 -43.261667621282278 -68.144767372667815 147
9 15 63 -1.276870782399319 -14.633817082560135 147
6 31 80 2.431203748532845 -73.451508932375560 147
4 21 66 54.346253817702141 -70.480385186106176 147
8 15 72 47.587379270466243 -82.221903007463894 227
8 15 72 70.853708924717722 -63.283109370600428 227
8 15 72 42.819067691037162 -52.603273655627191 227
5 35 106 -1.896254389509487 -74.976024296372671 227
5 35 106 73.800714582141552 -13.358687329422640 227
3 19 94 21.352433907097002 -26.236938415662593 227
1 25 89 -60.040204107722623 -60.167880889250263 227
1 25 89 -83.480042502222602 -16.002578036901063 227
1 25 89 -78.034053041282235 33.699949049669961 227
1 25 89 -33.511849069004874 -17.785733952836832 227
1 25 89 22.494196974355788 17.748245193119168 227
1 25 89 63.873999731073596 45.814451274724313 227
8 15 72 47.463816896097484 82.293293078195205 227
5 35 106 -1.606299279031511 72.695183964450777 227
3 19 94 -55.594105068099211 71.547653537007619 227
8 15 72 -38.359979428429476 38.795818255403212 227
8 15 72 47.574871541562615 -82.229140806673982 333
8 15 72 70.844081799747116 -63.293886544837335 333
8 15 72 87.048508277347395 -38.046776561077849 333
8 15 72 94.572197087400554 -9.005528194496183 333
8 15 72 92.664863473225395 20.933778385387040 333
2 23 73 49.563556535841172 -31.811522521589950 333
9 15 63 67.690330210443520 4.312325732077756 333
4 21 66 62.045732649634573 39.867051414840518 333
1 25 89 26.719646206255543 10.404064183486778 333
9 15 63 27.619224532522871 50.393947389554164 333
6 31 80 -4.253680815506193 -36.250549877750558 333
6 31 80 -65.802696353749369 -43.715044922500766 333
6 31 80 -77.094120486375800 17.248089355988739 333
6 31 80 -17.957410809989057 44.167366397091854 333
9 15 63 -61.017890555297825 60.347449341992160 333
9 15 63 -41.884975242134267 83.454408285550954 333
9 15 63 -34.033640741067032 1.068006411088430 333
3 19 94 -35.756858464038544 -83.680625432549888 333
3 19 94 14.845262461870714 81.903087222585782 333
9 15 63 47.617650367820374 72.849326073650801 333
9 15 63 -66.063275654818042 -68.268906610224292 427
9 15 63 -84.057431803032770 -44.264524832855656 427
9 15 63 -93.669129378091867 -15.845952213429388 427
6 31 80 -40.265498402385738 -30.183808621196007 427
6 31 80 -70.545050982803971 23.919321561166708 427
3 19 94 -34.078196178088490 -79.799504637529452 427
5 35 106 17.152532185145255 -62.728697059311067 427
6 31 80 12.059311548403535 3.074487541021682 427
6 31 80 68.878689939880402 -21.735958630020299 427
6 31 80 67.973079715304095 40.257427066529161 427
5 35 106 8.551322863221692 68.981194448472579 427