6 14 96 96.000000000000000 0.000000000000000 0
2 36 92 63.500000000000000 37.996710383926661 0
2 36 92 59.225026665095868 -33.876265086592568 0
2 36 92 -0.881309270497539 5.762458157195102 0
2 36 92 -71.954069432216386 17.280390393268988 0
2 36 92 -52.585085802319242 -52.065427599922032 0
4 30 90 6.543918577089247 71.343446190400442 0
6 14 96 -30.866893358122102 45.773266033617645 0
6 14 96 -37.425097355460927 72.994396802365827 0
6 14 96 -65.301671626372965 70.368257636532093 0
8 16 73 43.366097638037481 -83.398930302781466 0
8 16 73 17.371975861132782 -64.735982168913409 0
8 16 73 -9.806145298722848 -81.628280124496854 0
6 14 96 91.916666666666671 27.700656831362114 96
2 36 92 71.762939254157700 -18.057700562476722 96
2 36 92 46.930960837584450 49.524640680771434 96
2 36 92 0.818925681989370 -5.771654075831961 96
4 30 90 -18.608944059552805 57.304156480241517 96
10 38 113 -70.704002987398496 13.599410338611946 96
8 16 73 -62.851482054887846 69.897719587294915 96
1 15 104 6.284170439108934 94.791925826476529 96
10 38 113 -19.122061336792562 69.414312430736814 209
9 30 115 -74.295845314755383 29.666940674190531 209
9 30 115 -74.026631371044985 -30.332455354873893 209
9 30 115 -21.344542625058018 1.450641422445109 209
9 30 115 -21.075328681347631 -58.548754606619319 209
10 38 113 39.814035271769569 -28.275245437961125 209
9 30 115 73.940787185961199 30.541119663830216 209
1 15 104 19.807000996246156 -77.353943255833514 209
1 15 104 49.580207646262224 -81.035813130698713 209
1 15 104 29.463195269477307 23.704174636208098 209
1 15 104 35.049815525023732 53.179412957896332 209
8 16 73 58.244769345181517 73.780396067835014 209
8 16 73 92.528966115902904 -16.564734514084222 209
1 15 104 -94.408073002888798 -10.588472594346158 324
1 15 104 -86.398960970901214 -39.499614468355098 324
1 15 104 -65.365733671587236 -18.107949049893783 324
1 15 104 -57.356621639599659 -47.019090923902702 324
7 39 100 -61.347259929112546 35.742323640047552 324
7 39 100 -9.313174697973437 -22.364939022708732 324
7 39 100 14.992148296778957 51.751531981520557 324
7 39 100 70.952949946854545 -2.584355594563977 324
4 30 90 44.039943765101278 -66.119307379081064 324
3 21 88 -36.083820629704363 -76.061610394385937 324
8 16 73 68.532843405850926 64.336998490053247 324
8 16 73 -91.781842429662888 20.300083749002972 428
5 20 79 -88.644206983422961 -15.562922870722868 428
8 16 73 -61.985561463526935 8.630394781978840 428
5 20 79 -49.836868833906962 -25.257792944587738 428
4 30 90 -16.083464607124242 11.629978784040796 428
5 20 79 -11.989218494985721 -38.202110764494478 428
5 20 79 -42.123151731145178 -64.506978521597617 428
3 21 88 -8.914471499990931 -88.552426267583712 428
7 39 100 44.542797951804239 -21.316284860504183 428
5 20 79 40.840631716290950 -80.200017462680705 428
4 30 90 66.820886113780219 43.988284564974968 428
5 20 79 35.289711655405746 82.792730666878725 428
3 21 88 -64.717447789771498 45.529402859439109 428
3 21 88 -25.941898837912476 61.668077014461417 428