2 12 110 98.000000000000000 0.000000000000000 0
6 24 111 80.122448979591837 31.247290594749217 0
2 12 110 74.387058819239243 -4.292902141201593 0
2 12 110 53.323179931968532 7.209836933574962 0
2 12 110 44.170087288085959 29.395888746651185 0
2 12 110 50.995822062650440 52.404785825548757 0
2 12 110 70.766724355855544 66.010351690757645 0
7 23 98 31.148042301748468 81.232994902123906 0
7 23 98 -14.628525435170108 85.761333032973440 0
1 15 108 5.281985599744455 53.395123024253763 0
1 15 108 -24.400092597110476 49.039180655972324 0
1 15 108 -47.991858850927784 67.571006389699889 0
6 24 111 -58.434166604492205 29.994974018255341 0
2 12 110 -74.458690098035575 62.231826327450740 0
6 24 111 -14.181608985320544 11.401664894759008 0
2 12 110 -46.701863576607586 -4.039612297166347 0
1 15 108 -73.636295495093407 -5.920138082273436 0
2 12 110 -91.035664322432922 14.725974491531028 0
3 27 92 46.069991304645143 -31.109756680351410 0
1 15 108 26.351492908941662 5.973673865090843 0
1 15 108 4.943850277935290 -22.586815623933525 0
1 15 108 -24.848401943401370 -26.111259917756442 0
1 15 108 66.588769164125267 -67.756444868417049 0
1 15 108 36.904507910090985 -72.097485504283000 0
1 15 108 87.729101662681103 -36.450030472675351 0
2 12 110 -51.813227587645066 -27.489003716703678 0
1 15 108 -77.545781366486111 -35.664312641695673 0
7 23 98 -55.748744843175736 -66.791297699704018 0
3 27 92 -4.221633116618854 -63.574544447865115 0
2 12 110 16.528768501673895 -96.596065198423446 0
10 12 71 98.000000000000000 0.000000000000014 111
4 14 81 92.571428571428569 -25.426966241470836 111
9 15 85 71.554652953119813 -5.444595445950536 111
10 12 71 83.217074567112434 18.906747886553273 111
9 15 85 65.108834895454891 -34.743937240050300 111
9 15 85 56.256299959798902 20.361613025883315 111
4 14 81 74.070776397472002 43.244891402278384 111
4 14 81 65.725675103251362 69.972391928687458 111
4 14 81 46.751531314829471 49.381571947533452 111
9 15 85 37.562104261768923 76.887106489448456 111
3 27 92 29.691188006454940 -12.169830638766770 111
4 14 81 27.782835600453694 28.785732977114641 111
6 24 111 3.453692774593897 57.976361770597570 111
10 12 71 15.193622793690981 92.008317975710185 111
4 14 81 8.850997867812719 95.591107519182842 222
9 15 85 36.731587526400169 87.611588718561677 222
9 15 85 62.219859160122738 71.789199230068661 222
9 15 85 81.503380295882920 48.807776023341631 222
10 12 71 -17.133436415251744 96.490649063028513 222
4 14 81 -7.033205293926693 72.532658093504011 222
4 14 81 -41.219705731028846 86.700264471611547 222
4 14 81 -64.483669011390802 71.118608189625007 222
9 15 85 -81.984764300772326 47.994774950475666 222
9 15 85 -32.675529997205103 58.987504576041104 222
3 27 92 82.718887474242123 6.825368489955014 222
10 12 71 93.039382492213790 -30.784302906961251 222
3 27 92 -82.782677744645937 6.002354990010350 222
3 27 92 -68.955154605187843 -46.197258072039752 222
3 27 92 -30.662725195463494 -8.122465230826844 222
10 12 71 -57.814286905992731 35.961985477188570 222
10 12 71 -29.965983412054857 -47.116241027577438 222
10 12 71 -37.886640271416013 -69.771553758066403 222
10 12 71 -34.398642354208732 30.698185497657768 222
3 27 92 55.034510888466116 -39.538144028586302 222
7 23 98 5.155135309682968 -43.009151356537743 222
3 27 92 22.789719575771649 3.777828004842476 222
10 12 71 -14.019107482327708 -72.289663875157132 222
8 15 95 51.261655239132971 34.654176227736549 222
6 24 111 -17.464678462320581 -84.207986593955297 320
5 36 120 38.691876807257792 -63.078829008883687 320
6 24 111 82.978024290825743 -22.597510588361999 320
1 15 108 93.830247106050621 14.862191225303210 320
1 15 108 -9.382800348393252 -46.054569366246547 320
5 36 120 31.715837311725892 8.582421838117156 320
1 15 108 85.170029405901801 -42.084036058793387 440
1 15 108 67.800335354606375 -66.544079569882939 440
1 15 108 94.046313322536633 -13.427246569541612 440
6 24 111 82.623178058714672 23.862322759486943 440
1 15 108 64.188886797835295 -10.505931570767695 440
6 24 111 38.982754005595126 -40.265818493603192 440
1 15 108 35.600170405218321 -1.412786074157967 440