3 14 90 96.000000000000000 0.000000000000000 0
8 30 89 71.250000000000000 36.379080527138122 0
8 30 89 57.972155359016298 -22.133301424803477 0
2 19 92 56.772722314247865 -71.118619228928395 0
8 30 89 8.503009322840491 -79.546834207626944 0
3 14 90 16.295618367393079 -36.242385887867030 0
8 30 89 5.149080132746858 6.322325850656121 0
3 14 90 27.911015038065734 43.977263367083182 0
2 19 92 40.460921466502533 74.497745811459467 0
3 14 90 82.026616232957480 -49.876189002079109 92
8 30 89 79.779648986371001 -5.933599886361680 92
8 30 89 38.034739736749316 -49.030729161301217 92
8 30 89 21.583985579280501 8.669987365016926 92
2 19 92 80.164927777531901 43.064885398931395 92
3 14 90 95.031324547572282 13.603211191993800 184
2 19 92 80.164927777531886 43.064885398931416 184
3 14 90 67.043257944166712 12.785820340971732 184
3 14 90 48.501829678096584 33.767131974284283 184
3 14 90 52.755506012538198 61.442143042788146 184
6 18 94 90.215491529161582 -18.032334517520766 184
2 19 92 53.225266756961823 -17.181880931403633 184
2 19 92 26.154272269805084 9.485725963035346 184
2 19 92 18.109558459262477 46.624419797181766 184
2 19 92 28.036635942266251 83.304838723993925 184
9 21 81 71.779691570330783 -52.618208617057505 184
2 19 92 31.973659201728342 -48.683772562198492 184
3 14 90 13.823026292117381 -21.123755780989018 184
2 19 92 -10.840163421364625 0.801733339137703 184
2 19 92 -18.884877231907232 37.940427173284121 184
6 18 94 -7.643138818938936 73.191289821656198 184
1 14 56 -35.310166218004341 89.270331923080164 184
9 21 81 -60.653994429431634 65.131351588574276 184
9 21 81 -83.768474549275297 30.063976311982032 184
9 21 81 -88.227786242793783 -11.698621059590181 184
10 18 61 -53.320535195440179 5.693441046929300 184
10 18 61 -53.950248430253225 -30.301051048972003 184
7 19 108 -62.276977422786892 -66.351925993762165 184
10 18 61 -27.245663115238862 -54.443650808590263 184
1 14 56 -35.332863649405006 -85.404871513210153 184
9 21 81 -0.432613052798160 -82.764320757393534 184
1 14 56 -85.751677877773730 -43.158426073555226 292
10 18 61 -91.261147305555738 -11.636279150727528 292
1 14 56 -63.058638644699393 -26.756414905221362 292
10 18 61 -59.350299209102118 5.027987222715453 292
1 14 56 -36.630560335986743 -17.506729672276826 292
10 18 61 -40.338899771584025 -49.291131800213641 292
6 18 94 -88.739561363240611 24.275301214601953 353
9 21 81 -68.063943327980468 57.343697287892624 353
10 18 61 -52.851959765691390 21.432758061792629 353
9 21 81 -73.527577800951534 -11.635638011498038 353
9 21 81 -26.654717279475662 50.324010823111479 353
9 21 81 -15.628091984215139 9.797309321534517 353
9 21 81 -34.691157548441105 -27.627275262586416 353
4 26 73 6.378663702498734 83.757463245793360 353
7 19 108 11.731530074227962 39.076966140161119 353
9 21 81 25.552305369839793 1.540501599288255 353
9 21 81 6.489239805613828 -35.884082984832673 353
4 26 73 54.460047527452829 63.953914839574750 353
4 26 73 81.671254408779873 19.641950088938600 353
4 26 73 61.779258704952319 -28.402909229399569 353
4 26 73 35.199082058336224 -73.096244408536563 353
10 18 61 -66.622196894497762 -50.019432958542858 353
1 14 56 -19.605497352911144 -59.209277359746167 353
4 26 73 6.378663702498727 83.757463245793346 461
4 26 73 54.460047527452822 63.953914839574750 461
4 26 73 81.671254408779859 19.641950088938600 461
4 26 73 77.584406879486039 -32.197201883989209 461
1 14 56 -33.113991891605657 90.108065904238970 461
4 26 73 -33.266482533904643 50.108356572744924 461
6 18 94 44.241150764125244 -3.487843276986944 461
4 26 73 15.343199399265878 29.692096549875668 461
4 26 73 -26.318562563741430 -1.425383909469325 461
1 14 56 -59.917331965794290 20.279977056607155 461
4 26 73 -83.091129055219511 -12.323322292663427 461
1 14 56 -80.540558732135224 -52.241921855110540 461
6 18 94 -77.172193259950248 47.229369660512702 461
7 19 108 -49.195637700299514 -41.922235546506784 461