10 14 60 96.000000000000000 0.000000000000000 0
5 15 76 90.625000000000000 28.497532787944994 0
5 15 76 68.270713559025822 8.490387121586732 0
7 30 108 71.233185743686079 -36.411993200119099 0
3 22 83 56.891087800240960 43.696979083746328 0
5 15 76 50.905869890849097 80.209677786760523 0
5 15 76 23.355988060410237 92.084188771590831 0
5 15 76 -6.523022773282840 94.775788964794344 0
5 15 76 -35.751538261163773 88.016063942672076 0
3 22 83 14.680025136847060 56.115762793394936 0
3 22 83 25.030574291883966 13.350518351334692 0
5 15 76 -9.058816192065418 27.735005009982657 0
3 22 83 -62.253848274309618 62.196932199580687 0
5 15 76 -88.048728193429213 35.671017136039502 0
5 15 76 -59.908968026650925 25.271310517283446 0
3 22 83 -85.703847945770505 -1.254604546257742 0
10 14 60 -28.750275192222233 49.024590314660230 0
1 31 85 -33.956281023316144 -12.708395080666339 0
10 14 60 -73.067510711480324 -34.963994652002640 0
8 18 118 48.061037772714499 -78.448305578958880 0
5 15 76 28.873637501135121 -51.599773574057842 0
5 15 76 19.230110900911743 -23.191986002499505 0
5 15 76 -1.280239329945053 -45.085490368123402 0
5 15 76 -28.190622204297263 -58.345629641742349 0
10 14 60 20.031553941793767 -93.886829995889229 0
5 15 76 -2.039871910501011 -75.075871465111121 0
5 15 76 -28.950254784853222 -88.336010738730067 0
10 14 60 -53.381827956742626 -72.712367362532120 0
5 15 76 18.529491109983386 -93.175414993468351 118
3 22 83 -17.803254028592526 -86.180300219907593 118
3 22 83 49.421443845073874 -72.811543647063331 118
3 22 83 78.493500359031003 -39.784047071493369 118
3 22 83 87.942181783230353 3.189461271949924 118
1 31 85 27.763649092428885 -24.438618095136011 118
1 31 85 45.522742050430566 34.963525109541848 118
1 31 85 -33.245307579662807 -35.479777716427627 118
1 31 85 -78.718321798455520 6.665269179470791 118
1 31 85 -19.483133433524642 24.973531231647051 118
9 24 93 6.323297489657824 73.543358521920709 118
2 16 94 45.343984683448447 82.340288152442056 118
2 16 94 -75.587023230998923 -55.880246233140646 118
6 22 113 -66.065051896207919 58.132683732572978 118
2 16 94 -39.495616113137373 85.300036974456717 118
2 16 94 -39.495616113137373 85.300036974456717 231
4 27 95 -65.462621427954062 51.025926701828453 231
2 16 94 -92.360870304962560 17.477689678841521 231
2 16 94 -23.011201984250182 57.872603794748770 231
4 27 95 -25.296376867919740 14.933367940450587 231
4 27 95 12.550975288927226 82.045554537078601 231
4 27 95 60.370438790426263 56.959723667266815 231
2 16 94 90.306314083836554 26.091562555574605 231
4 27 95 81.446040864091160 -15.985694466140373 231
9 24 93 25.473967750524800 19.767838679257416 231
4 27 95 7.505778641284043 -27.962069974903677 231
1 31 85 -74.587683736732643 -26.032238374545244 231
8 18 118 -90.938978499958608 13.932056179332115 326
9 24 93 -81.643006167476443 -27.026275065894751 326
7 30 108 -43.045299578684016 10.739013839202878 326
9 24 93 -36.323073382584951 -42.840942067539707 326
1 31 85 11.735635432766458 -16.094717904094406 326
7 30 108 28.556610438523215 -74.729646060063928 326
9 24 93 73.454367587205653 -44.726456179353988 326
8 18 118 91.739696416282797 -6.915786394060298 326
8 18 118 -89.323043143230365 -22.031658213412058 444
6 22 113 -86.171867683624328 17.844024767858325 444
6 22 113 -66.761682878767786 57.331297728159306 444
6 22 113 -42.269793771405055 20.777948114852354 444
7 30 108 -42.211077853365012 -31.222018735531012 444