5 14 102 96.000000000000000 0.000000000000000 0
8 33 99 67.375000000000000 37.277464707246388 0
5 14 102 69.720584182980446 -9.663969387171221 0
6 26 74 29.748583463383973 -8.167587593450417 0
3 24 66 10.378712977331475 37.928053386511593 0
7 18 89 31.949340007925045 73.965645557840503 0
5 14 102 91.916666666666671 27.700656831362114 102
8 33 99 53.752866242375234 55.132833871743955 102
8 33 99 63.951619326125510 -10.074415997704570 102
8 33 99 2.381107886388421 13.696829679567067 102
5 14 102 7.056169872325604 60.463738872153712 102
10 22 65 -18.226250164122220 86.091833555540191 102
10 22 65 -57.626998594240447 66.506608942415710 102
7 18 89 -84.345910231588675 36.739181090557601 102
7 18 89 -49.599904246593013 27.320313425564837 102
2 14 86 -95.755838723111040 6.842466692176842 102
2 14 86 -93.657274281451095 -21.078780186932988 102
2 14 86 16.772429462922709 94.523465922020037 102
1 25 76 -55.083507741559416 -15.328603239574409 102
7 18 89 -74.823527327954309 -53.529802523481010 102
6 26 74 -36.727386869215294 -75.545344355287654 102
5 14 102 96.000000000000000 -0.000000000000004 204
8 33 99 67.375000000000000 37.277464707246388 204
8 33 99 58.324497250669140 -28.099047894638044 204
8 33 99 6.232027901269163 12.427173704245604 204
7 18 89 22.162760107868593 60.875205360460654 204
5 14 102 47.810225101125788 80.011755191076603 204
5 14 102 91.916666666666671 27.700656831362110 306
5 14 102 80.014033564814810 53.044834175334046 306
5 14 102 64.016648697843010 30.064762865218793 306
5 14 102 52.114015595991162 55.408940209190739 306
8 33 99 74.178475931790786 -15.823550105159597 306
8 33 99 17.454484443806393 23.664383190534231 306
8 33 99 13.690506179732111 -42.228199606223527 306
8 33 99 -41.492155311192441 -6.022207411863864 306
8 33 99 -48.785069989511371 59.573626262956978 306
7 18 89 -9.057075843825658 91.553095945244735 306
7 18 89 26.025055211638151 73.939081764604154 306
6 26 74 -55.055514108370105 -63.442023661474273 306
2 14 86 -80.353058488662214 -32.457604216741217 306
2 14 86 96.000000000000000 -0.000000000000004 408
7 18 89 86.750000000000000 30.633927270266863 408
2 14 86 74.712192816635152 60.283399410865435 408
2 14 86 55.991733566745438 39.461670244602161 408
2 14 86 47.319816782986912 66.084928108649677 408
2 14 86 33.003866235363553 90.148459851060295 408
7 18 89 64.109461752136994 2.644535925561769 408
2 14 86 36.703557602774247 19.164718060028143 408
9 33 80 1.603066863351451 55.177188801831264 408
9 33 80 21.438439367672672 -25.287235387130622 408
7 18 89 -17.347340213430243 7.828671701247616 408
2 14 86 -38.956614028087444 31.430351412725166 408
7 18 89 -48.961669498068588 61.826056126427737 408
10 22 65 81.406006707840305 -33.422478541889447 408
7 18 89 68.352942584915212 61.578204260787629 497
9 33 80 19.045354401424646 74.607469302504384 497
9 33 80 76.183603415366477 11.182958939840564 497
9 33 80 56.858268584424856 -51.924342013947623 497
9 33 80 10.213366573923850 9.201078246164343 497
9 33 80 -42.014235736975529 49.552999598864986 497
9 33 80 -76.717765083013077 -6.586692695702418 497
1 25 76 8.893242422573302 -84.533485904778246 497
4 18 75 6.042510124165812 -41.628086182099793 497
1 25 76 -36.434374162640978 -48.314961482658852 497