3 10 68 100.000000000000000 0.000000000000000 0
3 10 68 98.000000000000000 19.899748742132399 0
3 10 68 81.766312060385914 8.217823563497323 0
3 10 68 83.766312060385914 -11.681925178635078 0
3 10 68 65.532624120771828 -3.464101615137756 0
3 10 68 63.532624120771821 16.435647126994645 0
1 18 78 78.566312060385911 40.057421550909162 0
9 23 80 37.684200904597901 36.950495828302707 0
3 10 68 60.135523527445379 61.135989672440289 0
8 31 87 26.454226116116899 -15.868891391259778 0
1 18 78 -1.368726356414122 24.465750242344456 0
8 31 87 -2.103211734156313 73.460245149730568 0
3 10 68 33.186094450873050 94.332831692352656 0
9 23 80 -55.695348493039049 66.835829883670428 0
1 18 78 -84.109107136021819 37.278118203326784 0
3 10 68 -56.320774655861435 33.841757050586338 0
1 18 78 -64.525463058749480 7.070819670443775 0
5 28 100 -72.545705534759691 -38.224607368342426 0
1 18 78 -34.359596467043239 -12.576584554322954 0
6 26 88 -21.062886967658820 -54.519373165584611 0
4 23 119 -86.316888275321247 10.880937389108936 100
4 23 119 -79.799908271861753 -34.655081009895923 100
4 23 119 -43.623049552857680 -6.243201571442372 100
10 33 120 -45.962625239383691 49.707905527586661 100
4 23 119 -2.507827588266899 14.385383518244026 100
4 23 119 -5.200559838764974 -31.535735730170721 100
4 23 119 -41.377418557769040 -59.947615168624267 100
2 29 115 7.778349547034985 80.625661413250697 100
10 33 120 60.371782875246026 47.793805377518865 100
10 33 120 75.207605420607877 -16.517145240572095 100
2 29 115 35.388421243145224 -64.040114123432389 100
7 21 95 88.977679605235323 1.993121187507164 220
7 21 95 78.156036646502457 42.575038880904906 220
7 21 95 48.421886469097274 12.912262321258382 220
7 21 95 59.243529427830126 -27.669655372139349 220
7 21 95 37.600243510364400 53.494180014656109 220
7 21 95 18.687736291692076 -16.750514238388128 220
7 21 95 7.866093332959203 23.831403455009600 220
7 21 95 -2.955549625773646 64.413321148407334 220
7 21 95 -42.659472022488536 78.109983016017338 220
5 28 100 -72.145516508251205 38.974664177612240 220
5 28 100 -80.338617112568002 -16.422746434144205 220
5 28 100 -51.062666071284944 -64.160767870190313 220
9 23 80 -25.175310948978357 -20.219388228995751 220
9 23 80 -86.425056488434507 -9.985469992489342 320
9 23 80 -79.436336127789019 35.480536954687132 320
9 23 80 -43.555979283217169 6.695124108834359 320
6 26 88 -45.365271662162442 70.696478886987023 320
5 28 100 7.511043921026378 81.655276738349329 320
5 28 100 58.172362508310158 57.792527546403001 320
6 26 88 13.166190882251026 27.952210598258667 320
6 26 88 -3.373574779427358 -21.347243271503068 320
8 31 87 62.225568541569615 -1.068083398879835 320
6 26 88 38.102476056152909 -52.711828508428511 320
8 31 87 -13.020593387688471 -77.919600536915510 320
5 28 100 81.702727968577193 6.975976096050985 420
8 31 87 53.040854407265208 58.546287360918932 420
2 29 115 65.487876201112527 -47.669047301868318 420
8 31 87 23.827609906287378 -4.490091637745820 420
8 31 87 -8.159590490321513 48.621291424524209 420
8 31 87 -69.247209817844450 38.023991537494162 420
2 29 115 9.482858855956785 -62.750096077361505 420
8 31 87 -35.375045077829995 -22.903283724713312 420