3 10 111 100.000000000000000 0.000000000000000 0
3 10 111 98.000000000000000 19.899748742132399 0
3 10 111 81.766312060385914 8.217823563497323 0
3 10 111 83.766312060385914 -11.681925178635078 0
3 10 111 65.532624120771828 -3.464101615137756 0
3 10 111 63.532624120771821 16.435647126994645 0
7 14 108 86.755771184755062 41.102751320786574 0
10 30 88 58.735721188830851 -42.882398261920606 0
7 14 108 41.557379143415545 -2.374318023890109 0
3 10 111 44.179731359468249 21.481986569549413 0
3 10 111 58.226435893491860 35.718913616276893 0
3 10 111 66.476373290611733 53.938093974997841 0
3 10 111 56.081330994660270 -82.794228747342999 0
7 14 108 32.521135246619423 -78.220698785267956 0
7 14 108 16.509746229083024 -55.250382685372536 0
3 10 111 20.370750681747403 -31.562988472067726 0
3 10 111 95.942367626123058 -28.196845467070460 0
10 30 88 27.070113536614052 60.804438868786875 0
10 30 88 -2.279934689787776 1.405882485241719 0
7 14 108 -13.566977549565538 43.933551872142523 0
7 14 108 -15.516871188405917 71.865574978197870 0
7 14 108 -1.305676489557150 95.991120469054934 0
10 30 88 -56.716772222237324 56.419923331132324 0
7 14 108 -91.403624325489460 29.349232701465841 0
10 30 88 -78.960482635911092 -12.854656039893964 0
7 14 108 93.200000000000003 23.016515809305290 111
7 14 108 82.594382577564019 48.930235709947162 111
7 14 108 65.455251548271789 26.788641648977830 111
7 14 108 54.849634125835813 52.702361549619702 111
10 30 88 77.893955021675680 -18.235453684544492 111
10 30 88 43.307741669314836 -67.263954028170929 111
10 30 88 -15.639076372035596 -78.456480230951215 111
1 14 100 7.830110570692199 -41.238241902850625 111
10 30 88 21.547194277495052 23.945666674379861 111
1 14 100 30.757904698699864 66.970808318966107 111
1 14 100 21.787434541242845 93.494960805976376 111
1 14 100 -0.072409374901492 -14.376555833106345 111
5 15 72 28.243215497529619 -20.639573323402921 111
2 33 81 -65.682170123228289 -40.185227732380696 111
1 14 100 -27.981345154467707 -12.120164100261865 111
1 14 100 -21.561423915256505 15.133911031401020 111
2 33 81 -72.674886713116578 25.443286761652327 111
5 15 72 2.214457928823702 72.096395748251282 111
5 15 72 -28.150327614055129 43.375482305817712 111
5 15 72 -27.758371125148379 73.372921698385937 111
7 14 108 95.877145200213747 -4.855206304280955 219
7 14 108 90.398074923325979 -32.313898714898855 219
2 33 81 49.138518653920563 -9.805033429154923 219
2 33 81 52.746647493818365 56.096267060855880 219
2 33 81 -6.129617292911760 26.270348051329247 219
5 15 72 91.950288381435982 23.877698100335341 219
5 15 72 75.744366164502637 -57.339262240961460 219
9 22 69 39.335059361935905 -63.924273870151509 219
2 33 81 -10.001607063740536 -39.615975986475419 219
2 33 81 -73.694569388225972 -22.318387994744345 219
5 15 72 -53.882087753281112 21.401922748261274 219
5 15 72 -47.445810651903571 50.703361912136543 219
6 20 58 -23.588257552199380 76.312289263644161 219
8 19 54 13.334306357276958 90.017755326214854 219
4 18 119 10.286587959137385 -91.423115830510454 219
5 15 72 42.634597272668479 -84.895766180636883 338
5 15 72 66.981665971711777 -67.368066794691586 338
5 15 72 84.649122551692400 -43.122222243624677 338
5 15 72 39.628698684064609 -55.046736486607799 338
5 15 72 57.296155264045225 -30.800891935540907 338
5 15 72 81.643223963088502 -13.273192549595606 338
9 22 69 84.778148433248276 23.593760790304795 338
9 22 69 45.285105905052049 4.195317763451209 338
6 20 58 9.668008051989641 -73.139746652113573 338
9 22 69 11.360588793318730 -31.173865624377694 338
9 22 69 1.948612189779499 11.807696660099937 338
9 22 69 30.209372555146125 45.532011680146269 338
9 22 69 -31.336098808354468 -82.231678272263451 338
9 22 69 -67.229326517205493 -56.782194885747145 338
9 22 69 -32.612056309419778 -29.622581424559019 338
9 22 69 -42.024032912959015 13.358980859918619 338
9 22 69 -18.694258836057362 50.664766490578209 338
9 22 69 -60.720747329056437 63.694511881329973 338
6 20 58 -85.043770328560683 29.454322743920301 338
6 20 58 9.311987118060358 81.964130502606707 338
1 14 100 65.239877877265570 53.830427003384891 338
1 14 100 43.191944591374650 79.109575965307528 338
1 14 100 -95.960736631046018 -2.745364315900648 338
7 14 108 88.226616345572396 37.842623696186536 438
2 33 81 47.224908406445216 60.817826547837605 438
2 33 81 64.678278522719680 -2.832624130726629 438
2 33 81 0.828686214617356 13.877539306209641 438
6 20 58 -5.469400068086159 66.502002336017583 438
6 20 58 -43.543113777628150 78.765457165870160 438
8 19 54 -73.445509753784478 53.728550110781420 438
6 20 58 -88.252596274447328 17.648774768221365 438
2 33 81 -69.987819623273978 -32.104596312367264 438
1 14 100 -45.828436332797658 8.210713422569096 438
1 14 100 -40.771587527536688 35.750290038064307 438