8 12 78 98.000000000000000 0.000000000000000 0
5 24 70 80.122448979591837 31.247290594749217 0
5 24 70 64.959798383266161 -14.294931868518258 0
5 24 70 33.100402083437046 21.607419968240784 0
4 16 61 64.726099008520180 68.165475918086571 0
7 26 90 16.221764909701591 -25.457552220823516 0
10 28 97 62.900055355852217 -52.607822956578680 90
10 28 97 81.999992829143849 0.034293153208836 90
6 39 91 15.231135501751261 -5.526254589081631 90
10 28 97 54.455435631305342 48.791829686292651 90
6 39 91 -9.606998067594311 68.413363483987609 90
10 28 97 -70.860350894974530 41.265126572459245 90
10 28 97 -80.823346075770871 -13.841485798720218 90
4 16 61 -39.385706677883050 0.954528567676403 90
4 16 61 -40.320353080967621 -31.031819084114055 90
2 18 102 31.666370765961528 -86.378475111063736 90
7 26 90 -12.211884059417745 -83.107580206136063 90
8 12 78 17.786911382732193 -59.782223359561470 90
4 16 61 -48.503847620191451 -61.967727299753918 90
8 12 78 -75.173803655937832 -53.440509403431825 90
8 12 78 60.255585564416478 -77.286896743816058 192
5 24 70 24.620601616326447 -82.400400339137576 192
9 19 77 50.317271829079530 -47.923144938264826 192
9 19 77 12.950608412794455 -41.014276352594486 192
9 19 77 37.617195827535774 -12.108230872264151 192
9 19 77 74.983859243820859 -19.017099457934499 192
9 19 77 89.569433582326511 16.072229706583972 192
8 12 78 81.283476565001024 -49.370267688066370 192
4 16 61 79.798648892905589 49.680737060421905 192
9 19 77 53.166077643527871 26.971572640593074 192
8 12 78 53.054202876939392 57.971370769558384 192
6 39 91 -42.929636611209368 -56.551271430707132 192
8 12 78 -12.181748291459208 -97.239935255858384 192
8 12 78 -90.386103988922770 -37.872842588108412 192
8 12 78 -76.588341685806327 -18.235588313981928 192
8 12 78 -97.755138985588971 -6.923351927222923 192
6 39 91 -63.808137855328155 31.137140900144299 192
4 16 61 -22.703016151990933 -5.405559735602854 192
8 12 78 4.705385889768451 -11.130897936729511 192
9 19 77 14.709320124776324 18.210562487414986 192
8 12 78 -12.181748291459208 -97.239935255858384 283
4 16 61 -37.846189218996017 -86.044558001072616 283
5 24 70 -6.058100309884257 -61.764578521954306 283
4 16 61 -45.476375781685711 -54.967552787916219 283
5 24 70 -27.914113944904742 -19.029175540517492 283
5 24 70 20.023837495495023 -21.469013997849089 283
5 24 70 -79.215221110934252 -33.480572640649271 283
5 24 70 -84.821087479032087 14.190952007331411 283
5 24 70 -38.769289413633459 27.727269635983156 283
5 24 70 9.168662026766306 25.287431178651552 283
5 24 70 55.088519074634604 11.310066308857952 283
5 24 70 80.907437595832931 -29.154528664967277 283
4 16 61 -77.304949129572478 53.478452109931261 283
7 26 90 43.805815428534494 -65.451027657894528 283
3 16 115 81.476323211484726 -46.878659920454979 373
7 26 90 46.419336823265517 -70.008893498527925 373
1 25 104 51.198679411473911 -19.233329647158065 373
9 19 77 12.589082496236230 -40.335439163575344 373
10 28 97 4.578448114660944 5.976867373723408 373
3 16 115 92.120388059716532 -16.700789162122206 373
2 18 102 90.367579949945394 17.253999362183485 373
2 18 102 54.932091909605916 23.604289697511305 373
9 19 77 70.983934297915653 56.941031529023022 373
2 18 102 34.191314348311110 53.029111636698801 373
6 39 91 -43.145634192522820 -56.386649573502829 373
10 28 97 -51.268138836278709 10.119176624749635 373
10 28 97 -19.757500319088880 56.412585013406797 373
2 18 102 16.683402695843483 84.485001857282100 373
2 18 102 -64.911098950332075 65.196236341219858 373
9 19 77 -89.303166387039042 -17.491268485985227 373
3 16 115 -2.973837113771673 -93.952947227964884 373
9 19 77 56.465654746428427 -71.362664146296723 488
5 24 70 78.740661068546828 -34.581907039494439 488
5 24 70 30.795036777917062 -36.866006726848937 488
5 24 70 14.837029469142447 -82.135665470129695 488
9 19 77 -10.833588499368918 -47.639008050681916 488
9 19 77 -3.118917886520371 -10.430355060614524 488
9 19 77 31.081285736305269 6.133040489732757 488
10 28 97 -56.275221557953003 -59.641423847886983 488
9 19 77 -40.810964966419299 -15.258355363709295 488
9 19 77 -26.146112338428875 19.797915079669622 488
7 26 90 -83.962942307544751 -2.494858525029244 488
7 26 90 -69.343396416795116 47.407735374970251 488