8 11 81 99.000000000000000 0.000000000000000 0
8 11 81 96.555555555555557 21.863775779997951 0
8 11 81 78.843192529652626 8.814936902970350 0
8 11 81 81.287636974097069 -13.048838877027592 0
8 11 81 76.398748085208183 30.678712682968296 0
8 11 81 84.861216147439819 50.986017632067515 0
8 11 81 63.043340148006621 48.161077478124973 0
8 11 81 61.130829503749695 -4.233901974057249 0
4 17 76 49.259695184190718 23.788733899562970 0
7 31 80 24.537179840773973 64.932351084911716 0
7 31 80 20.426736351341489 -14.586524861039827 0
6 14 86 88.602132246115488 -36.954866546124379 0
6 14 86 60.695319157322402 -34.672371589466756 0
5 26 111 39.200366784994884 -68.406138389386570 0
6 14 86 1.387552810747653 -55.360407311789849 0
7 31 80 -38.365138275499739 -34.271937680226088 0
4 17 76 -20.604856169421581 10.321474159557152 0
7 31 80 -36.745190977317975 55.526447252005838 0
6 14 86 -81.490671779074717 50.747122213925735 0
10 16 90 -91.293548398230428 22.393928214137784 0
2 15 90 -60.884619437363199 16.369225777259199 0
4 17 76 -80.609407494085119 -8.828645881224194 0
2 15 90 -11.259850379186712 93.821321773242261 0
6 14 86 77.454331198750921 -56.717074841305063 111
2 15 90 56.281271510003968 -76.533773441646119 111
6 14 86 50.829209058654769 -48.050883577262823 111
2 15 90 28.146633976342869 -66.120216371676776 111
6 14 86 24.977978023125573 -37.293846162263648 111
10 16 90 89.356471806112168 -29.179118327384074 111
6 14 86 95.999969889799985 0.076033923322747 111
6 14 86 68.957075883492905 -7.182194769935754 111
7 31 80 26.482546911641254 7.680994276138250 111
6 14 86 69.524096897900819 20.812063340777232 111
1 34 109 -19.597715537694125 -55.098551820372599 111
10 16 90 12.881270632097198 -93.113226057862846 111
10 16 90 -68.787172960032194 -64.065004769894585 111
6 14 86 -87.122294999105264 -40.320041097311361 111
2 15 90 -60.685311975295704 -28.400060870867794 111
2 15 90 -37.423318501373686 -9.455941476733638 111
2 15 90 -19.045167645464595 14.255734362764674 111
10 16 90 -5.486642557266442 42.133438669839563 111
7 31 80 -77.687120336531649 14.342640406049757 111
4 17 76 -38.486518774658286 42.043052626579104 111
10 16 90 -21.078391843654135 70.077979356535934 111
6 14 86 -48.119583453965731 83.069282458781529 111
6 14 86 8.878512258001798 68.470529001411421 111
6 14 86 3.444549671273739 95.938183626552615 111
2 15 90 31.730873411174517 89.544132541244807 111
2 15 90 36.595853796417686 59.941227855197539 111
10 16 90 67.014409122140492 65.917137149684933 111
2 15 90 -67.055722279224440 -67.294354217954421 220
1 34 109 -73.653189826240975 -18.740534368574245 220
1 34 109 -59.167830903804294 47.698718915069634 220
1 34 109 -8.872429212918348 1.934403463481946 220
2 15 90 -39.992524991221302 -54.348955322956243 220
5 26 111 -10.867018323926679 83.294104909936109 220
9 32 114 36.518097724471630 49.847867796027089 220
1 34 109 75.937268549326035 -3.087271492360045 220
1 34 109 30.393855290401579 -53.582791182000079 220
2 15 90 79.374307415635712 -52.198844070421302 220
2 15 90 -15.272714201487208 -71.346924452230070 220
2 15 90 18.376874459987860 93.205635479201817 334
10 16 90 -12.623073035384770 93.148580381792939 334
10 16 90 3.943472730133811 65.770677587769825 334
10 16 90 -28.049759474590452 65.112579498884770 334
7 31 80 50.637261553193568 60.414364924425705 334
7 31 80 78.829031994672675 5.194585140593311 334
7 31 80 -11.144294290122106 21.258215441282374 334
10 16 90 -52.206325156500967 44.125432611907883 334
7 31 80 -78.816329550525438 5.383883002347886 334
4 17 76 -82.743939520270501 -42.455158375229480 334
7 31 80 -34.915815783546307 -38.396762161871379 334
4 17 76 -34.424326964832360 -86.394245832800209 334
1 34 109 19.884648801061054 -73.352578291825992 334
4 17 76 69.545977595553225 -61.744287187389325 334
4 17 76 45.257412457565870 -29.112066716674089 334
4 17 76 12.338837047112902 -20.605164051995175 334
3 17 66 69.545977595553225 -61.744287187389325 443
3 17 66 87.091164744349200 -32.620990534817089 443
3 17 66 92.996001974719036 0.862332139058019 443
3 17 66 53.097056426873351 -31.988061076093633 443
3 17 66 59.001893657243187 1.495261597781461 443
3 17 66 76.547080806039148 30.618558250353701 443
1 34 109 19.239858479578508 -70.128461534894456 443
3 17 66 -28.301797754158663 -88.588984890237342 443
3 17 66 -58.252103503738368 -72.496154638641016 443
3 17 66 -29.340150812275382 -54.604844134192035 443
3 17 66 -59.290456561855073 -38.512013882595710 443
3 17 66 -30.378503870392088 -20.620703378146725 443
5 26 111 11.446381250736412 -10.636767050004217 443