6 10 92 100.000000000000000 0.000000000000000 0
6 10 92 98.000000000000000 19.899748742132399 0
6 10 92 81.766312060385914 8.217823563497323 0
6 10 92 83.766312060385914 -11.681925178635078 0
6 10 92 65.532624120771828 -3.464101615137756 0
6 10 92 63.532624120771821 16.435647126994645 0
7 23 90 33.241890668198366 3.340935717225158 0
6 10 92 50.406551227264572 31.525584515676357 0
6 10 92 70.037856794133177 35.348128399039091 0
5 26 95 60.439522766225650 -39.102007257758231 0
7 23 90 11.477064836108887 -37.184270716534201 0
6 10 92 1.511620840092569 -5.724933057227664 0
6 10 92 2.102913754359433 14.266324349187219 0
6 10 92 14.131847408328390 30.244583176369019 0
7 23 90 31.296507967394597 58.429231974820226 0
10 25 78 5.558896299116558 -84.818032704936442 0
9 17 57 47.290641414583291 -80.078681523844409 0
1 10 40 64.053503332859748 54.431825987571159 0
1 10 40 83.572646973305069 50.072579315993252 0
1 10 40 66.633637677912915 -74.565128108309622 95
5 26 95 74.202555563858468 -39.369794866020037 95
3 25 63 84.334760200770560 10.613586664201961 95
3 25 63 36.753494050985253 -4.749457031084946 95
3 25 63 47.239341006309090 44.138650046501176 95
3 25 63 32.199590822696457 -68.296442666148920 95
1 10 40 82.210910379759397 45.549088119566690 95
1 10 40 20.013265444905208 -35.486482687712481 95
9 17 57 -2.279813291733326 -20.254324585787632 95
9 17 57 -0.967411607521674 13.720336587199490 95
9 17 57 5.345934010443086 47.129043043872201 95
9 17 57 21.286539906796079 77.160644460665750 95
1 10 40 48.214984242222940 79.125049122087901 95
1 10 40 67.490431311834996 73.790525688210693 95
1 10 40 66.633637677912930 -74.565128108309608 190
1 10 40 80.139238067157422 -59.813899070495872 190
1 10 40 90.439268933715624 -42.670114069862308 190
1 10 40 60.611498788745791 -55.493320558956000 190
9 17 57 39.706643236973044 -72.580948081801779 190
1 10 40 43.118931613283593 -45.797440319805851 190
3 25 63 8.130779808191100 -44.886817860274483 190
3 25 63 44.743408333456941 -10.835159567749429 190
3 25 63 81.949572922524638 22.566955882790602 190
3 25 63 34.419410107682424 38.087381869038225 190
9 17 57 56.883500989401654 73.574909549307236 190
2 15 76 84.206105041080264 -17.369344181160329 190
7 23 90 18.062368230620052 83.214393525384679 190
7 23 90 -12.385136227490030 48.733246904754921 190
3 25 63 -58.649475051898577 61.524296632604639 190
9 17 57 -87.635241138075457 31.129801005971220 190
9 17 57 -25.020225340614537 86.685249791340539 190
9 17 57 -55.638219346237747 19.632384058992947 190
5 26 95 -17.387126149253330 -0.010779363317955 190
9 17 57 -57.947317787942708 -14.289114498507665 190
9 17 57 -89.944339579780419 -2.791697551529385 190
4 34 114 -71.284937441516874 26.352565225401207 285
4 34 114 -63.838741060615973 -41.238515247225195 285
8 12 84 -97.314047741048370 -11.574805063281140 399
10 25 78 -74.584255166990999 -40.769950713548525 399
8 12 84 -74.618574689512116 -3.769966630168515 399
8 12 84 -51.908661868091158 -11.532689067784078 399
8 12 84 -38.739393122759537 -31.596845185429089 399
10 25 78 -32.716815030321065 -68.103400119036294 399
7 23 90 -81.457796752277986 30.555316202987829 399
9 17 57 -44.052660624113479 16.382956087838263 399
10 25 78 -10.035016184594372 -8.250351988554057 399
8 12 84 -4.012438092155911 -44.756906922161257 399
10 25 78 16.750564658027393 -75.382022706364921 399
10 25 78 63.189821239091160 -56.851090506442389 399
9 17 57 89.762261563479072 -24.325632551067756 399
10 25 78 83.248554372041880 17.166193374338555 399
10 25 78 39.963474281807478 -7.861827753629061 399
8 12 84 19.143586536337327 -38.448299833063494 399
10 25 78 39.931112223651063 42.138161773341757 399
8 12 84 75.212722992126260 53.283023440577246 399
5 26 95 -49.604537835063560 67.789304659140356 399
2 15 76 -20.920351964440947 38.493955524173998 399
8 12 84 3.690834446005140 49.597536184045573 399
2 15 76 15.553914842975667 73.851758981220783 399
8 12 84 4.845757934545424 25.625340795729173 399
8 12 84 42.043313668351431 79.077823453668586 399
8 12 84 -83.689723341799692 50.990491338807736 494
10 25 78 -83.840667559312266 13.990799234099622 494
10 25 78 -77.201229593298152 -35.566418842538340 494
7 23 90 -48.926091216078923 46.929717837668427 494
8 12 84 -46.894874412139416 11.988708145683372 494
2 15 76 -43.052792285716770 -14.736530953973411 494
3 25 63 -30.197355420039095 -52.614463091203071 494
3 25 63 8.233161272303981 -84.600325386278712 494
2 15 76 48.141809477142367 -81.898511465511547 494
2 15 76 71.279651811284765 -62.802955644316683 494
2 15 76 87.309274020202082 -37.444501199311844 494
2 15 76 94.632154221564605 -8.351969072381163 494
2 15 76 43.173494203675006 -52.312774304787780 494
2 15 76 65.775842238546460 -16.556434852596460 494
2 15 76 8.993067527111851 -44.607544256631030 494
3 25 63 79.951793856425425 28.856726410659501 494
3 25 63 26.560641646801564 -8.671763486635115 494
3 25 63 31.470553399360295 41.086580201454886 494