8 12 91 98.000000000000000 0.000000000000000 0
6 24 78 80.122448979591837 31.247290594749217 0
5 13 78 73.538784293307259 -5.162259791084570 0
4 22 78 40.838329224278340 7.314928925866895 0
6 24 78 37.430746201783741 53.188542016017166 0
10 30 67 53.387484563149144 -43.148113989527047 0
5 13 78 17.791070569765431 -19.025607676715438 0
4 22 78 -3.128041816595267 9.034875871627243 0
6 24 78 -10.553153867329350 54.431656716022410 0
5 13 78 45.846297687640913 -85.481676330873455 0
5 13 78 22.825620857861647 -73.396626132431393 0
6 24 78 -12.267835606270168 -85.120504048892542 0
5 13 78 -49.235563051615188 -83.575470869091887 0
5 13 78 -39.091917047773165 -59.635829147697230 0
4 22 78 -72.642835204519130 -49.669089919678186 0
5 13 78 -94.410844568111443 -22.261905307855006 0
6 24 78 -84.933218280664804 13.503645155621733 0
5 13 78 -82.851075034422621 50.445013288138540 0
5 13 78 -59.061385212497783 39.954510050609557 0
5 13 78 -46.600440426468012 62.773906515887020 0
4 22 78 -11.780685909497748 -37.747552520431768 0
4 22 78 -43.852362720286976 -7.624346407132922 0
8 12 91 41.000190350638704 89.011147567096302 0
8 12 91 17.691062935391898 83.294104700387138 0
8 12 91 -32.190821370253531 83.203367562492744 0
8 12 91 -9.298298062156853 90.409779748057105 0
8 12 91 -33.305120434421475 24.698334177299600 0
8 12 91 95.061224489795919 23.819395426849606 91
6 24 78 70.124964677828459 49.784428578957403 91
6 24 78 85.314588569542948 -10.836096031763912 91
1 17 75 44.405246308908531 81.713977386033321 91
1 17 75 77.689526163807955 -51.120813026036657 91
4 22 78 44.110139878637739 -31.285873734187977 91
6 24 78 37.820414216294026 14.282090353452094 91
4 22 78 16.133690807522232 54.849146295329732 91
8 12 91 16.296618891135108 88.848755917199952 91
3 21 70 -16.213009673933918 83.180947649337639 91
4 22 78 -25.709654586437498 41.242734342070719 91
1 17 75 -51.903984880758259 70.136627475949894 91
6 24 78 -71.123103326192776 33.920257058963621 91
4 22 78 -87.533083578411379 -9.053136431913913 91
6 24 78 -39.880512891142558 -2.520112627795996 91
6 24 78 -60.162931038249113 -46.024405681538674 91
7 16 109 -1.976752904278362 10.258971019249790 91
9 23 67 -0.863899681447721 -28.725148282132864 91
4 22 78 -20.450406784249914 -69.238957526782755 91
8 12 91 -52.294292757728847 -81.153944984101855 91