2 13 87 97.000000000000000 0.000000000000000 0
6 17 80 88.443298969072160 28.753832222285070 0
6 17 80 72.197729258507948 58.621565058561728 0
6 17 80 46.302422581492671 80.654111259655437 0
6 17 80 54.454298724127831 29.618622572123783 0
6 17 80 28.558992047112564 51.651168773217485 0
6 17 80 12.313422336548335 81.518901609494137 0
6 17 80 -5.430008197831768 52.515959123056184 0
6 17 80 -21.675577908395997 82.383691959332836 0
8 20 75 -56.547655725734160 70.016873908536112 0
8 20 75 -81.303224299189012 38.597742402318843 0
8 20 75 64.546073009122878 -5.978513433188684 0
8 20 75 -41.715673963233399 32.868356885687881 0
6 17 80 -65.968166490766322 4.925261026389116 0
8 20 75 26.271993794471143 5.644518024678252 0
6 17 80 -9.693579755021894 14.332297905407664 0
6 17 80 -34.781036042203112 -8.615894551489063 0
6 17 80 -62.101585993524573 -28.854164002144888 0
4 16 73 -92.937756976407314 -14.091604883555737 0
3 22 68 74.541217886560446 -46.771859445486257 0
6 17 80 38.387615391996214 -32.145956852311393 0
6 17 80 5.197910961163668 -24.767371636026741 0
6 17 80 -24.639691081120205 -41.068215306410707 0
5 23 65 -54.161564179593277 -68.058195090724226 0
1 18 73 -19.473501115520051 -89.915420002932976 0
2 13 87 93.515463917525778 25.765442132630543 87
6 17 80 92.903828182514076 -4.228322248114623 87
2 13 87 69.858554389604819 14.978847137556194 87
6 17 80 70.470190124616522 44.972611518301349 87
6 17 80 42.069004179989989 26.281099087822415 87
6 17 80 40.082272552355882 60.223003828713999 87
8 20 75 57.731009371694164 -15.711911273381626 87
6 17 80 23.330222397699568 -2.088921308992612 87
6 17 80 8.130454919320282 28.324349948851445 87
8 20 75 3.394553050255563 65.020006823835843 87
6 17 80 -24.048508735032257 89.836903484153311 87
8 20 75 -55.707452484674903 70.687196419632372 87
8 20 75 -80.836476003564599 39.565946814465669 87
8 20 75 -41.320171488528942 33.364198877393918 87
4 16 73 -65.719286941977686 6.893778308591486 87
7 13 72 15.352027211875706 95.777425630916952 87
7 13 72 -94.595435677760051 9.571096778436761 87
8 20 75 -87.123535336055156 -22.571876097195492 87
8 20 75 -47.147135688381454 -23.945728785613898 87
8 20 75 -68.325126841446192 -57.879380088129402 87
4 16 73 -43.081909431530221 -83.546089553811115 87
2 13 87 83.312206014640552 49.679737609754852 174
9 17 104 61.236324786059278 69.993660617917840 174
10 22 97 53.206372695289708 31.829281028830508 174
10 22 97 22.764248287841710 63.598402224756896 174
10 22 97 10.472444479986802 21.350188544777438 174
2 13 87 -9.519197713237595 50.078819601931727 174
9 17 104 90.544068202496987 20.564446622099371 174
10 22 97 86.101259707540777 -18.181668701596561 174
10 22 97 66.536439733155163 -57.592553230745132 174
10 22 97 42.188022532490194 -20.943479847883701 174
2 13 87 45.579059099220217 -85.624467131946531 174
10 22 97 21.805362451395617 -59.937673877489615 174
2 13 87 7.975545571543524 -13.560633499984194 174
2 13 87 -15.414006679858858 -2.205949643578593 174
2 13 87 -24.518464250399468 22.147876592687155 174
2 13 87 -35.175221673875811 45.863557506740243 174
8 20 75 -27.264718529228823 77.901409182508559 174
7 13 72 2.505705861591416 92.139450887407975 174
5 23 65 -15.105384830247207 -85.678628310274306 174
2 13 87 19.700352282607135 -94.874315561963201 174
2 13 87 -11.706220065411010 -49.839464272848758 174
3 22 68 -56.321180132718496 -67.616008965761026 174
2 13 87 -84.745252863747993 -47.193666069287438 174
4 16 73 -92.033967390928225 -19.124561335768206 174
5 23 65 -84.852982191829483 19.208628611982355 174
5 23 65 -53.200457055099776 -22.724349523579367 174
1 18 73 -64.806400710014515 54.973619467467742 174
7 13 72 83.312206014640537 49.679737609754881 278
4 16 73 91.428001250373597 21.838511564703399 278
7 13 72 64.261355896220820 31.986091581716796 278
1 18 73 64.572061180554215 0.987648681688938 278
1 18 73 88.197823024787610 -26.175255752107635 278
1 18 73 35.054382919557860 21.596061286261456 278
1 18 73 44.925088610439957 56.216419013529205 278
7 13 72 75.585316116994051 60.793585085057117 351
4 16 73 52.313790080945509 78.097806418405682 351
4 16 73 50.556306666252112 46.146104553761944 351
4 16 73 23.764062864670723 63.643980769938118 351
1 18 73 20.755925812796253 29.777314097867475 351
1 18 73 -7.979223076790582 51.463512895565437 351
1 18 73 -1.126743436849868 86.805322735812695 351
4 16 73 79.274097541166014 32.029147117235041 351
7 13 72 54.245088090424076 17.381666585939872 351
4 16 73 32.717357883409292 -2.049155119124062 351
1 18 73 -1.127775244079569 1.192289556102740 351
1 18 73 -29.862924133666404 22.878488353800705 351
1 18 73 -43.676431026198387 56.122841668761907 351
4 16 73 -77.544497683980936 53.130507986834402 351
7 13 72 -32.066055867965133 84.866522516647066 351
8 20 75 -88.037211353204640 18.693566196720603 351
4 16 73 -92.443401768379616 -17.035770293413389 351
4 16 73 -62.252401114567391 -6.429004550666453 351
1 18 73 -67.404058557648256 -40.036450534988880 351
3 22 68 87.858491915008770 -4.988526678322899 351
4 16 73 55.352063355099347 -24.669281294940244 351
1 18 73 22.828342329426647 -34.579254586741584 351
1 18 73 -13.125141167747008 -32.749767112485031 351
4 16 73 -37.583103346155539 -56.367728203136743 351
7 13 72 -31.866837994314491 -8.056674959799283 351
7 13 72 -96.082383241925925 -13.310733659406971 426
7 13 72 -96.166449288809446 12.689130434464042 426
4 16 73 -70.201588975179561 -0.226984650718802 426
4 16 73 -74.122202273549490 31.531932071434127 426
7 13 72 -48.157341959919599 18.615816986251282 426
7 13 72 -41.915918774807928 -6.623926210230545 426
7 13 72 -58.410658556939090 -26.721775834500789 426
7 13 72 -82.820745846050144 -35.674297185381739 426
8 20 75 -64.291365583634928 -62.981110750695748 426
1 18 73 -33.746821705948321 -85.587101976564995 426
4 16 73 -30.076382561951455 -51.785802053481916 426
4 16 73 -3.631760516593882 -69.804735564602623 426
8 20 75 1.305089250240993 -34.144848935790932 426
1 18 73 28.979269290737943 -60.185965637771282 426
4 16 73 -87.167142711066987 -35.183650060624494 501
8 20 75 -89.997239215039542 0.704935224646960 501
1 18 73 -57.379759545100555 -18.791218754564362 501
1 18 73 -59.352375314765098 -54.737133501935460 501
1 18 73 -55.750498416371315 17.171894405650402 501
4 16 73 -27.750273753076357 -2.115080961291118 501
1 18 73 -25.791188851629656 -36.058592658652714 501
4 16 73 -28.927485602397216 -69.913631318963311 501