5 16 103 94.000000000000000 0.000000000000000 0
4 20 100 83.191489361702125 34.339133620139606 0
4 20 100 58.138650751956931 3.156521837383810 0
4 20 100 43.660136096615048 40.444222401712665 0
4 20 100 40.591595044261361 80.326349423851553 0
4 20 100 18.607297486869847 9.261610618956873 0
4 20 100 4.128782831527968 46.549311183285738 0
4 20 100 1.060241779174284 86.431438205424612 0
6 24 70 77.411355098980323 -36.398033742880592 0
2 35 80 19.154950431120579 -45.735662733934483 0
3 25 110 -42.136640223498354 73.820752845493658 0
4 20 100 -77.420671308001445 45.891607666526582 0
4 20 100 -41.242094373631588 28.829644971576098 0
4 20 100 -74.107475973066030 6.029059621117309 0
7 31 80 -65.456422429847834 -44.231852354217679 0
5 16 103 -13.662303012412792 -6.696863105578880 0
5 16 103 -6.326656623279341 93.786850975875694 110
7 31 80 -43.963957789051122 65.636654511961012 110
7 31 80 16.694988390647850 52.811201367202962 110
7 31 80 73.703667625121739 28.438870909471472 110
5 16 103 59.086463127743073 73.108069835373570 110
2 35 80 65.229598755477909 -37.014854399272672 110
2 35 80 -25.687644603825696 2.217600779225805 110
7 31 80 -54.562417992257686 -57.130924575383474 110
9 18 75 -72.976891485006703 26.149318841469324 110
9 18 75 -91.890769399537746 -4.481796421188278 110
9 18 75 31.371775654080608 3.760724257988432 110
1 27 110 -2.630288795085249 -82.958312307172989 110
9 18 75 12.345862715496832 -40.523481260825100 110
5 16 103 -45.623349453809965 -82.185825934984294 220
7 31 80 1.267860608380467 -78.989825480739711 220
7 31 80 -67.709832176015880 -40.698631754590501 220
7 31 80 -76.236492663146919 20.712247256682392 220
2 35 80 58.770378359998894 -46.594448461405506 220
7 31 80 77.197124544258060 16.781059623823207 220
2 35 80 -30.658537820091816 68.447454727944418 220
7 31 80 35.050051979917768 62.252196339944945 220
2 35 80 -7.538582584542937 -13.579990147742478 220
5 16 103 -70.549592565727409 -62.118877877903266 323
2 35 80 -74.152016022944395 -11.246266924317517 323
6 24 70 -71.561253449217844 47.696823843698525 323
3 25 110 -32.908352083715442 -78.371170484650932 323
3 25 110 -27.431620586466813 26.399511726935874 323
9 18 75 -21.381475337371580 -16.172729727618179 323
5 16 103 -6.701457329365958 -46.840254428588594 323
5 16 103 7.974676648197153 -75.276342265571685 323
1 27 110 36.103879296968067 -42.753304917495178 323
5 16 103 38.672083765462020 -85.676542514489284 323
9 18 75 81.098643692345291 -43.439728259532473 323
6 24 70 85.982704701032361 -1.724671648478662 323
9 18 75 82.775370026658521 40.152685052805140 323
6 24 70 44.611857723164718 22.615686202914159 323
5 16 103 10.116480179506173 42.865844921315805 323
6 24 70 39.215338261396141 70.311362922075546 323
5 16 103 -70.549592565727394 -62.118877877903280 433
9 18 75 -42.632447291291797 -81.525912677842655 433
6 24 70 -82.590761237330341 -23.974281182932078 433
6 24 70 -37.297817465826846 -39.866079209317363 433
6 24 70 -1.709408665430857 -72.075785185247952 433
6 24 70 8.390810557954470 -25.150466095874062 433
6 24 70 43.979219358350456 -57.360172071804634 433
6 24 70 81.507289063810248 -27.432860395308342 433
5 16 103 -92.845217929759016 14.688958696093902 433
3 25 110 -51.848351881964604 14.182032410326915 433
3 25 110 -55.919099823945984 64.016047010726652 433
6 24 70 -11.881012017401716 42.530078977075078 433
6 24 70 29.386123453761314 18.014297733054356 433
3 25 110 78.264839855022487 21.459741531040716 433