9 10 40 100.000000000000000 0.000000000000000 0
9 10 40 98.000000000000000 19.899748742132399 0
9 10 40 81.766312060385914 8.217823563497323 0
9 10 40 83.766312060385914 -11.681925178635078 0
9 10 40 65.532624120771828 -3.464101615137756 0
9 10 40 63.532624120771821 16.435647126994645 0
7 16 72 84.144800066126621 41.900508610655038 0
10 21 74 47.154692508848683 42.756045226475756 0
9 10 40 69.996755984964864 63.714101819420620 0
6 27 80 60.012280859995641 -40.049970612377699 0
9 10 40 95.512185170558482 -29.621318065625442 0
7 16 72 47.417291382339471 -81.164034386927284 0
4 18 74 20.126508999278958 -60.885642021642653 0
9 10 40 23.668843910360103 -33.110619728623050 0
9 10 40 32.589735776882094 -15.210404972765456 0
7 16 72 28.965359714766549 10.535738392025394 0
10 21 74 5.323239408192165 38.997118320086912 0
7 16 72 23.512572202274292 71.217425154537267 0
9 10 40 39.062176277583163 92.055126877643360 0
8 37 84 -22.877776443301084 -26.598159851423468 0
10 21 74 -79.126549991701154 -40.742963642950905 0
9 10 40 -98.607695224181526 -16.628963965771526 0
9 10 40 -99.944663367306163 3.326298903563718 0
9 10 40 -81.994414711703172 -5.493484155107460 0
7 16 72 -61.157781631393348 10.057551883579436 0
4 18 74 -32.051733819548716 27.631338634721434 0
7 16 72 -24.571698751878383 60.798326369311120 0
4 18 74 -5.499776425736421 88.945471496048356 0
10 21 74 -77.891357877630725 43.057361368050117 0
7 16 72 -54.614393399968201 71.818149338925267 0
10 21 74 -79.126549991701154 -40.742963642950905 84
6 27 80 -82.693677201316007 7.124307048727623 84
4 18 74 -46.417481157818280 -19.503452913644725 84
10 21 74 -40.884956476739973 -58.109037621731446 84
6 27 80 -2.495627515806831 -29.294815058398939 84
10 21 74 -3.517546994284693 -77.283935498135151 84
8 37 84 -23.393597736798533 31.197125236507656 84
6 27 80 36.341281106898840 8.224440379730558 84
6 27 80 79.305461625145142 -24.487624556551669 84
4 18 74 -71.434891521962470 57.974617491152571 84
4 18 74 89.967595858052789 19.231008697467818 84
7 16 72 67.184380602743943 -65.743889472905721 84
4 18 74 35.475619996321818 -78.013954705194109 84
7 16 72 78.749772284815919 51.327121145546812 84
6 27 80 37.151923584385983 62.218355395903387 84
7 16 72 41.250420319744222 -44.507959999401528 84
3 12 96 -53.560783816489028 82.068522814556175 84
3 12 96 -29.668841420868350 79.793640715557615 84
4 18 74 -0.509882284287443 86.847370372356593 84
3 12 96 -32.896148739776095 -92.313831022715803 84
3 12 96 -13.066867736420601 97.124955431438380 180
2 27 84 -42.359312338599359 71.377087767721264 180
8 37 84 20.924980296862472 61.832544529345135 180
8 37 84 -30.382555100378511 8.507720934129530 180
2 27 84 -73.266937979909514 -38.999433317012354 180
8 37 84 41.451864484022536 -9.263496327842674 180
8 37 84 -9.855670913218454 -62.588319923058279 180
4 18 74 75.675233012176321 -52.318821742780287 180
4 18 74 75.208991777728968 52.986862105407738 180
4 18 74 88.349091948423208 19.470630701741221 180
10 21 74 -88.334787134352467 10.861186948425033 180
4 18 74 44.578537153596500 -70.457055027171151 180
7 16 72 -79.635611133151940 49.941660359357378 180
3 12 96 -57.358735126771364 -74.607425144457608 180
3 12 96 -36.281736392927812 91.036452063522873 276
2 27 84 1.876799886629961 82.978778143484050 276
8 37 84 55.268874020082592 47.690162135939936 276
2 27 84 82.359228409694083 -10.293565745641267 276
2 27 84 -42.751964279067188 52.576912920399685 276
2 27 84 -81.617277358864001 15.087081776349777 276
3 12 96 -81.722720244651256 54.086939235035913 276
2 27 84 -73.625474850980225 -38.318265265636420 276
1 32 109 -25.700937398238217 -3.905495688912010 276
6 27 80 -25.547643234592709 -62.905296543655524 276
10 21 74 68.879171891392005 -56.361863698391616 276
10 21 74 35.362786226856223 -81.672965847174112 276
4 18 74 32.316033913116044 -42.792156952055699 276
4 18 74 37.468271529088852 -7.162752697303478 276
7 16 72 2.831312525904174 39.989373569549016 276
3 12 96 14.291202851034782 14.441948772987272 276
6 27 80 -81.684741629386437 14.717438124224696 385
6 27 80 -73.451250014251144 -38.651182017423125 385
6 27 80 -34.127056549564912 -75.659394732331819 385
6 27 80 -21.739100922138832 -23.099537851125199 385
6 27 80 17.585092542547393 -60.107750566033886 385
8 37 84 69.422458313866400 -22.572600241431690 385
8 37 84 53.478639854955560 49.689385981957528 385
8 37 84 -23.277403410534692 40.881972176805490 385
7 16 72 10.964008353679180 81.335967287221422 385
3 12 96 7.476793131634182 2.735158482269371 385
3 12 96 17.071773919796890 -19.263394735494483 385
3 12 96 46.523478915851072 -86.252918266956982 385
3 12 96 24.164148023934871 -94.974175175556880 481
6 27 80 -12.626489581117038 -82.033967116420399 481
10 21 74 -58.293718861912154 -67.252080571892691 481
10 21 74 -82.643549685828845 -33.030950566490503 481
10 21 74 -88.588731898989039 8.546144190747228 481
10 21 74 31.335073702161843 -62.762720304388061 481
10 21 74 -49.609320517088292 -7.093724361147522 481
10 21 74 -55.554502730248473 34.483370396090194 481
10 21 74 -17.606180616780669 -34.292971345601678 481
10 21 74 -16.575091348347719 18.843501844195444 481
10 21 74 15.428048551959897 -8.355745140258712 481
3 12 96 -86.349169069700537 46.344589770244724 481
3 12 96 -70.169334602988741 64.070642817378626 481
10 21 74 -38.343468691043583 72.794991443774023 481
3 12 96 39.605379838278026 -30.815857603726531 481