3 10 92 100.000000000000000 0.000000000000000 0
3 10 92 98.000000000000000 19.899748742132399 0
3 10 92 81.766312060385914 8.217823563497323 0
3 10 92 83.766312060385914 -11.681925178635078 0
3 10 92 65.532624120771828 -3.464101615137756 0
2 26 92 60.439522766225650 -39.102007257758231 0
3 10 92 63.532624120771821 16.435647126994645 0
2 26 92 30.085929362926727 3.119543726392132 0
3 10 92 51.264401077214600 32.230921842982703 0
2 26 92 49.086975580864880 68.165011760606149 0
3 10 92 71.077621762792901 34.957877300002870 0
10 27 113 7.763157867393225 -44.950133542736666 0
6 22 95 -17.524975008635813 -2.979782869382753 0
6 22 95 -2.490997512886790 38.372115764867559 0
1 13 64 10.189728914799506 70.994181568034875 0
3 10 92 21.344893030836378 91.107916018511332 0
6 22 95 46.861924407373792 -74.484629560987841 113
6 22 95 77.063900086218894 -42.487119265740660 113
6 22 95 87.999900743509258 0.132170845941687 113
3 10 92 94.952994741950207 31.367639208827569 113
6 22 95 63.384022337701822 36.602138357724627 113
4 16 90 39.430944157052224 -37.218283717595433 113
2 26 92 2.254210060304843 -56.760301062274578 113
6 22 95 12.947941444451960 -9.966667851294829 113
4 16 90 50.010583938812658 1.033175125840614 113
3 10 92 34.835778885957239 22.145382296286677 113
1 13 64 29.278408199590952 44.463886526057919 113
2 26 92 18.485553572024177 81.940736566959316 113
1 13 64 57.311343188844603 78.258609378716116 113
10 27 113 -10.073674298647280 37.293558566204744 113
2 26 92 -57.228548121801651 61.488968765711398 113
4 16 90 -23.294149503416683 86.236829085515865 113
2 26 92 -82.458298967917500 16.019642047110011 113
2 26 92 -76.088384223153383 -35.588731170270492 113
7 23 72 -31.813377623231531 -14.595308615172989 113
1 13 64 -39.735781062758676 -49.712761879061141 113
1 13 64 -56.691646557844528 -69.423130351328652 113
7 23 72 -40.382500605328758 77.060065175553945 226
8 12 56 -73.269018372963131 65.081878788664298 226
8 12 56 -57.821564601069454 46.714076199208804 226
1 13 64 -33.317304638444561 41.760164241563729 226
5 17 54 -85.225089994139012 37.224777171809961 226
1 13 64 -59.511498638989707 21.771259138029073 226
7 23 72 -85.849869055047108 -2.770343169614829 226
2 26 92 -24.969840247831133 3.663972328887720 226
1 13 64 -54.963177766858735 -21.263917763731250 226
1 13 64 -75.473716373755224 -37.242584981462798 226
2 26 92 -42.621199182344661 -58.259533242046999 226
1 13 64 -25.880349226263810 -93.483728658663523 226
1 13 64 -7.460744824566540 -75.133846542285369 226
7 23 72 3.135395557173196 -40.728588092297450 226
5 17 54 22.533720523278824 -75.710083036186916 226
8 12 56 50.289736383663865 -84.112676895112514 226
1 13 64 47.618691741357424 -59.255776031995929 226
7 23 72 77.602040095103405 -39.330946760508610 226
7 23 72 86.810576898712497 5.737921096767067 226
2 26 92 39.815496152598826 -8.135160236024719 226
7 23 72 71.750230003328895 49.202687878503163 226
10 27 113 4.452861802590157 54.928859204107845 226
8 12 56 10.845558612325242 16.456356978507763 226
1 13 64 41.818513323730755 69.204996160605674 226
1 13 64 36.283407316626381 30.704566184932460 226
4 16 90 -16.335863043232802 92.569647177855984 339
2 26 92 -50.020531026007824 67.482934701124165 339
2 26 92 -80.159741359154467 25.108083663104598 339
4 16 90 -38.210753623416714 27.177486462688105 339
6 22 95 -85.036886368586465 -22.643497007664539 339
4 16 90 -51.213346014175571 -5.323909313566913 339
6 22 95 -46.011394569195026 -42.966168825504624 339
4 16 90 -47.827948201429997 -80.922724687453083 339
6 22 95 -11.394099307482250 -70.125750353271172 339
1 13 64 -77.377849946346259 -58.495028315923761 339
1 13 64 -11.173435259153061 64.032840429830344 339
8 12 56 -12.871489122062368 39.090574833484474 339
8 12 56 -12.953873660866563 15.090716234155892 339
6 22 95 -9.299654757592723 -18.712341086254586 339
7 23 72 26.542286114884625 -45.921811395208373 339
7 23 72 72.490425885150955 -48.105489863314311 339
7 23 72 51.407477027094622 -7.221394331572618 339
1 13 64 55.264933759336444 -79.716918509035182 339
1 13 64 86.563634321015726 -14.970239685886881 339
9 13 64 96.579408751194890 9.023181549188584 339
9 13 64 21.674664655926435 -81.591213707726723 339
7 23 72 71.028821049865684 34.383928149331993 339
7 23 72 25.186882837372956 30.573849288993372 339
7 23 72 44.808226860144018 72.179171769897991 339
8 12 56 -80.214330608763206 -56.299743915829978 434
5 17 54 -56.907483140888573 -73.556361808952218 434
5 17 54 -26.665964526394685 -89.095041028539072 434
5 17 54 -28.329832888222064 -55.135778049573972 434
5 17 54 1.911685726271816 -70.674457269160811 434
5 17 54 31.443343016908273 -87.523232229626004 434
5 17 54 31.268981510000053 -53.523679319846309 434
8 12 56 -59.231597053451132 -44.649641231871300 434
5 17 54 -39.794951548616829 -23.127168987275315 434
5 17 54 -6.342123630664005 -29.202389501119765 434
8 12 56 54.850533564108318 -70.402968484955807 434
8 12 56 22.468236753624069 -25.891327054193631 434
4 16 90 -89.162052488929447 -29.767908827483843 434
10 27 113 -82.032364566306001 12.636896915804233 434
9 13 64 -42.467400815526830 6.753560838413218 434
4 16 90 -13.716175558024389 2.963172178611442 434
8 12 56 13.496153210024548 -3.631459199988599 434
8 12 56 37.259806028450470 -6.991340853457620 434
9 13 64 48.791486919895704 -29.172872266276645 434
8 12 56 64.653529357471854 -48.496319414974863 434
9 13 64 88.254607237548171 -40.250767711263727 434
4 16 90 93.270543105258511 -11.687847913543166 434
10 27 113 77.956204804874446 28.492632949948131 434
8 12 56 65.458311209498646 -8.450602637621408 434