10 13 69 97.000000000000000 0.000000000000000 0
2 15 66 90.979381443298962 27.345057180315223 0
2 15 66 69.695649803919792 6.202617219353049 0
2 15 66 62.027625519428859 35.206089486867114 0
5 17 63 79.395750589422846 -24.291776441631310 0
5 17 63 38.533997574628685 13.479390566154272 0
2 15 66 33.710904799078399 45.113830281098409 0
2 15 66 56.449620381169339 64.682959379675452 0
10 13 69 93.515463917525778 25.765442132630543 69
2 15 66 94.974603618479634 -2.196512579676362 69
10 13 69 71.147998520855325 12.510386805369542 69
10 13 69 70.852516577214260 38.508707720786028 69
2 15 66 67.993087362807174 -15.311305012074326 69
2 15 66 46.202665550050632 25.227712112826485 69
2 15 66 48.335680266070263 55.151786839060605 69
10 13 69 50.033443360925624 83.100268022726908 69
5 17 63 21.781599011545030 73.009019791790763 69
6 16 100 84.237152788943291 -41.714530921637163 69
2 15 66 53.238438614880337 -41.432184406254400 69
10 13 69 40.029740485918694 -16.743517092323394 69
10 13 69 26.421542324151666 5.410871700646736 69
10 13 69 18.651818438605996 30.222792036291480 69
10 13 69 70.105857960394431 -67.038561139369634 169
2 15 66 46.855817578828258 -82.640984741347125 169
2 15 66 84.653204952892594 -43.114207533057581 169
2 15 66 54.658637724687608 -43.685116275933105 169
2 15 66 28.714198757903347 -58.747854629194322 169
3 22 62 5.811894167597448 -87.807869158661674 169
2 15 66 -0.353006068148314 -51.325078625544535 169
2 15 66 20.608908930639767 -29.863528831003055 169
10 13 69 45.580404712574634 -17.197653479776463 169
10 13 69 -28.857374823760786 -92.608055363888170 169
2 15 66 -53.173182276561910 -78.724917825193842 169
2 15 66 -28.535724271753324 -61.607801740371222 169
3 22 62 78.924783185930849 -6.560340650608627 169
3 22 62 79.641123404081696 37.433827788990961 169
10 13 69 67.053230404124406 70.091827571917449 169
2 15 66 45.647172611322134 52.042431743491242 169
2 15 66 41.604279908135666 81.768767181794459 169
2 15 66 17.881964608740688 63.404351676908632 169
2 15 66 13.839071905554222 93.130687115211856 169
5 17 63 -12.148217678743588 74.458226643655166 169
5 17 63 -45.490195072353366 81.114993387654522 169
2 15 66 -71.530719934816531 62.516846574398159 169
5 17 63 -43.447430331654978 47.176414863883679 169
2 15 66 -71.893190236359303 32.519036399645408 169
2 15 66 -94.182105727372885 12.439090029337166 169
2 15 66 -93.364904039789664 -17.549777595196648 169
5 17 63 -65.517405975753576 -1.785360334368163 169
5 17 63 -67.045420046765031 -35.751007288294886 169
5 17 63 -33.535203190516100 -30.000758054812035 169
5 17 63 -5.147910421188866 41.186681769696776 169
5 17 63 -28.613881087584534 16.582856443462273 169
3 22 62 11.845742437244077 6.083750801940342 169
10 13 69 46.742013327737951 8.776384816668282 169
10 13 69 49.780450132074321 -83.252067749984818 238
1 23 76 69.092234651885434 -52.870247879207099 238
1 23 76 86.394295697088211 -10.248203306145179 238
1 23 76 40.831491812982534 -16.575201189701403 238
1 23 76 58.133552858185304 26.046843383360521 238
3 22 62 24.515838218870716 -59.030189522332648 238
10 13 69 6.954416043791156 -28.754845574020120 238
10 13 69 7.586788357398238 -2.762536995192740 238
10 13 69 23.005330566469098 18.172327612611639 238
1 23 76 21.715751266662121 54.149222770886610 238
10 13 69 56.843973558378323 62.023738541635495 238
10 13 69 93.369823855356955 -26.288324275609821 314
1 23 76 69.092234651885420 -52.870247879207113 314
1 23 76 62.781589358786889 -7.305176212581880 314
1 23 76 79.385757243742773 35.593560468679485 314
1 23 76 33.932277545033145 28.523823325122336 314
1 23 76 26.476402416780147 -35.552891183990525 314
1 23 76 -2.372909396973590 0.276108353713696 314
1 23 76 -8.683554690072125 45.841180020338932 314
1 23 76 27.621632251934614 74.088894991747566 314
3 22 62 -39.492764124319827 78.640457665382613 314
1 23 76 -72.514264465866376 48.069548042127337 314
8 18 49 -91.264707436059098 11.608323591739619 314
3 22 62 -51.399195879339551 8.330978885874774 314
8 18 49 -77.753261421736582 -21.759937175073624 314
6 16 100 92.202237777966701 18.296102009315831 390
1 23 76 70.635341889766920 50.790239969070221 390
7 18 91 58.886409043493742 11.509677638907952 390
7 18 91 32.426812221049872 35.920530471075004 390
7 18 91 35.424832561400351 71.795478192832661 390
1 23 76 -2.668016690195870 86.959080531827368 390
9 24 109 19.925312439998514 -4.175759921234018 390
1 23 76 -8.487036822577757 33.264037212048926 390
7 18 91 -36.248317306121876 63.435402874113223 390
7 18 91 -71.766275613654358 57.563892194195816 390