10 11 74 99.000000000000000 0.000000000000000 0
10 11 74 96.555555555555557 21.863775779997951 0
10 11 74 78.843192529652626 8.814936902970350 0
10 11 74 81.287636974097069 -13.048838877027592 0
10 11 74 76.398748085208183 30.678712682968296 0
10 11 74 84.861216147439819 50.986017632067515 0
10 11 74 63.043340148006621 48.161077478124973 0
10 11 74 61.130829503749695 -4.233901974057249 0
10 11 74 58.686385059305252 17.629873805940697 0
2 23 73 43.004411673530228 75.628173167236682 0
10 11 74 42.031369059010231 41.642099724275845 0
2 23 73 27.936397126109341 3.123384151020523 0
10 11 74 20.679845432286609 36.339983277283864 0
2 23 73 -1.073566562916817 62.470216084645912 0
2 23 73 -45.577629284560345 74.105868248062421 0
2 23 73 -76.995135506540109 40.506161362557258 0
2 23 73 -86.887776259919150 -4.417503435904855 0
2 23 73 -43.036420936664697 9.477050760386723 0
2 23 73 -52.929061690043753 -35.446614038075396 0
8 15 72 -6.371730196924975 19.462062175465043 0
8 15 72 -10.554940797760956 -10.244851987218595 0
2 23 73 -8.732656380418092 -48.201133147288914 0
8 15 72 -39.218055267244168 -70.886821470791546 0
7 13 60 -67.202341204297142 -69.948876593275074 0
7 13 60 11.045268216230633 96.369092815235760 0
6 31 80 51.984996331570649 -45.226019943084772 0
8 15 72 17.511813775822272 -75.682541157400209 0
8 15 72 -10.600884811602764 -86.155180659101319 0
7 13 60 92.702918268521799 -28.551163627771228 80
9 15 63 94.997807876543831 -0.645367067074485 80
9 15 63 68.433835738087353 -14.586507057308719 80
9 15 63 69.642440418057603 15.389137635133746 80
4 21 66 36.338570238026193 1.719747340332203 80
4 21 66 46.050521441707190 42.581440939806505 80
9 15 63 81.509913953825659 48.796863907836709 80
2 23 73 65.821399367117010 -52.496600386231449 80
9 15 63 32.580463039108920 -34.083557399334580 80
6 31 80 -5.087159127082494 33.150766200190560 80
4 21 66 22.401944345334563 77.290874834886381 80
9 15 63 -9.188630148967682 94.554582522400693 80
9 15 63 -38.215256060205427 86.974675649024022 80
4 21 66 -63.997354480844322 61.849321899703590 80
7 13 60 -88.930795213901519 38.733882617459230 80
9 15 63 -64.071389411623983 25.849398027158742 80
7 13 60 56.324145972328736 74.992128050755127 80
7 13 60 -88.809833912518101 12.734163996605510 80
8 15 72 -66.405221719075314 -4.059684652868349 80
5 35 106 -23.754625056528059 -30.154255052258200 80
11 26 105 25.329423671823243 -80.090076142136866 80
8 15 72 -15.666267814796683 -79.495702914376437 80
8 15 72 -45.363416940515286 -75.243722927966473 80
3 19 94 -72.091138164378862 -54.228754020555911 80
8 15 72 -91.319155470387571 -26.188009549700091 80
12 22 101 -80.498386579954513 -35.552914901934550 186
12 22 101 -87.648069173000451 7.862313288398575 186
3 19 94 -77.557267967228356 47.601157396218170 186
12 22 101 -45.850169764230536 21.607698150756971 186
12 22 101 -38.700487171184598 -21.807530039576157 186
12 22 101 -47.695584399973114 -64.878265183576673 186
11 26 105 -1.437573080162394 -52.064351310904371 186
11 26 105 4.249499052545843 -0.376275214406320 186
11 26 105 -37.945023525712934 68.952271894192990 186
12 22 101 5.052724492180776 47.617003782689963 186
11 26 105 48.425571273798916 27.054996048563485 186
11 26 105 83.193408126212887 -11.612787966090437 186
8 15 72 75.075312102037785 58.212520240766239 186
8 15 72 79.228043055306131 -52.420579867324612 186
3 19 94 43.920981454313022 71.828969186517014 186
3 19 94 47.812235816784785 -39.418770164361334 186
3 19 94 36.800771845877208 -75.788368199222873 186
7 13 60 -10.291172855636013 96.452536313232429 186
7 13 60 93.446239693302857 26.015385585875705 186
7 13 60 8.073850481234421 -89.886736505861421 186
7 13 60 -20.046597230020307 -86.338309649415621 186
7 13 60 -10.291172855636013 96.452536313232429 291
6 31 80 -42.568710090552180 66.550018191030730 291
6 31 80 -77.499063589056675 15.326289271031989 291
6 31 80 -15.672836318517888 10.687580238155832 291
7 13 60 0.954435115698619 73.010345687033364 291
1 25 89 -50.075223943031062 -33.499247275626402 291
1 25 89 27.742521952833350 46.058566458082097 291
6 31 80 76.709016260663944 18.887213249211641 291
6 31 80 66.719412196452581 -42.302719016156104 291
1 25 89 26.130154646385751 -80.883960203219317 291
3 19 94 16.917244222357095 -37.859289588340403 291
11 26 105 -24.775393049885878 -77.781507344171416 291
1 25 89 26.130154646385737 -80.883960203219317 396
1 25 89 67.083719517945326 -52.199373326100783 396
3 19 94 89.831549210030587 -14.535912992511093 396
1 25 89 80.122429833596172 28.379503828651742 396
1 25 89 45.090398233937677 -7.296212870533560 396
1 25 89 31.710337074055733 40.880274790542551 396
6 31 80 -9.881991948622066 3.382565974278670 396
6 31 80 -18.964804506473712 64.713655284993933 396
6 31 80 -71.977022041671688 32.562375497078044 396
1 25 89 -81.956653845228701 -22.541226463823147 396
1 25 89 80.122429833596172 28.379503828651742 490
6 31 80 40.422358129652437 67.875127721707614 490
6 31 80 28.337675338983807 7.064269794451583 490
6 31 80 67.553255686905260 -40.957998560715865 490
6 31 80 17.183278485767605 -77.108591871986334 490
6 31 80 -18.283731056611920 47.935341051475262 490