6 12 67 98.000000000000000 0.000000000000000 0
7 17 55 88.836734693877546 27.514261191782229 0
5 12 45 74.132513018557262 2.518544260214910 0
7 17 55 54.988819185027580 24.302000974154453 0
7 17 55 69.130877987420774 55.221285778781692 0
3 21 95 39.931039539346713 79.539374408572826 0
3 21 95 21.306492222991956 41.894637229773679 0
1 16 74 3.314596644634690 74.225608348771772 0
8 30 76 -29.692674028479708 42.186256253079165 0
1 16 74 -32.834764051190810 88.078818507644769 0
8 30 76 -79.518983636709407 8.759637057820477 0
6 12 67 -92.956853115143758 -31.032619272784380 0
6 12 67 -38.230196661653466 1.063139794230306 0
1 16 74 -74.032929512107827 54.431326430362219 0
1 16 74 -48.329672602813361 -25.052001134241301 0
1 16 74 -70.661476108381152 -47.971219100583653 0
8 30 76 5.323420350036362 -6.536152702912077 0
6 12 67 -23.187804840733360 -37.376224656803785 0
6 12 67 -41.967907298065853 -52.319709916009359 0
10 13 98 -56.014445942592182 -73.000492108852754 0
3 21 95 -24.427957921550494 -85.581977493996703 0
10 13 98 7.705113273490468 -96.693491143109938 0
1 16 74 7.960966648483351 -67.694619802133488 0
1 16 74 34.493017882051547 -85.584568302319639 0
1 16 74 36.720142138823967 -53.662163669446251 0
1 16 74 65.704924335083177 -67.222488187517982 0
7 17 55 84.055569200275599 -39.795242007276201 0
1 16 74 57.595154581977980 -20.076051906570196 0
6 12 67 32.351910998870302 -92.505966589843126 98
7 17 55 55.298688375487799 -74.773357982310046 98
7 17 55 78.479059702993510 -49.900272425448549 98
7 17 55 91.170149839996199 -18.357662654941702 98
7 17 55 57.507903408576695 -23.138161079832663 98
7 17 55 70.198993545579384 8.404448690674176 98
8 30 76 12.414261533016916 -55.539899260780977 98
7 17 55 25.933552202571253 -10.526248222544794 98
7 17 55 38.624642339573946 21.016361547962045 98
3 21 95 67.018274640034321 46.271096644300975 98
6 12 67 94.091187520179957 27.401613657635799 98
7 17 55 48.413299327665442 79.404990071215735 98
4 15 95 31.514976912496056 52.230614281641763 98
7 17 55 16.637253231970153 91.499736638393102 98
8 30 76 -7.534521025914351 29.866877770090724 98
1 16 74 -12.290995878431561 75.620303291874023 98
9 25 119 -52.364768070574769 66.954694121584282 98
6 12 67 -84.791667412644756 49.136271097667127 98
1 16 74 -66.071952681219059 28.313872571703691 98
6 12 67 -94.040638904719515 26.990017998355079 98
1 16 74 -83.095590128156999 1.217825478535051 98
8 30 76 -67.953000651766061 -42.218357410267402 98
6 12 67 -55.301205607965819 -2.169236543890424 98
6 12 67 -26.094435172489320 -38.774450324252825 98
4 15 95 -24.473934616147279 -11.823124235414532 98
6 12 67 -84.791667412644756 49.136271097667127 217
8 30 76 -79.652174961350255 7.451914111585541 217
11 30 86 -62.431082705999330 -50.023593555008340 217
11 30 86 -21.266379098997220 -6.371936347662048 217
11 30 86 -38.487471354348145 51.103571318931841 217
6 12 67 -1.719791928557157 30.802395253435883 217
3 21 95 -11.843177398058920 -56.493820487261530 217
11 30 86 32.940818211725734 -32.093129160522651 217
11 30 86 79.820645837362164 5.353923617908599 217
5 12 45 74.725966360189474 -36.335934153795009 217
5 12 45 17.686352244128308 -71.224973840315243 217
4 15 95 -33.976957225751462 -84.885646609214845 217
4 15 95 80.561131675601018 50.347830769025940 217
4 15 95 60.844359974637257 72.958644856362014 217
4 15 95 51.121206425239052 44.578012639041248 217
3 21 95 25.023168550927394 69.375037039379976 217
4 15 95 36.712509906308114 18.264718192595591 217
4 15 95 -0.915029707634408 -90.795068103875565 217
4 15 95 71.032690838996757 -63.082143528668297 217
4 15 95 47.820103694427850 -82.086769230212539 217
5 12 45 -59.953311873162953 -77.521612440913913 312
4 15 95 -76.566020119907677 -56.237394703150088 312
11 30 86 -79.195874084794994 -11.314306339555060 312
5 12 45 -93.907440376585114 28.024857571772095 312
5 12 45 -49.568322600493232 -55.884792022780964 312
5 12 45 -36.022781097603115 -75.696866760008305 312
11 30 86 -54.876705610922848 43.536199991192916 312
5 12 45 -40.165139319132741 4.197036079865759 312
3 21 95 -31.173963059442706 -28.486844342807490 312
10 13 98 -17.051612497096031 -59.415135834485241 312
5 12 45 -13.568755114612049 -84.171341207144380 312
3 21 95 15.629315317289690 -68.793672884095358 312
11 30 86 62.841743873543564 -49.506719007948305 312
11 30 86 79.587971028592222 8.108937510670927 312
5 12 45 42.103230437166381 -88.494734231788428 312
5 12 45 84.383315792954065 49.834285545060141 312
10 13 98 22.208928490793262 -35.436384467812800 312
11 30 86 19.591227101870373 7.483862962024226 312
5 12 45 49.283376326154311 37.188682006126392 312
5 12 45 -14.479741195037400 32.043364571607150 312
11 30 86 9.379319566470738 66.608451286074725 312
4 15 95 -28.720277497036889 90.554655653330144 312
2 21 100 -0.295573197175116 -88.999509192383258 410
2 21 100 40.551200374552060 -79.224996990741062 410
2 21 100 72.367255923212710 -51.807144971946059 410
10 13 98 -34.250382131896231 -90.751921873969607 410
2 21 100 -27.904745455185889 -57.349333723241095 410
2 21 100 12.942028116541277 -47.574821521598906 410
2 21 100 44.758083665201916 -20.156969502803914 410
10 13 98 78.712892599923009 -18.404556821217543 410
9 25 119 -17.006100400680985 -12.659071517969622 410
10 13 98 18.352412042540529 1.261258858948487 410
2 21 100 45.419084776222185 21.837828717109346 410
10 13 98 76.237526537510718 7.477339609628816 410