3 14 90 96.000000000000000 0.000000000000000 0
8 30 89 71.250000000000000 36.379080527138122 0
8 30 89 57.972155359016298 -22.133301424803477 0
2 19 92 56.772722314247865 -71.118619228928395 0
8 30 89 8.503009322840491 -79.546834207626944 0
3 14 90 16.295618367393079 -36.242385887867030 0
8 30 89 5.149080132746858 6.322325850656121 0
3 14 90 27.911015038065734 43.977263367083182 0
2 19 92 40.460921466502533 74.497745811459467 0
3 14 90 82.026616232957480 -49.876189002079109 92
8 30 89 79.779648986371001 -5.933599886361680 92
8 30 89 38.034739736749316 -49.030729161301217 92
8 30 89 21.583985579280501 8.669987365016926 92
2 19 92 80.164927777531901 43.064885398931395 92
11 29 85 40.525363230282764 70.133408123758301 92
11 29 85 -15.372855538681556 54.661202771675939 92
3 14 90 4.106817791593885 92.995812812026628 92
9 21 81 -64.994499996830839 60.800616527811272 92
8 30 89 -79.125357676488420 11.797362949734811 92
8 30 89 -65.073686948058082 -46.534022682185288 92
3 14 90 -40.807695328527672 -9.830321905276161 92
2 19 92 -17.833566942961543 -33.519758895705564 92
3 14 90 -25.434676578186760 -65.632422010328838 92
1 14 56 -22.067587043777074 -93.429233123607105 92
1 14 56 5.829917524311060 -95.822815976466330 92
1 14 56 95.031324547572282 13.603211191993800 184
10 18 61 90.215491529161582 -18.032334517520766 184
1 14 56 68.296406479675227 5.281903848623301 184
10 18 61 54.659152923108401 -23.666763053911360 184
1 14 56 40.298617891066357 4.930003084823507 184
1 14 56 53.992757184309021 29.352749634244752 184
4 26 73 48.039473780507194 68.907248957507818 184
1 14 56 17.246958846254280 94.438034766483852 184
10 18 61 4.194143703985862 65.221190021341215 184
10 18 61 21.621605632641199 33.720657157193202 184
10 18 61 -14.372387024785231 34.378298835565538 184
10 18 61 -31.799848953440570 65.878831699713558 184
9 21 81 64.399047762251655 -61.430958378615827 184
10 18 61 33.772692150770062 -85.576896793990571 184
2 19 92 26.268331117458537 -49.345907772412431 184
10 18 61 14.657402307686844 -14.214919568628389 184
10 18 61 -18.957202104729490 -1.328555838050224 184
4 26 73 -9.352113392370939 -76.844706526579117 184
4 26 73 -58.607987660663788 -60.175607868699430 184
4 26 73 -82.800317863011401 -14.145930926746210 184
4 26 73 -61.228141626555221 33.168350346705218 184
6 18 94 52.134421397739693 -75.802388521226035 276
2 19 92 17.671593387088571 -89.267658125221402 276
2 19 92 77.037629605780694 -48.437626126003956 276
2 19 92 23.980444867413226 -51.795022869621803 276
8 30 89 -23.713520418050475 -63.032712816803290 276
11 29 85 1.194397297225315 -9.548176405901771 276
9 21 81 88.425849443915880 -10.093024825191023 276
9 21 81 83.208180756119447 31.581618946104612 276
9 21 81 47.302347056753817 9.792376041554219 276
11 29 85 41.714474440125244 59.479151743146417 276
6 18 94 77.231574756495874 -49.992838093388826 370
9 21 81 47.517791083323871 -75.253302456181856 370
11 29 85 36.539613961874622 -26.473392379490569 370
11 29 85 -2.169093765315267 -69.666400448980127 370
11 29 85 -20.220982155764538 -14.547172174821903 370
9 21 81 16.534570604246021 19.350163137943909 370
11 29 85 66.381423737488745 23.260563720100606 370
7 19 108 -49.720119824099243 -76.216203557230628 370
4 26 73 -74.558239889175383 -38.691974162973068 370
4 26 73 -83.048060972715234 12.610296137370199 370
4 26 73 -37.486254971293150 37.672655042484834 370
4 26 73 6.577855341131906 65.283417117705355 370
6 18 94 50.521791139784568 67.503891509337251 370
4 26 73 -5.368608933238455 -83.828265150377248 478