3 11 116 99.000000000000000 0.000000000000000 0
3 11 116 96.555555555555557 21.863775779997951 0
3 11 116 78.843192529652626 8.814936902970350 0
3 11 116 81.287636974097069 -13.048838877027592 0
3 11 116 76.398748085208183 30.678712682968296 0
3 11 116 84.861216147439819 50.986017632067515 0
3 11 116 63.043340148006621 48.161077478124973 0
3 11 116 61.130829503749695 -4.233901974057249 0
3 11 116 58.686385059305252 17.629873805940697 0
10 15 106 59.649623878065348 73.938639230143650 0
3 11 116 42.064909212406363 54.787195155939798 0
5 19 117 26.245743010150221 80.277467431170550 0
6 36 103 11.703809931364034 18.909574687928107 0
3 11 116 0.670428023419532 64.596164445464652 0
6 36 103 41.170114722846307 -46.784693569930347 0
3 11 116 88.139293828065590 -45.082866850832808 0
6 36 103 -30.455942867229929 -39.456127946079896 0
8 20 116 -5.938493869395941 -89.803865677169753 0
8 20 116 -44.148423742331460 14.844111164673372 0
8 20 116 -32.612794436263975 53.144623648359499 0
10 15 106 -62.249617678007837 71.763396651369945 0
5 19 117 -80.244756467390303 42.915953437960837 0
10 15 106 -16.431786742099220 84.179684305644855 0
2 23 95 -85.220633396307434 -17.505531798039435 0
12 13 87 -38.873123237308000 -87.727766354337533 0
9 11 62 -98.005200982073958 13.999306427937373 0
9 11 62 -60.852690196469510 -78.089372489811311 0
12 13 87 -76.381446991806172 -59.790254686176944 0
9 11 62 56.221342990715982 81.487180539765092 117
9 11 62 72.829297482966240 67.058880307813141 117
7 27 73 77.632316357254695 29.363641753146464 117
7 27 73 79.267072341556570 -24.611607879178440 117
9 11 62 51.722466214021537 1.566525615762704 117
4 16 51 67.081491994540414 -65.848868113175726 117
9 11 62 49.083746051837494 -85.975495773614057 117
4 16 51 44.733852324651579 57.052828528772785 117
9 11 62 34.225681303595834 81.924063757290185 117
1 22 51 29.649116440197762 -59.305378191226531 117
9 11 62 41.465882807215010 -28.493626656668646 117
9 11 62 32.184945464527466 -8.547093072080372 117
4 16 51 35.126419742957509 22.863737675802003 117
7 27 73 2.227955710354394 50.552924451428325 117
4 16 51 9.567096569233488 92.921981691984570 117
12 13 87 68.801405403790810 68.376652553801037 190
7 27 73 77.632316357254695 29.363641753146453 190
7 27 73 79.267072341556570 -24.611607879178450 190
1 22 51 36.228770520484971 55.569488279112910 190
7 27 73 28.390088947403839 7.200540893462282 190
7 27 73 -11.332107030916582 43.781234526305077 190
7 27 73 -64.705700782267300 51.982422858844259 190
4 16 51 -92.094053291470559 18.833091842493118 190
7 27 73 -53.902684230686774 -0.925939744682577 190
4 16 51 8.741743961622948 81.808073815540254 190
12 13 87 -33.536694911186324 77.052186978367189 190
10 15 106 -94.086375604458425 -13.143588764746553 190
1 22 51 -75.288552513099972 -45.012725041495422 190
7 27 73 -26.345041097712574 -47.364892197937166 190
12 13 87 8.314250007417606 -27.396578796704596 190
12 13 87 13.267278769682097 -52.920440300798774 190
1 22 51 8.475621139545616 -87.590889059872467 190
12 13 87 -55.994625963508931 -74.214512628884421 190
12 13 87 -26.523646638885687 -87.364493446707911 190
2 23 95 50.299767554977429 -70.985444873686887 190
10 15 106 38.534743977210496 -34.852575900761579 190
10 15 106 -93.493629732732870 16.850554869162277 296
10 15 106 -94.086375604458425 -13.143588764746557 296
10 15 106 -67.814312316871323 1.340150069305178 296
6 36 103 -54.120649545804731 50.467368593381060 296
6 36 103 -18.640004978508600 -12.183440348636596 296
6 36 103 17.876864849275890 49.869103660297014 296
6 36 103 73.857491702869808 4.590307109608073 296
6 36 103 42.800024197611258 -60.366861179656276 296
11 16 100 -67.852544472405555 -29.659826354916234 296
11 16 100 -9.116959691664110 -63.303999896285418 296
11 16 100 -26.453402625053933 -90.200983861357017 296
11 16 100 -41.078652557293722 -61.738691887246425 296
11 16 100 -92.929749361248938 -14.144316302156623 402
6 36 103 -67.178984562004956 31.031984036118288 402
11 16 100 -61.601795117226267 -20.668063912573686 402
2 23 95 -24.251954138065933 -9.443564866672560 402
11 16 100 -40.629962894512289 -44.837926411610290 402
4 16 51 -92.929749361248938 -14.144316302156611 505
7 27 73 -78.680727480850919 26.426182529530664 505
1 22 51 -55.001123236742188 -16.472259666455752 505
4 16 51 -81.259501848135272 -43.940378508137194 505
7 27 73 -46.256144870917076 -68.915666300781950 505
1 22 51 -13.882567233913861 -32.133177654947701 505
1 22 51 2.578482183344331 -72.938003988147358 505
7 27 73 51.007162231426896 -65.477243383460319 505
1 22 51 83.234360309201790 -28.566435968072302 505
1 22 51 40.625558290618144 -17.589642695848241 505
1 22 51 71.436141125746119 13.822265640954818 505