10 13 69 97.000000000000000 0.000000000000000 0
2 15 66 90.979381443298962 27.345057180315223 0
2 15 66 69.695649803919792 6.202617219353049 0
2 15 66 62.027625519428859 35.206089486867114 0
5 17 63 79.395750589422846 -24.291776441631310 0
5 17 63 38.533997574628685 13.479390566154272 0
2 15 66 33.710904799078399 45.113830281098409 0
2 15 66 56.449620381169339 64.682959379675452 0
11 31 109 -7.922794370074122 25.552769637756256 0
10 13 69 13.185664556233190 64.158895599271716 0
11 31 109 -68.278364419490728 39.737450247835774 0
1 23 76 -15.762279985407062 85.560215811214718 0
10 13 69 20.049516174660464 89.236525889237583 0
12 21 48 -88.629282018283575 -8.114824022956668 0
8 18 49 -49.709929262409403 -5.608037022864789 0
10 13 69 -65.008535690997107 -32.570096316308522 0
3 22 62 -31.034061214446950 -40.980511528546394 0
10 13 69 -61.435137641996427 -58.323364582363574 0
3 22 62 -24.563815133364201 -84.502183321461629 0
3 22 62 9.891935213927653 -57.137949950049638 0
10 13 69 9.593387794770180 -92.136676633152192 0
5 17 63 38.630534612283981 -84.597173685467354 0
2 15 66 66.119076578453033 -68.214864306928462 0
8 18 49 48.332461958377166 -40.418527491497130 0
10 13 69 30.135753209662138 -15.321121436001313 0
10 13 69 4.175121813216277 -16.751372287380107 0
5 17 63 -44.705256307011211 81.550230278794643 109
5 17 63 -12.405946347327923 92.168826048871978 109
5 17 63 -71.029392686985290 60.031869657025005 109
5 17 63 -39.231877550751044 47.993679130166157 109
3 22 62 -84.792761264097336 23.541190225003387 109
3 22 62 -85.590495817502529 -20.451577584970831 109
3 22 62 -0.851791565893386 54.919644752007834 109
3 22 62 -47.092774034571960 0.853947931290748 109
3 22 62 -47.890508587977152 -43.138819878683471 109
10 13 69 -19.563064240194176 25.341134395535104 109
3 22 62 -3.599801963259207 -5.806486018836601 109
2 15 66 -10.905718657737898 -42.078011782903069 109
3 22 62 -20.724821648578363 -77.751324167026695 109
10 13 69 -55.684820874469580 -79.424182238020165 109
10 13 69 -74.781350810572761 -61.779847611871368 178
12 21 48 -84.113199551696226 -29.085557604703567 178
3 22 62 -44.124346636025003 -44.893518968801509 178
3 22 62 -51.161379269161202 -1.459889466764992 178
3 22 62 -83.182524556966996 28.717026453474993 178
3 22 62 -41.037976118269221 41.359693770867182 178
3 22 62 -10.028236425268226 -17.082455190227201 178
2 15 66 -8.272883948952440 -54.040793054420874 178
2 15 66 -26.837401625983826 -77.606842435239656 178
12 21 48 7.413858149709895 -88.690668659876394 178
3 22 62 47.787840083439100 -73.893993938341509 178
8 18 49 78.397360193840171 -48.144095324736192 178
8 18 49 45.304649274442660 -33.971146301855008 178
8 18 49 74.125138634498356 -12.398492477002666 178
8 18 49 89.797298478174369 20.011126555535650 178
8 18 49 53.893665147182546 17.378805596060275 178
8 18 49 69.565824990858559 49.788424628598591 178
8 18 49 33.662191659866735 47.156103669123212 178
8 18 49 -2.157337695416507 50.756286548645164 178
8 18 49 12.634577150289292 17.935572735606478 178
12 21 48 19.212371516420866 83.380442142338524 178
10 13 69 -54.824844542854727 -78.445316629769763 178
10 13 69 -74.153293699506179 62.532303919772346 178
10 13 69 -54.879455703679341 79.982781532451710 178
10 13 69 -29.486249214483504 74.398422643817995 178
2 15 66 -29.465222542061134 -90.315007947443661 247
2 15 66 0.166723399112112 -94.999853701509394 247
2 15 66 29.782043184141216 -90.211029834371956 247
2 15 66 -56.158808340535757 -76.623679406375217 247
2 15 66 56.427408524214400 -76.426092188737570 247
2 15 66 -10.592054135641925 -66.995412875853333 247
3 22 62 27.563095925972160 -53.277626619051219 247
3 22 62 70.105773880585161 -42.047285909612114 247
8 18 49 91.622354808799344 -8.327310447586484 247
8 18 49 -38.209426520083738 -48.932170016968030 247
8 18 49 55.806528668304438 -4.690471452821679 247
12 21 48 -76.976151984936550 -44.672945118851842 247
12 21 48 -88.891243445332563 -4.398504148300816 247
12 21 48 77.209614518040624 27.911797120221252 247
1 23 76 -78.132699827785160 38.265927633094456 247
12 21 48 -48.202453126093019 6.014100826294090 247
6 16 100 -59.680042567379445 72.624324569360212 247
12 21 48 -24.965509003622945 85.426713387499703 247
12 21 48 -29.635163929837137 43.687112013383974 247
12 21 48 8.847218667090043 60.512872907433206 247
12 21 48 50.847111742095485 60.607644675962717 247
1 23 76 -11.320803418083507 -17.980563472580396 247
1 23 76 20.157715929856138 15.561988899911917 247
4 18 95 -80.026627987017221 45.384345462147536 347
6 16 100 -92.960538980636386 13.940523391522326 347
4 18 95 -59.031773528081267 16.140267664273701 347
4 18 95 -76.074704559207120 -15.569959422082652 347
1 23 76 -35.105325570482634 -17.154252727711587 347
1 23 76 -62.362402949391594 -54.208965420703407 347
9 24 109 -38.703236120068411 52.892826307870500 347
6 16 100 -25.222718601133764 90.552826937473469 347
4 18 95 0.404492569611996 68.209012410629498 347
4 18 95 31.432982444867417 86.463678007708282 347
4 18 95 31.727741651899763 50.464884736129434 347
4 18 95 64.297512810428827 65.801442585955073 347
4 18 95 61.294475935722943 29.926914442310355 347
4 18 95 28.724704777193878 14.590356592484717 347
4 18 95 -4.431343782145603 28.614494495782825 347
4 18 95 5.691411654855521 -13.076725074009142 347
4 18 95 -6.818329704985358 -46.833300301805671 347
1 23 76 -26.207901824657441 -82.958699856911437 347
11 31 109 77.280673237708854 -16.391996337434652 347
11 31 109 36.257792417037450 -70.188122136462823 347
6 16 100 -25.222718601133764 90.552826937473469 456
1 23 76 13.504183805369987 85.945546829086979 456
7 18 91 -16.265475387438407 57.753927656998997 456
7 18 91 -50.748719492299237 68.093457433762566 456
7 18 91 -79.457889334623005 46.372878091475016 456
7 18 91 -46.292730918124619 32.370297357604329 456
7 18 91 -75.001900760448379 10.649718015316783 456
1 23 76 -38.421442868836252 -7.867033871555620 456
6 16 100 -92.115187474945188 -18.729448375638341 456
11 31 109 26.301723347517047 33.483913403628492 456
1 23 76 6.696608798037154 -16.831486659391697 456
7 18 91 -22.476843493735764 -45.639639695982737 456
1 23 76 -59.308631100492121 -63.651286530483716 456
7 18 91 -26.415224845884996 -88.126249757613877 456
11 31 109 21.094054094548046 -76.131733737360022 456