8 12 45 98.000000000000000 0.000000000000000 0
6 14 75 92.571428571428569 25.426966241470851 0
2 21 46 65.198675509136891 3.615675821351240 0
2 21 46 81.854484456543631 -34.940569176151911 0
2 21 46 63.968218910672078 45.597647863637377 0
2 21 46 40.135892340465865 -30.086800346434714 0
2 21 46 28.225992920316621 23.541055169969592 0
8 12 45 32.728791975298222 56.232411836074121 0
8 12 45 48.195344740564707 74.584135067401135 0
10 23 74 14.083450315168296 85.852527203456191 0
7 28 108 -15.988446967168848 44.661739473181306 0
2 21 46 -60.398172931488617 65.368652323097464 0
2 21 46 -83.649961282130221 30.392169674080748 0
2 21 46 -88.272974010795096 -11.352623454052054 0
8 12 45 -87.394970849662116 -44.340941241551349 0
8 12 45 -31.603010161269353 81.488162273358924 0
8 12 45 -65.278101059526421 -35.021924625717702 0
8 12 45 -68.266030826993045 -58.835204024084632 0
2 21 46 -46.411262651713969 -7.947168698960159 0
2 21 46 -35.110711027601774 -48.398343378946592 0
2 21 46 6.359288632873548 -55.049593499050083 0
2 21 46 1.629177467088564 -13.316800058407793 0
8 12 45 -52.176304034370744 -76.643086877999977 0
8 12 45 -18.406977537329553 -76.858583846763423 0
8 12 45 -50.693896066342447 24.773758106922159 0
11 22 96 43.691479988988291 -76.387528932227127 0
6 14 75 10.294435184149132 -89.827670237420534 0
3 18 98 -15.642410193041387 90.660437917278088 108
9 19 103 -49.709471759563208 76.223148828851109 108
4 15 100 -76.888673355085515 55.795447033740686 108
4 15 100 -90.453482601210936 29.037346388959651 108
4 15 100 -60.497883062747093 30.668927306715528 108
4 15 100 -20.948677446010556 58.089844925438541 108
3 18 98 -73.877066542953500 0.502763324482522 108
4 15 100 -90.840308023840265 -27.803568802112832 108
4 15 100 -60.909689163999715 -29.842699662787879 108
3 18 98 -38.333920345787575 6.219821869476553 108
4 15 100 -31.158037422937930 -25.990529017739107 108
4 15 100 -42.697785655143903 -53.682300552570524 108
4 15 100 -71.276650196616757 -62.806362231458152 108
3 18 98 -33.957408682379452 -85.503768312150200 108
9 19 103 -8.997963266843943 -58.190290237234450 108
11 22 96 15.331925953348748 65.350548539992587 108
11 22 96 -3.275452379328431 25.478685383317604 108
3 18 98 -0.257726088513053 -14.407318778966205 108
3 18 98 23.843927881188097 -41.148864656584962 108
3 18 98 22.785094446953529 -77.133290062009280 108
11 22 96 59.330461058836207 64.991510142063319 108
4 15 100 86.316836840533455 39.678756001728757 108
4 15 100 94.385905085428533 10.784290482200166 108
3 18 98 62.040692197666012 17.325483282089284 108
3 18 98 50.261996977781749 -16.693075460412956 108
3 18 98 58.232297142966900 -51.799689015081675 108
9 19 103 88.139472551978983 -22.636991369414424 108
6 14 75 -3.703088658467955 -95.928552237524812 108
6 14 75 32.487986424147813 29.598933549388384 108
8 12 45 -76.708609695200010 60.990074591112510 211
10 23 74 -82.854979693386781 26.533984623656973 211
10 23 74 -84.803775832142861 -19.424716332849286 211
10 23 74 -44.027975209498216 1.866927182444056 211
2 21 46 -45.607639751486829 49.956957689699308 211
8 12 45 -20.872642792922392 28.112509299780925 211
8 12 45 -9.410378484869792 7.026578043790742 211
8 12 45 -14.225449453050647 -16.485442107004083 211
10 23 74 -36.469355186045362 -43.507815388077020 211
6 14 75 -73.102517496618688 62.225573003842705 285
11 22 96 -40.742661665791260 78.000227694455248 285
6 14 75 -52.011256299539042 43.809311137856902 285
1 23 78 -83.509412585757843 24.396270403110190 285
1 23 78 -84.276659350883975 -21.597330590956407 285
1 23 78 -44.061409095934025 0.735014716506236 285
1 23 78 -44.828655861060156 -45.258586277560369 285
9 19 103 -19.016341122093305 43.230024996850965 285
1 23 78 1.561077509289447 6.616231933733044 285
11 22 96 -23.403543204866715 -84.830856210803020 285
11 22 96 20.590461364361140 -85.557190818789465 285
6 14 75 55.811606900860404 -78.109311449684611 285
1 23 78 39.684444405693910 -44.808941634103057 285
6 14 75 75.976001035824126 -58.682597647040566 285
1 23 78 79.548437045543281 -21.855464973474156 285
6 14 75 -0.936146592881352 -56.702292623592442 285
6 14 75 -7.028052064910753 -29.373028313701877 285
12 21 117 86.334575994452990 21.618070863470276 285
6 14 75 55.068323037362120 5.888435584061962 285
1 23 78 47.382653474704043 42.081397377394538 285
6 14 75 78.215105005756612 55.663249536282628 402
11 22 96 85.596118809331216 20.428030859063632 402
10 23 74 83.472626784320042 -24.521838791689689 402
10 23 74 44.884184714967866 39.599322476902422 402
7 28 108 34.487105099919333 -10.329634406637030 402
10 23 74 83.472626784320454 -24.521838791688278 510
10 23 74 84.309045858872963 21.470556265883193 510
10 23 74 44.060253820849951 -0.801281096130203 510