4 12 90 98.000000000000000 0.000000000000000 0
7 16 90 90.081632653061220 26.857018795073568 0
4 12 90 74.292187369438807 3.733580088092849 0
7 16 90 82.210554716377573 -23.123438706980703 0
4 12 90 62.184783518681833 24.455809022130698 0
4 12 90 56.401950748873446 -12.264527101827529 0
4 12 90 44.294546898116472 8.457701832210317 0
2 17 89 74.350371093830944 55.866110641511710 0
2 17 89 42.031115314885376 45.308378598355205 0
7 16 90 49.407868002397606 77.473321001339258 0
3 19 92 15.336958395641350 69.462508397848637 0
6 23 77 5.695154528114713 28.584205862394100 0
2 17 89 -19.337376327791382 59.783122493394430 0
2 17 89 -46.076771569738170 80.783235400113611 0
2 17 89 -72.033569459296245 58.823166107858768 0
7 16 90 -11.563013184733315 91.854282087644535 0
4 12 90 -90.846907092347834 36.753768130007046 0
2 17 89 -92.671381216667982 7.811216511849963 0
2 17 89 -89.285885983695508 -26.019810992905509 0
2 17 89 -63.836282114777909 25.826128662181929 0
2 17 89 -60.450786881805442 -8.004898842573539 0
4 12 90 -81.762419648945709 -54.026907492005286 0
7 16 90 -60.349903894788525 -72.068641584879259 0
9 14 76 -58.650749085711887 -42.116799021611271 0
4 12 90 -37.034334754465512 -56.564312006893076 0
2 17 89 -30.944687216699311 -28.210896112758235 0
4 12 90 -33.592136872864934 -80.316180854289158 0
7 16 90 -9.252078858706572 -53.079163897763756 0
2 17 89 -5.119072655963155 -85.819326691007234 0
7 16 90 -3.971782631709811 -9.198731105872451 0
2 17 89 -30.168379656689492 10.869609740117419 0
4 12 90 3.112747825553399 97.950552836492520 92
7 16 90 29.704706578373901 89.183128489040513 92
4 12 90 6.091419167120826 74.136113581306915 92
2 17 89 58.199493654205511 72.538396304261454 92
4 12 90 81.197496730681266 54.872274644587179 92
7 16 90 89.674579431627407 28.186340730232207 92
4 12 90 63.644996663740415 38.504326043737969 92
7 16 90 62.998555906559460 10.511789282174981 92
2 17 89 92.883312043491856 -4.657289322268966 92
2 17 89 28.586199653948878 55.833522211519409 92
7 16 90 -3.421432499399149 47.801618082611895 92
3 19 92 -24.880672626001950 75.451229529950538 92
8 13 78 66.172025129922574 -18.314051435631796 92
3 19 92 35.107597537122423 -10.632818570285433 92
3 19 92 77.057762911574031 -48.405590328635043 92
3 19 92 39.057768913005205 -48.426947030949222 92
3 19 92 30.989968687695011 -85.560632540530477 92
3 19 92 2.865153812910641 -60.006869837963407 92
3 19 92 -1.085017562972137 -22.212741377299622 92
8 13 78 36.100695972213991 21.351767647113391 92
8 13 78 10.113065130277448 22.153667405953954 92
3 19 92 -21.602166273344601 17.894078574305311 92
3 19 92 -47.962334195025093 45.264528828928576 92
3 19 92 -84.321417396603465 34.218395173178109 92
8 13 78 -96.881831847776084 4.786507893991029 92
3 19 92 -65.054693625920549 1.464870856790375 92
3 19 92 -85.776198576325683 -30.388217417195484 92
3 19 92 -47.829862466863140 -32.407022971898407 92
8 13 78 -56.876000985315613 75.998004785150513 92
8 13 78 -68.170972441834465 -57.110043940721674 92
1 20 100 -37.837382480146580 -70.105170721026198 92
3 19 92 -73.314493386495087 -53.907189311645332 192
8 13 78 -54.821515329985381 -80.022505940042748 192
5 19 84 -35.321755982023248 -54.650092074358554 192
5 19 84 -53.674752019207872 -21.375964941418083 192
5 19 84 -90.301564013038245 -11.252890153163118 192
8 13 78 -29.547789492029267 -86.124864686284241 192
5 19 84 -1.175840683356487 -71.325117364182717 192
5 19 84 -3.807802822954173 -33.416374635153517 192
9 14 76 23.678121072574019 -93.034115153918279 192
5 19 84 51.382909789062978 -75.105236712289340 192
9 14 76 24.424857168392762 -50.501950710106271 192
5 19 84 54.645168438447286 -37.245526352798777 192
9 14 76 87.580180646707689 -39.315543464259093 192
5 19 84 78.429795795769991 -7.609543131834155 192
8 13 78 94.959649141774079 19.790528918428741 192
6 23 77 60.557983776621221 30.398328883739275 192
1 20 100 -85.703660466521157 27.475126617347165 192
5 19 84 -48.354098328598639 16.249699761077295 192
5 19 84 -12.532502701787781 3.568481887811133 192
5 19 84 23.859672541839011 -7.368134638206276 192
5 19 84 18.558210786922483 30.260239008035160 192
5 19 84 35.637170846566022 64.205918015548036 192
8 13 78 67.099448973365369 70.047583452041621 192
10 13 102 -76.800236226379553 59.251360453345690 292
5 19 84 -86.352302939840371 28.710273021795469 292
8 13 78 -96.988856974366669 -1.470245831773010 292
8 13 78 -71.070992246311889 0.594769407457485 292
6 23 77 -44.524487419179536 24.911082480434633 292
8 13 78 -47.770836497079266 -10.942246760577559 292
6 23 77 -42.728732810789865 70.876017652655293 292
6 23 77 -74.317341324211611 -35.258559833554706 292
6 23 77 -3.819808572536758 46.338380956716527 292
6 23 77 22.556728772129283 84.024960500440557 292
6 23 77 62.250097786044243 60.777671275131382 292
6 23 77 35.873560441378203 23.091091731407349 292
6 23 77 -5.615563180926436 0.373445784495864 292
6 23 77 -27.006422782996978 -40.350393983931014 292
10 13 102 -58.302806398403519 77.522788688683519 394
11 19 55 -75.624152490833012 50.616080054101730 394
6 23 77 -86.420207692426345 10.027347724991600 394
6 23 77 -42.748853225139719 24.477704087123470 394
6 23 77 -24.032522221716864 66.497924859631468 394
6 23 77 -52.070154755438750 -20.567976480287712 394
6 23 77 2.999890938194206 29.278996358774982 394
6 23 77 -6.321410592104829 -15.766684208636192 394
6 23 77 -25.037741595527681 -57.786904981144197 394
9 14 76 -56.084952714433115 -77.913272803931179 394
9 14 76 -69.378306995331897 -53.270084455778864 394
9 14 76 -89.753157721088954 -34.064214053656528 394
9 14 76 -76.687811715232613 57.749281678035018 496
11 19 55 -87.078003679606539 26.427661174883209 496
11 19 55 -50.699994009929014 37.411304125782948 496
11 19 55 -59.376885023190724 0.415202137276403 496
9 14 76 -91.697300048802674 -6.247437922954754 496
11 19 55 -82.688880557906742 -37.994065748222212 496
6 23 77 -40.696353937131974 -37.201785492553725 496
9 14 76 -64.499571480094090 -65.528572013485118 496