8 12 78 98.000000000000000 0.000000000000000 0
5 24 70 80.122448979591837 31.247290594749217 0
5 24 70 64.959798383266161 -14.294931868518258 0
5 24 70 33.100402083437046 21.607419968240784 0
12 16 64 64.726099008520180 68.165475918086571 0
7 26 90 16.221764909701591 -25.457552220823516 0
10 28 97 62.900055355852217 -52.607822956578680 90
10 28 97 81.999992829143849 0.034293153208836 90
6 39 91 15.231135501751261 -5.526254589081631 90
10 28 97 54.455435631305342 48.791829686292651 90
6 39 91 -9.606998067594311 68.413363483987609 90
10 28 97 -70.860350894974530 41.265126572459245 90
10 28 97 -80.823346075770871 -13.841485798720218 90
12 16 64 -39.385706677883050 0.954528567676403 90
12 16 64 -40.320353080967621 -31.031819084114055 90
11 13 58 -80.014292503367841 -54.833502488765873 90
2 18 102 31.666370765961528 -86.378475111063736 90
7 26 90 -12.211884059417745 -83.107580206136063 90
8 12 78 17.786911382732193 -59.782223359561470 90
12 16 64 -48.503847620191451 -61.967727299753918 90
8 12 78 60.255585564416478 -77.286896743816058 192
5 24 70 24.620601616326447 -82.400400339137576 192
9 19 77 50.317271829079530 -47.923144938264826 192
9 19 77 12.950608412794455 -41.014276352594486 192
9 19 77 37.617195827535774 -12.108230872264151 192
9 19 77 74.983859243820859 -19.017099457934499 192
9 19 77 89.569433582326511 16.072229706583972 192
8 12 78 81.283476565001024 -49.370267688066370 192
12 16 64 79.798648892905589 49.680737060421905 192
9 19 77 53.166077643527871 26.971572640593074 192
8 12 78 53.054202876939392 57.971370769558384 192
6 39 91 -42.929636611209368 -56.551271430707132 192
8 12 78 -12.181748291459208 -97.239935255858384 192
8 12 78 -90.386103988922770 -37.872842588108412 192
8 12 78 -76.588341685806327 -18.235588313981928 192
4 16 61 -53.390745287259129 -2.555297457938785 192
9 19 77 -18.419934235488100 -3.984414101648896 192
9 19 77 13.235193889355362 17.038260880373361 192
4 16 61 26.365353893104945 49.482041459645174 192
9 19 77 35.236377080870852 83.339166966724477 192
5 24 70 -82.239424985369951 25.153070947216545 192
9 19 77 -64.410603527172313 64.282767156255943 192
9 19 77 -40.351508962549474 34.869165392266964 192
4 16 61 -7.029132723450104 45.575203024365315 192
5 24 70 -7.705743306525832 85.569480091451680 192
11 13 58 -90.367485620371951 -35.252199117953879 283
4 16 61 -73.376186349623666 -58.753172482728985 283
7 26 90 -35.202435577631590 -76.267873507806016 283
4 16 61 -49.957991859568416 -36.945188467099619 283
11 13 58 -21.109255629698389 -39.903299002455711 283
4 16 61 2.198572244573967 -57.158592676667475 283
4 16 61 4.804542540853022 -89.052305518149439 283
11 13 58 33.742920531073352 -90.941823788802850 283
4 16 61 57.523499921815777 -74.344111782607641 283
7 26 90 75.671271558722296 -36.467227214117955 283
11 13 58 96.926766589742854 -3.768543280567037 283
11 13 58 71.650913342592091 2.324997777676398 283
11 13 58 39.678520377365572 -51.484612552349908 283
11 13 58 38.237891743573513 -25.524554980389510 283
11 13 58 45.822296239434529 -0.655361015904790 283
6 39 91 -69.511600082419250 14.461585458787432 283
7 26 90 -7.049929079148139 -3.525622648062313 283
6 39 91 -7.271477177488297 61.473999784995875 283
11 13 58 -56.209816064596595 79.053504526897584 283
11 13 58 24.070132373317335 19.980584515041908 283
10 28 97 59.535174291509307 56.387614083942317 283
2 18 102 26.277834886132283 88.167314769687579 380
1 25 104 59.424645608059599 60.775912122785314 380
2 18 102 17.068028770178479 53.365310929297294 380
2 18 102 -8.466487600226198 78.742238909837724 380
2 18 102 -44.420274991129716 80.565744393708769 380
2 18 102 -28.022583368650515 48.517098408986172 380
1 25 104 -70.986419029254961 46.753912279113393 380
1 25 104 -40.273000626204912 7.299052882593081 380
10 28 97 -75.291166217998281 -32.484462278661084 380
10 28 97 37.890368601982530 12.347873613822962 380
2 18 102 -1.531130456562430 -11.357514212094149 380
2 18 102 -29.293689866402577 -34.275635754120586 380
6 39 91 45.895217064872881 -54.172216592716609 380
2 18 102 -10.116138769695088 -64.742364064413010 380
11 13 58 -96.972398076039511 2.313873674626365 380
11 13 58 92.124937983154297 -30.364383767828627 380
11 13 58 -0.167725539921801 27.598495577728144 380
3 16 115 -35.940772489520171 -86.857704740895329 380
11 13 58 -59.868807976746325 -70.473287823530043 380
6 39 91 -60.269520337573979 -37.531119331546158 495
6 39 91 -58.353863703217002 40.445353143548822 495
6 39 91 8.217914040534815 -0.201890404280009 495
11 13 58 -9.565160419295481 -49.066624750801651 495