6 10 93 100.000000000000000 0.000000000000000 0
6 10 93 98.000000000000000 19.899748742132399 0
6 10 93 81.766312060385914 8.217823563497323 0
6 10 93 83.766312060385914 -11.681925178635078 0
6 10 93 65.532624120771828 -3.464101615137756 0
6 10 93 63.532624120771821 16.435647126994645 0
8 14 89 86.755771184755062 41.102751320786574 0
3 25 76 55.477998216795427 64.398693417314334 0
7 12 89 31.687072664465337 92.735804444437179 0
6 10 93 21.598832422188572 73.185167400747076 0
8 14 89 5.732903074016871 91.192729310090158 0
3 25 76 28.977616530069191 21.999049899263081 0
3 25 76 -8.639540688742363 54.937621252240945 0
3 25 76 -58.137002171948154 62.008781462458167 0
7 12 89 -29.530760720127688 85.475416287250340 0
11 19 72 -38.508885186840907 22.629382995506631 0
4 20 104 -85.965312777544526 26.645168399898328 0
8 14 89 -95.818790248564810 -5.895713298791048 0
8 14 89 -68.056377812592331 -2.255870481448360 0
6 10 93 -79.403526931430761 -23.403972213633313 0
3 25 76 -46.235921251123031 -34.580283476103517 0
8 14 89 -83.169509037627421 -47.106659377240028 0
5 11 75 -98.988840168962142 -1.486446098473326 104
5 11 75 -96.872947277982902 20.411567447825881 104
5 11 75 -89.973205138708209 41.301602354726285 104
5 11 75 -78.630341758015817 60.152051960158722 104
5 11 75 -78.966657699961644 7.630143679401359 104
3 25 76 -74.773160150221955 -28.124780153552432 104
11 19 72 -52.276330927709935 74.486141158852888 104
3 25 76 -51.164482849052249 30.500191199235267 104
5 11 75 -46.970985299312552 -5.254732633718530 104
5 11 75 -38.854720021487466 -25.702867950660536 104
5 11 75 -44.152440100381142 -47.055482824855389 104
5 11 75 -60.885676000357336 -61.338298244643880 104
3 25 76 -10.750346148397156 59.939918690174508 104
5 11 75 -15.705476140193980 24.282567600050115 104
3 25 76 -6.244711285735288 -10.452053865695548 104
5 11 75 -22.627492996460496 -42.508324132504939 104
5 11 75 -29.452011605806099 -63.423054485791724 104
2 37 105 18.377987611587017 -67.459287242233586 104
5 11 75 -46.185247505782293 -77.705869905580215 104
4 20 104 73.302553054992359 -52.218155038454114 104
3 25 76 84.558853172932714 -8.648719562941501 104
5 11 75 54.118090264299923 -27.867459207892363 104
11 19 72 83.855141973654128 35.345652697019318 104
3 25 76 42.964604531194546 19.098685359487959 104
10 14 72 57.548343872611390 55.269316357876839 104
9 12 36 54.957408636598863 81.139899161570867 104
9 12 36 34.876331420399566 67.996446881555471 104
9 12 36 30.381790431434865 -15.696038225143221 104
6 10 93 64.519401634094535 -76.401877023921330 209
7 12 89 78.149362002948379 -59.132708533705170 209
7 12 89 54.249167406338245 -56.946227743904402 209
8 14 89 40.673912324692623 -79.120817919784884 209
8 14 89 68.300575252178533 -35.070260621286522 209
8 14 89 28.423193330774630 -53.943052249812155 209
7 12 89 42.474601176614918 -32.067085127194282 209
6 10 93 55.815292328509230 -14.573487452908733 209
7 12 89 77.479505429516408 -10.744405224208373 209
6 10 93 99.473832620739117 -10.244834002617035 209
7 12 89 97.305310176348144 11.648030369323287 209
7 12 89 73.337753378919786 12.895516305935899 209
3 25 76 36.373887129014982 14.530322673414561 209
8 14 89 67.368944685842507 38.201114951007412 209
3 25 76 38.554442050471700 64.482751845923389 209
11 19 72 3.394930761452024 90.936650725243595 209
10 14 72 0.079691527961248 58.103600473633954 209
12 12 84 -21.549912960529646 72.531358777384909 209
3 25 76 -57.254051534237476 62.824943954729306 209
4 20 104 8.333432938215285 -89.613357795946186 209
10 14 72 -25.540355502475819 -92.540208778709555 209
12 12 84 -50.162516064318794 -84.188609574555628 209
10 14 72 -69.227313330406332 -66.509992400042762 209
11 19 72 -83.290442452739256 -36.656543699958000 209
12 12 84 -53.639198143670441 -45.701084093140786 209
12 12 84 -37.722864285271193 -63.664110467000334 209
10 14 72 0.541859731755480 -56.518171031578504 209
12 12 84 12.467597038366980 -33.414561147110348 209
12 12 84 8.456773891996713 -9.752074006310025 209
12 12 84 -0.569584470828264 12.485840794899635 209
1 21 114 -31.115956848740744 24.972599163263510 209
12 12 84 -64.082397184285881 26.460487466511783 209
11 19 72 -90.434083303503570 10.132945132338222 209
11 19 72 -57.471907291885088 -8.774591792895663 209
10 14 72 -32.585032973082832 -30.445851254222340 209
12 12 84 -15.518970310335394 -10.830818621285475 209
2 37 105 -70.947980735589482 -17.186739933519206 323
2 37 105 -49.513962075762407 53.641099537201519 323
2 37 105 1.107736871134385 -0.335224862758775 323
4 20 104 -25.046280282210759 -50.980731936363327 323
10 14 72 -55.631084681766090 -65.832322418225559 323
7 12 89 -72.289320326918642 -66.168377391864070 428
10 14 72 -85.452926033839788 -43.746970549457558 428
12 12 84 -59.537037939053107 -45.836646184213926 428
11 19 72 -90.319527401155227 -11.107788710268569 428
10 14 72 -46.373432232131968 -68.258053026620431 428
10 14 72 -33.660026762747293 -43.310722079783247 428
11 19 72 -13.391596461834446 -69.352817485818420 428
2 37 105 -62.601196078971753 37.551168417003105 428
11 19 72 -33.528624893570267 -10.310983693717569 428
11 19 72 -2.546412379974850 -32.313313292248985 428
11 19 72 23.447503094518623 -60.031833424191262 428
2 37 105 68.114879906393895 -26.255725762917638 428
7 12 89 63.083238401933144 -74.996700145572191 428
4 20 104 85.527200084072064 28.019601099571382 428
9 12 36 -97.933814218598755 3.601115465655596 533