3 10 111 100.000000000000000 0.000000000000000 0
3 10 111 98.000000000000000 19.899748742132399 0
3 10 111 81.766312060385914 8.217823563497323 0
3 10 111 83.766312060385914 -11.681925178635078 0
3 10 111 65.532624120771828 -3.464101615137756 0
3 10 111 63.532624120771821 16.435647126994645 0
7 14 108 86.755771184755062 41.102751320786574 0
10 30 88 58.735721188830851 -42.882398261920606 0
7 14 108 41.557379143415545 -2.374318023890109 0
3 10 111 44.179731359468249 21.481986569549413 0
3 10 111 58.226435893491860 35.718913616276893 0
3 10 111 66.476373290611733 53.938093974997841 0
12 18 108 38.526734786710080 55.616696817012119 0
10 30 88 11.005537558686903 -79.239372429647204 0
7 14 108 15.366958528565565 -35.456065026899495 0
7 14 108 14.028314318217776 -7.488082767213642 0
12 18 108 16.335214138001604 24.428655995095419 0
12 18 108 2.587070647288428 57.700093453653793 0
12 18 108 22.361177130489999 87.783057283552694 0
2 33 81 -34.640075095853227 22.841240635196176 0
7 14 108 -27.253094735445735 69.257105607799602 0
8 19 54 -60.236469511480806 68.209733475453802 0
1 14 100 -9.486786915186602 90.898693036539655 0
2 33 81 -69.463268589890220 -33.224303104937661 0
1 14 100 -55.724525846409449 -78.171460388001236 0
1 14 100 -32.601040574907785 -62.382083297734304 0
1 14 100 -80.480641123640055 12.466149972839705 0
1 14 100 -78.246291248581841 40.376859040074585 0
11 17 83 -15.617149438323807 -36.448563639564796 0
7 14 108 93.200000000000003 23.016515809305290 111
7 14 108 82.594382577564019 48.930235709947162 111
12 18 108 91.564440326220890 -8.941659115954565 111
7 14 108 65.455251548271789 26.788641648977830 111
7 14 108 54.849634125835813 52.702361549619702 111
12 18 108 33.521478240097849 28.846339951003117 111
12 18 108 24.828596269669326 63.781047664796844 111
1 14 100 52.074094276749605 80.564457281027543 111
10 30 88 44.408327038695390 -17.902740502375600 111
12 18 108 4.080236364878978 8.128876861984256 111
10 30 88 -20.880305050533124 49.128527741589281 111
1 14 100 2.312735817013234 86.519473909295769 111
5 15 72 -56.946408800596629 76.040163891954705 111
1 14 100 -64.869276030253531 48.143422597293977 111
10 30 88 -79.716902127275716 6.724248302252462 111
11 17 83 -83.916457437229269 -40.087755876148627 111
1 14 100 -54.772629751202459 -29.521900122487349 111
9 22 69 -54.349058834068813 -65.519408198438370 111
9 22 69 -19.839868203427557 -38.222599556802940 111
1 14 100 -26.011757254055532 -2.755603834769500 111
9 22 69 -13.454733792849314 -81.756839627795912 111
1 14 100 20.474189147866518 -93.791297990471293 111
9 22 69 49.627823948536253 -72.671033363597431 111
5 15 72 77.527144223723766 -48.368195500859855 111
5 15 72 17.640227767293997 -54.075504585265378 111
1 14 100 95.877145200213747 -4.855206304280955 219
1 14 100 90.398074923325979 -32.313898714898855 219
10 30 88 52.230721753306035 -10.422047445648724 219
10 30 88 63.633820679301650 48.484398168426125 219
2 33 81 3.543404175441758 29.559762256667003 219
2 33 81 -59.606753702881569 48.744588550976765 219
10 30 88 -79.222876014368438 -11.123664684446659 219
5 15 72 75.744366164502637 -57.339262240961460 219
10 30 88 31.754400388168364 -66.819922080705737 219
11 17 83 7.984543941082265 -26.273727136112981 219
11 17 83 -23.186492268683402 -12.695564461823126 219
11 17 83 -17.112811116272486 75.093494476004693 219
11 17 83 16.781240231099822 77.775524166684761 219
9 22 69 -41.634954050902479 -47.056214308268139 219
11 17 83 -36.181789107636781 -85.673088755866019 219
1 14 100 -76.735475754993217 -55.053299783655710 219
1 14 100 93.200000000000003 23.016515809305286 319
10 30 88 60.449794978324327 52.400594338982032 319
11 17 83 29.853786926819001 88.078098333967745 319
2 33 81 74.347368289220384 -20.036687063160624 319
2 33 81 -2.502884783654018 49.959260526124289 319
2 33 81 -67.299528633534734 37.413546286125253 319
2 33 81 -71.551625447735745 -28.449339109844626 319
5 15 72 39.249855584504424 12.707237593824244 319
2 33 81 0.750999147687015 -15.960480366580686 319
5 15 72 -30.131803337520996 -52.706262582498070 319
5 15 72 94.814207436874284 -5.938524068939397 419
5 15 72 88.234829987963494 -35.208163499324684 419
6 20 58 60.671609748455275 -13.638071009296638 419
6 20 58 58.441753970079326 -53.575869436446368 419
9 22 69 22.681742522577998 -31.548123721676230 419
9 22 69 27.545876508648053 12.182188426369983 419
6 20 58 67.272261138970322 25.813562685911620 419
5 15 72 88.234829987963494 -35.208163499324684 491
5 15 72 94.814207436874284 -5.938524068939394 491
9 22 69 58.524884194439920 -13.155519191988407 491
9 22 69 77.284089342060327 26.645136860763948 491
9 22 69 33.436107539279703 22.990757047030851 491
9 22 69 52.195312686900110 62.791413099783199 491
6 20 58 59.468087705253431 -55.144926988922023 491
9 22 69 21.571163786026993 -37.039039618777380 491
9 22 69 -3.517612869133224 -0.892763379758128 491
6 20 58 -4.460816379946731 41.096644417175483 491
2 33 81 -56.186012907044841 52.651039435222842 491
9 22 69 -87.674899497394762 7.557248052150150 491
9 22 69 -80.374174041362409 -35.832836158595988 491
9 22 69 -10.128344557958416 82.712496256966574 491
6 20 58 -48.743381189499068 -8.201460087858740 491
8 19 54 -40.752420104409453 -46.374022759712240 491