10 10 74 100.000000000000000 0.000000000000000 0
10 10 74 98.000000000000000 19.899748742132399 0
10 10 74 81.766312060385914 8.217823563497323 0
10 10 74 83.766312060385914 -11.681925178635078 0
10 10 74 65.532624120771828 -3.464101615137756 0
10 10 74 63.532624120771821 16.435647126994645 0
6 19 53 80.277628055073677 42.854433071168344 0
8 36 78 25.284406574615829 41.990956840279765 0
10 10 74 63.989835692512891 66.848345214753991 0
8 36 78 27.930159482547225 -29.960415568800606 0
11 18 49 79.275020652075796 -46.684805885994180 0
10 10 74 57.942466036848955 -64.821015897690785 0
10 10 74 40.311462839508600 -74.262823259386650 0
11 18 49 79.044659518999936 47.073791025637334 78
8 36 78 73.699598117266589 -6.661023746646951 78
1 13 55 79.697792300845421 -55.292512172728266 78
1 13 55 53.973658027799729 -51.515090313534337 78
1 13 55 33.803349452579774 -35.109034968619497 78
6 19 53 42.949776619555962 38.939946394995140 78
10 10 74 56.984506750239916 64.317620641443966 78
6 19 53 29.876280423148049 74.620244841091520 78
11 18 49 6.602124397267151 45.857184133250435 78
6 19 53 -7.746435131457101 79.961712270297824 78
10 10 74 14.160083485252343 98.992383725671971 78
6 19 53 -45.724750020292134 78.678124250529734 78
1 13 55 -73.674496763069243 63.095709257512112 78
1 13 55 -25.865833793772850 53.585825704798822 78
6 19 53 -84.773619950301125 33.082221215056066 78
1 13 55 -55.055112570401882 44.948573607888257 78
1 13 55 -56.054586765246121 18.967791261433781 78
6 19 53 -78.011097319923110 -4.311204512919506 78
8 36 78 -24.988161296571860 -18.925179176357290 78
6 19 53 -74.831021111315053 -42.177906446246695 78
11 18 49 21.758359184339422 8.107445981546677 78
9 12 77 -21.589229091210445 28.954328547337582 78
10 10 74 86.030840685821147 -50.977391566172358 156
10 10 74 74.165851035143433 -67.077764872071540 156
10 10 74 66.155013567160751 -48.752195765995602 156
6 19 53 79.121564936918716 -22.812485945424598 156
6 19 53 42.311039753993519 -32.245684541724273 156
6 19 53 52.546912722116886 4.349764691485607 156
6 19 53 89.357437905042076 13.782963287785279 156
11 18 49 77.889804833996564 48.960987560729663 156
8 36 78 -2.277227593147487 -0.044963820288876 156
6 19 53 36.612187800904131 38.847366661554211 156
11 18 49 51.024751494524821 72.924896028826822 156
8 36 78 -65.916153223137471 33.631246546386947 156
8 36 78 -63.304598565480049 -38.321375242329466 156
6 19 53 -14.648096242226167 53.545722020323787 156
10 10 74 -93.227174888876561 -3.383724689229729 156
9 12 77 -49.823858105050512 -84.389473061086193 156
11 18 49 -16.567898090745899 90.495882518790097 156
11 18 49 -22.018167770663712 -73.126987321774962 156
9 12 77 8.556433417347717 74.101738251051856 156
9 12 77 26.435946529729176 90.111829158482067 156
9 12 77 -46.284414588229197 86.381438783021636 156
9 12 77 -97.977696309432091 -2.090699858108898 234
11 18 49 -88.172159532379425 26.261574274910284 234
11 18 49 -68.013962844158939 -3.565378406834073 234
11 18 49 -84.943110328156465 -35.336496823802989 234
11 18 49 -48.963940930419000 -34.112009400873788 234
6 19 53 -31.059384183348090 -1.732589274952488 234
11 18 49 -12.964097581906305 -34.005807317343013 234
11 18 49 -30.872045553890164 -65.235687231180648 234
3 13 47 -66.095062703545395 -59.948508134144802 234
9 12 77 -94.531434461477744 -25.841979387332863 311
11 18 49 -91.911104829013169 4.043366061853913 311
2 18 48 -65.107810533168362 -19.989599108726548 311
2 18 48 -57.696299315101477 15.239217241875817 311
2 18 48 -30.893005019256666 -8.793747928704637 311
2 18 48 -38.304516237323554 -44.022564279307005 311
2 18 48 -71.550730714311328 -57.831591144011476 311
8 36 78 -10.306906878903973 41.128316966046739 311
2 18 48 -51.115081358644957 76.493453691797100 311
3 13 47 -59.009856758471258 46.515586499711908 311
3 13 47 -85.009078385866616 46.716769922433471 311
9 12 77 -23.158459948499981 87.375885374551828 311
3 13 47 1.811247724245359 88.606210021806604 311
3 13 47 27.430282224958390 93.040741705228953 311
2 18 48 38.559827595594768 64.107487138157751 311
2 18 48 73.480609333367468 55.358829937030180 311
7 24 108 46.850850952328472 22.880283655407855 311
3 13 47 17.284777269775887 0.635120428362928 311
12 20 79 89.291530521836904 11.270429320477099 311
2 18 48 88.037695091913719 -26.708879476743917 311
2 18 48 52.945540341189030 -18.675158361893690 311
2 18 48 0.900295279843115 -25.681200551621505 311
2 18 48 -6.511215938223772 -60.910016902223873 311
2 18 48 -32.121838579925942 -86.210135635232476 311
2 18 48 88.838180240906652 23.911874277943575 419