3 10 82 100.000000000000000 0.000000000000000 0
3 10 82 98.000000000000000 19.899748742132399 0
3 10 82 81.766312060385914 8.217823563497323 0
3 10 82 83.766312060385914 -11.681925178635078 0
3 10 82 65.532624120771828 -3.464101615137756 0
3 10 82 63.532624120771821 16.435647126994645 0
8 16 74 84.144800066126621 41.900508610655038 0
7 27 71 60.012280859995641 -40.049970612377699 0
3 10 82 95.512185170558482 -29.621318065625442 0
9 28 75 27.514940855381269 4.322575997260230 0
8 16 74 52.164790278710512 40.769591285308096 0
3 10 82 67.430516787843516 61.816149059641504 0
9 28 75 11.696765019865666 58.042081888851513 0
3 10 82 48.387828733674063 67.929743065755417 0
9 28 75 -43.058095556572312 69.785388205849287 0
3 10 82 -21.068004585651316 38.794487943181558 0
8 16 74 47.417291382339471 -81.164034386927284 0
7 27 71 -78.292953823079685 27.553826987500535 0
9 28 75 -29.701455268845923 1.788224563844722 0
8 16 74 -70.482790105486771 -14.730937913163096 0
9 28 75 -46.512979487129812 -51.628745150451635 0
7 27 71 9.896412268505379 -60.159662686610972 0
8 16 74 -22.464445719836608 -88.475292120871529 0
1 15 68 92.000000000000000 23.685438564654024 82
1 15 68 80.026954837319693 51.192641067497142 82
1 15 68 94.798529927223228 -6.183746731340193 82
1 15 68 67.531791706936019 6.327247906430586 82
10 26 68 65.252189838830631 -34.609330056595716 82
10 26 68 41.271311353496827 37.813549239020205 82
10 26 68 19.712492964728284 -9.506820050325954 82
11 23 64 -7.303531373673835 31.372691064006908 82
10 26 68 8.125267295672506 77.880240683620030 82
1 15 68 49.124897655991305 78.054339268407944 82
11 23 64 -40.862963920195917 76.806368093126025 82
1 15 68 -74.442910084228032 59.019091302658495 82
1 15 68 -89.134891917797660 32.862912877627416 82
10 26 68 -83.640123903419024 -7.767217868755406 82
1 15 68 -59.136986019017499 33.217372590332197 82
12 18 60 -41.611505874812643 5.255656875535985 82
10 26 68 -41.873319273073676 -38.743564182847436 82
12 18 60 -40.277677491549674 -82.714622019850353 82
1 15 68 -11.597679612025505 -66.391089264025439 82
1 15 68 80.026954837319693 51.192641067497142 150
1 15 68 92.000000000000000 23.685438564654021 150
10 26 68 82.426738540366671 -16.181247590900725 150
10 26 68 49.374819010283730 23.963124559836945 150
10 26 68 31.134732673809836 -24.732863472422743 150
8 16 74 58.544816861443408 73.542534758193185 150
10 26 68 17.424835073958185 64.989927097550506 150
2 31 104 -39.471099960803642 68.432684207798303 150
8 16 74 -81.349803140019688 47.097871810518598 150
8 16 74 -9.182998868872662 32.493416933061475 150
7 27 71 -82.897396523225538 4.125730198536338 150
10 26 68 -69.514318754175946 -47.156754427577205 150
7 27 71 -30.989262170036739 -10.758677346653380 150
10 26 68 -19.852832360153254 -62.575469326566022 150
10 26 68 29.614375390561875 -78.606544067443167 150
6 18 112 -81.342589870291519 42.981194413296009 254
4 30 114 -79.843884866271296 -4.995402832766835 254
6 18 112 -47.564457096137467 30.529778980036223 254
6 18 112 -31.943502442683691 -1.904551222925285 254
4 30 114 -39.405717017092400 -49.320955068487876 254
5 33 90 3.237653885017970 35.018155062581712 254
6 18 112 1.207163322150844 -15.941408397814095 254
10 26 68 16.011948209120387 -57.375915085483953 254
4 30 114 65.211960728415121 46.340049395265481 254
2 31 104 77.866776956425127 -13.332855898806599 254
6 18 112 -85.159961460047697 -34.810644408329907 368
4 30 114 -47.400398079183866 -64.445343213725707 368
2 31 104 -77.814327411406879 13.635631613914054 368
6 18 112 -39.634613077371455 -17.077710981307490 368
4 30 114 -18.037278542423945 25.789002690089852 368
4 30 114 8.640128665406756 79.532057540624564 368
6 18 112 56.174054678467144 72.859286168480835 368
6 18 112 28.863952058431863 36.000494653821036 368
6 18 112 22.772710756854860 0.519559217928673 368
2 31 104 75.848360983955715 22.091313588094870 368
4 30 114 54.856068177748945 -35.182796118983774 368
11 23 64 -1.619531472594508 -32.435235865941401 368
11 23 64 3.806689686041210 -78.114072584246458 368
12 18 60 -85.159961460047697 -34.810644408329907 482
5 33 90 -43.171852427709460 -63.758851604777796 482
7 27 71 -51.982332013477915 -4.409247987999045 482
7 27 71 -0.713286100655850 -21.364628584993721 482
11 23 64 12.524738931586288 -69.580338610313589 482
2 31 104 -58.366811416076494 53.238288149790876 482
7 27 71 -8.336354599877822 82.580295422001825 482
11 23 64 -8.474375045568109 32.580485918798992 482
7 27 71 38.581058722783354 15.675275098691216 482
7 27 71 81.113275333109982 -17.596492966926451 482
11 23 64 57.873504644115300 -61.867398292240765 482