2 10 112 100.000000000000000 0.000000000000000 0
2 10 112 98.000000000000000 19.899748742132399 0
2 10 112 81.766312060385914 8.217823563497323 0
2 10 112 83.766312060385914 -11.681925178635078 0
2 10 112 65.532624120771828 -3.464101615137756 0
2 10 112 63.532624120771821 16.435647126994645 0
9 19 82 80.277628055073677 42.854433071168344 0
11 25 80 36.479698302494185 38.642384948448012 0
6 25 100 31.374918308047171 -11.096344641362521 0
2 10 112 60.518512935579636 64.081240878622168 0
2 10 112 98.000000000000000 19.899748742132399 112
2 10 112 100.000000000000000 0.000000000000000 112
2 10 112 81.766312060385914 8.217823563497323 112
2 10 112 83.766312060385914 -11.681925178635078 112
6 25 100 70.291971924572152 41.283508471686559 112
5 17 100 57.812154090219899 -4.240038048365768 112
6 25 100 70.786062251464841 -44.185972848087033 112
5 17 100 32.493404593531650 -26.932788519032574 112
5 17 100 34.042630045381685 20.070653564211980 112
5 17 100 30.217507857066906 53.854798369792931 112
12 14 61 93.200000000000003 23.016515809305290 224
12 14 61 82.594382577564019 48.930235709947162 224
12 14 61 65.455251548271789 26.788641648977830 224
12 14 61 54.849634125835813 52.702361549619702 224
7 18 75 91.564440326220890 -8.941659115954565 224
11 25 80 71.013486626502782 -46.712789652808269 224
8 20 76 53.755589146177229 -5.134984393140488 224
8 20 76 27.485076364423684 -35.298872706548018 224
7 18 75 16.254706286545758 1.003727584807198 224
8 20 76 24.105275644344530 38.183944915511326 224
12 14 61 33.528513232861819 70.852011790524841 224
4 19 76 7.177031151985876 90.716537763758510 224
11 25 80 -17.827867778384274 54.512186789297253 224
7 18 75 -57.022924252863191 72.196856646617420 224
7 18 75 -56.732771234169221 36.198025954138764 224
4 19 76 -28.822344342903818 11.907944218020020 224
7 18 75 -64.170088954618095 0.974648700884110 224
7 18 75 -88.334512607526619 -25.710190244156500 224
12 14 61 -86.338179135482875 24.052252080200748 224
5 17 100 46.287151830313810 -80.662876067231053 224
11 25 80 4.793791593569814 -74.158949848108293 224
7 18 75 -10.491591474917012 -33.967444968972252 224
7 18 75 -46.302044985483022 -30.278079255520844 224
7 18 75 -70.466468638391532 -56.962918200561447 224
12 14 61 -50.271069669128401 -81.785203761570699 224
12 14 61 -31.819408578650002 -60.724904547121582 224
12 14 61 72.057640091006007 -63.432613886825145 324
12 14 61 50.689302248295782 -81.526649861139987 324
1 21 118 40.644148799762966 -47.999125464080350 324
9 19 82 17.698136018954294 -80.763137694925419 324
11 25 80 -5.097260179198337 -43.128447418941363 324
11 25 80 -46.509469763137410 -71.146814562226240 324
11 25 80 26.367980863389782 -4.270518934115664 324
11 25 80 74.700149997156046 -17.076823117017618 324
9 19 82 -46.092996652988141 -27.148785627414597 324
11 25 80 -84.775055638551947 -6.179801087447899 324
11 25 80 -40.191096736107269 16.453594782043801 324
11 25 80 3.745668485109030 40.319064856939008 324
9 19 82 -82.789024701125200 37.775354254281744 324
11 25 80 -48.792595283973320 65.708180586119539 324
9 19 82 -8.192746411709738 82.668495192557643 324
9 19 82 29.248260938747411 76.174577377939556 324
9 19 82 65.101467135197993 63.583008554524504 324
9 19 82 63.988159000203872 25.599320674112519 324
12 14 61 -84.704140391981539 -45.179736613392095 324
12 14 61 72.057640091005936 -63.432613886825223 442
12 14 61 87.296074523196580 -39.942400689499237 442
12 14 61 59.333735937904493 -38.490635955981645 442
7 18 75 91.630490235513321 -8.237308978027691 442
4 19 76 86.455185270477600 28.398960189545544 442
4 19 76 56.898049923129257 4.516419494331994 442
7 18 75 51.722744958093521 41.152688661905223 442
8 20 76 20.745098371341371 19.143931042578259 442
7 18 75 19.458578943660338 57.122146742663475 442
7 18 75 48.787148437000461 77.998808627991764 442
4 19 76 39.076268005356759 -64.541259613809885 442
4 19 76 27.980115742456690 -28.197409997147950 442
7 18 75 -4.041016276709311 -9.659688880162133 442
8 20 76 -18.767248856280034 25.370841718337083 442
1 21 118 -18.429247740361149 66.369448465952757 442