11 14 33 96.000000000000000 0.000000000000000 0
8 15 51 90.625000000000000 28.497532787944994 0
8 15 51 68.270713559025822 8.490387121586732 0
8 15 51 62.121160375230914 37.853339896123529 0
7 18 63 74.696415980855022 -23.877966997615843 0
8 15 51 76.114136730074804 -56.847499415853626 0
11 14 33 50.002688306320451 -44.230357853137598 0
8 15 51 42.604455385924325 -16.189920095221492 0
7 18 63 36.178752964095125 16.178434023981080 0
8 15 51 34.319602209131340 49.126022076376017 0
8 15 51 57.982810429067939 67.566536622882722 0
2 17 69 32.627617169545644 87.088682375137410 0
10 26 78 -3.795509860900424 64.233577533461684 0
7 18 63 -44.717504209426060 80.401149352978550 0
8 15 51 -41.262075119347742 47.582556912055054 0
8 15 51 -69.264750133966430 58.345929618862634 0
8 15 51 -88.265810551911784 35.130423960066565 0
7 18 63 -91.970261755234077 2.339006770774414 0
8 15 51 -63.243768881716008 18.580577113192536 0
2 17 69 -87.198074570367638 -32.334127345895766 0
8 15 51 -62.338266859671350 -12.184934791671530 0
8 15 51 -56.576983369024681 -41.626531428749523 0
11 14 33 -67.109562944687539 -68.646242150412149 0
1 34 96 -19.355000913438396 -73.494108196785405 0
8 15 51 -31.026690840581285 -25.904491112334814 0
7 18 63 30.957145988639216 -86.635184031882105 0
11 14 33 -2.159792482079673 -28.679771127024679 0
11 14 33 19.919690133061266 -45.898843327572799 0
12 22 81 -26.577632674441087 13.621297364119794 0
11 14 33 -67.109562944687525 -68.646242150412164 96
7 18 63 -82.548526821505178 -40.617000376680217 96
11 14 33 -50.965932344927367 -45.768672544824952 96
11 14 33 -39.225191189522185 -71.188251556322669 96
10 26 78 -83.932724191253129 3.361221479615701 96
11 14 33 -85.668373450090257 43.323547758879016 96
11 14 33 -59.038851381014140 34.670886065932237 96
11 14 33 -49.979913350923070 -17.786039242302067 96
11 14 33 -44.607326988955130 10.676488725690373 96
11 14 33 -26.239251543155955 -32.631273390985207 96
11 14 33 -14.498510387750777 -58.050852402482924 96
11 14 33 -15.484529381755074 -86.033485705005816 96
6 19 66 -60.899537601048173 67.618387439945067 96
1 34 96 -12.393253355046340 46.260944038496589 96
10 26 78 22.455227750426737 -73.361673334588588 96
7 18 63 65.562127875338916 -64.541516781508207 96
12 22 81 44.335133287474022 -30.638497730592483 96
7 18 63 84.213922768337298 -33.750112992958393 96
7 18 63 91.989344530569454 1.400176001862217 96
6 19 66 55.726152529717140 8.747345927032104 96
7 18 63 81.070235200126831 35.704301867854504 96
5 15 96 -42.346521065626590 85.039826867406333 192
1 34 96 -63.953174791072072 41.060826028498070 192
5 15 96 -20.762818021245931 64.203710077274991 192
5 15 96 -15.368753083005847 34.692626338414279 192
4 17 92 -27.718298962546154 5.171638608171765 192
9 22 100 -61.174609869010652 -14.870199145137803 192
5 15 96 -93.943718678400032 2.310764385421226 192
7 18 63 -2.904657152920102 91.954135126289941 192
7 18 63 11.842183730208406 59.113144216031316 192
4 17 92 14.877695417748477 24.245025987557785 192
4 17 92 3.685179615267000 -7.859920516231977 192
4 17 92 -23.302220926292112 -28.540351169616709 192
12 22 81 -49.616539847945717 -57.325010620259917 192
7 18 63 38.101473161740635 83.739344055856790 192
7 18 63 46.298743105935650 48.685032402908909 192
7 18 63 47.926391733930735 12.721846226712213 192
6 19 66 36.576429971139234 -22.494320060707128 192
12 22 81 7.960561845007380 -51.856406011603582 192
10 26 78 54.397095871157909 -64.007468007913388 192
12 22 81 84.001701097934514 -26.224305761130605 192
2 17 69 19.487719873954894 -89.113950586839223 192
2 17 69 -14.125475778119805 -83.999942564226586 192
6 19 66 89.860650868602875 14.354909455341797 192
5 15 96 -84.099803158645415 -43.912160384573511 192
5 15 96 -94.999918090697008 0.124750795022603 292