7 10 54 100.000000000000000 0.000000000000000 0
7 10 54 98.000000000000000 19.899748742132399 0
7 10 54 81.766312060385914 8.217823563497323 0
7 10 54 83.766312060385914 -11.681925178635078 0
7 10 54 65.532624120771828 -3.464101615137756 0
7 10 54 63.532624120771821 16.435647126994645 0
2 19 71 80.277628055073677 42.854433071168344 0
4 20 61 41.715433717832504 37.027155156322962 0
6 17 63 58.997030392644128 71.891240112056948 0
4 20 61 24.986797985641033 86.461898697777656 0
4 20 61 -14.947704627227427 88.750020430291528 0
1 13 60 3.518034892649925 61.400130778155088 0
1 13 60 -22.019213820253533 56.516594336670209 0
5 21 83 -52.356902997529943 71.970512770906666 0
1 13 60 -80.907095408939497 53.507400539446515 0
1 13 60 -59.513325955847861 38.732197373737989 0
4 20 61 -87.446906877181974 21.161908334815518 0
4 20 61 -88.007239249224568 -18.834166818039691 0
4 20 61 -71.153727071794947 -55.110317761672505 0
1 13 60 -55.775338775583151 -25.912626527416741 0
9 35 79 -22.266601899995941 8.455448091372457 0
4 20 61 -29.631196739410544 -46.049255768489658 0
6 17 63 -45.068038601788572 -81.350303604766566 0
7 10 54 -23.252610868607494 -97.259015457658819 0
7 10 54 -3.433258946089527 -99.941046287344307 0
1 13 60 -10.565381514376789 -78.074797691141811 0
7 10 54 11.729294198882425 37.938986692331930 0
9 35 79 25.279664086153222 -42.919181744514013 0
1 13 60 59.377992219042859 -76.702373105630087 0
1 13 60 36.760402186603883 -89.525969368945510 0
1 13 60 43.107750738108990 1.647165720028745 0
6 17 63 76.877037993221094 -52.334701961402629 0
7 10 54 91.947574064245501 -29.932047151493329 0
7 10 54 11.153294164162105 -85.644416358580969 0
11 11 95 68.155007073836146 -25.727819832124631 0
6 17 63 92.283534284165157 -11.521688245362036 95
8 25 62 70.525444468836454 -47.446408530815745 95
8 25 62 51.577774396142367 -1.175620782860420 95
6 17 63 29.819684580813664 -37.100341068314130 95
6 17 63 10.355888545883428 -9.222739953608546 95
6 17 63 17.905981424161428 23.928370096122457 95
6 17 63 47.522169923533525 40.628111973458786 95
6 17 63 57.423014291825844 73.154613180856643 95
1 13 60 75.051883982873107 28.706918920286576 95
7 10 54 38.412919141693372 92.327935333861589 95
4 20 61 20.775394184073644 68.060308474826911 95
7 10 54 19.271633608622565 98.125451020899817 95
11 11 95 97.707011327783434 15.948038669140509 95
11 11 95 -0.379408325537909 90.720280469057911 95
2 19 71 -29.992141882831142 85.915490019437854 95
8 25 62 -63.107012697924802 56.942997360026261 95
4 20 61 -87.888376413706681 19.381261346016878 95
8 25 62 -81.203531290013316 -25.119444779529427 95
8 25 62 -44.217288578390288 8.526028171179906 95
1 13 60 -25.200701764638911 54.276240635266646 95
1 13 60 -43.452968575464737 -29.466284405618154 95
2 19 71 -53.978862333971442 -59.685575604860894 95
11 11 95 -17.027115214296568 -15.068345574069806 95
8 25 62 -10.937787499938690 -50.549609474713940 95
11 11 95 -8.349820223187560 11.612241674573916 95
11 11 95 -8.366109243406161 33.612235644296284 95
11 11 95 98.816556586059733 -6.023964182666990 190
3 32 99 72.737451703449835 28.164927120237717 190
3 32 99 67.633035191776600 -35.631192919113872 190
11 11 95 41.553930309166702 -1.442301616209172 190
9 35 79 1.606669035399648 -24.250552682991806 190
11 11 95 26.393476074062136 14.500114367113433 190
11 11 95 30.479218239921721 36.117392432450828 190
11 11 95 39.943362941013127 55.977653384331681 190
11 11 95 57.991790476620139 68.557568467190649 190
3 32 99 2.976944859021330 77.943170318549051 190
11 11 95 45.135147178372868 86.409927501829003 190
11 11 95 98.816556586059733 -6.023964182666973 289
3 32 99 72.737451703449835 28.164927120237728 289
11 11 95 78.493319762218633 -14.448098856452136 289
3 32 99 36.747291970746403 -24.756792451356812 289
11 11 95 30.991423911977613 17.856233525333053 289
12 21 101 24.044396769995387 49.093051767410181 289
11 11 95 51.489331531884162 65.548310984926914 289
9 35 79 -28.088697732935589 69.541534780789675 289
10 24 91 -5.411890333009591 15.073540452499401 289
9 35 79 -64.152434922217424 9.546477818216413 289
12 21 101 64.091252439606407 61.752015033702719 390
12 21 101 85.273281455820239 25.484651650679179 390
12 21 101 43.273808929733406 25.274158110450681 390
12 21 101 22.091779913519581 61.541521493474207 390
12 21 101 -10.185160291103436 88.415284367831617 390
12 21 101 -49.596991737887592 73.899515631375493 390
12 21 101 -17.320051533264575 47.025752757018090 390
12 21 101 -56.731882980048709 32.509984020561966 390
3 32 99 73.473401588392022 -26.185096124148039 390
10 24 91 44.074418761537721 -73.847448235078588 390
12 21 101 21.225150483516593 -35.080052924598704 390
12 21 101 6.840037205879195 4.379654575451776 390
12 21 101 -34.485921269157188 -3.114687031358621 390
12 21 101 -76.460772257030271 -4.567919478646317 390
2 19 71 89.877428196772442 -14.249487735845598 491
8 25 62 80.031558882688500 28.634761790641171 491
8 25 62 46.286859348733302 -8.260973103287743 491
9 35 79 22.910714094131897 46.998015604756638 491
9 35 79 -13.544214697542223 -12.760148413174573 491
9 35 79 -68.442077992716335 30.670538959055389 491
2 19 71 -44.788896692578462 79.214611865876961 491
2 19 71 -88.931714354524203 -19.291194415206963 491
10 24 91 68.575108009456486 -51.898502497580580 491
2 19 71 25.619833330426118 -49.937794143680279 491
5 21 83 -9.743470936642819 -68.631020492138802 491
10 24 91 -53.090104998857029 -56.545106564078125 491