5 10 60 100.000000000000000 0.000000000000000 0
5 10 60 98.000000000000000 19.899748742132399 0
5 10 60 81.766312060385914 8.217823563497323 0
5 10 60 83.766312060385914 -11.681925178635078 0
5 10 60 65.532624120771828 -3.464101615137756 0
5 10 60 63.532624120771821 16.435647126994645 0
4 16 65 84.144800066126621 41.900508610655038 0
11 22 66 46.171191507339998 43.316507559824288 0
5 10 60 70.539916411771557 64.056932978126042 0
6 32 85 57.888331006764687 -44.762585640427872 0
11 22 66 22.082194116406221 -85.184368888930294 0
4 16 65 -15.152850304376642 -92.770637206247287 0
4 16 65 -7.744940074595336 -61.639898923522580 0
11 22 66 30.944511947013410 2.035177281269401 0
4 16 65 9.488414512971051 33.398147212398072 0
4 16 65 14.919208478833252 64.933943966251547 0
11 22 66 -44.979984495378197 -69.226167240839558 0
11 22 66 -78.194691501323931 -40.368183276099749 0
4 16 65 -93.825094533874704 -5.731634645498175 0
4 16 65 -41.266157761885978 -31.408083061526632 0
4 16 65 -9.312942236290448 -29.678338116501287 0
11 22 66 -18.119750131048384 7.287052923021467 0
4 16 65 -20.244805116817815 45.227587201118510 0
11 22 66 -18.411843478777712 83.183354241628621 0
5 10 60 12.659741975726586 90.835581194838838 0
5 10 60 39.086570388047654 74.522406739243507 0
5 10 60 57.787697429746309 81.612388923300671 0
3 11 72 15.021978372653129 -41.374988874577866 0
3 11 72 -67.062282782356149 -9.302615904589370 0
2 30 115 -64.178569299831310 31.595846127016468 0
3 11 72 -48.416041779949062 69.444792297087773 0
3 11 72 -67.452461852338004 72.464925240138655 115
3 11 72 -81.790573788960813 55.779046597020262 115
3 11 72 -92.089645044647270 36.338647134295911 115
3 11 72 -97.841079508005464 15.103746578519910 115
3 11 72 -98.760855724054764 -6.877018005824972 115
3 11 72 -70.104229622367399 37.139589522847515 115
3 11 72 -79.265067091382150 3.316814717452051 115
3 11 72 -80.184843307431436 -18.663949866892828 115
11 22 66 -35.455978878653639 80.541129628013465 115
9 16 80 -43.859735930027028 43.482029970554265 115
6 32 85 -36.893846484844275 -4.009826007470977 115
6 32 85 4.798407821974010 44.546902988782385 115
3 11 72 5.744247202154479 1.557306714021909 115
9 16 80 6.056234608733277 -25.440890704660255 115
1 23 105 -18.410965284979405 -55.811207287816018 115
9 16 80 -56.576882418393588 -47.788566241043327 115
2 30 115 66.796217331831812 44.025735089362129 115
10 18 95 39.141248518324133 83.258408971267215 115
12 12 109 96.887399505135065 14.725210257661992 115
9 16 80 74.001402179469650 -1.406470572606011 115
6 32 85 50.603191635014227 -43.317373012392906 115
9 16 80 42.459147995527431 3.986691857321354 115
7 17 90 15.316840637493087 -77.315511686145896 115
12 12 109 -10.777218746773547 -89.968577119090071 115
12 12 109 92.901323884108194 -31.198461830353587 115
12 12 109 -83.831970123191837 -41.372945132860927 115
12 12 109 96.887399505135065 14.725210257661992 230
1 23 105 85.070805683642305 -18.219715155182080 230
1 23 105 62.639134070752753 21.940216476376818 230
12 12 109 50.822540249259994 -11.004708936467251 230
7 17 90 73.795100970215998 -56.597553593734304 230
7 17 90 44.517539811120251 -39.311015115039154 230
2 30 115 12.230952442207887 5.569045934731591 230
6 32 85 28.815014094732529 65.309893761869617 230
9 16 80 -10.064147252335339 93.459686175822952 230
10 18 95 -21.021821526153435 61.273829429281236 230
6 32 85 -66.570173279485630 40.649871211840988 230
12 12 109 -23.557484603478120 31.381181290344255 230