4 10 52 100.000000000000000 0.000000000000000 0
4 10 52 98.000000000000000 19.899748742132399 0
4 10 52 81.766312060385914 8.217823563497323 0
4 10 52 83.766312060385914 -11.681925178635078 0
4 10 52 65.532624120771828 -3.464101615137756 0
4 10 52 63.532624120771821 16.435647126994645 0
10 18 53 78.566312060385911 40.057421550909162 0
3 21 69 39.746241020025010 36.315485631985240 0
7 11 95 59.248115048368163 61.686274137324112 0
3 21 69 31.418087969563928 77.481513698439457 0
1 18 66 3.371361387811973 50.382046396508073 0
8 19 65 -7.733488614784299 85.676271227489110 0
1 18 66 -44.381800494460826 80.586945499068733 0
8 19 65 -71.869344690051449 55.819327242654715 0
8 19 65 -35.545595987864338 44.657549596582371 0
8 19 65 -63.373853331849816 18.781149282842474 0
3 21 69 -25.490393385520136 5.942011364164493 0
8 19 65 -57.012288074272760 -18.682573002504299 0
1 18 66 -91.799027878785637 -6.077703555615159 0
4 10 52 -94.047131168818979 -33.987308203430267 0
4 10 52 -97.706981886111308 21.291916088203898 0
11 25 82 -57.411867244079822 -62.680758606993223 0
1 18 66 -24.069377474662012 -35.527888114607549 0
8 19 65 -14.244407320910451 -71.199585039170742 0
4 10 52 -8.545810263349923 -99.634176500550367 0
1 18 66 17.697704667470497 -89.873135363673313 0
8 19 65 19.058109034902714 -52.898153281769993 0
8 19 65 50.925691930838511 -73.597360038809271 0
1 18 66 78.151449894840241 -48.542258696256340 0
1 18 66 49.663199565461824 -26.532724553738230 0
1 18 66 25.390573838693264 0.053731402786199 0
7 11 95 5.857600745671142 21.488818576559815 0
4 10 52 80.161753875289804 59.783720322822489 95
4 10 52 66.661708664843189 74.540033524835295 95
4 10 52 60.632389170923716 55.470494819343678 95
8 19 65 85.458147315246649 31.271473541322013 95
10 18 53 91.854538127778156 -5.171443254310066 95
10 18 53 57.847672799830868 6.640970155609894 95
8 19 65 37.692152748171090 73.211564484620737 95
12 15 77 41.463990825299902 39.421429274475145 95
10 18 53 9.840744000960079 48.853834073193283 95
10 18 53 2.317984296719583 84.059062185396385 95
10 18 53 -33.647896399764292 85.626041995824664 95
4 10 52 -60.923650116222930 79.298857851270782 95
10 18 53 -49.960882456502532 53.534197456866416 95
4 10 52 -75.485450581682088 65.589227396581151 95
4 10 52 -87.027833023873967 49.256027846028275 95
10 18 53 -72.398390203240709 25.381786439067881 95
10 18 53 -36.798933210677163 20.026540241681744 95
10 18 53 -59.236440957415347 -8.125870776116791 95
4 10 52 -85.780170683623666 0.786503330820439 95
4 10 52 -98.981223865686502 -14.237883341664689 95
6 12 79 -20.006867141531330 51.873785908342754 95
7 11 95 92.922857060845971 -34.151758895400810 95
10 18 53 64.429975945257027 -28.752154675375468 95
10 18 53 65.366161086375541 -64.739979802514654 95
10 18 53 33.731697728761830 -47.556827353799214 95
10 18 53 27.149394583335670 -12.163702522813844 95
8 19 65 0.157677752872257 13.143356226556419 95
8 19 65 -23.263012777151012 -16.781069500546160 95
1 18 66 -49.566410376193851 -42.802815689967566 95
1 18 66 -47.569417206626639 -78.747384379558241 95
12 15 77 -82.216298763973228 -47.597061018019737 95
6 12 79 -22.589629199950295 -95.360938819879252 95
3 21 69 -11.327289795124337 -64.342239441431673 95
9 15 98 94.644677813396015 -8.208834362956775 190
3 21 69 84.973285382139210 26.467730755875692 190
11 25 82 54.644780653343652 -8.118130530427788 190
11 25 82 41.004244980483676 39.985255905013886 190
11 25 82 6.165758155761395 4.120512273368451 190
11 25 82 -7.474777517098580 52.223898708810125 190
11 25 82 -56.103193331034241 63.854770362601691 190
6 12 79 -87.459525227324278 44.213475853081590 190
6 12 79 -25.444027787717140 84.567461355987305 190
12 15 77 0.681465232412936 91.383516993607557 190
6 12 79 27.549677738896730 94.047941266584559 190
12 15 77 -67.875808570132691 25.626436231591654 190
7 11 95 41.777786148130488 75.976944307504198 190
7 11 95 92.922857060845971 -34.151758895400796 288
7 11 95 98.170752386879343 -12.786843855855302 288
7 11 95 77.044245549920049 -18.924490706881532 288
7 11 95 71.796350223886662 -40.289405746427022 288
7 11 95 77.565042337036658 -61.519624570162257 288
7 11 95 56.294787451204385 -55.900349074893469 288
7 11 95 55.917738712960748 -25.062137557907743 288
2 24 97 78.337840096599976 16.051595597174845 288
2 24 97 32.712902227691181 1.139686113201542 288
7 11 95 47.611037244501340 32.810580843551278 288
6 12 79 96.874597459796092 -14.809198729251598 385
12 15 77 94.231257848496469 12.061096313775652 385
12 15 77 71.038396390647321 -6.967597214604475 385
12 15 77 66.155495123166162 22.632356758535938 385
11 25 82 32.010423444622539 1.796952273210519 385
12 15 77 42.065991036504215 40.512395708680799 385
6 12 79 67.490939042558253 49.599310415524315 385
6 12 79 88.771938641068559 38.503407744348600 385
8 19 65 81.014387160928194 -41.444771358269470 385
12 15 77 47.625119540627693 -35.029414175699451 385
12 15 77 17.629269718910312 -35.528406633535894 385
12 15 77 -4.277181132093940 -15.031884706327483 385
12 15 77 -5.771854408695173 14.930858021871050 385
11 25 82 4.283713183186505 53.646301457341323 385
6 12 79 38.672977684575990 67.298352111124913 385
7 11 95 61.241223404225529 71.733922552175358 385
7 11 95 79.335090262625300 59.219451644042579 480
7 11 95 64.297807098971248 75.278097759331587 480
2 24 97 47.563151766722591 44.538037399748013 480
7 11 95 42.648627461187935 79.191283291732063 480
2 24 97 84.809390367939244 14.260690916589382 480
7 11 95 97.266060782661555 -18.447585745120900 480
7 11 95 90.790350072290011 -39.472931658935956 480
2 24 97 39.965319853732112 -2.856824665901506 480
2 24 97 8.349831900914836 72.220442372976905 480
2 24 97 -39.467059591077565 76.409104216934338 480
2 24 97 -19.186101409811073 32.904130532886207 480
9 15 98 -74.401367217103058 59.071452972021802 480
2 24 97 -83.367330606688142 21.116064678702759 480
9 15 98 -93.550664426982024 -16.530976537101417 480
2 24 97 -54.557796191535843 -17.276782660120070 480
6 12 79 74.724061346807957 -23.014670311228279 480
2 24 97 50.536285535501037 -49.678344126026502 480
2 24 97 4.702177398360874 -35.422309218909383 480
2 24 97 -35.660440793187178 -61.400358659221759 480
9 15 98 -74.576939040677146 -58.849640299012222 480
6 12 79 17.269702469472751 25.087923526689245 480
6 12 79 3.817498274493105 5.212355552501133 480