1 18 100 92.000000000000000 0.000000000000000 0
6 25 84 75.217391304347828 39.589696202024840 0
2 27 90 47.197898163971416 -4.215645985388781 0
7 36 109 15.112583911766933 50.001810699126437 0
7 36 109 -14.783631508860296 -15.497932075356660 0
1 18 100 -36.450993136670405 33.964431799509882 0
1 18 100 -35.072544345797148 69.938031548922510 0
1 18 100 -69.690789424437355 60.059918992608793 0
2 27 90 -73.139715737771596 -39.237507334156248 0
1 18 100 -36.271067707509928 -65.038724212836271 0
2 27 90 -81.799857984745955 14.063542714244953 0
1 18 100 67.692767713933421 62.303203763750815 109
6 25 84 28.533787915146821 80.067614846537182 109
4 20 85 39.796724469679241 36.499894454387018 109
2 27 90 81.622133045655147 15.060790054886532 109
2 27 90 -6.881315096003618 41.991763198680331 109
2 27 90 -58.011969580642607 59.360015038530747 109
2 27 90 -47.487989650959392 6.395443422783444 109
4 20 85 84.168228226244238 -31.870195437977156 109
4 20 85 38.432358335923404 -3.476830086939028 109
8 26 73 -74.195208023640191 -39.383640084796113 109
4 20 85 -28.285501988996238 -36.502860361773735 109
4 20 85 11.570822551912400 -33.115620469211656 109
4 20 85 -5.423903922871085 -69.325829969396736 109
4 20 85 -44.408641739864798 -78.280729038635926 109
8 26 73 52.693947382865957 -65.416724996072332 109
1 18 100 -88.241946081831344 26.026120565523598 109
1 18 100 -13.993482093528069 86.426176445614573 109
10 19 120 85.883481543149699 30.083676604222845 209
11 34 111 43.704620128913255 62.176411760308184 209
11 34 111 46.834306424885540 -5.751528468207525 209
7 36 109 -15.853929560165184 25.396265499946811 209
11 34 111 -75.053108363336605 -11.959553712461581 209
11 34 111 -15.400334669673523 -44.602264853735051 209
3 21 65 -7.673133319395163 81.806145599686459 209
3 21 65 -48.996740862936662 74.298851840457345 209
3 21 65 -77.613331575311918 43.556523756845991 209
10 19 120 11.495041935903998 -90.271058545315668 209
9 20 73 47.872666773016199 -76.211598697571958 209
10 19 120 90.681054063459769 -7.612255509366872 329
11 34 111 65.285662853865460 38.907354391315444 329
6 25 84 47.792581715846616 -17.439713964533290 329
11 34 111 65.285662853865460 38.907354391315444 449
7 36 109 67.162577379144381 -31.067478169147307 449
7 36 109 8.962279998052558 -73.455275761762053 449
7 36 109 4.443366749577571 4.292112015186484 449
3 21 65 14.646809073463452 60.371428743755267 449
9 20 73 -14.944083480454569 88.750630245250690 449
3 21 65 -52.353966448770478 71.972648951396920 449
3 21 65 -79.529969193010288 39.949768461892674 449
3 21 65 -88.994715068613530 -0.969891672451702 449
10 19 120 -51.093947988823878 11.818065739251431 449
3 21 65 -56.673865238748668 -27.790828760393364 449
3 21 65 -55.259086375687275 -69.766993434749168 449