10 14 60 96.000000000000000 0.000000000000000 0
5 15 76 90.625000000000000 28.497532787944994 0
5 15 76 68.270713559025822 8.490387121586732 0
7 30 108 71.233185743686079 -36.411993200119099 0
3 22 83 56.891087800240960 43.696979083746328 0
5 15 76 50.905869890849097 80.209677786760523 0
5 15 76 23.355988060410237 92.084188771590831 0
5 15 76 -6.523022773282840 94.775788964794344 0
5 15 76 -35.751538261163773 88.016063942672076 0
3 22 83 14.680025136847060 56.115762793394936 0
3 22 83 25.030574291883966 13.350518351334692 0
5 15 76 -9.058816192065418 27.735005009982657 0
3 22 83 -62.253848274309618 62.196932199580687 0
5 15 76 -88.048728193429213 35.671017136039502 0
5 15 76 -59.908968026650925 25.271310517283446 0
3 22 83 -85.703847945770505 -1.254604546257742 0
10 14 60 -28.750275192222233 49.024590314660230 0
1 31 85 -33.956281023316144 -12.708395080666339 0
10 14 60 -73.067510711480324 -34.963994652002640 0
8 18 118 48.061037772714499 -78.448305578958880 0
5 15 76 28.873637501135121 -51.599773574057842 0
5 15 76 19.230110900911743 -23.191986002499505 0
5 15 76 -1.280239329945053 -45.085490368123402 0
11 29 97 -35.545940675880203 -72.687332902113383 0
10 14 60 20.031553941793767 -93.886829995889229 0
10 14 60 20.031553941793767 -93.886829995889229 118
5 15 76 46.780235334782617 -82.683792740913589 118
10 14 60 23.026644376946614 -66.047479549349418 118
10 14 60 48.165391543304494 -53.716891935373596 118
10 14 60 75.640137699111008 -59.114884495019751 118
1 31 85 77.720074901747608 -14.162978403808342 118
7 30 108 17.226389765172271 -22.431461317069314 118
1 31 85 64.008853839247507 46.301907414121175 118
4 27 95 -17.954863275227019 -67.278751474975124 118
10 14 60 -57.884545160918833 -76.585765201593091 118
2 16 94 -28.662053080815785 -25.633150429161219 118
1 31 85 -75.586597688028263 -22.970987134822085 118
1 31 85 -32.119033651569850 21.239541890924571 118
1 31 85 -8.455753887014531 78.546166209448060 118
10 14 60 12.880822250726276 21.353422409822002 118
8 18 118 -88.752753561593181 24.227024894425419 118
10 14 60 -67.913567208860712 48.511347247665782 118
10 14 60 -53.008040173161881 72.214200742299113 118
2 16 94 -93.525156602204575 -9.436370199028282 236
9 24 93 -81.109368490314040 28.587940518730136 236
9 24 93 -53.545397641827144 -10.708719785470841 236
9 24 93 -33.295476958745020 32.810709350593008 236
2 16 94 -14.407484542910193 -2.448952339493662 236
12 17 105 -81.901693874786631 -40.321562674133986 236
4 27 95 -42.838783378989831 -60.572217567182953 236
12 17 105 -12.240482877456380 -92.190946295863014 236
4 27 95 10.844608152102570 -54.733255868435734 236
9 24 93 61.567168664061683 -60.045680466549634 236
4 27 95 81.929574215954830 -13.287018807556109 236
4 27 95 72.764248326911058 39.929489921856273 236
2 16 94 44.366077489506253 7.641041630097633 236
9 24 93 21.769294153779391 40.646880248109099 236
2 16 94 -64.512132952286464 -68.368009346086097 341
9 24 93 -80.024118388401590 -31.498261478359201 341
2 16 94 -42.442622618596069 -45.196114438005466 341
2 16 94 -33.409928141220156 -75.894818490104853 341
2 16 94 -93.804916839370122 6.052898211506356 341
9 24 93 -53.897179970828006 8.768140011273788 341
9 24 93 -2.756491615959867 -50.197214921058986 341
12 17 105 -84.952245279532335 37.843308813661842 341
9 24 93 -48.419795002361781 56.454597773485702 341
9 24 93 -9.860803648025751 27.867814363380969 341
9 24 93 21.287330191508833 -8.653326888152236 341
9 24 93 45.243481696248061 -50.247831393939784 341
12 17 105 -4.159778232696148 -91.173193087190540 341
7 30 108 79.542881703920116 -8.539904580038971 341
1 31 85 61.406459267775006 49.701577039316255 341
8 18 118 72.930012460238174 -56.082201120761169 449
7 30 108 79.542881703920116 -8.539904580038979 449
6 22 113 37.017720645684939 -38.466659782886452 449
6 22 113 31.597609794569351 -82.131547259686613 449
6 22 113 29.296539634353781 4.850581170228960 449
6 22 113 57.550550282297927 38.580551260726502 449
7 30 108 -12.450359483172036 -54.495042370190333 449
7 30 108 7.304208212731588 51.971037010994444 449
1 31 85 -70.479066863603151 -35.688949746886038 449
7 30 108 -75.972607663976987 25.063177865853813 449
6 22 113 -27.473705693132601 -4.712524669137245 449
8 18 118 48.000176598932171 77.423702040601128 449