8 13 58 97.000000000000000 0.000000000000000 0
7 15 40 90.979381443298962 27.345057180315223 0
7 15 40 69.695649803919792 6.202617219353049 0
7 15 40 62.027625519428859 35.206089486867114 0
5 23 80 78.357472509057644 -30.797015581862130 0
8 13 58 47.981894317803906 -11.475414987008957 0
3 39 97 21.925312547427730 -56.476021054524317 0
12 33 84 -50.045708376639048 -58.518604503870399 0
8 13 58 -17.202131506285127 -90.725738160269458 0
8 13 58 -19.081644011072669 -24.500569317148312 0
8 13 58 1.524274567029416 -8.645093305604938 0
2 24 84 -84.941868605869246 -13.449124794693674 0
8 13 58 -47.952403245107078 -12.566258822433177 0
10 21 95 -83.232153943069051 31.518384317684419 0
8 13 58 -72.953846207124030 63.927586561572099 0
8 13 58 -53.058728945234613 47.188879648083528 0
7 15 40 -50.404044246473887 80.525972975180508 0
7 15 40 -28.292266868719995 60.251128926541035 0
7 15 40 -51.115388959887241 15.254516173387785 0
7 15 40 -22.915855901526466 5.017996486970040 0
5 23 80 26.423332177739386 17.355616878898594 0
2 24 84 35.214000620737806 63.526215189135726 0
7 15 40 -0.732738690193917 48.399023350862635 0
7 15 40 -0.838810021828145 78.398835831486679 0
1 14 119 74.795746242162068 -60.179700431940475 97
1 14 119 88.979092763591211 -36.037772558362001 97
1 14 119 60.979896668026072 -35.825598096915961 97
9 35 111 74.132180749080192 11.376281351377738 97
9 35 111 13.519433911807212 -23.639356881284179 97
1 14 119 26.671717992861325 23.562522567009520 97
1 14 119 41.093654054700089 47.562684237886550 97
1 14 119 66.303680465724185 59.746877619291325 97
1 14 119 88.979092763591211 -36.037772558362001 216
4 16 109 71.819774835544465 -60.645856763440108 216
9 35 111 43.268704197048891 -18.386699585431501 216
9 35 111 55.401339398591659 50.553848447393747 216
9 35 111 -10.369244149427701 26.590744730366495 216
9 35 111 -74.999412636729659 -0.296823424878824 216
9 35 111 -42.087982652547709 -62.077384901740537 216
4 16 109 93.780203363361395 -6.424442164622508 216
4 16 109 9.817494376598793 73.425513734620566 216
4 16 109 -15.747974040681578 92.671469793103086 216
4 16 109 -56.932616926986356 47.395847844220810 216
4 16 109 -51.145073772072678 78.868126824777846 216
5 23 80 10.587197992816918 -86.353408957961193 216
11 14 96 46.166693036431049 -76.199614965495201 216
1 14 119 95.593037296450944 -8.830131394228449 335
1 14 119 88.979092763591211 -36.037772558362008 335
9 35 111 46.657463667202961 -11.342029795129635 335
9 35 111 14.593300925603643 -73.566538372379426 335
4 16 109 91.645051668931700 20.908957520613960 335
4 16 109 65.250538402693678 -67.663633054681583 335
3 39 97 35.054795535607184 61.742702483425312 335
9 35 111 -19.446204290060649 11.686324088633754 335
4 16 109 -19.937149623348127 62.683961020943897 335
4 16 109 -10.862437585351511 93.370270695250440 335
11 14 96 -40.214907287619930 87.170873758659383 335
11 14 96 -63.657402998600844 71.859133333722610 335
4 16 109 -81.131240842874334 47.473379480457453 335
10 21 95 -41.150675709223016 -78.915282985454496 335
4 16 109 -27.367284315345771 -44.578449676554406 335
11 14 96 -50.859023983956959 -25.919988664396953 335
4 16 109 -68.642032490616600 -1.758767493850314 335
11 14 96 -95.229660699254211 12.137204089283422 335
11 14 96 94.074935253744542 19.128684141983570 454
10 21 95 87.678198199244079 -15.281804884701025 454
10 21 95 59.249779412867198 15.634614786832326 454
10 21 95 46.689583976446812 -24.443327907359503 454
11 14 96 80.368991416118803 43.544807985047797 454
11 14 96 26.251053231862450 3.969107064016667 454
10 21 95 24.291809148640748 38.914226360169614 454
12 33 84 -15.494777649224321 75.424875641933269 454
11 14 96 31.451299820293720 73.174140156361716 454
2 24 84 -67.837626383563318 52.858835085953899 454
3 39 97 -70.278831799758365 -10.093849655174814 454
5 23 80 54.611525582970856 -67.724303418348427 454
3 39 97 -5.870513329389135 -54.088946107160162 454
5 23 80 -15.156954153367844 19.425894621867847 454
6 15 74 60.451088584898748 73.284827139734219 454