1 10 114 100.000000000000000 0.000000000000000 0
1 10 114 98.000000000000000 19.899748742132399 0
1 10 114 81.766312060385914 8.217823563497323 0
1 10 114 83.766312060385914 -11.681925178635078 0
1 10 114 65.532624120771828 -3.464101615137756 0
1 10 114 63.532624120771821 16.435647126994645 0
9 34 113 49.107546252682681 58.003869707465483 0
1 10 114 87.839030033162885 37.126318027194188 0
9 34 113 57.043368445446134 -46.637386619628096 0
1 10 114 45.544957735842516 -4.166378259179756 0
9 34 113 3.211521417098432 7.828627761945837 0
9 34 113 -17.293500330959997 72.663372175043136 0
5 32 80 -70.431247016399908 33.517748189800280 0
12 14 110 -95.879847208599074 -4.801551754974291 0
5 32 80 -56.762520197181722 -29.005574715669049 0
11 10 65 -61.255023255402008 74.503073825789784 0
11 10 65 21.927870354375383 92.605390166297553 0
8 16 54 30.401234264958067 -88.948102594530596 0
8 16 54 10.202558030560006 -64.128483774372157 0
8 16 54 -21.712649161101709 -61.800491095409356 0
8 16 54 -47.005679573004272 -81.403108588554815 0
11 10 65 -69.816009544491763 -68.925574914312122 0
11 10 65 13.824748231544945 -38.382032792772989 0
11 10 65 98.000000000000000 19.899748742132399 114
11 10 65 100.000000000000000 0.000000000000000 114
11 10 65 81.766312060385914 8.217823563497323 114
11 10 65 83.766312060385914 -11.681925178635078 114
10 24 67 50.433047455647966 -4.981666169423262 114
8 16 54 84.144800066126621 41.900508610655038 114
7 23 60 45.145218138872934 41.719927605486120 114
7 23 60 25.327039701113854 83.231851234837990 114
7 23 60 -0.714251502984837 45.312843436329686 114
7 23 60 -27.937718236662086 82.392256309248381 114
8 16 54 -64.377530161768362 68.494770678283217 114
8 16 54 -41.711881401818033 45.905650148909743 114
7 23 60 -78.151693326924303 32.008164517944579 114
7 23 60 -39.566393725606353 6.964709191721461 114
7 23 60 -80.547312037315251 -13.929412812541905 114
5 32 80 -37.364026777997033 -47.991178389392886 114
7 23 60 16.658059409415156 -37.665762951755049 114
10 24 67 3.840892977599701 -85.914187077191301 114
4 21 93 47.554213370521936 -75.230291709595761 114
3 13 114 77.247189642974618 -58.667467068745296 114
3 13 114 57.986528912584717 -41.202446363666908 114
6 14 99 12.654737017298700 -0.882976083101671 114
3 13 114 60.228802035504586 74.407624019171720 114
3 13 114 58.888799463506118 -77.078591695405038 228
9 34 113 69.281567209590946 -31.242030103418902 228
9 34 113 66.549861224582500 36.703078494709558 228
9 34 113 12.617503935349134 -68.834368860840215 228
9 34 113 9.073524108214997 0.364797416958019 228
9 34 113 6.341818123206544 68.309906015086469 228
3 13 114 51.180453851892516 82.398793337732187 228
3 13 114 77.247189642974575 -58.667467068745360 342
4 21 93 85.233122721036267 -25.618641478828859 342
4 21 93 87.490781501825481 16.320635778052029 342
6 14 99 58.402433940176955 -3.143896996528942 342
4 21 93 47.032991522775852 -43.075731054004088 342
6 14 99 31.712115087535125 -11.607163478467932 342
2 25 92 44.778663715913105 33.399130859362558 342
5 32 80 -7.936329727561450 11.716661759778086 342
2 25 92 7.404715063429745 66.613404329085441 342
5 32 80 -51.895803593305743 58.230795713308225 342
5 32 80 -77.999734136775487 -0.203653117682798 342
2 25 92 -64.342378715760645 -55.543301137019505 342
6 14 99 -21.519281025766738 92.774490893525893 342
3 13 114 79.284739749446118 49.315497177339751 342
3 13 114 -40.884117499715430 -25.648318602825086 342
10 24 67 -15.436506824766681 -52.507564886669954 342
6 14 99 -37.265687008518611 -83.612016216106582 342
3 13 114 58.888799463506103 -77.078591695405038 456
5 32 80 70.403185708451360 -33.576650251347445 456
6 14 99 35.517186953754930 -63.559430157275443 456
6 14 99 30.345586667040678 -91.077688650037246 456
5 32 80 71.828865132149645 30.407468388990520 456
2 25 92 23.957824794970840 -0.533822744965106 456
2 25 92 17.983810619087354 49.108005934348718 456
10 24 67 -15.882778666171831 84.520632639855449 456
10 24 67 -1.787852970440433 -70.793654113871668 456
2 25 92 -50.719656638901498 -68.209357352433202 456
2 25 92 -80.293102804261508 -27.892967609494221 456
2 25 92 -22.976963694210454 -26.611965749394066 456
3 13 114 13.541656974746861 -37.118646692337165 456
2 25 92 -24.872151784972360 23.352103961755709 456
2 25 92 -58.505916544451964 60.348993940563233 456
6 14 99 50.241248990052384 71.027350581107498 456
6 14 99 21.966288573950614 87.904138078404372 456