10 12 90 98.000000000000000 0.000000000000000 0
2 17 90 88.836734693877546 27.514261191782229 0
10 12 90 74.132513018557262 2.518544260214910 0
2 17 90 54.988819185027580 24.302000974154453 0
2 17 90 69.130877987420774 55.221285778781692 0
5 25 90 33.830100931955201 77.977716502432429 0
5 25 90 41.870520626983108 -15.596748917815951 0
5 25 90 13.736729320970198 32.192823608565540 0
11 35 88 -18.049396596057250 -18.695703577695969 0
5 25 90 -35.850695859437934 38.602758395864562 0
2 17 90 -73.809225591779892 56.579132350556094 0
10 12 90 -91.934669268216226 33.941369838939906 0
2 17 90 -7.282594569335301 69.390151735971102 0
10 12 90 2.011273883793237 96.860572358450526 0
10 12 90 -21.950697037925046 95.510035596000222 0
2 17 90 -46.713431784985701 80.416760012260426 0
5 25 90 -71.474443187051804 -46.004390780673361 0
10 12 90 -96.235826793477543 -18.511230142153995 0
2 17 90 -81.937657352945266 6.718957147080088 0
10 12 90 95.061224489795919 23.819395426849606 90
2 17 90 92.860222927345077 -5.096959670605017 90
10 12 90 72.521608813100727 15.575262655788936 90
2 17 90 74.722610375551554 44.491617753243546 90
2 17 90 59.246565875956854 -10.207934101343154 90
10 12 90 48.550247802534784 16.747376686555111 90
11 35 88 7.417692324020841 -5.992739403891145 90
5 25 90 30.853637285565430 49.240914139573214 90
11 35 88 -5.433861897348287 -74.802895297445190 90
5 25 90 53.878179534082804 -65.742997878809433 90
10 12 90 85.890260407210448 -47.189651060180317 90
5 25 90 -46.913687524429136 -31.450570493036281 90
2 17 90 -88.753206936002769 -27.782517138932366 90
10 12 90 -97.999552784271444 -0.296064322059010 90
10 12 90 -74.124566035651185 -2.742491871202287 90
10 12 90 -51.499496718931084 5.264145276415364 90
11 35 88 -35.368186429177001 49.409143048933984 90
7 18 87 5.078313726614166 83.659407648606589 90
3 13 67 64.302324459658152 72.623763804176718 90
1 19 119 -85.839494411797432 30.208958921601358 90
3 13 67 -75.757281156885057 60.579157733635327 209
11 35 88 -28.564909494301549 69.347285062808055 209
6 20 87 -66.001166573337386 29.054275049750707 209
3 13 67 -95.839560621602260 14.959231927416127 209
11 35 88 -70.434905580645179 -25.766724197025876 209
7 18 87 -32.456215973350496 11.201087960481741 209
6 20 87 -15.514266739599954 -22.813178989741061 209
3 13 67 -30.408955630500728 -52.260559906272121 209
4 18 71 -51.278403515722289 -75.183608241212696 209
4 18 71 -18.521515214942642 -90.116333004304209 209
10 12 90 -75.124829118764268 62.930597088192869 297
11 35 88 -28.564909494301549 69.347285062808055 297
11 35 88 41.120872364800931 62.722195879590743 297
10 12 90 -65.886535847879671 40.779887450776542 297
11 35 88 -41.561417977197294 0.564360094077486 297
11 35 88 -30.437355760528515 -68.546096710950806 297
10 12 90 -82.570104676325627 23.527104163825229 297
7 18 87 17.920374745932989 -90.237797895146613 297
11 35 88 33.253906685366260 -39.504349379769899 297
6 20 87 -82.332367270086593 -36.350808790226019 297
6 20 87 86.379793499069592 -25.269176382662238 297
7 18 87 91.156513322953572 12.429403799144534 297
1 19 119 54.215893555390608 10.334025268106252 297
7 18 87 17.544564247773778 15.254757613227561 297
3 13 67 85.815538138935295 45.218286278063900 297
3 13 67 77.889525847569459 -57.158286674514073 297
7 18 87 91.156513322953600 12.429403799144300 416
12 25 111 79.876428836228399 -29.064688478821505 416
9 17 97 56.752745022620175 5.996618497506024 416
6 20 87 66.808188247568964 41.604034319913467 416
6 20 87 35.157038426863174 -24.047107247314266 416
6 20 87 28.545989915080973 29.941951368512665 416
6 20 87 37.577428984370471 68.909028604786258 416
7 18 87 7.184918224788625 91.719010843462002 416
9 17 97 2.536502888549972 57.029066553195094 416
6 20 87 -28.140604728352603 77.715174651650401 416
7 18 87 -64.242427076792737 65.855224267198167 416
7 18 87 -38.146349720413774 41.056136650717491 416
6 20 87 -74.248172068853904 29.196186266265258 416
7 18 87 -91.891857656725904 -4.459427810383506 416
7 18 87 -55.893886540007045 -4.077229589723489 416
7 18 87 -73.561878729993680 -35.443486171830493 416
6 20 87 -35.569112563600058 -36.184916563530386 416
6 20 87 2.784618695698563 -47.542350186030696 416
6 20 87 -26.228072972831537 -75.078938975254474 416
9 17 97 -62.675446736506785 -68.707993540630341 416
6 20 87 39.318305814296245 -63.830066585833642 416
4 18 71 9.656100129990556 -87.581983433573399 416
4 18 71 -0.008034750016808 -9.645106397964341 416
3 13 67 -3.270305219738054 21.182763969324817 416