7 10 108 100.000000000000000 0.000000000000000 0
7 10 108 98.000000000000000 19.899748742132399 0
7 10 108 81.766312060385914 8.217823563497323 0
7 10 108 83.766312060385914 -11.681925178635078 0
7 10 108 65.532624120771828 -3.464101615137756 0
7 10 108 63.532624120771821 16.435647126994645 0
6 21 107 35.336905256527359 3.551492605704194 0
7 10 108 49.796632918172662 30.972584413855262 0
2 27 98 60.012280859995641 -40.049970612377699 0
6 21 107 12.719833511247231 -31.838732961093935 0
6 21 107 -6.620465002621408 5.443338512932964 0
7 10 108 95.512185170558482 -29.621318065625442 0
2 27 98 16.874730134982819 47.858919633025721 0
6 21 107 -8.519649245661348 88.591283864333420 0
6 21 107 -48.197645414979156 74.819696447205260 0
6 21 107 -77.142066718494249 44.385825917733946 0
6 21 107 -88.907015014633515 4.067269500258242 0
6 21 107 -48.107646765113834 14.037803610329048 0
6 21 107 -59.872595061253080 -26.280752807146644 0
8 22 97 64.497140159549900 59.396079745116253 0
1 16 60 47.417291382339471 -81.164034386927284 0
10 10 69 83.421590026581043 33.591715826774355 0
10 10 69 -20.881492312408810 60.162691989372256 0
2 27 98 4.465724431082531 -79.123716658804383 0
8 22 97 -42.654883368380496 -65.683169028250632 0
10 10 69 -29.107833290062089 -94.674157872640421 0
10 10 69 -72.646980765167683 -54.526373173632173 0
10 10 69 -89.734421078520327 -44.133135779171702 0
10 10 69 -35.517061582947406 46.531840507264974 0
10 10 69 -15.852091865817611 -48.201453790032645 0
10 10 69 -20.762952319290029 33.029386662275911 0
9 13 66 -20.725747640588899 -25.723743066094620 0
5 12 119 24.388309553977471 86.128308500820040 0
10 10 69 7.110179182671839 99.746906478297859 119
10 10 69 26.817359366249462 96.337060556264788 119
10 10 69 45.451845175177112 89.073732211981138 119
10 10 69 62.268257177097674 78.247454579218243 119
10 10 69 14.010756082989241 80.975064841345826 119
10 10 69 -5.696424100588377 84.384910763378883 119
10 10 69 44.484219717741468 69.097153401430958 119
9 13 66 76.236556561597780 59.974890109364118 119
10 10 69 54.699585539782738 51.902785104751047 119
10 10 69 34.701142881811528 51.653202942251959 119
10 10 69 90.707211829488145 42.097526318304816 119
9 13 66 -26.947713455314084 93.181654522391284 119
10 10 69 -20.619441976469624 71.069373317367592 119
10 10 69 -40.327542256013956 74.473897274020686 119
9 13 66 69.170240807673096 34.025421313691773 119
9 13 66 12.599464002027021 58.018404486184984 119
9 13 66 -12.043391070095691 49.728067104970862 119
1 16 60 92.599380439711922 16.166469688262062 119
9 13 66 64.652904894270733 8.420857731285505 119
1 16 60 -41.016652626750812 48.483031053424206 119
1 16 60 41.171435010000600 26.471159344166146 119
4 20 81 5.480337370418442 21.765253556561326 119
3 19 60 -32.828288099677678 14.454356580683275 119
3 19 60 -68.682097576987672 27.044207491824228 119
9 13 66 -96.373458715451775 11.007109303587036 119
9 13 66 -75.326697677165782 -4.258336965595095 119
1 16 60 -70.012863987124319 62.018899209717219 119
4 20 81 87.857690803634782 -19.519891563554005 119
1 16 60 51.907427124963291 -17.628188248022255 119
9 13 66 26.472930790803343 -3.696698872237464 119
4 20 81 -3.647084863291973 -17.179452930554081 119
9 13 66 -36.646798215329099 -17.316998135423304 119
9 13 66 -61.137902835923036 -26.045445561118353 119
9 13 66 -87.100489775277850 -27.439748044958531 119
5 12 119 83.544616368363393 -51.227893533337756 119
9 13 66 59.162038831183466 -45.706126366623010 119
3 19 60 27.319393594496027 -42.536592594840975 119
9 13 66 -3.754540177868115 -50.179277980929271 119
4 20 81 -36.754253529905242 -50.316823185798484 119
1 16 60 -70.901583618041954 -61.716816512631340 119
3 19 60 -24.992066165094105 -87.500837874842986 119
5 12 119 93.490520249612189 -29.385755451525359 238
2 27 98 82.607244260997774 8.064936181015280 238
8 22 97 60.031056893148232 -35.424324147619316 238
1 16 60 40.942306230939749 -2.566758836780554 238
12 23 95 41.431843990488019 36.430168641957778 238
1 16 60 67.365747374862337 65.558035972916613 238
4 20 81 33.874145709327955 78.760786363542593 238
4 20 81 2.285351544629947 54.222080545583452 238
9 13 66 1.976953269130068 87.220639461143222 238
12 23 95 2.950528149079680 11.227225736142671 238
1 16 60 -28.068580433438587 34.866491857279797 238
4 20 81 -34.333614217375199 70.317152664747596 238
4 20 81 -71.268744179356617 54.961496550743789 238
12 23 95 -85.785516874898974 14.486031012890408 238
11 19 78 -86.744358596727011 -27.503022591025022 238
4 20 81 -51.309646786422746 -11.212497770728907 238
4 20 81 -55.603286947012876 -50.981388303045350 238
4 20 81 -19.015597385409329 -34.815344490667272 238
4 20 81 -23.309237545999448 -74.584235022983705 238
5 12 119 83.544616368363393 -51.227893533337749 357
2 27 98 82.090282603734948 -12.255019463017216 357
2 27 98 72.256041149472097 40.841945563425284 357
2 27 98 44.544949414670910 -51.066718159701018 357
2 27 98 29.705698973847369 0.854343523921347 357
4 20 81 25.757345002169505 47.688204147559190 357
4 20 81 21.311534784740712 87.440371025738372 357
12 23 95 -14.295443994144819 63.333462011101190 357
12 23 95 -60.291369392623807 62.721214726455869 357
12 23 95 -36.763184991483421 23.193698503121844 357
12 23 95 -82.759110389962416 22.581451218476531 357
12 23 95 -83.792092358226853 -23.406948930400585 357
11 19 78 -66.786831229328683 -61.810348440573982 357
8 22 97 -39.477229988978316 -31.229542694272045 357
12 23 95 -26.712186542252340 -74.381062549350133 357
9 13 66 -0.922944340083419 26.581492778123675 357
1 16 60 11.993528795604249 -79.163070515133242 357
1 16 60 1.681296615580109 -47.645129534662111 357
9 13 66 -4.799769377870412 -19.378616067512695 357
5 12 119 -35.044710106617245 91.519769960064693 357
1 16 60 90.833305523395069 -24.193193416611379 476
4 20 81 89.226928420943182 11.770949178544694 476
12 23 95 67.219497182503119 -55.231686544333002 476
11 19 78 57.219850335727827 -14.439443863404357 476
11 19 78 28.397860134074527 -39.204194635738034 476
11 19 78 21.361951947669915 -1.861243547313268 476
11 19 78 50.183942149323208 22.903507225020412 476