11 11 83 99.000000000000000 0.000000000000000 0
11 11 83 96.555555555555557 21.863775779997951 0
11 11 83 78.843192529652626 8.814936902970350 0
11 11 83 81.287636974097069 -13.048838877027592 0
11 11 83 76.398748085208183 30.678712682968296 0
11 11 83 84.861216147439819 50.986017632067515 0
11 11 83 63.043340148006621 48.161077478124973 0
11 11 83 61.130829503749695 -4.233901974057249 0
11 11 83 58.686385059305252 17.629873805940697 0
9 22 79 28.988559048769989 3.241019430140827 0
9 22 79 30.056532604639543 47.228056526130402 0
3 14 57 88.602132246115488 -36.954866546124379 0
4 15 99 59.649623878065348 73.938639230143650 0
12 28 98 47.094281275528047 -43.365662737199514 0
8 17 75 4.985039590762447 -27.497084831980693 0
9 22 79 -14.922363380278464 6.039392427096349 0
9 22 79 -13.854389824408909 50.026429523085923 0
9 22 79 -52.887649700730378 70.334177390034455 0
9 22 79 -80.327080700739288 35.938281902407596 0
9 22 79 10.524533494743190 86.655217351772009 0
8 17 75 -92.995178974830708 -0.946935815778126 0
3 14 57 -48.353164758071713 19.395346875900703 0
7 24 54 -55.662099765680694 -17.895127364239336 0
4 15 99 40.623904473440348 -85.876064100148383 0
7 24 54 4.001023763969989 -72.468431626817988 0
9 22 79 -40.640897241503296 -61.373437758361675 0
3 14 57 -76.484240272376994 -58.018626232937514 0
3 14 57 79.914718241755750 53.194340002868650 99
7 24 54 84.594665231678405 15.483624069973473 99
7 24 54 43.929430998995123 40.985363712613619 99
3 14 57 93.575260426997360 -21.439930877211857 99
7 24 54 55.598491051453884 -22.768459310021417 99
3 14 57 30.243330817759752 5.535530682975963 99
10 23 116 -0.605638436908635 25.964458602094105 99
5 16 92 10.721057869545438 63.283434348775039 99
4 15 99 11.796201852720301 94.264784632702998 99
3 14 57 36.363279672480921 78.855090041380763 99