9 13 93 97.000000000000000 0.000000000000000 0
12 15 82 90.979381443298962 27.345057180315223 0
12 15 82 69.695649803919792 6.202617219353049 0
12 15 82 62.027625519428859 35.206089486867114 0
1 25 70 78.021401550207770 -32.921312259409468 0
12 15 82 44.835627487909903 -10.589621775119689 0
6 21 69 28.701002525876067 21.592265635883948 0
7 18 43 39.293735960122014 59.126170287425438 0
8 31 104 25.490080782201282 -52.323898127504748 0
9 13 93 64.717484341871526 -72.254046395060911 0
3 22 93 -14.811504559842206 -86.744563706746334 0
12 15 82 -20.459850029223382 -50.178237757062497 0
9 13 93 -49.644840203389236 -83.333005713102338 0
1 25 70 -68.492544291598719 -50.336580897627385 0
12 15 82 -37.271663863633094 -25.331448918318159 0
12 15 82 -7.672279129829531 -20.445098196125095 0
12 15 82 -5.190222499278446 9.452048739372573 0
12 15 82 -2.619250694244160 39.341680787588203 0
12 15 82 -93.118092953433830 -18.815439530227756 0
12 15 82 7.404883849430879 67.617407597880828 0
1 25 70 -82.663141222839556 19.794066867950193 0
12 15 82 -46.220964463099499 3.302622024884981 0
6 21 69 -38.609144086371927 38.488701524488725 0
12 15 82 -22.441060070074215 70.653792216758490 0
12 15 82 -50.871007311414502 80.231793044416065 0
9 13 93 -5.125095089356297 92.657368216730646 0
9 13 93 20.790905331945666 94.745650324846423 0
9 13 93 64.717484341871526 -72.254046395060911 104
5 25 98 76.881029114132033 -36.253377254429452 104
3 22 93 33.995955820231558 -55.485394532312306 104
3 22 93 36.878283364343140 -11.579902985941303 104
3 22 93 74.819604014652683 10.701393819011393 104
5 25 98 -2.613590643241281 -84.959808991955498 104
9 13 93 34.984574750488193 -90.471429354948867 104
9 13 93 0.027256553935562 -47.051684188937827 104
5 25 98 -49.927277459371304 -68.791474511707875 104
9 13 93 -25.023306130194662 -40.089693869462906 104
9 13 93 -6.468764310562929 -21.876265365649100 104
3 22 93 0.058567206288995 12.509690245168400 104
9 13 93 33.371843690884184 23.244009499826191 104
3 22 93 55.598135230608257 50.280872564745351 104
5 25 98 -79.965089722085651 -28.819861653706671 104
3 22 93 -41.588486496848340 -1.686186545223761 104
2 17 100 -92.307805684129377 11.325590924142180 104
5 25 98 -62.163189395725645 40.571139454216031 104
4 24 100 -15.579924689865962 55.769805492517150 104
2 17 100 1.623796975026163 92.985823023641061 104
2 17 100 34.937316646309512 86.188072872964867 104
12 15 82 -40.028244403862487 86.155322818411236 104
2 17 100 -90.209784605853315 -22.609616568300090 204
2 17 100 -92.307805684129377 11.325590924142187 204
2 17 100 -82.068235899779282 43.747053115589154 204
4 24 100 -65.708420433589851 -55.483362227992195 204
2 17 100 -59.110210906324568 18.668594462794943 204
2 17 100 -48.870641121974472 51.090056654241906 204
2 17 100 -56.977833934998728 -15.423695986364336 204
4 24 100 -18.413100447677358 23.643049238613926 204
4 24 100 -16.957955878021103 -24.334888965120925 204
5 25 98 -20.038150928567436 -73.237980876068548 204
8 31 104 31.263904201868332 -50.785828654205055 204
4 24 100 81.317531673544181 -27.990338378128587 204
8 31 104 74.396917817756758 26.572516237984406 204
6 21 69 23.896355285437288 38.969821748428643 204
7 18 43 16.827607699997195 0.615776230734751 204
6 21 69 49.529154541166612 72.240824172694175 204
10 20 50 -32.111019551393674 84.076646123462922 204
10 20 50 7.143681149044923 76.391044460679112 204
7 18 43 79.975232715299029 -45.474851864890823 308
6 21 69 88.686777371330038 -7.460262695652418 308
10 20 50 83.641448472084292 33.228122087949359 308
10 20 50 51.389839744101870 9.567316217118833 308
10 20 50 47.024785149941863 49.328431623882800 308
6 21 69 13.630000432923666 25.542125611725126 308
7 18 43 12.191608717397635 64.515591319469237 308
1 25 70 38.649836202919268 -33.591603020631489 308
7 18 43 1.704905560572492 -11.589964449102634 308
7 18 43 -23.621313397771345 13.994848101979795 308
7 18 43 -20.697287816559751 49.875902634983980 308
10 20 50 -17.862219908705548 87.769997029201335 308
10 20 50 -54.468545508154151 71.646197039522903 308
10 20 50 -80.135495458652130 40.967088834774970 308
1 25 70 -84.915986098378767 -3.778267452145869 308
10 20 50 -76.180437428328844 -47.922238608275329 308
6 21 69 -43.315268035247890 -23.409371767285577 308
10 20 50 -39.663010087833605 -64.246377189886658 308
6 21 69 -6.784276763180259 -88.741047936119017 308
10 20 50 -76.180437428328844 -47.922238608275329 378
10 20 50 -47.890224489643330 -76.200566916077250 378
6 21 69 -36.732547092097207 -36.747984806761664 378
10 20 50 -8.979973575899045 -66.927359605256356 378
10 20 50 -66.923580445556510 -9.008094665481224 378
10 20 50 -86.140451379554037 26.073408601996945 378
10 20 50 -46.150542879972384 25.174955378346510 378
10 20 50 3.514978333730394 -28.928988893131766 378
1 25 70 35.561584715984061 -60.520364605197521 378
4 24 100 78.050252285008256 -36.113129444103329 378
6 21 69 88.673630392925816 7.614937487516443 378
1 25 70 43.549363574037557 -1.318177537925692 378
1 25 70 62.055226263085984 45.131074836403066 378
6 21 69 88.673630392925816 7.614937487516443 478
8 31 104 68.053209769577407 -40.121822491730043 478
4 24 100 30.579259681984798 -80.379779032426683 478
5 25 98 12.295444511055756 -34.918783632025409 478
8 31 104 -27.901237165267577 -73.908869323292265 478
4 24 100 -34.136333798415095 -19.263434290022445 478
5 25 98 1.861519114396142 13.980431093948894 478
5 25 98 48.946208771023876 30.803986007790797 478
8 31 104 -77.690870744809331 14.322311367699367 478
4 24 100 -33.849275152390007 47.532467885107692 478
4 24 100 11.707407165801566 62.651617866484671 478