11 12 48 98.000000000000000 0.000000000000000 0
8 15 52 91.326530612244895 26.162278309250819 0
8 15 52 78.614717174874443 53.335975134185944 0
8 15 52 61.437512128429326 28.740373356787195 0
8 15 52 48.725698691058874 55.914070181722302 0
1 18 60 28.456928751272759 29.872239118449830 0
8 15 52 19.262835716675102 61.565592574200814 0
8 15 52 38.888629165809988 84.255419181997851 0
3 24 65 63.477076088317780 -10.206259088823861 0
8 15 52 25.155750284927826 -2.962227844382696 0
8 15 52 -0.067792509214399 13.278858600559218 0
8 15 52 -4.287120675239827 42.980664435009494 0
2 20 76 72.548359901212777 -53.261012717034426 0
1 18 60 36.208852527353926 -42.150648014412909 0
9 30 98 -10.374928622799942 -30.576913364155487 0
1 18 60 -33.031861036814803 11.739317724952185 0
1 18 60 -36.973016323702034 47.522935415239473 0
12 25 75 -13.957935225708049 83.845188126941707 0
1 18 60 -71.414984758477090 57.999137510367213 0
6 29 83 -67.724557280309043 -44.434044843859752 0
3 24 65 -85.831748265142750 5.376894061552960 0
2 20 76 41.712630236497759 -79.749962249227508 0
3 24 65 -2.087677295778921 -83.937211952551607 0
5 15 93 -41.049000114494334 -85.673680845404576 0
3 24 65 -36.090183144639326 -78.060865230833755 98
3 24 65 -72.306681421109545 -46.559035877756010 98
3 24 65 -26.917047797426807 -30.945543010756342 98
1 18 60 -91.536828996185790 -9.220029138947474 98
3 24 65 -80.139341916583604 31.203940090586411 98
11 12 48 -61.681503035460679 -12.162733979541137 98
11 12 48 -42.090453921367931 1.700555478924567 98
3 24 65 -7.960566386227924 13.152663443779556 98
11 12 48 7.212839737713189 -19.493435045901350 98
11 12 48 6.826520908419360 -43.490325631186209 98
12 25 75 12.539966124865359 -84.069906920295978 98
2 20 76 55.543805241781897 -70.815857682181615 98
5 15 93 82.023474821686037 -47.928588318207687 98
12 25 75 48.310526330030441 -26.400998950167025 98
5 15 93 62.988176509658921 -71.116029276022232 191
5 15 93 82.023474821686079 -47.928588318207638 191
5 15 93 92.879146835705740 -19.961565145834932 191
5 15 93 94.472632461677179 9.996085021690288 191
5 15 93 63.231158293193111 -24.543788992728487 191
5 15 93 64.824643919164544 5.413861174796713 191
7 27 96 68.219800268993453 47.276409035148177 191
7 27 96 24.853190206322829 -7.481211065487649 191
5 15 93 28.248346556151748 34.381336794863806 191
10 28 118 21.884265472584190 76.907781179055831 191
6 29 83 -15.750746533900099 34.098835019733208 191
9 30 98 -74.535211872298945 29.060319873523511 191
7 27 96 -78.198105498413881 -27.821867235304921 191
5 15 93 -43.763809331902216 -3.774429793511659 191
6 29 83 -41.118465401250290 -69.787332683275579 191
7 27 96 13.559201040481327 -81.884968505482192 191
7 27 96 68.219800268993453 47.276409035148191 309
7 27 96 24.696418525412092 79.240689749759767 309
6 29 83 80.668345414219161 -7.322434576848558 309
6 29 83 17.417266235978754 23.715794955197225 309
12 25 75 62.106932352578852 -58.032137249563668 309
12 25 75 -23.286869299118358 59.200627635378275 309
6 29 83 -38.212431026705225 7.304311705285564 309
2 20 76 -66.657857454092209 47.202403330877310 309
2 20 76 -88.910203044345849 13.963373324995381 309
2 20 76 -86.179718973531223 -25.943323565865306 309
9 30 98 -43.195656918236693 -51.484866378048537 309
9 30 98 11.340275466442407 -79.192159664610770 309
2 20 76 1.988380840551994 -30.074524675675868 309
2 20 76 -86.179718973531223 -25.943323565865327 407
2 20 76 -66.426080537574606 -60.725413332604440 407
12 25 75 -82.864283134930744 18.934375630953173 407
12 25 75 -41.250128165064403 -23.427002882062478 407
12 25 75 -33.358391794300488 25.946274273240491 407
10 28 118 -19.736379007521514 -71.864164206672768 407
6 29 83 12.726614575431284 -25.011693112469356 407
6 29 83 66.955106689487138 -45.585235418931376 407
12 25 75 84.830173012716330 5.370451250371389 407
9 30 98 35.387712882438791 29.462838767301232 407
6 29 83 6.238712593919630 80.759386235721664 407