9 10 40 100.000000000000000 0.000000000000000 0
9 10 40 98.000000000000000 19.899748742132399 0
9 10 40 81.766312060385914 8.217823563497323 0
9 10 40 83.766312060385914 -11.681925178635078 0
9 10 40 65.532624120771828 -3.464101615137756 0
9 10 40 63.532624120771821 16.435647126994645 0
11 16 55 84.144800066126621 41.900508610655038 0
10 21 74 47.154692508848683 42.756045226475756 0
9 10 40 69.996755984964864 63.714101819420620 0
6 27 80 60.012280859995641 -40.049970612377699 0
11 16 55 47.417291382339471 -81.164034386927284 0
9 10 40 95.512185170558482 -29.621318065625442 0
6 27 80 24.364429380808602 0.511472716451498 0
11 16 55 10.191388411392857 41.108577412220917 0
9 10 40 23.869059285545994 63.220142699607138 0
4 18 74 20.126508999278958 -60.885642021642653 0
9 10 40 11.597705606491555 -34.216192970580906 0
9 10 40 -4.610290142422457 -22.498647416874473 0
11 16 55 -18.621286677114526 -0.596775896274984 0
11 16 55 -20.287483900282218 31.359816331519088 0
11 16 55 -13.490722495757502 62.629674572482756 0
11 16 55 9.499451727107417 84.888423171681183 0
9 10 40 35.003457384522058 79.834148206212646 0
7 16 72 47.417291382339471 -81.164034386927284 80
10 21 74 71.465144845257882 -53.044632831666490 80
4 18 74 90.065720023011508 -18.766088477264052 80
4 18 74 32.542433945558770 -50.590539064418770 80
10 21 74 51.121593578421916 -16.300382644002887 80
4 18 74 75.488433589244821 14.150514024025803 80
6 27 80 32.677340757579699 28.014508057440288 80
7 16 72 70.838876772734267 47.831096284581221 80
8 37 84 -11.779622720498878 -18.024371145998053 80
10 21 74 -13.817682309877810 39.939810148230031 80
10 21 74 13.364213501358014 71.957688593047720 80
6 27 80 -12.734658161618519 -82.017245025096543 80
4 18 74 -56.705157090393740 -72.446705648730287 80
10 21 74 -79.204545081614881 -40.591132509631159 80
4 18 74 -91.924606587566572 -3.723802320359169 80
6 27 80 -57.483647201668290 59.871782204926333 80
4 18 74 -22.246426320165121 87.859963005902983 80
4 18 74 -61.192081225319647 15.024847893958928 80
2 27 84 -70.006628844470072 -44.587800100841605 164
2 27 84 -82.621451137488734 7.918068699851140 164
1 32 109 -51.858989143038876 58.263584210569952 164
7 16 72 -39.797373973716098 11.803736605275738 164
2 27 84 -19.306570747112360 -26.000059277262395 164
8 37 84 11.202813231498887 30.259850865268579 164
8 37 84 72.025115729907171 -11.890445916511231 164
2 27 84 25.618079806231673 -55.962965889604355 164
4 18 74 -32.264772580071742 -69.093968420623810 164
3 12 96 55.985112638249170 -80.434241233958019 164
4 18 74 -88.691590490220875 24.449985200710501 273
4 18 74 -91.283882598836840 -11.456560464719455 273
3 12 96 -96.310379760640672 18.119347404395562 347
2 27 84 -81.073062023723395 -17.780849644983242 347
8 37 84 -52.123333655839097 39.297283010401664 347
6 27 80 -52.975546494572399 -63.895160017026321 347
8 37 84 -7.010799208541712 -19.361554650614146 347
8 37 84 21.232977138716652 49.036465040353875 347
6 27 80 79.729092423670991 23.071016910785012 347
7 16 72 -10.790396830481050 -72.226615341170728 347
7 16 72 42.999202993844783 0.712232899288743 347
7 16 72 44.639634201394564 -31.245692337705236 347
3 12 96 62.463570368018594 75.513590676643034 347
7 16 72 78.111125756903931 52.293900533323580 443
5 35 107 74.987124330447756 1.389670698392379 443
3 12 96 87.628065671662284 -43.878492529288657 443
5 35 107 43.473198676156045 -61.115309022072886 443
3 12 96 31.220095783344309 -15.740630295957713 443
5 35 107 9.417102551146485 25.896246221340473 443