7 12 90 98.000000000000000 0.000000000000000 0
9 25 74 78.877551020408163 31.675415467250108 0
4 21 85 67.638820326080094 -12.930536292356692 0
4 21 85 36.087929866780023 14.792041351600735 0
10 27 62 37.205436854048791 62.779031027276432 0
10 27 62 23.373486859492452 -31.493409267513218 0
1 13 78 4.014399144749486 3.509815196139956 0
1 13 78 5.420270603493344 29.471778246754784 0
9 25 74 -14.782443614865411 61.656407158881848 0
1 13 78 -43.255700557683497 86.821335910385642 0
1 13 78 9.084744748419093 91.225940797941774 0
9 25 74 -64.367131449982026 55.225331642761802 0
12 23 65 -34.304443652876913 17.805620227335467 0
10 27 62 -82.806803611159552 5.659794669672422 0
9 25 74 -71.984808973721172 -45.201629141181080 0
9 25 74 -34.117556826359916 -77.852375148097451 0
1 13 78 -34.363086957137355 -39.853168380654523 0
1 13 78 -45.562369198651680 -16.388810787170275 0
1 13 78 -15.479108911725632 -21.981532384461875 0
3 20 90 72.245655291440968 -53.670897994260244 0
1 13 78 42.007990832878747 -66.887692162718906 0
1 13 78 16.314086746044381 -70.865542433475269 0
1 13 78 1.155016317785571 -91.989050280210606 0
7 12 90 95.061224489795919 23.819395426849606 90
9 25 74 84.211079908984999 -11.553961249828671 90
1 13 78 70.061449120550179 23.713416715523074 90
4 21 85 41.436239706528170 5.366826132981961 90
4 21 85 45.452799762860138 47.174328394105842 90
4 21 85 26.878948645125607 84.844104802471108 90
4 21 85 3.542890879468828 49.923789684220388 90
4 21 85 -15.030960238265701 87.593566092585647 90
4 21 85 -53.626676481735402 71.029427489761503 90
4 21 85 -80.228416058124097 38.527928270340922 90
4 21 85 -88.963355239798616 -2.553707985928718 90
2 12 89 59.184568901809087 78.110094123019806 90
2 12 89 -47.228662986974122 38.655588926488647 90
4 21 85 -47.774359867202186 5.660101130201866 90
11 13 89 -63.139500012180712 -24.669957694752124 90
11 13 89 -86.317432092519780 -36.450597086533421 90
11 13 89 79.443684233028563 47.961584982305162 90
5 22 91 -60.004409613888939 -59.529263599984077 90
9 25 74 -19.174823605712721 -82.808973787203769 90
11 13 89 -27.808406955721512 -45.802741358889065 90
11 13 89 -1.995243513276222 -48.914106508402405 90
11 13 89 15.775401824953644 -67.893151907548514 90
11 13 89 17.184307280129175 -93.854950485813021 90
3 20 90 26.896593362706682 -32.968518970415744 90
11 13 89 41.248290596901946 -62.684319254069422 90
3 20 90 1.167391156069073 -2.341600192811708 90
2 12 89 -16.934921731374164 24.046015616978824 90
7 12 90 -88.801138309759963 -41.453079920445987 181
9 25 74 -58.075232538991465 -62.066636492902269 181
9 25 74 -65.594764473129558 -12.635303924464694 181
9 25 74 -76.975550803291014 36.052247898431588 181
12 23 65 -46.771679649399324 73.358094187171773 181
12 23 65 -21.325425821539682 -31.188623178734275 181
12 23 65 -12.227882238163787 -76.280027024130092 181
10 27 62 2.296081606725899 82.968234941182487 181
10 27 62 52.853556881719889 63.996105545187660 181
12 23 65 -18.155819392694632 37.342367875340315 181
12 23 65 10.875697951433558 1.660846037033245 181
12 23 65 83.485504433961822 24.477960482992476 181
12 23 65 84.297748848685657 -21.514867860247627 181
12 23 65 40.007329118227005 -33.938986344059629 181
2 12 89 69.277990224082615 -53.128264559410823 181
3 20 90 47.236617172504481 -76.326925598383866 181
2 12 89 19.182292542182140 -91.720264077625117 181
2 12 89 57.513927796512021 1.015709803122229 181
2 12 89 48.506655279947779 23.261362003324102 181
2 12 89 17.687355386846953 47.133772597994493 181
7 12 90 75.867098837688658 -62.033727229245059 271
12 23 65 43.497478886474127 -75.345665638580272 271
12 23 65 58.266603263484463 -31.781081798763793 271
5 22 91 87.976885484436565 2.016834266452086 271
2 12 89 91.202014798292069 35.863525994136644 271
10 27 62 52.203687447818005 35.502328174006593 271
10 27 62 16.204714900866605 -4.747814379329040 271
10 27 62 -0.653444782791404 46.553281633137281 271
5 22 91 34.143168637545223 81.052494587575083 271
2 12 89 66.820029423431919 71.659796935687183 271
8 38 105 -15.860646218019014 -61.288177097616035 271
8 38 105 -71.384643114534256 -9.393227741866909 271
2 12 89 -90.890888051070306 36.644869617557738 271
10 27 62 -55.826186744931860 53.717266119258753 271
2 12 89 -32.714798900504505 22.302878461619201 271
7 12 90 -90.890888051070306 36.644869617557738 376
5 22 91 -65.282443558436569 59.010190332175199 376
3 20 90 -65.621674248597827 17.011560324294553 376
3 20 90 -88.616846400202846 -15.717968510047818 376
7 12 90 -56.679676118501249 -13.713684498836628 376
3 20 90 -61.710189986649141 -45.315803576872710 376
5 22 91 -24.743557228282334 -25.379202499757231 376
7 12 90 -32.540281711001889 -58.473176080162496 376
7 12 90 -49.892226481001288 -75.053586590728600 376
10 27 62 -22.358407871650989 35.377011105512565 376
2 12 89 -3.553658840617025 1.210047326449204 376
10 27 62 3.214593556462795 82.937725965128493 376
10 27 62 31.616880132981336 37.010499647558262 376
2 12 89 20.396202032759760 -0.340489401879347 376
2 12 89 9.032055672152742 -21.479462354572728 376
8 38 105 45.027237392756042 -56.183163783969945 376
2 12 89 90.968882123645514 -36.450822832609518 376
2 12 89 -4.869125265566386 -52.965556991776914 376
2 12 89 -14.914461997598163 -74.762144108573281 376
7 12 90 -32.266406767597559 -91.342554619139378 376
5 22 91 77.038163997456252 -5.435744362796452 376
7 12 90 -34.809050989824470 91.609660894404584 376
5 22 91 -5.968266153383190 -87.797379226958597 481
5 22 91 -47.726956332543757 -73.933332396365458 481
5 22 91 -77.553907428568380 -41.585952466680951 481
5 22 91 -14.840994488412687 -44.701269287745234 481
8 38 105 44.269781347543592 -54.992827968106951 481