4 12 75 98.000000000000000 0.000000000000000 0
7 16 73 90.081632653061220 26.857018795073568 0
2 27 73 59.113682161281723 -2.975615053426868 0
1 20 85 58.435948938492004 44.019498284863182 0
2 27 73 14.470498422089342 27.405071996551275 0
4 12 75 32.098013260162105 62.194017376276790 0
4 12 75 52.141730262451716 75.394373762834178 0
9 39 93 2.909421614432567 -37.574474808943307 0
4 12 75 -19.495884165899959 8.240394752038728 0
2 27 73 -37.237223055541115 42.971431223801360 0
2 27 73 -0.985573148804889 82.994148260997022 0
2 27 73 -82.009895872859531 12.781900442529576 0
4 12 75 -83.213939664548619 51.763309839159845 0
4 12 75 -66.389094250870201 68.878349330958414 0
7 16 73 -89.214539209033987 -29.610234611021539 0
4 12 75 -62.563525717874057 -21.023996791463347 0
7 16 73 -63.756868185823230 -48.998555478852666 0
11 15 72 -42.949398930802374 84.736940772503644 0
1 20 85 -34.680394475094026 -83.049805773715491 0
3 20 90 -34.680394475094026 -83.049805773715491 93
9 39 93 -63.575349592027422 -31.609728316635344 93
3 20 90 -87.148186572115833 22.476511677564439 93
3 20 90 -47.233122112423970 25.081819563140293 93
3 20 90 -67.430482012463855 59.608137830054616 93
9 39 93 6.944822079488716 1.720519018478949 93
6 22 93 -0.359664713857121 -58.840561492735816 93
7 16 73 -41.345498668745265 84.418894448060513 93
3 20 90 -20.644746540971767 54.965900349930500 93
3 20 90 19.102635972698746 59.454283501128700 93
3 20 90 57.988782872369697 68.828054316398934 93
4 12 75 32.691791424653424 88.425559864150927 93
4 12 75 42.818673130277347 37.970578477545097 93
1 20 85 64.548614727950707 14.479949746885175 93
1 20 85 59.448456837457613 -25.193572777489205 93
1 20 85 41.585630399633715 -60.983507558823760 93
4 12 75 73.331045796266892 -65.011981375941801 93
4 12 75 20.885016602379530 -85.386060466602288 93
11 15 72 83.651017400427662 45.027850136036335 93
4 12 75 -97.803818045971596 6.197836366868785 186
7 16 73 -91.599826704875895 -21.106201639250585 186
4 12 75 -74.379588715983886 0.972371765884106 186
7 16 73 -59.646732822826479 -22.838192218017184 186
5 22 57 -79.165361495884483 34.633868745358484 186
11 15 72 -49.793922316714756 12.132345229286649 186
7 16 73 -29.724802654385837 -11.494555455719048 186
11 15 72 -35.273443237656366 -41.993942132793123 186
2 27 73 -32.822584928684584 50.550748466038293 186
2 27 73 5.768789166137562 12.778988572256660 186
3 20 90 -1.272653670670937 -33.690550727976976 186
2 27 73 -14.841702498408450 -78.689227529750553 186
11 15 72 -56.766361079425550 -76.174669344870011 186
7 16 73 -77.528273906552926 -53.154178999120120 186
12 35 100 52.279658313789362 53.775806145453878 186
2 27 73 82.999963083330073 -0.078282602444688 186
11 15 72 20.870553415417724 92.679123863652251 186
11 15 72 41.885735040413856 -8.658507100386558 186
5 22 57 73.641341625949735 -48.176268053162481 186
5 22 57 31.312978727683966 -60.189165053999453 186
11 15 72 20.870553415417724 92.679123863652251 286
11 15 72 -9.070047464688596 94.566031105192820 286
11 15 72 -38.106156076848123 87.022530812697525 286
11 15 72 -63.342204803227773 70.800883403146514 286
11 15 72 48.729880270717842 81.549977123243281 286
11 15 72 4.266143369605613 67.693256517679771 286
5 22 57 -32.435317091793507 50.459686486721118 286
5 22 57 35.052861463395502 47.170635120462727 286
5 22 57 78.444679774399646 39.880223358099379 286
5 22 57 87.946024916218548 -3.081671857266002 286
5 22 57 44.554206605214411 4.208739905097353 286
3 20 90 4.870545618384980 17.963995289218417 286
5 22 57 -35.554517088288094 6.570387205667792 286
5 22 57 -72.004165221731085 31.216343282643098 286
6 22 93 -87.431047834527590 -9.990589299763442 286
9 39 93 -44.892203564324745 -53.710684543889244 286
9 39 93 42.651193530290371 -56.761568780661065 286
6 22 93 -81.338840102309376 33.585608388280662 379
9 39 93 -66.255017121520808 -25.520045184657985 379
9 39 93 -20.473109053066622 37.630702187100091 379
8 37 95 -6.668567841377971 -72.694774247843569 379
8 37 95 60.281538072263558 -41.172031376193232 379
12 35 100 68.585946294385820 30.347454109094961 379
6 22 93 38.835124238654700 78.967291490643490 379
6 22 93 38.835124238654700 78.967291490643490 479
12 35 100 -17.835499846143883 72.848438179814138 479
8 37 95 -69.410628502303538 22.608950681427189 479
8 37 95 2.124934299497255 3.670543815230282 479
8 37 95 -50.043988554735307 -48.811867412047874 479