8 10 116 100.000000000000000 0.000000000000000 0
8 10 116 98.000000000000000 19.899748742132399 0
8 10 116 81.766312060385914 8.217823563497323 0
4 29 109 75.152608858698386 -30.217302687888765 0
12 30 107 43.391651326516111 19.504338240774420 0
2 36 105 23.801453517029227 -70.067758708814836 0
12 30 107 -7.646177585347829 -12.041501737950275 0
4 29 109 -8.837937189742849 46.946460670030326 0
4 29 109 -66.826088694012554 45.774161596472396 0
4 29 109 -80.298199533741794 -10.639508994281144 0
12 30 107 -50.846396488378950 -61.762804050225611 0
11 11 105 29.573909504356482 58.105763226597688 0
11 11 105 -46.765694714407800 11.168084191151841 0
11 11 105 31.652943684969344 -23.728206465156504 0
6 13 44 -18.218255671254287 -95.273790521301351 0
5 15 48 83.366178861966830 40.169215407539596 0
11 11 105 96.799999999999997 20.754758490524534 116
2 36 105 57.517302307316932 46.559208920349086 116
11 11 105 40.460063285613167 90.354763454530598 116
2 36 105 69.870981094224774 -24.373058916157476 116
10 24 102 7.246991679604598 79.314298133985986 116
2 36 105 -10.122206989727374 21.883374951563816 116
2 36 105 2.231471797180465 -49.048892884942752 116
2 36 105 -65.374513490729996 -24.281358626344584 116
11 11 105 -68.834061249318424 -71.153861539097662 116
11 11 105 -57.122089478869597 21.988474936447382 116
11 11 105 -25.273132777515187 66.374379073441602 116
11 11 105 -26.570267015230367 88.336105844562027 116
10 24 102 -59.953727494104186 61.656715445786567 116
6 13 44 18.812365922376941 -95.158262323366287 116
6 13 44 -88.954492244792149 38.679430056183762 116
11 11 105 40.460063285613167 90.354763454530598 221
12 30 107 59.150634275989688 53.862811519155905 221
12 30 107 79.963640382656607 -2.411683385763908 221
12 30 107 2.736536090176230 74.294393099674807 221
7 27 79 14.439470070856768 18.508719882944391 221
11 11 105 -17.714993191558310 38.759411039198760 221
10 24 102 -48.110381272510750 56.112231657423749 221
10 24 102 -82.865845624623091 23.005469543483212 221
11 11 105 -47.917059212800211 21.112765567478473 221
12 30 107 -49.991565160954671 -19.834718177814977 221
11 11 105 -22.776708223668372 10.830434061869742 221
6 13 44 85.932623327547390 -44.995380296713329 221
9 24 101 48.968778331946460 -46.630667164876790 221
7 27 79 -1.890465315870081 -50.417134591388375 221
6 13 44 -96.320473882203814 -11.461514346180103 221
1 22 91 -43.303347253689580 -76.608224862780730 221
6 13 44 -74.924909428819916 -61.605664894416435 221
6 13 44 -88.321853584248728 -39.322893807849979 221
11 11 105 40.282160973682089 -12.725760751923808 221
6 13 44 85.932623327547390 -44.995380296713329 328
5 15 48 93.283486218597105 -17.977519264481511 328
5 15 48 94.238129433004104 12.007287827330632 328
3 24 79 57.779039315626058 -1.839543861287041 328
5 15 48 73.619346542453670 33.798703387416325 328
7 27 79 32.523848066091233 42.468190395267087 328
7 27 79 6.880480673657637 -5.054622113849767 328
5 15 48 -8.610357208310315 33.984255197294658 328
7 27 79 -9.830144280792021 75.966538597531553 328
5 15 48 31.304060993609532 84.450473795503981 328
7 27 79 -60.373406823203879 56.956577746208730 328
7 27 79 -82.636496391006659 7.759475769608613 328
5 15 48 -88.788534402058929 -33.787514835133969 328
6 13 44 -44.617178264247315 20.190543671292225 328
7 27 79 46.476882677032727 -51.571437604806405 328
7 27 79 -7.231265272233500 -57.178116109922456 328
1 22 91 78.864625821888126 39.043191390735181 407
3 24 79 46.877220221408507 72.100805989347791 407
7 27 79 -2.956027818341227 82.947344137936042 407
7 27 79 -53.360978558143721 63.573626350219513 407
3 24 79 34.864137291823155 25.628385797077776 407
3 24 79 -12.587219521770155 32.865010462559034 407
3 24 79 -56.122145051739849 12.648426698233443 407
3 24 79 -81.222118539995392 -28.266012450908867 407
3 24 79 -33.239188111117798 -29.546007551482923 407
4 29 109 80.114923994154665 -11.941480369318615 407
3 24 79 60.458632384814400 -61.161701825226153 407
3 24 79 28.775345941514935 -25.103840544337121 407
3 24 79 0.381177640519791 -63.804889709634473 407
1 22 91 -44.437663916017293 -74.162082453328338 407