2 13 87 97.000000000000000 0.000000000000000 0
6 17 80 88.443298969072160 28.753832222285070 0
6 17 80 72.197729258507948 58.621565058561728 0
6 17 80 46.302422581492671 80.654111259655437 0
6 17 80 54.454298724127831 29.618622572123783 0
6 17 80 28.558992047112564 51.651168773217485 0
6 17 80 12.313422336548335 81.518901609494137 0
6 17 80 -5.430008197831768 52.515959123056184 0
6 17 80 -21.675577908395997 82.383691959332836 0
11 24 79 -58.045387727612336 63.456543898570082 0
6 17 80 -86.562639082880025 33.998669312298858 0
6 17 80 -54.527553440454561 22.607739241296482 0
6 17 80 -80.409931075887442 0.560006298047085 0
6 17 80 -87.027779604452334 -32.789717551678748 0
6 17 80 -54.837147277111555 -21.846080570950495 0
11 24 79 -58.923586930352201 -62.641926081987805 0
11 24 79 61.597398859140952 -10.754340168566626 0
11 24 79 17.329479512409261 12.218973193552621 0
6 17 80 -23.516469195221369 8.668131860345978 0
1 18 73 -24.275246249085338 -38.903929367124356 0
6 17 80 -19.404971984719584 -73.563421985884034 0
2 13 87 93.515463917525778 25.765442132630543 87
11 24 79 85.377524675355716 -10.328517817626356 87
9 17 104 63.547622415693382 24.376746442044524 87
2 13 87 81.176207085310295 48.650868517747853 87
8 20 75 49.745429172874836 58.706026389166837 87
8 20 75 21.795713342046447 87.320941817592299 87
11 24 79 22.548438164234398 24.118114048640543 87
8 20 75 -5.464583087394793 58.048493362107862 87
7 13 72 -11.043607948006670 90.573475784926700 87
3 22 68 -43.169524907118301 76.683714824555082 87
11 24 79 -74.484737219805993 42.988648749366931 87
11 24 79 -31.158065733452005 22.329521519167635 87
8 20 75 -89.981836369176179 1.808071799127504 87
11 24 79 -76.151522183407465 -39.961802626383097 87
8 20 75 -49.636151841614137 -75.074978723648172 87
11 24 79 -28.268575725597621 -36.611662551921114 87
8 20 75 -9.660955616459614 -76.483412875602710 87
7 13 72 -58.332198622813692 -7.535398141104933 87
3 22 68 31.977225419894349 -81.984492768115985 87
8 20 75 67.482787125543666 -59.548916377786064 87
8 20 75 44.563329023856340 -26.766322820762557 87
4 16 73 8.902497731123635 -21.836301369363422 87
7 13 72 11.009958737127580 -50.759624278534375 87
2 13 87 86.756103401790995 43.386386373351598 191
4 16 73 67.682357396765369 65.231116020013957 191
8 20 75 56.112137100766418 31.141088118851219 191
8 20 75 89.532445850821574 9.161939749294508 191
8 20 75 84.659892928246194 -30.540178934935710 191
8 20 75 31.759629947255817 62.873648610217415 191
8 20 75 16.454680011361578 25.917478523751864 191
8 20 75 -7.897827142149026 57.650039015118068 191
4 16 73 69.563009121887731 -63.221734885307960 191
4 16 73 8.021909917128054 89.938767264516187 191
4 16 73 49.503790113304284 -38.289271453755823 191
4 16 73 57.385824260448743 -7.042834865780374 191
1 18 73 23.665157251035854 -11.392158541973384 191
1 18 73 -10.699581835629910 -0.665336668492581 191
1 18 73 -32.054713114115231 28.316698596109834 191
1 18 73 -45.688276789820648 61.635251108193643 191
4 16 73 -78.298333110021076 52.013181331198894 191
4 16 73 -25.546618015757840 89.027103579854241 191
3 22 68 32.678506221020427 -72.361398213675784 191
1 18 73 5.861976338531022 -42.681881285977099 191
1 18 73 -28.502762748134742 -31.955059412496297 191
1 18 73 -49.857894026620073 -2.973024147893883 191
1 18 73 -79.101371811711871 18.022666053498458 191
1 18 73 -90.580633911535770 -16.098098030026208 191
2 13 87 95.163986440637757 18.783388531522018 278
4 16 73 93.448679689225713 -10.165838103201065 278
4 16 73 67.850830568405812 9.037029401099950 278
1 18 73 74.951073189061773 42.287391124362756 278
1 18 73 62.647066843533565 -24.562387901819214 278
1 18 73 41.103242873301873 30.026706685249042 278
1 18 73 47.409093839124786 65.470129821239027 278
3 22 68 9.087291749006660 54.005423782015086 278
4 16 73 23.160759358536986 89.303263793034191 278
2 13 87 86.756103401790995 43.386386373351598 365
4 16 73 67.682357396765369 65.231116020013957 365
4 16 73 59.190615699568241 34.378396156960008 365
1 18 73 85.155375949898669 12.427741835440084 365
4 16 73 91.635921672930351 -20.948934558888006 365
4 16 73 36.717247370917335 57.158820120635276 365
4 16 73 61.047990229377454 -11.547953226893558 365
3 22 68 66.216107288545786 -49.194872968922034 365
4 16 73 34.124983902575508 -28.843956531905452 365
1 18 73 31.371483967527833 5.044363551977320 365
4 16 73 14.220464898767471 34.401518470378697 365
3 22 68 35.374942097444887 -80.576755156821889 365
4 16 73 11.247868514105900 -51.218888744152423 365
4 16 73 3.309166504580080 -20.219259546306350 365
7 13 72 4.414197527546790 -96.899509081252830 365
3 22 68 0.956841448080745 70.011577343657649 365
7 13 72 27.272646641421844 93.087070773400868 365
5 23 65 -18.007838133785810 12.439358202273990 365
7 13 72 -25.896853843122130 47.564326972905583 365
7 13 72 -33.969615228413694 72.279312783464846 365
9 17 104 -24.699237473265697 -89.660178832295600 365
3 22 68 -56.669627570118166 -67.324240144721301 365
7 13 72 -84.987851368849746 -46.755375302806655 365
4 16 73 -61.575446761380746 -29.642242611912085 365
7 13 72 -94.354136751191788 -22.501041707827646 365
4 16 73 -93.775468845929723 6.493184328668306 365
7 13 72 -50.629028619070560 -2.787523662466670 365
7 13 72 -33.506422730774929 -22.353217301949631 365
9 17 104 -21.751372139545925 -49.954282237883653 365
7 13 72 -52.376474255516449 23.153687445491769 365
5 23 65 -66.262420925840246 56.367848357201154 365
2 13 87 4.414197527546758 -96.899509081252830 469
3 22 68 -27.902379846539912 -83.459314632336898 469
4 16 73 6.810273407741290 -67.998664450405954 469
4 16 73 -17.306967439380500 -46.966339473791486 469
7 13 72 10.648655328628180 -39.253807097665295 469
7 13 72 32.142799763808981 -53.882605920521065 469
7 13 72 33.274533001960336 -79.857963086066718 469
7 13 72 -61.804319711907240 -74.761126696621915 469
7 13 72 -46.450887377290840 -53.778464435927830 469
7 13 72 -39.787885338392833 -28.646723472961476 469
3 22 68 -78.513821916008752 -39.743927437298694 469
5 23 65 68.142207068638314 -54.089182059029312 469
5 23 65 -86.885061703222860 4.470576341721191 469
5 23 65 86.198627703035271 -11.781196124058070 469
5 23 65 -72.460553080033321 48.150475047871268 469
5 23 65 80.157241993182964 33.820357124760029 469
5 23 65 43.685831282603843 5.787587001558599 469
5 23 65 37.644445572751536 51.389140250376698 469
5 23 65 -40.974252617864288 7.333723059540031 469
5 23 65 -26.549743994674749 51.013621765690111 469
12 13 52 -15.424161644718376 -18.027523977306721 469
12 13 52 -7.464073887523579 20.489251230640633 469
10 22 97 5.362856369967973 82.740360299088167 469
12 13 52 39.899975536651638 88.413754315573556 469