3 10 92 100.000000000000000 0.000000000000000 0
3 10 92 98.000000000000000 19.899748742132399 0
3 10 92 81.766312060385914 8.217823563497323 0
3 10 92 83.766312060385914 -11.681925178635078 0
3 10 92 65.532624120771828 -3.464101615137756 0
2 26 92 60.439522766225650 -39.102007257758231 0
3 10 92 63.532624120771821 16.435647126994645 0
2 26 92 30.085929362926727 3.119543726392132 0
3 10 92 51.264401077214600 32.230921842982703 0
2 26 92 49.086975580864880 68.165011760606149 0
3 10 92 71.077621762792901 34.957877300002870 0
10 27 113 7.763157867393225 -44.950133542736666 0
12 19 94 25.803367806639162 -87.265034291148353 0
12 19 94 -12.186760154018000 -86.398906394764168 0
6 22 95 -50.579620228287510 -72.011818596409626 0
6 22 95 -79.119739469002099 -38.523587921651739 0
12 19 94 -90.997164938631059 0.718312697627766 0
12 19 94 -53.666287394107734 -6.381376151596839 0
12 19 94 -15.679696863606345 -5.371950637741509 0
12 19 94 -5.130157256757277 31.134312031607745 0
6 22 95 1.212976039824429 71.640665360212836 0
3 10 92 54.593532320297939 -83.782732282926801 0
3 10 92 24.061864899783920 94.044421247679992 0
2 26 92 -64.710367854236054 37.242336285450648 0
12 19 94 -39.677399483195110 74.636861212697198 0
3 10 92 -47.163403526287127 -40.194693279295038 0
12 19 94 25.803367806639162 -87.265034291148353 113
2 26 92 60.349833023458388 -58.428568817323367 113
2 26 92 10.087403283569586 -45.098596700220433 113
4 16 90 43.674138618953009 -19.880920171426066 113
2 26 92 83.695787505788246 -7.142489326974275 113
2 26 92 71.863246177064426 43.493377069326726 113
6 22 95 39.284804962989604 78.744549646435004 113
12 19 94 27.030365222345161 39.618743499559073 113
2 26 92 -7.581977650051975 68.376102920820614 113
7 23 72 -9.797084609524175 19.426196882523687 113
1 13 64 -4.716314066405427 -96.885274328078495 113
4 16 90 -32.397846855364968 -88.240464182461764 113
4 16 90 -30.390371719309726 -56.303494326538981 113
4 16 90 -26.535045042666908 -24.536586132376200 113
4 16 90 -44.618892161262394 1.863687983459535 113
4 16 90 -46.038884200636367 33.832166561710878 113
4 16 90 -49.493099197169052 65.645189032984007 113
4 16 90 -78.383449323879574 51.884823138282002 113
2 26 92 -82.343875683404633 -16.597775074870846 113
12 19 94 -68.834114421831075 -59.521968144226108 113
1 13 64 -94.842343617646364 20.345266208931605 113
1 13 64 49.473207000994762 11.560852181775690 113
1 13 64 23.913899566044734 6.794112893151929 113
8 12 56 71.283227914995052 67.251032839792643 208
5 17 54 45.736803300371854 80.976199119636959 208
5 17 54 83.499302952844886 40.949559294197854 208
5 17 54 92.637729167916959 8.200678911630817 208
5 17 54 50.089280888869425 47.255939054779418 208
5 17 54 18.710440256236101 60.346712926166859 208
5 17 54 8.094912151638312 92.647031238228351 208
5 17 54 -14.570220004631738 67.303555069028249 208
5 17 54 -45.687755714895793 81.003882485569832 208
8 12 56 -20.735221087843154 95.781264381079581 208
5 17 54 -71.749858481318654 59.168892231566637 208
8 12 56 -90.669109348659788 37.190221966543504 208
5 17 54 -92.632745848009151 8.256778830642372 208
8 12 56 -95.817348126832769 -20.567834060526032 208
8 12 56 -43.630391972914339 52.076952914093006 208
8 12 56 -58.603029367055740 33.320084053231433 208
5 17 54 -58.861286196083306 4.321234017234133 208
8 12 56 65.438384498638442 18.260283752865433 208
5 17 54 36.520394808257926 16.080863585241460 208
5 17 54 5.141554175624602 29.171637456628897 208
4 16 90 -82.438698467493182 -45.164820324957979 208
7 23 72 -45.285821861635185 -33.304644950626901 208
8 12 56 -61.847309180627036 -64.138346281846808 208
5 17 54 -33.831572335825712 -71.629573754220175 208
5 17 54 -8.481669904534453 -48.971629303674504 208
7 23 72 18.936351327333881 -19.846861292086533 208
8 12 56 19.919806205489145 -54.833041656662388 208
5 17 54 5.470583227702979 -79.977026132839114 208
1 13 64 -9.082012662501198 2.757812546151276 208
1 13 64 -24.371298895123633 23.787261575950943 208
1 13 64 33.335599765402833 -91.091919445584594 208
1 13 64 56.334202641815153 -78.964913808038233 208
2 26 92 72.008084490925796 -43.253159051654151 208
1 13 64 60.012447060911384 -6.143797932825425 208
1 13 64 96.172715531710224 -12.641550033787119 300
7 23 72 84.337762297618198 21.357477627998371 300
1 13 64 70.188170036035217 -11.745226775583992 300
7 23 72 40.246895885208986 8.242772179415619 300
7 23 72 50.934661009790737 52.983935291719433 300
2 26 92 43.968059135957603 -40.615727020429631 300
1 13 64 80.623752580856120 -53.933389655953341 300
1 13 64 13.678071227772605 -16.049151505677756 300
4 16 90 1.294740620787920 10.173989478539147 300
7 23 72 5.108631654514504 48.987057318931008 300
1 13 64 25.615285558597503 78.575520368879339 300
9 13 64 80.623752580856120 -53.933389655953341 392
7 23 72 85.073016087923065 -18.209391360064267 392
7 23 72 82.466861700666939 27.716722772417981 392
7 23 72 43.996757358461842 2.496669800628784 392
7 23 72 41.390602971205723 48.422783933111035 392
9 13 64 57.724422813218183 -41.619954059298287 392
9 13 64 33.583762980639108 -31.964461174535568 392
9 13 64 13.090315801965026 -15.963879224653393 392
7 23 72 0.619441678588672 17.807074250173198 392
9 13 64 5.742040617731242 53.440751861510137 392
4 16 90 18.076412214845270 79.686956869173756 392
6 22 95 -19.423832163320110 85.829568005968497 482
6 22 95 -58.547914080316716 65.697349694214083 482
6 22 95 -83.035017477234135 29.140793958906148 482
6 22 95 -86.763366504843020 -14.700960266128327 482
6 22 95 -46.931119085684983 3.991071874304605 482