1 12 114 98.000000000000000 0.000000000000000 0
8 18 107 87.591836734693871 28.136633370798521 0
1 12 114 74.039267399437293 1.372331317259682 0
9 20 98 50.011233588513477 22.506511953875389 0
8 18 107 66.029961881653719 56.965187840661116 0
8 18 107 40.673954599841785 82.520478774726030 0
9 20 98 20.979093361615881 50.022595138910184 0
8 18 107 4.721454912284809 84.369198931000497 0
11 29 98 -28.016930255492042 50.646830440541692 0
8 18 107 -74.938007665025538 53.369420150462304 0
9 20 98 -63.702822986097978 17.068309627085860 0
8 18 107 -91.582720688412778 -8.752443733504972 0
11 29 98 -49.586079914065067 -29.854153703798755 0
11 29 98 -18.544914967092826 -78.848501119953426 0
9 20 98 48.160804413695317 -17.450664020772543 0
8 18 107 16.809622323431242 4.022653877100278 0
9 20 98 -0.701330693619695 -33.212917412987842 0
8 18 107 25.012337264923787 -61.191610736975903 0
9 20 98 62.877247685409209 -64.392947777747395 0
12 13 45 40.100351017372930 -88.272080470824790 0
6 14 93 -61.260723589519614 -73.912947074842549 0
6 14 93 87.047700341193575 -40.480833307996122 0
6 14 93 -14.669890936218481 9.770718328334077 0
2 12 92 -95.732511322223075 20.959157328967944 0
2 12 92 -89.090081831080568 -40.828388644806545 0
2 12 92 -56.741976446326674 79.902115797796668 0
1 12 114 95.061224489795919 23.819395426849606 114
8 18 107 78.126425092560666 48.582524659145776 114
8 18 107 91.803927056628865 -6.003247203069769 114
8 18 107 63.181324425624950 15.831280926194847 114
8 18 107 42.290465680821413 45.149739632352400 114
11 29 98 51.159828979816766 -29.605308374130210 114
8 18 107 27.505820890244664 11.008579660610538 114
11 29 98 -4.709464037375973 45.231019915978337 114
9 20 98 29.032883697255514 80.762048177980688 114
11 29 98 -62.346461623807194 51.709948008010379 114
9 20 98 -89.347190241165862 10.820332527649740 114
4 18 95 -18.898832300407864 90.037959426461128 114
4 18 95 -87.901987177463113 -27.152175792247487 114
9 20 98 -54.559562708433141 -8.923551858252051 114
6 14 93 -59.829644626900162 -42.512630984846858 114
9 20 98 -26.250035118137255 -37.182544190150175 114
9 20 98 -44.417475706059939 -72.818819282874159 114
4 18 95 -4.028951357070060 -6.356849770013657 114
6 14 93 7.733255493308819 -36.116730314278286 114
9 20 98 -1.718171837638131 -68.776652564764873 114
4 18 95 32.028940362835030 -86.244692469936709 114
2 12 92 -21.872168769983094 -95.528049458247480 114
2 12 92 60.579712040472103 -77.033099957703115 114
12 13 45 61.524452679628823 74.991611013980190 114
1 12 114 98.000000000000000 0.000000000000000 228
4 18 95 87.591836734693871 28.136633370798521 228
6 14 93 72.000707065435037 0.191746975675045 228
6 14 93 55.981699603888465 23.156750784664833 228
5 21 90 62.067050956307249 57.623669691315243 228
5 21 90 24.597355832181336 38.649425376848974 228
10 30 83 29.656261266516069 -12.099047268211578 228
4 18 95 28.485601076176692 77.455115023117955 228
4 18 95 -8.152499416284186 17.472858582286751 228
4 18 95 -11.540969281921310 53.313035367141893 228
4 18 95 -5.669753910163649 88.831042491112640 228
10 30 83 35.193534904422663 -71.842989226028067 228
2 12 92 61.693332689290365 -39.258319251312642 228
2 12 92 75.210476827563411 -59.089779468481488 228
2 12 92 89.538288389027883 -39.835849587567154 228
2 12 92 3.156463481648366 -44.683717242927003 228
10 30 83 -59.540823900543387 53.431173384499814 228
4 18 95 -90.467479995468068 16.722292404738823 228
2 12 92 -60.933635295196339 11.454274065720622 228
4 18 95 -74.260409416729900 -15.423171711615129 228
2 12 92 -88.668019906659339 -41.737060819279833 228
5 21 90 -56.796937158309674 -50.294752356595751 228
2 12 92 -44.559343931260855 -19.647708257542924 228
4 18 95 -37.327336352108148 -84.087275855842691 228
7 15 69 -3.427886790463845 -94.938135604991544 228
2 12 92 -11.327866630458033 -69.119725147961361 228
2 12 92 -20.727868961363928 -47.037153826238800 228
7 15 69 -14.501445955148780 -20.764893616129825 228
1 12 114 95.061224489795919 23.819395426849606 342
4 18 95 78.126425092560666 48.582524659145776 342
4 18 95 91.803927056628865 -6.003247203069769 342
4 18 95 63.181324425624950 15.831280926194847 342
4 18 95 42.290465680821413 45.149739632352400 342
2 12 92 57.919922035495453 70.756771753575265 342
5 21 90 24.559481702553771 10.413415601700908 342
4 18 95 6.291549581754328 44.870383779848325 342
10 30 83 -32.542854234477929 73.081889947329103 342
5 21 90 17.638476060100196 82.183213470117238 342
5 21 90 -75.976889941468954 46.352046285163226 342
5 21 90 -88.773259825511545 6.348884937705080 342
5 21 90 -81.799899835522766 -35.068167715157905 342
3 18 89 -52.879359825728258 -8.903260577125195 342
5 21 90 -17.308679439070751 7.088196418103828 342
5 21 90 -23.423707813434270 -34.464257516420055 342
5 21 90 -52.299410186051887 -64.963336395756812 342
12 13 45 -45.165550853425614 31.976324264978899 342
1 12 114 98.000000000000000 0.000000000000000 456
3 18 89 87.591836734693871 28.136633370798521 456
7 15 69 71.002825912906559 -0.390629378274056 456
5 21 90 48.593429523796743 27.784163495423385 456
5 21 90 37.145693970098883 -12.625604515449954 456
3 18 89 11.250502485367825 16.536683768721304 456
3 18 89 17.949576917326947 51.907892424280021 456
3 18 89 50.759389664857977 66.723971104954970 456
3 18 89 22.618713857022463 89.176195161344154 456
10 30 83 -23.546931108755835 76.033393903860656 456
3 18 89 -69.060175057057862 60.783979970782795 456
10 30 83 -78.803684386270277 13.783298848574034 456
3 18 89 -85.592055550997557 -33.734255980456254 456
3 18 89 -50.645361951523675 -25.089685056200324 456
7 15 69 -61.477124922060696 -56.261353457973478 456
1 12 114 79.322223079178912 57.549847313237720 456