5 13 101 97.000000000000000 0.000000000000000 0
6 17 100 88.443298969072160 28.753832222285070 0
6 17 100 72.197729258507948 58.621565058561728 0
6 17 100 46.302422581492671 80.654111259655437 0
6 17 100 54.454298724127831 29.618622572123783 0
6 17 100 28.558992047112564 51.651168773217485 0
6 17 100 12.313422336548335 81.518901609494137 0
6 17 100 -5.430008197831768 52.515959123056184 0
6 17 100 -21.675577908395997 82.383691959332836 0
9 29 103 58.259942236930250 -16.223684061088569 0
6 17 100 24.009177858505179 14.482750761169907 0
6 17 100 -9.717228862919589 18.787340133111694 0
6 17 100 -36.783459410233839 39.364491635679606 0
8 28 106 -78.705816061221952 23.008574882793095 0
5 13 101 -95.957149448494846 -14.185396353970038 0
5 13 101 -39.982721294499150 9.535567360810301 0
6 17 100 -66.593292584239734 -20.330631097699378 0
6 17 100 -76.525353369598335 -52.847613869105814 0
2 19 102 -60.583943099229984 66.374433808328348 0
9 29 103 -21.246230037633040 -28.053578617535365 0
6 17 100 -45.636154166959102 -67.055265772910047 0
5 13 101 -95.957149448494846 -14.185396353970038 106
6 17 100 -91.697436738781818 15.510644588059760 106
2 19 102 -80.594073628817839 -42.256304806652089 106
2 19 102 -64.351227631337977 -7.902703046397720 106
5 13 101 -49.194662391136291 -36.085650552283440 106
5 13 101 -54.977632464472940 -61.434363678020077 106
2 19 102 -58.594052324156067 29.658645870838669 106
5 13 101 -36.021083415028784 6.976911487692977 106
9 29 103 -36.537756130472403 72.291025562998669 106
5 13 101 -2.550655801496546 96.966458917412737 106
5 13 101 -75.570354946180245 56.784374419311888 106
2 19 102 11.279767029955703 68.109580979852609 106
2 19 102 48.176077407161245 77.201460903659125 106
2 19 102 37.601721200732641 40.702378849180477 106
2 19 102 0.705410823527117 31.610498925373960 106
9 29 103 79.235530013679622 16.814600306022044 106
2 19 102 85.645186783399140 -30.755519518237268 106
2 19 102 49.052880233881616 -20.508417421247266 106
2 19 102 15.028498892873095 -3.586790006555994 106
1 13 97 75.622033666469036 60.747905512432467 106
7 20 91 -22.514434458657611 -55.506398155580911 106
1 13 97 0.989971316538119 -32.343002265622424 106
2 19 102 16.162291721947845 -60.517471089640878 106
1 13 97 -15.725738514646237 -12.428559144117701 106
1 13 97 -5.689262507068166 -83.895015395584835 106
1 13 97 -31.469530982602485 -87.268108535326377 106
12 19 85 51.197983954103236 -75.231419227842480 106
1 13 97 -2.550655801496546 96.966458917412737 209
12 19 85 -32.264419112571581 85.088232202392859 209
7 20 91 0.618570652646513 64.118993205696711 209
12 19 85 -34.498193019705667 47.153943568864918 209
7 20 91 -2.913913526652962 24.275279077581104 209
7 20 91 -39.671149309426681 8.498536143452416 209
7 20 91 -70.986747969548446 33.384943689705054 209
12 19 85 -90.999956965166149 -0.088500496660458 209
11 32 71 -58.979807288121151 -39.783714498598215 209
4 21 66 38.267773883954341 80.352831200689764 209
12 19 85 70.834180378490672 57.127216719418826 209
12 19 85 36.722289157849957 40.382698889658087 209
12 19 85 29.785675238128984 3.021176071005030 209
12 19 85 -3.821735884255229 -14.714153574959989 209
11 32 71 -0.417901553712710 -65.600437697994764 209
1 13 97 -61.139115741399351 64.881358398352759 209
3 18 113 -31.684089521210211 86.371977349207057 306
8 28 106 13.977195297555379 80.799987695630222 306
8 28 106 62.581650220140133 52.986196841479703 306
8 28 106 -25.240655740650631 40.825493828351753 306
8 28 106 -78.528127490093510 23.607905305206973 306
3 18 113 -63.105516865087537 66.945453476618951 306
9 29 103 -73.882320677194983 -33.202450080560737 306
9 29 103 23.585063237993900 11.413775649734049 306
7 20 91 -21.802642212660924 -7.051223508798252 306
8 28 106 -21.234643179348819 -55.047862735916617 306
8 28 106 30.680217329403426 -76.044225715175600 306
9 29 103 72.109204792222471 -36.895292168965398 306
7 20 91 89.559651706747900 8.892063099529089 306
3 18 113 3.886163489569110 91.917885818443082 419
8 28 106 43.913436013811477 69.250343951931995 419
3 18 113 81.485108903730065 42.710385469429461 419
3 18 113 50.865030035932605 23.778645714988944 419
9 29 103 -8.368545962274839 46.543640962458021 419
3 18 113 -35.661339483690327 84.807245363995818 419
8 28 106 -65.285665327112071 49.616347132737573 419
8 28 106 -81.909124432508364 -3.859447460435298 419
9 29 103 14.964877090585455 -6.555806950267474 419
3 18 113 -30.563246187202640 5.114239784965848 419
8 28 106 -39.190992612407314 -40.069407606788268 419
8 28 106 -2.043182732724894 -81.974541196158555 419
12 19 85 90.739069328076596 6.886312327690977 419
8 28 106 65.562740223165576 -32.801878016556408 419
12 19 85 44.401093533680609 -74.768349269086215 419