7 12 72 98.000000000000000 0.000000000000000 0
12 14 71 92.571428571428569 25.426966241470851 0
11 16 55 70.474968470017146 5.135429804159526 0
11 16 55 64.736369167731624 36.616669901204752 0
6 19 98 83.447208832009622 -27.371815234303721 0
12 14 71 51.723704532292501 -18.282300673787887 0
4 31 95 22.521304073575457 15.955395035017091 0
12 14 71 42.203704077936699 56.422704434930509 0
7 12 72 66.906582502628368 64.532439173804718 0
4 31 95 16.044970152488546 -45.705428012867856 0
12 14 71 -13.157430306228495 -11.467732304062880 0
12 14 71 -22.467221283139857 14.939232534142587 0
6 19 98 61.055992232465151 -67.477150299261723 0
7 12 72 35.014502940227956 -84.295022799738575 0
12 14 71 9.707270113137469 -90.256898900047432 0
12 14 71 -15.411100837394567 -77.884856191122267 0
9 22 99 -36.854511181688920 -48.968076411793263 0
7 12 72 -38.912185382418706 -15.030398576035978 0
1 36 109 -23.196356594584806 64.933915868449290 0
7 12 72 12.320552452199177 97.222445902541494 0
12 14 71 36.863295828229020 88.640269746207750 0
6 19 98 -76.100788531065348 49.896592919257237 0
9 22 99 -58.405189693501669 12.826786905058499 0
12 14 71 -93.287988413762704 21.725683097382330 0
9 22 99 -85.183263012110658 -22.086459711995065 0
2 16 95 -73.723163651910284 -58.317194215374030 0
7 12 72 -71.132422586481667 67.410521856592908 109
12 14 71 -84.682398368823286 45.220475522753141 109
12 14 71 -56.688229571038924 45.791888964279039 109
7 12 72 -95.586049202139165 21.617289328827329 109
12 14 71 -95.899991960582469 -4.380815216397146 109
7 12 72 -74.430467323327093 10.284092279058958 109
12 14 71 -70.142254721720704 -15.359839414100424 109
7 12 72 -91.611779358976079 -30.024746909556526 109
4 31 95 -31.466487313516616 8.524427050498090 109
7 12 72 -49.134072157679064 -30.678333640227777 109
11 16 55 -70.653588797416319 -48.592305940978704 109
6 19 98 -41.036896584620408 74.844182776442096 109
7 12 72 -18.586541624858317 96.221309856119760 109
7 12 72 -21.909209004791940 50.448864212248765 109
11 16 55 3.868087735779664 39.515842088951068 109
8 13 102 12.411212544814468 11.802758202503959 109
7 12 72 6.105233673688307 -12.388864944298543 109
12 14 71 -11.299813681228200 -31.703738140183468 109
7 12 72 -31.979504663383640 -47.462874565843322 109
11 16 55 -47.550581887156952 -70.733919967614341 109