1 12 101 98.000000000000000 0.000000000000000 0
2 14 94 92.571428571428569 25.426966241470851 0
8 15 91 71.554652953119813 5.444595445950550 0
11 21 91 82.169313073103282 -28.954953832161113 0
2 14 94 50.361750306980639 -14.350880740069007 0
2 14 94 43.501846650406208 12.795789807578579 0
2 14 94 62.793429487681323 33.089503899201937 0
9 31 84 38.957845777994621 -57.881915203929076 0
8 15 91 21.379767092681615 -15.372961444362790 0
8 15 91 10.943611189384477 -94.367565265485041 0
8 15 91 -5.593080017654312 -69.336827283494856 0
11 21 91 -40.149420733217184 -79.429364940096988 0
8 15 91 -71.777129322558011 -62.233782676395172 0
8 15 91 -87.604462379635365 -36.748580532791372 0
11 21 91 -88.996621206568136 -0.775508745681034 0
11 21 91 -51.889722514309611 -32.225599618381878 0
4 17 90 -51.565125780360638 5.773014000542563 0
4 17 90 -14.424730458332014 -38.579682577042050 0
2 14 94 -6.801703323142778 -8.531563546124847 0
4 17 90 12.630905864366333 15.621566689220154 0
2 14 94 33.186540470545545 38.826434409964598 0
10 20 77 -80.908347994073566 39.418767419465219 0
10 20 77 53.786998239270318 65.874930481261927 0
2 14 94 30.798558708362012 90.925512269591195 0
9 31 84 -12.315397039151609 78.034165567192787 0
4 17 90 -59.826714594150033 71.202276795549992 0
4 17 90 -43.382057446798626 41.443693978049012 0
2 14 94 -16.695602193247773 25.669249265152523 0
1 12 101 82.907629099136813 49.564302046387965 0
1 12 101 95.061224489795919 23.819395426849606 101
2 14 94 95.975595063065612 -2.164521261262269 101
4 17 90 68.497026036811747 12.185678886101606 101
2 14 94 73.202449433945958 -18.455127086550320 101
4 17 90 75.703769672896399 45.413120047944830 101
2 14 94 46.766464885264661 34.294109677066238 101
2 14 94 49.609750837581743 62.149373542148481 101
4 17 90 43.224933045013358 -10.559019744873812 101
9 31 84 5.642366254971925 52.564536925654465 101
1 12 101 29.407633328381770 14.937690406453019 101
9 31 84 -6.861130271240686 -8.161590685275819 101
4 17 90 -36.503385829542275 29.592040734977505 101
3 23 79 -45.966176302251668 68.456620965176825 101
7 34 108 -75.950849992394851 -2.732834688146127 101
1 12 101 -88.810458796205637 41.433107636375304 101
1 12 101 -17.492924407494868 88.810341178880478 101
1 12 101 5.537112065324614 95.564408106340139 101
1 12 101 -88.810458796205637 41.433107636375304 209
4 17 90 -92.139107261372658 12.624773783211523 209
4 17 90 -62.487969385093180 29.262382464805910 209
4 17 90 -62.904946546747659 -4.735060527964276 209
9 31 84 -17.811082498693622 11.713143787875797 209
1 12 101 -96.682214996720774 -16.017156530666075 209
10 20 77 -79.171252902439136 -42.800849452528666 209
7 34 108 -31.933487850839420 -68.965588184835283 209
4 17 90 13.565657804588639 -92.005287502016984 209
4 17 90 45.728685038092102 -80.980783922403290 209
9 31 84 68.773369560114361 -38.874459987862679 209
9 31 84 75.655698234411872 22.742368492828717 209
3 23 79 15.366543062985039 -30.892550222303718 209
6 17 48 13.565657804588639 -92.005287502016984 317
6 17 48 45.728685038092102 -80.980783922403290 317
6 17 48 71.779750206150482 -59.132626022718114 317
6 17 48 88.236944263293154 -29.380974576696691 317
6 17 48 20.099671257282434 -58.639037065385416 317
6 17 48 -12.063355976221018 -69.663540644999102 317
6 17 48 -43.712463093865708 -82.086664996620669 317
5 20 68 89.679307653144477 7.590901056703586 317
5 20 68 55.209297724516013 -12.702408567905582 317
5 20 68 54.869781027055453 27.296150511293078 317
5 20 68 20.399771098426989 7.002840886683906 317
5 20 68 20.060254400966429 47.001399965882570 317
5 20 68 46.355200505100399 77.143991250984286 317
5 20 68 -70.229811112035321 -56.282978165408416 317
3 23 79 -85.500001742725132 -16.085698679075094 317
5 20 68 -43.734730951546688 -26.316151051259652 317
5 20 68 -53.380501664982070 12.503420138332750 317
5 20 68 -15.359032264953079 24.927906633261202 317
5 20 68 -15.698548962413639 64.926465712459873 317
10 20 77 -55.224727752144659 71.064966366709157 317
10 20 77 -3.957008782792118 -30.527186442392299 317
10 20 77 -85.881963770308630 26.912604834080891 396
10 20 77 -89.061875940698741 -12.960796808976941 396
10 20 77 -52.940541097315453 4.222019291190831 396
10 20 77 -56.120453267705543 -35.651382351866985 396
3 23 79 -47.817908376374788 46.915796753560542 396
10 20 77 -15.566337270452586 18.475751725473053 396
10 20 77 -18.746249440842682 -21.397649917584754 396
7 34 108 1.209315926998407 75.990378042148905 396
12 30 82 60.623215225245005 52.199863752251503 396
7 34 108 32.847896245145222 -5.458888016701231 396
3 23 79 6.662069786487399 -56.087955682194107 396
3 23 79 50.145419976214370 -71.094562769659689 396
3 23 79 -55.125347293939029 67.306731355211483 504
3 23 79 -13.098554790272239 86.008301124985806 504
3 23 79 -17.915916530833972 40.261246292345788 504
12 30 82 -64.594636514685646 15.159511279220354 504
3 23 79 -79.312783970051598 -35.755870831514180 504
12 30 82 -26.508717510348944 -31.202787775023115 504