5 13 73 97.000000000000000 0.000000000000000 0
3 23 67 80.835051546391753 32.166666620776674 0
3 23 67 62.411822484083586 -9.982884158771661 0
3 23 67 35.120855282046620 27.046875618701144 0
6 20 66 53.934230708043764 65.712841338963287 0
10 34 88 42.131430573465309 -63.253004338397027 0
5 13 73 85.656938500901020 -45.518006180552987 0
7 36 82 -7.432145873852200 -13.821719813807592 0
3 23 67 -7.155328518890432 45.177630794076158 0
5 13 73 20.989645579931196 67.624466494830500 0
5 13 73 32.599208280003140 90.888560156804488 0
7 36 82 -71.522753891474679 18.986723671543331 0
5 13 73 -41.035903918873217 57.347536733157263 0
6 20 66 -23.161555584680485 85.087538024216016 0
5 13 73 -55.673358764299323 79.432217165968723 0
1 19 43 -84.192628572087941 -34.534059913691621 0
5 13 73 85.656938500901020 -45.518006180552987 88
1 19 43 89.946494577612810 -13.806814013358370 88
11 17 88 64.607887709299604 -66.894101726105362 88
3 23 67 50.913109337447452 -29.311485460791275 88
3 23 67 24.608184094126621 -67.048084511888902 88
3 23 67 5.079793285108742 -25.399051480973693 88
3 23 67 60.115558205220019 15.758625864077132 88
5 13 73 85.656938500901020 -45.518006180553002 176
1 19 43 89.946494577612810 -13.806814013358384 176
10 34 88 40.434226127874844 -32.715417160103058 176
6 20 66 86.447686380685468 25.035924577028293 176
11 17 88 40.506016709974773 -83.715366631767466 176
6 20 66 4.028230170713993 -89.909806816007276 176
1 19 43 -8.535065453388828 -52.988761285559484 176
6 20 66 -10.228267634680563 -14.025534181362005 176
8 21 93 45.556888193063955 22.045502603592222 176
6 20 66 64.440634934288866 58.437865937309340 176
7 36 82 8.914433987583095 65.707048038897639 176
5 13 73 -2.773402140751776 18.121393828440578 176
5 13 73 -25.472745196042496 30.799714886775760 176
10 34 88 -72.018021509319070 24.277655938810391 176
6 20 66 -51.122359204470179 74.070941599044914 176
10 34 88 -62.618030081752494 -43.069505554170696 176
11 17 88 -35.208307529915459 -86.077726973235642 176
2 20 97 86.447686380685440 25.035924577028361 269
2 20 97 88.758499902042885 -14.897271399120498 269
2 20 97 73.536770232873337 -51.887796481615929 269
2 20 97 49.112900646691600 -20.210129357328082 269
2 20 97 46.802087125334154 19.723066618820784 269
2 20 97 62.023816794503716 56.713591701316219 269
4 19 98 34.402456546958092 84.246489443386650 269
2 20 97 -4.185209908320100 89.902636324099532 269
2 20 97 11.130449871582433 52.950903407952339 269
2 20 97 -28.528519437609944 58.163019420910757 269
2 20 97 -68.528114838021196 58.342929963680938 269
2 20 97 -48.684124238263195 23.612308934440534 269
4 19 98 -87.676811153184246 24.367535493128269 269
12 34 100 21.601242956819945 -66.676339565987519 269
4 19 98 10.482196355898608 -14.855814648860907 269
4 19 98 -27.036710815083957 -8.828244268086079 269
11 17 88 -11.684324583159896 23.734068871275326 269
4 19 98 -64.916447032514512 -11.849102440506584 269
6 20 66 -29.139739088929538 -85.152073408867224 269
8 21 93 -41.588146728608272 -46.087547976751850 269
9 14 95 -76.431041894205748 -42.775047942158011 269
9 14 95 69.598041342823080 -66.121952793627386 369
8 21 93 82.430435976313234 -33.559249466502152 369
8 21 93 88.641618390758623 7.978940347384601 369
8 21 93 41.930916646160092 -44.685297013881772 369
8 21 93 48.142099060605474 -3.147107199995029 369
8 21 93 58.756418905937750 37.489529154666336 369
11 17 88 42.580024688400641 -82.679752645585438 369
10 34 88 -6.844443747388404 -70.101123155863874 369
9 14 95 12.286645037792832 -26.078385373059945 369
11 17 88 -57.768568412691579 -72.882045138347848 369
9 14 95 -80.689993982574791 -52.010814943548468 369
10 34 88 -75.880944271469644 -4.252328358689848 369
9 14 95 -85.995847588825285 42.669827717949985 369
9 14 95 -58.093753105035695 40.330356962056975 369
9 14 95 -36.244244504268771 22.820389117854283 369
9 14 95 -48.131321722507664 -43.418109959344022 369
11 17 88 -27.473039116069177 -20.304577997471096 369
11 17 88 -1.530329020874699 1.672132241249674 369
7 36 82 -17.151911071733334 69.031673498413213 369
9 14 95 32.044928302386843 60.105812442077024 369
9 14 95 47.791502222836506 83.258466928502912 369
11 17 88 18.085968046123256 29.442636186610258 369
11 17 88 84.464699443085792 -38.919333858497396 464
11 17 88 92.808882612021691 -5.959136540470805 464
11 17 88 60.092422836394995 -15.212960601355073 464
10 34 88 38.752686564810872 -61.533751353016868 464
11 17 88 68.436606005330887 17.747236716671516 464
11 17 88 26.235818997889034 -12.093605456062436 464
7 36 82 20.620482200697271 40.608083251739941 464
7 36 82 -26.742171454410681 -13.620866938599260 464
7 36 82 -50.058174154981785 54.499350457317504 464
11 17 88 -90.713173026813536 20.496834863153602 464
1 19 43 -89.672282916135529 -15.488114042986219 464
1 19 43 -6.702406309435164 88.341297719894854 464