8 12 47 98.000000000000000 0.000000000000000 0
2 16 61 90.081632653061220 26.857018795073568 0
8 12 47 74.292187369438807 3.733580088092849 0
8 12 47 62.184783518681833 24.455809022130698 0
5 21 101 68.428911924058895 56.859680094228906 0
2 16 61 82.210554716377573 -23.123438706980703 0
8 12 47 56.401950748873446 -12.264527101827529 0
2 16 61 38.606877419570580 9.353413716037940 0
2 16 61 34.933386770561583 41.141862348389346 0
2 16 61 35.203504992910247 73.140722267860781 0
2 16 61 10.447720815909395 93.417584692352293 0
1 28 86 -7.384132279935862 53.192903025890423 0
9 30 93 -65.010712311577890 46.621961399551324 0
6 23 65 -86.985139479270941 -1.607952042748707 0
6 23 65 -29.528803148838364 7.251488679921700 0
2 16 61 -39.853702322947299 85.133321391532149 0
2 16 61 -54.294540077444033 -22.875878851661561 0
2 16 61 -81.213304221181630 -40.178483770396397 0
8 12 47 -71.904891021505307 -66.585934304366759 0
9 30 93 -12.977864858051056 -43.097954630750074 0
2 16 61 27.090015994285753 -20.502270883561955 0
8 12 47 -47.905443152265349 -66.423140042693333 0
8 12 47 28.678814536648829 -48.457158098354739 0
6 23 65 22.095848987934382 -82.832506308728398 0
6 23 65 62.386910303946316 -60.637228026414235 0
8 12 47 -12.830772819372783 -85.097697057724048 0
8 12 47 -36.061931493903437 -91.123746065057119 0
8 12 47 11.409965389717883 2.695487909868733 0
8 12 47 91.999931236167015 33.764073399703108 101
7 19 76 90.957477253807340 2.781605943177574 101
6 23 65 78.574041707999129 -37.351304792063331 101
6 23 65 49.222847834641719 -1.932278574384972 101
6 23 65 33.224668289503910 -45.060671208953849 101
6 23 65 3.873474416146500 -9.641644991275490 101
6 23 65 19.871653961284302 33.486747643293384 101
8 12 47 54.860687592354239 32.610662279953935 101
3 13 39 72.911038538306414 49.907622438547222 101
8 12 47 93.891186387723238 -28.079264924598945 177
6 23 65 86.779470486032494 6.190597884196215 177
8 12 47 70.144225074038602 -24.603372468500041 177
6 23 65 63.898983814606098 -59.041679070472824 177
6 23 65 35.176043886108694 -23.111291904956076 177
6 23 65 43.620799337089480 22.106913558917991 177
3 13 39 74.782713604212603 40.132869822275239 177
1 28 86 13.982656479571482 -69.499224928927191 177
6 23 65 -10.788421514219827 -24.919030951943334 177
6 23 65 -2.343666063239041 20.299174511930733 177
7 19 76 -30.066902190287657 -85.889355526046856 177
3 13 39 -60.453739749214172 -75.857401420917924 177
3 13 39 -78.431536132366233 -57.074461363357003 177
3 13 39 -42.975669640836287 -56.608581579519139 177
9 30 93 18.762080628006927 68.915503626796664 177
5 21 101 -30.022636691263877 83.783299565631680 177
7 19 76 -64.752636117961643 63.938221087037213 177
3 13 39 -87.639431059882099 41.573189960600473 177
3 13 39 -35.813795384508879 50.280128357675068 177
3 13 39 -55.506073318092923 33.303256154984751 177
7 19 76 -52.770539563916678 -26.144495786737902 177
7 19 76 -89.505862908128819 -16.422560856067800 177
3 13 39 -64.550621611759837 3.608313609117197 177
3 13 39 -35.792848305796710 0.980363651496191 177
4 13 85 -62.610725588065847 74.087090922345695 278
7 19 76 -78.376276413083644 46.240234597371035 278
7 19 76 -40.652065104780718 50.810123126264259 278
7 19 76 -27.916121157202429 86.612298084835473 278
7 19 76 -55.556531200447552 15.855053531095123 278
7 19 76 -90.975984302690051 2.090521503523512 278
4 13 85 -10.024552212101334 60.081339551780282 278
4 13 85 -13.250780191905537 34.282280401835905 278
4 13 85 -23.990313311759735 10.603969052257888 278
1 28 86 -38.241919818352066 -27.839388137005059 278
11 16 97 6.340842169882269 93.785892972113047 278
1 28 86 43.172550413792578 69.714638999054841 278
4 13 85 80.862277300469557 53.575107184045514 278
4 13 85 10.815490031107437 44.534872451462149 278
4 13 85 7.589262051303235 18.735813301517773 278
1 28 86 62.225677552388262 17.055562419223811 278
4 13 85 96.878281505194252 -4.857836205589631 278
1 28 86 72.685036291902151 -37.958997605901850 278
4 13 85 38.032432339096175 -16.045598981088407 278
1 28 86 13.613971380092696 -48.980971521772126 278
4 13 85 -23.620930290616009 -66.143782992293310 278
4 13 85 13.314434215456657 -7.982065713360576 278
11 16 97 36.153957137950876 -86.769184525770498 278
11 16 97 4.592046313686527 -92.046095091734770 278
11 16 97 -52.427223621865380 -69.490044266315095 278
11 16 97 -76.893405936767863 -48.864673410644315 278
11 16 97 63.166425485160580 -69.613236467123514 375
10 25 95 78.854288509130612 -31.733281956311920 375
10 25 95 30.575008424477545 -44.737554888991454 375
11 16 97 93.778165346853001 6.454123037121363 375
10 25 95 73.763413809536871 42.236936242618562 375
5 21 101 49.140372911034603 3.382002747492301 375
11 16 97 33.133525921327006 36.740372753355729 375
10 25 95 34.417443745616225 77.720264834966585 375
9 30 93 -1.748127686401652 6.752537860012225 375
11 16 97 2.015473926193543 52.598315232652233 375
5 21 101 85.675012856393579 24.099630122821271 476
5 21 101 65.083401653652146 60.705443159484382 476
5 21 101 87.186871164465344 -17.873150157454610 476
11 16 97 48.828581879508462 27.467199612177193 476
10 25 95 63.035003331179496 -57.022700348529540 476
10 25 95 19.330600812472390 55.942963218598379 476
11 16 97 3.879059258585055 93.919928126401302 476
9 30 93 10.782971702799571 1.611222618802813 476
9 30 93 -33.808247131304555 41.756249744077465 476