9 11 117 99.000000000000000 0.000000000000000 0
9 11 117 96.555555555555557 21.863775779997951 0
9 11 117 78.843192529652626 8.814936902970350 0
9 11 117 81.287636974097069 -13.048838877027592 0
9 11 117 76.398748085208183 30.678712682968296 0
9 11 117 84.861216147439819 50.986017632067515 0
9 11 117 63.043340148006621 48.161077478124973 0
9 11 117 61.130829503749695 -4.233901974057249 0
9 11 117 58.686385059305252 17.629873805940697 0
10 36 109 14.496910305723731 1.620803845365788 0
10 36 109 9.200922194321375 73.425765442207307 0
2 11 71 55.403787610631362 82.045233367917547 0
2 11 71 43.069927821931998 38.938127838632717 0
2 11 71 96.555555555555557 21.863775779997951 117
2 11 71 99.000000000000000 0.000000000000000 117
2 11 71 78.843192529652626 8.814936902970350 117
11 17 95 72.427021099842307 36.069895060767735 117
7 24 73 43.912770953782520 6.609115393421348 117
7 24 73 35.489793476450643 53.864310350339679 117
7 24 73 -1.222917078360986 22.942200401006943 117
7 24 73 -9.645894555692863 70.197395357925274 117
7 24 73 77.536591617253393 -27.646375903460520 117
6 13 58 70.037701977036903 67.109763088359671 117
6 13 58 22.504112999285621 88.510696923039802 117
11 17 95 64.869421823949381 -66.640514045335209 117
6 13 58 44.606874609704931 -44.517467682085083 117
5 29 96 5.306441513099877 -29.702746678324313 117
7 24 73 -41.000952985357983 -3.922420560057404 117
7 24 73 -84.375687627701041 16.635604508181160 117
6 13 58 -80.928717245064902 53.474692379370765 117
6 13 58 -57.543287444250964 42.111520593676268 117
1 18 86 -88.492173934940269 -25.162177017664355 117
7 24 73 -54.592720588682560 -49.957883557807484 117
12 24 106 -20.320624072010617 -83.564778688895132 117
6 13 58 -56.973058292522921 -78.505226761004806 223
11 17 95 -75.218673676354200 -54.691417337367852 223
6 13 58 -45.225066819846035 -55.310729647294593 223
5 29 96 -80.498952373426391 -8.995480352978895 223
6 13 58 -91.753666362632032 31.468471666333059 223
6 13 58 -65.778157260744365 30.340231045830670 223
6 13 58 -43.761849401204870 -29.351935476806140 223
1 18 86 -39.473421408212872 13.937155976547338 223
1 18 86 -16.810637981160998 -14.034226673199228 223
6 13 58 -21.498743775779502 -44.677687053163901 223
1 18 86 -25.993254524647842 -79.624046900237758 223
11 17 95 6.441431620648050 -92.776656324080335 223
11 17 95 39.357814721348177 -84.261274737331320 223
1 18 86 15.237253133964842 -58.899916163523656 223
1 18 86 50.368358243299141 -51.038271691982999 223
1 18 86 25.994421860756294 -24.544664440048535 223
1 18 86 61.125526970090590 -16.683019968507885 223
5 29 96 76.048909449230052 27.884823319913792 223
11 17 95 -75.218673676354200 -54.691417337367838 319
11 17 95 -89.849739130310780 -24.000507874107569 319
5 29 96 -78.352584480234469 20.539535176525298 319
5 29 96 -44.533448415611417 67.659234197662016 319
5 29 96 -41.060348808206491 -23.882184269956337 319
3 27 108 9.475970289350499 82.457297961280219 319
8 28 98 -2.792507863986787 28.843079289354328 319
10 36 109 59.438227529479825 44.080575179479979 319
8 28 98 80.341303143363007 -16.409601129407427 319
8 28 98 24.461548166068702 -20.077432052112623 319
8 28 98 -4.774054758226635 -67.840174034257402 319
12 24 106 85.416150887522008 -10.004057554816058 428
3 27 108 61.921279404017987 -55.269839487459500 428
10 36 109 25.749423529795237 -3.688865838114168 428
10 36 109 28.587222639261846 68.255188094190132 428
10 36 109 -35.137055272084723 34.740767247672920 428
3 27 108 -82.743334286294441 -6.522317930500755 428
10 36 109 0.994695203068616 -71.299541219077184 428
12 24 106 -54.774966738517136 -49.169362572684790 428