7 11 90 99.000000000000000 0.000000000000000 0
7 11 90 96.555555555555557 21.863775779997951 0
7 11 90 78.843192529652626 8.814936902970350 0
7 11 90 81.287636974097069 -13.048838877027592 0
7 11 90 76.398748085208183 30.678712682968296 0
7 11 90 84.861216147439819 50.986017632067515 0
7 11 90 63.043340148006621 48.161077478124973 0
7 11 90 61.130829503749695 -4.233901974057249 0
7 11 90 58.686385059305252 17.629873805940697 0
5 23 84 43.004411673530228 75.628173167236682 0
7 11 90 42.031369059010231 41.642099724275845 0
5 23 84 27.936397126109341 3.123384151020523 0
9 24 72 7.127713785067971 45.265983710282022 0
7 11 90 9.312878736224146 80.197703595455721 0
5 23 84 -24.529241767444624 83.470451647958939 0
2 27 76 56.635310956622114 -41.967048052703170 0
10 29 83 0.641462076499458 -41.137055528648020 0
5 23 84 -19.739559543822871 6.702404728674639 0
5 23 84 -47.322923867617050 43.514875612613395 0
5 23 84 -85.230576338580732 17.457057512460779 0
9 24 72 -80.841258284333634 -29.337534985162925 0
8 14 69 49.388053933050600 -82.321443917767169 0
8 14 69 21.627395083048746 -78.668250764673019 0
4 17 61 -8.435550007832120 -86.232596900505385 0
1 23 83 -43.966567011271977 -67.860149303593644 0
8 14 69 -42.872427533405791 -30.876330425563015 0
11 12 99 -59.123466292249468 78.156354403140128 0
11 12 99 -81.221368713398675 52.226674338335954 0
11 12 99 -56.620472082433132 -2.703843619491765 0
11 12 99 -76.346798086446952 61.442382944896423 99
12 26 96 -80.593051169154478 23.680373798697680 99
12 26 96 -79.090005102265920 -28.297899090277877 99
12 26 96 -38.932045693056722 54.798867057860363 99
11 12 99 -43.178298775764254 17.036857911661635 99
6 28 95 -25.890506000561132 -19.034352505534443 99
9 24 72 -50.706810530206731 -69.460919702043370 99
6 28 95 1.272812250772667 -68.005304523815198 99
12 26 96 28.069089573898804 -21.122903544107302 99
12 26 96 79.825354286023881 -26.151726771109576 99
6 28 95 58.524286457045946 23.469483505800049 99
6 28 95 34.857168413409291 74.222488574550113 99
12 26 96 4.601659211216410 26.359167036452519 99
3 20 91 50.277406080495538 -61.406779697511702 99
11 12 99 95.587315296482728 8.425152571953978 99
11 12 99 79.208389738135779 57.706420744069604 99
11 12 99 37.261213045371164 -90.639958089065018 99
11 12 99 96.759055571297566 -15.546226711023788 198
12 26 96 81.738734637995421 19.359216404063663 198
6 28 95 59.383347316552971 -29.796013813160325 198
6 28 95 27.816662353107247 16.459195627707743 198
6 28 95 3.541818401668564 -34.005960184330533 198
11 12 99 54.709728395387273 46.069379667081172 198
11 12 99 -10.063138077393132 3.609264914063296 198
11 12 99 -10.599605585845303 27.603268386022187 198
11 12 99 2.693783363725450 47.585405664987874 198
5 23 84 29.383749526186527 70.227086394268611 198
8 14 69 66.372306313784520 69.306941421648133 198
8 14 69 95.432830441027690 10.419926775849097 297
9 24 72 82.222060915099334 -25.209773875893749 297
8 14 69 73.191320445968870 -62.121096347179019 297
8 14 69 67.439757591714539 9.797132706314390 297
9 24 72 38.868712284934368 -45.812860114401175 297
8 14 69 46.282309355178576 -8.543052246905173 297
4 17 61 80.821092843676794 37.760320415776135 297
4 17 61 38.744445916534218 21.526543938949214 297
10 29 83 45.350905334487734 67.049666568651730 297
2 27 76 5.297684146500252 -7.420333892121080 297
2 27 76 -6.264411001357804 45.327348102369236 297
2 27 76 -58.548866859392092 58.830520900984531 297
8 14 69 -90.223666502772346 32.797713377559035 297
4 17 61 -23.719121268285129 85.717112764937184 297
8 14 69 7.254672741250189 86.991508564865256 297
4 17 61 -64.663186838249501 15.257420354934965 297
4 17 61 -92.928797610139469 -3.638485225164072 297
2 27 76 -56.241368162493401 -27.929070243314463 297
8 14 69 -17.541849034726482 -41.469647013880859 297
8 14 69 -35.257784524868704 -63.152488841213348 297
2 27 76 0.619339401741883 -82.997689237143533 297
4 17 61 83.386447885643264 41.178881832984473 380
4 17 61 63.012865665983242 68.398675137467038 380
4 17 61 34.217168437665947 86.476501918777899 380
4 17 61 49.626624288369797 37.144738716909231 380
4 17 61 63.012865665983242 68.398675137467038 441
4 17 61 34.217168437665947 86.476501918777899 441
2 27 76 27.036872242800779 43.066326308052645 441
2 27 76 -9.961166585440637 82.400091991799997 441
1 23 83 -57.075885805455691 65.660819820670696 441
2 27 76 -80.211041429044656 21.335154859247716 441
2 27 76 -26.426668215746112 26.156067433918071 441
2 27 76 -49.143822063307006 -22.833022382756916 441
10 29 83 78.335212967118551 20.605688762964984 441
1 23 83 81.167971248801962 -31.317095065693078 441
1 23 83 38.865138370783349 -13.248605076365575 441
10 29 83 0.631288639133319 -48.493076056898182 441
1 23 83 46.050487681437019 -73.812956750842986 441
1 23 83 -45.394779628241565 -72.692271081670128 441