8 12 91 98.000000000000000 0.000000000000000 0
6 24 78 80.122448979591837 31.247290594749217 0
5 13 78 73.538784293307259 -5.162259791084570 0
4 22 78 40.838329224278340 7.314928925866895 0
6 24 78 37.430746201783741 53.188542016017166 0
10 30 67 53.387484563149144 -43.148113989527047 0
5 13 78 17.791070569765431 -19.025607676715438 0
4 22 78 -3.128041816595267 9.034875871627243 0
6 24 78 -10.553153867329350 54.431656716022410 0
5 13 78 45.846297687640913 -85.481676330873455 0
5 13 78 22.825620857861647 -73.396626132431393 0
6 24 78 -12.267835606270168 -85.120504048892542 0
5 13 78 -49.235563051615188 -83.575470869091887 0
5 13 78 -39.091917047773165 -59.635829147697230 0
4 22 78 -72.642835204519130 -49.669089919678186 0
5 13 78 -94.410844568111443 -22.261905307855006 0
6 24 78 -84.933218280664804 13.503645155621733 0
5 13 78 -82.851075034422621 50.445013288138540 0
5 13 78 -59.061385212497783 39.954510050609557 0
5 13 78 -46.600440426468012 62.773906515887020 0
5 13 78 -32.212151808174944 84.429786794386402 0
5 13 78 -7.128843023328461 91.272857771955131 0
5 13 78 6.448052241601462 -53.203180507187298 0
5 13 78 -48.046975999835844 16.402805447841882 0
4 22 78 -42.019784538059554 -18.074331368939909 0
8 12 91 41.000190350638704 89.011147567096302 0
8 12 91 17.652798679509228 94.569861640951345 0
8 12 91 -19.764577983114965 -43.778529103877119 0
8 12 91 95.061224489795919 23.819395426849606 91
6 24 78 70.124964677828459 49.784428578957403 91
6 24 78 85.314588569542948 -10.836096031763912 91
1 17 75 44.405246308908531 81.713977386033321 91
1 17 75 77.689526163807955 -51.120813026036657 91
4 22 78 44.110139878637739 -31.285873734187977 91
6 24 78 37.820414216294026 14.282090353452094 91
4 22 78 16.133690807522232 54.849146295329732 91
8 12 91 16.296618891135108 88.848755917199952 91
3 21 70 -16.213009673933918 83.180947649337639 91
6 24 78 -27.249467854601537 39.555306211917198 91
1 17 75 -52.489213476237403 71.865602418468967 91
3 21 70 -77.688336045807205 43.422602897957788 91
1 17 75 -92.612932831317593 8.476123664851443 91
7 16 109 -59.715887800728211 11.080817169925432 91
3 21 70 -72.374847876142908 -23.686275458148273 91
3 21 70 -31.726231850198751 -13.117925767900712 91
7 16 109 -1.774745068552939 8.605527907076866 91
1 17 75 4.758623006710483 -23.741266394571156 91
1 17 75 -18.346304314755230 -48.684448498500622 91
1 17 75 -51.648726285283040 -55.536359976103526 91
9 23 67 -6.156729997681627 -86.781879881318815 91
9 23 67 38.956045949642409 -77.790915176319587 91
11 17 115 -92.612932831317593 8.476123664851460 200
11 17 115 -89.470332206525157 -25.378330418962314 200
11 17 115 -61.722815251084825 -5.729531402036331 200
11 17 115 -58.580214626292388 -39.583985485850093 200
2 24 107 -61.579458805166595 35.270217974385652 200
11 17 115 -30.734113464140897 8.259763131994266 200
11 17 115 -27.591512839348461 -25.594690951819501 200
11 17 115 -30.970779285327144 -59.426341196628471 200
7 16 109 -22.396407006181214 -91.292940325161382 200
11 17 115 1.720669122253486 -68.768139792963865 200
11 17 115 29.659707991544426 -88.143642549286085 200
11 17 115 59.359196514950213 -71.592498134228578 200
2 24 107 78.423811308946881 -35.294557934314696 200
9 23 67 31.895786524530862 -42.510525854169330 200
7 16 109 93.987161471471779 1.553537426485669 200
7 16 109 61.989419626532808 1.173383740929321 200
12 17 102 86.667123752048582 33.731434309069876 200
2 24 107 45.867558117860135 37.780563111855713 200
2 24 107 10.184384918781667 5.675872637649798 200
7 16 109 6.622844535516958 45.517000007471736 200
7 16 109 24.853602111212311 71.816039499746481 200
8 12 91 74.243040366530778 59.935291888245132 200
8 12 91 52.824054144226352 73.102046136144935 200
3 21 70 -44.675561738742722 76.974633375728317 200
12 17 102 -6.876892944016353 80.881119948926695 200
8 12 91 -20.026216741380658 55.033580730036462 200
8 12 91 -97.971878985126452 2.347536607539389 315
1 17 75 -88.152153933522925 29.634401577903997 315
1 17 75 -89.470332206525143 -25.378330418962324 315
9 23 67 -59.785707345707664 1.432545114532230 315
1 17 75 -56.205862126328931 41.272031910991984 315
1 17 75 -58.118089182178046 -38.532677888231888 315
9 23 67 -21.080658896234219 -23.425435988604715 315
3 21 70 -31.929212016892524 -66.067069343675144 315
3 21 70 -22.201261860922159 24.310688780511480 315
1 17 75 9.123468675480908 2.798802372719685 315
1 17 75 18.389532826774605 -29.914192830167345 315
3 21 70 10.060642090155605 -66.990190174776458 315
10 30 67 59.298528736277689 -53.699948693763666 315
3 21 70 88.227766770224747 -11.698767915418507 315
1 17 75 89.207112855541354 26.288610004690359 315
1 17 75 58.417311529648359 11.866816277416426 315
1 17 75 61.322572456636564 45.742463266752523 315
7 16 109 -89.412438553852255 29.007168628695830 406
12 17 102 -92.922101185269568 -3.805668313781929 406
2 24 107 -54.276923460311025 9.889229955514127 406
2 24 107 -61.221273201406277 57.384240290004534 406
2 24 107 -20.897411622419231 83.422408185589902 406
2 24 107 -67.761604092930369 -36.177714682005096 406
2 24 107 -21.124119445797731 -24.822318353013848 406
2 24 107 -34.608800078417069 -70.889262990533069 406
7 16 109 -1.946511954884485 -93.979844068871969 406
7 16 109 4.531849546705576 -62.642472892356281 406
7 16 109 -26.085758107865054 38.266301616822830 406
2 24 107 6.194842364443886 14.645064707059440 406
2 24 107 26.715117810238162 -28.747541755663363 406
2 24 107 42.904778906548643 -73.934872652570860 406
3 21 70 -88.641091623367416 -7.984790280137741 515
3 21 70 -82.432650557086063 33.553809353534461 515
3 21 70 -49.563388569835652 7.407841855400166 515
3 21 70 -55.771829636116991 -34.130757778272027 515
3 21 70 -43.354947503554293 48.946441489072349 515
10 30 67 -2.859889415333122 79.948865110969933 515
3 21 70 -6.356537697645734 29.068874438901204 515
9 23 67 -14.427144749870990 -19.076953220718419 515
9 23 67 -23.604799667652856 -64.152119889407686 515