6 10 92 100.000000000000000 0.000000000000000 0
6 10 92 98.000000000000000 19.899748742132399 0
6 10 92 81.766312060385914 8.217823563497323 0
6 10 92 83.766312060385914 -11.681925178635078 0
6 10 92 65.532624120771828 -3.464101615137756 0
6 10 92 63.532624120771821 16.435647126994645 0
7 23 90 33.241890668198366 3.340935717225158 0
6 10 92 50.406551227264572 31.525584515676357 0
6 10 92 70.037856794133177 35.348128399039091 0
5 26 95 60.439522766225650 -39.102007257758231 0
7 23 90 11.477064836108887 -37.184270716534201 0
6 10 92 1.511620840092569 -5.724933057227664 0
6 10 92 2.102913754359433 14.266324349187219 0
6 10 92 14.131847408328390 30.244583176369019 0
7 23 90 31.296507967394597 58.429231974820226 0
6 10 92 64.053503332859748 54.431825987571159 0
6 10 92 83.572646973305069 50.072579315993252 0
10 25 78 5.558896299116558 -84.818032704936442 0
9 17 57 47.290641414583291 -80.078681523844409 0
6 10 92 66.633637677912915 -74.565128108309622 95
5 26 95 74.202555563858468 -39.369794866020037 95
5 26 95 83.159526597864158 11.852980048035366 95
5 26 95 31.144124266820299 -68.524065466366807 95
6 10 92 38.713042152765844 -33.328732224077235 95
5 26 95 32.090584568897796 2.056901238528308 95
7 23 90 65.303941277857916 57.483869507698302 95
11 18 81 -6.201022513206759 -91.790780145887766 95
7 23 90 -14.884719071054977 -51.720923469188563 95
7 23 90 -59.311370210302172 -63.648734188328369 95
7 23 90 -47.427831734985979 -19.210220337101518 95
7 23 90 -86.887018614811097 4.432380424723263 95
7 23 90 -72.481713477069789 48.118616058942926 95
7 23 90 -33.022526597244678 24.476015297118145 95
5 26 95 9.468889180395459 48.878465690710087 95
8 12 84 15.291011913149797 -33.988882989624344 95
8 12 84 -12.510813331164428 -16.801522392736601 95
9 17 57 36.705211067530101 85.450146170080160 95
1 10 40 -34.113622117612991 -94.001387149428311 95
1 10 40 -88.043375391056173 -47.416917337059814 95
1 10 40 -96.224331613393474 -27.219074296450387 95
1 10 40 13.407961373842706 99.097056322564612 95
1 10 40 -3.882987140624453 3.436081596516486 95
1 10 40 66.633637677912930 -74.565128108309608 190
1 10 40 80.139238067157422 -59.813899070495872 190
1 10 40 90.439268933715624 -42.670114069862308 190
1 10 40 60.611498788745791 -55.493320558956000 190
9 17 57 39.706643236973044 -72.580948081801779 190
3 25 63 35.848856260684897 -30.758496221041845 190
3 25 63 -1.425076587097571 -64.084971133024411 190
9 17 57 -5.282863563385721 -22.262519272264480 190
9 17 57 14.483653661505599 5.401262045517711 190
9 17 57 48.251403428716230 9.368512435781279 190
9 17 57 73.891406865856439 -12.960621531827908 190
11 18 81 90.222836755024431 17.995547445860385 190
5 26 95 -52.401008484172984 -65.651613154907565 190
9 17 57 -39.193186961576444 -24.730305128071020 190
9 17 57 -24.375190504709469 5.870789313211272 190
4 34 114 -75.131666744996778 11.455682088760426 190
3 25 63 -53.254055997554843 66.249569959429124 190
3 25 63 -8.174355923247504 44.620408135389461 190
12 21 73 37.807698487531638 45.905193006154342 190
9 17 57 40.279197355021097 83.824735373487826 190
9 17 57 74.550524218919804 55.598735045720694 190
11 18 81 -17.608364770642098 90.299199830917715 190
8 12 84 9.377117824191043 77.192570625665979 190
10 25 78 -53.254055997554843 66.249569959429124 304
10 25 78 -81.287198602892687 24.847360891931380 304
10 25 78 -31.415262474976288 21.271051781545793 304
2 15 76 -58.584634862535680 -8.085807792770481 304
11 18 81 -90.301896282697641 -17.197082566648486 304
11 18 81 -17.608364770642098 90.299199830917715 304
10 25 78 6.044223933945226 54.388824623025101 304
10 25 78 54.934923013643953 64.862579608623435 304
10 25 78 15.995313326967899 5.389071359441502 304
2 15 76 25.184906185401317 91.600876089874461 304
11 18 81 -18.822822234343992 -19.843792846472738 304
10 25 78 -51.750915040893133 -47.497738389980384 304
11 18 81 -32.637464765905932 -86.016253659725550 304
11 18 81 -10.049285169282797 -57.984590446303869 304
11 18 81 2.932757485558540 -91.562359408935691 304
11 18 81 38.075148076670914 -83.751316998239389 304
12 21 73 84.055007773330743 29.253301834584569 304
11 18 81 91.556916085865197 -9.018376619205856 304
10 25 78 70.974321665870178 -46.772274523157307 304
11 18 81 28.041659062799482 -49.177785240426132 304
2 15 76 58.558022663458402 -8.748130626381561 304
8 12 84 51.076434165082190 28.064317913191076 304
12 21 73 84.055007773330757 29.253301834584526 388
12 21 73 61.280385653032184 64.542345279790126 388
12 21 73 42.106488614380709 27.174422239417751 388
10 25 78 15.280385653036404 64.542325577809038 388
3 25 63 -2.967530434423132 17.991132698731970 388
2 15 76 -22.914783025982768 52.662549082383180 388
12 21 73 -54.077827310959194 70.686551714778645 388
12 21 73 -80.472093662453176 38.016340454880222 388
12 21 73 -88.945292822864289 -3.120077668092151 388
12 21 73 -49.083510127466106 10.110125669153039 388
8 12 84 -60.995687335528373 -20.664864731555809 388
3 25 63 -24.959952938139146 -29.056875601473639 388
12 21 73 -63.905511611591294 -53.536325342280655 388
5 26 95 82.112595453827566 -17.706543079778658 388
2 15 76 42.085999902364627 -8.825571930202329 388
2 15 76 13.652371512555366 -18.392639223277719 388
11 18 81 11.815008215831304 -51.341449461522302 388
2 15 76 -16.572956786280923 -68.167721866272302 388
2 15 76 -40.876063877728754 -85.756325725067299 388
8 12 84 96.425790201034985 17.494770193002996 483
11 18 81 91.207714358467342 -12.047939305301540 483
11 18 81 66.603727846743709 14.232164342342651 483
11 18 81 56.146483729657561 -20.215564835001789 483
3 25 63 24.007693893329161 8.351867458718880 483
5 26 95 47.250709526030505 53.747486457670760 483
8 12 84 37.597580061523416 90.500950124942534 483
8 12 84 84.938040751349675 48.882811225645156 483