10 11 109 99.000000000000000 0.000000000000000 0
10 11 109 96.555555555555557 21.863775779997951 0
10 11 109 78.843192529652626 8.814936902970350 0
10 11 109 81.287636974097069 -13.048838877027592 0
10 11 109 76.398748085208183 30.678712682968296 0
10 11 109 84.861216147439819 50.986017632067515 0
10 11 109 63.043340148006621 48.161077478124973 0
10 11 109 61.130829503749695 -4.233901974057249 0
10 11 109 58.686385059305252 17.629873805940697 0
12 22 98 28.988559048769989 3.241019430140827 0
10 11 109 43.042906832400689 33.098603196694256 0
10 11 109 42.159940720342817 55.080877211112274 0
8 27 95 56.635310956622114 -41.967048052703170 0
10 11 109 20.997953400240775 -28.776947734713548 0
12 22 98 -9.933913119687364 -17.278268089060784 0
7 18 76 38.952128100844817 -83.347055835316553 0
7 18 76 14.270423747223539 -57.139929510585098 0
7 18 76 -21.692698030216341 -55.510858603279360 0
12 22 98 -52.171537059574391 -29.606411660283626 0
8 27 95 -43.320224997853856 18.587511969008485 0
2 15 86 -74.180195460869911 -59.348956194588084 0
2 15 86 -51.974782094012127 -79.521204884483211 0
6 17 84 -0.510385754435057 28.752041665587644 0
12 22 98 11.021604217031683 66.008090936786417 0
12 22 98 -29.621371971353874 82.864795435303478 0
2 15 86 42.923668128865771 84.749977665855425 0
2 15 86 -64.290767240733970 69.940669482052911 0
7 18 76 -81.852614219601051 42.001780264854993 0
2 15 86 91.666666666666671 24.944382578492913 109
2 15 86 94.874391331390981 -4.883632817696629 109
2 15 86 67.438709921455342 7.252403832400971 109
2 15 86 64.230985256731017 37.080419228590500 109
6 17 84 69.721739008073143 -24.666051302358561 109
9 26 80 29.734652641178435 -8.853621891085188 109
11 27 72 22.753460954948086 43.684582899715458 109
6 17 84 48.618572136291860 79.279470504211773 109
4 16 42 74.502756395488078 -57.317879317666325 109
9 26 80 32.645041751194853 -60.772112192983400 109
9 26 80 -13.772884331393211 -37.333337946206093 109
9 26 80 -21.239670936705132 14.127784250951001 109
9 26 80 -25.335285814768298 65.966244285664501 109
6 17 84 12.464383574432851 86.464658713787713 109
12 22 98 -71.179851864102645 51.743875856031536 109
6 17 84 -91.188247388909971 18.267554246229928 109
11 27 72 -79.415540267965170 -24.128239967871743 109
6 17 84 -65.613926907049120 -65.907606509692158 109
4 16 42 -47.249150321274691 81.262031687114415 207
5 21 64 -71.355169759217972 53.192478308809648 207
5 21 64 -87.803087418180112 14.547090425078913 207
3 26 64 -77.910458068870867 -31.400008335965680 207
5 21 64 -46.111240942284887 19.625469834928403 207
5 21 64 -32.303957336371013 -20.040118770635768 207
3 26 64 -39.527232355774856 -66.481741244382931 207
3 26 64 -14.761907245204601 54.642883742141862 207
3 26 64 31.828821056659155 77.736260201679187 207
3 26 64 71.489336264512588 44.105269531649448 207
3 26 64 83.753711271226265 -6.427740528060014 207
5 21 64 26.336531167703285 31.058270187372941 207
3 26 64 14.355056812477329 -14.388888934788508 207
3 26 64 12.472612712463256 -66.354804727838115 207
7 18 76 55.964838061348637 -73.020112987909187 207
4 16 42 80.145843597030847 -49.118670117586348 207
4 16 42 49.586968173346399 -39.623664438823695 207
4 16 42 80.145843597030847 -49.118670117586348 283
3 26 64 83.684977571625225 -7.268048488871287 283
5 21 64 79.722282677371766 39.564600904207666 283
11 27 72 36.963591424549918 17.754183156125521 283
9 26 80 39.804435671667633 -35.169626268023251 283
11 27 72 -7.962606941088637 -12.206402626053311 283
5 21 64 -7.518468623120128 35.791542550323896 283
5 21 64 23.701904929350164 63.885817327299605 283
9 26 80 -19.820645891991013 81.628071130122265 283
5 21 64 -62.939326027584983 62.925680283914005 283
4 16 42 -87.233495964681538 35.018811827072170 283
5 21 64 -52.509828829936708 22.241216563665134 283
5 21 64 -86.822880080564460 -1.978909651360944 283
1 25 118 20.676716074982146 -82.446791401209637 283
5 21 64 -18.869896233036801 -58.950718219521498 283
5 21 64 -51.473630077802689 -32.474378982767725 283
6 17 84 -52.399353286593026 -76.832986243844601 283
6 17 84 60.882404790783710 -70.301726770337282 401
6 17 84 82.082379329544395 -43.720510102248163 401
6 17 84 92.311463533589702 -11.295738147050834 401
6 17 84 59.116245206448951 -18.649477346496141 401
6 17 84 37.916270667688259 -45.230694014585254 401
6 17 84 25.496249039005075 -13.580369170390650 401
9 26 80 48.194886264843511 22.940472387407297 401
4 16 42 77.849140107769273 52.683122387353897 401
7 18 76 46.975041872011275 66.923559814931934 401
11 27 72 4.300738176880337 52.644070883750452 401
9 26 80 -45.579933671440564 70.558271283436923 401
7 18 76 -33.510992886350230 28.245853858690516 401
9 26 80 -78.380295149232637 30.208100442086391 401
9 26 80 -81.143763474597677 -21.718417280698617 401
11 27 72 -28.404915942769652 -16.463518517202154 401
9 26 80 -51.267283795494954 -64.278914951475002 401
4 16 42 -10.165607428528252 93.137586967499914 401
4 16 42 90.174592701113355 21.635004071206438 401
12 22 98 80.127589103824292 -36.380894222224654 485
12 22 98 52.498815785495033 -70.624884715804370 485
12 22 98 36.657036750266819 -29.575669899939697 485