5 14 102 96.000000000000000 0.000000000000000 0
8 33 99 67.375000000000000 37.277464707246388 0
5 14 102 69.720584182980446 -9.663969387171221 0
12 34 79 21.768332401301123 -11.804424728081896 0
8 33 99 3.169285603562919 52.562301600165867 0
8 33 99 5.512308951629283 -76.802437786972547 0
8 33 99 -55.991143298409654 -52.858224262047969 0
8 33 99 -76.358245370025173 9.920603006422056 0
4 18 75 -25.359569762603705 10.288143873531666 0
7 18 89 -36.703030792121211 84.361647273346918 0
2 14 86 -77.312008420047007 56.910924733820494 0
2 14 86 43.022574341417233 77.476461766168143 0
2 14 86 -50.419301635228479 49.114622931954713 0
3 24 66 60.353825687754821 -61.265126498295146 0
2 14 86 88.913774506486803 -36.198628468625955 0
5 14 102 91.916666666666671 27.700656831362114 102
8 33 99 53.752866242375234 55.132833871743955 102
8 33 99 63.951619326125510 -10.074415997704570 102
8 33 99 2.381107886388421 13.696829679567067 102
5 14 102 7.056169872325604 60.463738872153712 102
12 34 79 12.165001481299360 -52.584958363027724 102
8 33 99 -49.695386957351324 -26.849917228044994 102
8 33 99 -67.723742669134992 36.640069307859996 102
5 14 102 -94.949918448044968 -14.160260827739357 102
5 14 102 -23.609887773358551 52.856351441394217 102
5 14 102 -13.843009444277692 79.097694541642170 102
2 14 86 12.744059196794026 87.879936913322709 102
4 18 75 61.772102154642525 -68.177763203235173 102
11 15 112 -42.213820885279254 85.105777279016493 102
2 14 86 -66.491910341645621 69.244681089008978 214
2 14 86 -83.644144866111219 47.113236246483851 214
7 18 89 -90.618677289342031 15.882547853857883 214
7 18 89 -57.155976582369455 29.158377823979439 214
7 18 89 -62.390120925407672 -6.459086052555076 214
7 18 89 -36.339218722241000 58.529496158029652 214
7 18 89 -21.311463037458868 25.816095859703914 214
7 18 89 -26.545607380497081 -9.801368016830605 214
7 18 89 -47.362365240625536 -39.172486350880817 214
7 18 89 -83.361488436855836 -38.921231295938597 214
12 34 79 15.506081477032325 62.537593867321476 214
7 18 89 11.362571379120821 10.702940168579499 214
7 18 89 6.128427036082606 -24.914523707955016 214
7 18 89 -14.688330824045851 -54.285642042005222 214
12 34 79 71.919005979762503 24.569423657930741 214
12 34 79 55.444477715334600 -41.404737333055472 214
4 18 75 -29.086222404796406 -87.281107155092386 214
4 18 75 15.206647940355648 -74.342816436121240 214
11 15 112 -57.538742491396036 -70.564226443618594 214
11 15 112 -80.205741167491254 -50.912072082890120 326
8 33 99 -35.480717484870468 -68.338266635603276 326
12 34 79 -75.971108433008112 -2.095395776487962 326
8 33 99 -49.127096547413807 59.291891391834376 326
8 33 99 -9.523997353982494 6.494215929033540 326
8 33 99 27.379678262834702 -48.224325041726388 326
8 33 99 76.865267445466827 -4.553093512861036 326
8 33 99 52.155123298245059 56.646651390394254 326
11 15 112 -15.659895586249206 93.700414461344693 326
4 18 75 1.492616826267486 65.508370939484465 326
11 15 112 74.026761465043890 -59.540226628704502 326
11 15 112 20.345333279317227 92.592962174002068 326
10 22 65 -47.162535994281960 74.294651211160954 438
10 22 65 -5.299475638357329 87.840284368611066 438
10 22 65 -14.500143391623030 44.812994041494058 438
10 22 65 -56.363203747547658 31.267360884043942 438
10 22 65 -87.997334036206738 0.684983591228026 438
10 22 65 -77.329283536837323 -42.002165511785456 438
3 24 66 29.605129679833190 57.879167440476586 438
10 22 65 74.327101155588863 47.111379026800520 438
10 22 65 87.843911809598239 5.239003530016738 438
10 22 65 44.822965585577748 14.469289873892357 438
10 22 65 79.399744511208041 -37.943122849271234 438
10 22 65 36.378798287187550 -28.712836505395607 438
3 24 66 -42.072358477250049 -12.456451180555508 438
10 22 65 -5.905261730321119 -40.880756148281336 438
3 24 66 74.957744371051547 42.158469597508997 504
6 26 74 37.430505809873949 75.199449697567545 504
1 25 76 29.103787126746717 24.883788557401054 504
6 26 74 68.559909353761384 -7.430518162794563 504
1 25 76 20.452505588492500 -24.362077540636676 504