3 12 54 98.000000000000000 0.000000000000000 0
2 17 53 88.836734693877546 27.514261191782229 0
3 12 54 74.132513018557262 2.518544260214910 0
2 17 53 54.988819185027580 24.302000974154453 0
2 17 53 69.130877987420774 55.221285778781692 0
7 27 62 40.513201996588421 -17.248648924658980 0
2 17 53 21.052993969433828 22.213995481663666 0
4 16 73 36.283914997354245 51.488883092741723 0
3 12 54 49.230697155737865 76.315901273412550 0
11 21 102 16.918038932828441 83.016059373744540 0
3 12 54 49.891077437849923 84.349750397321642 102
2 17 53 68.907974222770591 62.455512875277741 102
2 17 53 86.751435131928233 33.514004573474182 102
2 17 53 35.041978886947462 59.439827229523907 102
3 12 54 26.038615365350079 87.006826436872714 102
3 12 54 97.771427407728993 6.689393294999110 102
2 17 53 90.507633383625418 -21.386170748763188 102
2 17 53 76.772276985446808 -52.488260463362991 102
2 17 53 52.775762974228947 -76.574923065504976 102
2 17 53 56.704755380910001 -25.042048035207294 102
2 17 53 64.121417785996314 8.139168319365659 102
2 17 53 34.852510490505161 25.440355149405519 102
2 17 53 5.502838152084038 42.604175633998047 102
2 17 53 -0.797674404501507 76.015304641026646 102
6 14 50 -27.344770180759912 92.023168516202603 102
2 17 53 -31.446211539252037 61.295686048827399 102
3 12 54 -51.453651135036807 82.288598205577443 102
2 17 53 -70.614072971948346 60.519853753230052 102
2 17 53 -87.647780901859164 31.094477049464750 102
7 27 62 19.231078078243357 -48.101178752031970 102
7 27 62 -45.202520658995297 19.501380702260526 102
4 16 73 -82.706328758151031 -1.533456546021227 102
12 22 80 -55.776907922658012 -28.344019640908179 102
5 19 73 -25.992042574219333 -56.519572806292118 102
3 12 54 -4.610115836912222 -78.965356575196950 102
9 15 94 -29.078981214886220 -90.379147668194292 102
3 12 54 -51.080431970043435 -74.728711103408230 102
3 12 54 -69.565965538353225 -59.422338290266254 102
3 12 54 -86.656480722680271 -42.572581890416231 102
6 14 50 -14.929853039758143 -25.428931727284798 102
3 12 54 6.790740565759410 -11.138521886277786 102
3 12 54 30.789044254887681 -10.853179908341776 102
9 15 94 24.606988200708006 -91.757812374152735 102
3 12 54 50.469883654918057 -84.004707272027531 196
6 14 50 69.469939650000427 -66.256527867262250 196
3 12 54 86.299060031020289 -46.437831966645007 196
7 27 62 82.650499344936080 -7.608873637583930 196
6 14 50 90.267309935864674 32.677404378905983 196
7 27 62 49.326653854309157 34.882552811957908 196
7 27 62 20.369184614693982 80.461769295315122 196
6 14 50 60.890952738880671 74.217867623311577 196
7 27 62 -33.443188348227963 75.964157028857699 196
7 27 62 -73.099611648871957 39.312170848022411 196
7 27 62 -21.529848866790417 23.294693936853228 196
7 27 62 -61.186272167434403 -13.357292243982059 196
7 27 62 31.975277452271353 -49.668872617704331 196
7 27 62 -22.017850726964582 -50.530330347717197 196
6 14 50 5.470932717356932 -80.950172305741830 196
6 14 50 41.711339731245062 -9.841632049219726 196
9 15 94 18.020490647012892 6.883907394042961 196
6 14 50 1.729513120438765 -17.107842255131381 196