5 10 93 100.000000000000000 0.000000000000000 0
5 10 93 98.000000000000000 19.899748742132399 0
5 10 93 81.766312060385914 8.217823563497323 0
5 10 93 83.766312060385914 -11.681925178635078 0
5 10 93 65.532624120771828 -3.464101615137756 0
5 10 93 63.532624120771821 16.435647126994645 0
11 15 79 78.963536422653917 36.105089049215621 0
4 21 77 43.153180830091415 39.795405070131416 0
3 28 97 27.670149353896111 -6.694117795855773 0
2 11 120 68.164437220323450 59.756293171167336 0
5 10 93 86.684871658978167 49.857126125223900 120
5 10 93 94.872617054766209 31.609911945142830 120
5 10 93 74.976193328626337 33.642723522711847 120
5 10 93 66.788447932838295 51.889937702792921 120
4 21 77 88.992273178694518 1.172738030681813 120
5 10 93 95.672636462549661 -29.098911187616817 120
5 10 93 75.796286264909696 -26.878392594860177 120
5 10 93 61.412542482997026 -12.982065208953902 120
12 19 76 51.882627092735362 16.101708771320851 120
9 13 68 44.274976525951814 47.184238476184291 120
9 13 68 54.271497961344181 71.185687582264137 120
10 20 68 21.273237390087093 70.846867170512169 120
3 28 97 43.132025522832038 -46.296066764893112 120
11 15 79 34.657272169486248 -88.452662400688396 120
8 10 79 37.007742332639268 -8.792824832943781 120
12 19 76 14.468454477395184 9.454928535031316 120
8 10 79 23.675049875841893 36.954721282783069 120
11 15 79 -0.473696146006976 43.422956403141526 120
8 10 79 -8.492131256095121 67.102160325260741 120
9 13 68 7.892780622627797 -96.678353389179478 120
8 10 79 13.924288981159410 -74.483288466522382 120
11 15 79 -11.027329543002384 -76.037872984876429 120
8 10 79 -24.864139282471026 -96.859561106490048 120
11 15 79 -40.978653152168881 -77.746151082548337 120
8 10 79 -27.141843412700240 -56.924462960934711 120
11 15 79 0.174539196536211 -48.207707035997359 120
11 15 79 -4.723802037296790 -18.610304224991602 120
3 28 97 -32.269814246881687 14.408133220614454 120
11 15 79 -31.533475750870302 57.401828172540739 120
11 15 79 -51.346599873383020 79.928259592228727 120
8 10 79 -73.318815185625397 68.002583331636075 120
8 10 79 -26.422416865668019 81.873793297393206 120
11 15 79 -4.720505871957567 94.284557142582969 120
12 19 76 -81.629841812961757 40.219011991728991 120
8 10 79 -98.595741174482455 16.699695274299625 120
8 10 79 -99.947023751280184 -3.254603395351559 120
11 15 79 -91.180394763448632 -26.667126031533066 120
11 15 79 -76.410861439523032 5.174457266111391 120
8 10 79 -67.644232451691479 -18.238065370070117 120
8 10 79 -68.995515028489208 -38.192364039721298 120
9 13 68 42.306589390861831 -87.287756839736787 217
6 21 65 64.392432993825707 -61.437891997818951 217
6 21 65 85.396873493709919 -25.067389124105130 217
6 21 65 87.383502499729161 16.885600104225716 217
6 21 65 69.909899412638651 55.078180472077563 217
6 21 65 22.428228882149874 -59.704233071268021 217
6 21 65 45.570956121545400 20.849306119085078 217
6 21 65 43.432669382034092 -23.333730197554214 217
6 21 65 8.838906679185435 0.483733606532848 217
1 15 63 13.026428043641065 36.239357846954491 217
9 13 68 50.365579305441898 82.899387339275563 217
10 20 68 17.797763075073057 88.222670723139899 217
9 13 68 36.402342803512731 60.967036202400315 217
5 10 93 -10.002522837994281 99.498490123596369 285
5 10 93 -29.602421918045493 95.518043408489163 285
5 10 93 -16.355304404326727 80.534256251107166 285
5 10 93 3.244594675724485 84.514702966214372 285
5 10 93 -35.955203484377940 76.553809535999960 285
3 28 97 39.143509066400782 72.054047061692515 285
3 28 97 -8.894974735835829 43.273774756131360 285
3 28 97 40.048714109732174 16.061363576887757 285
3 28 97 -7.989769692504437 -12.718908728673398 285
3 28 97 -56.933458538072443 14.493502450570197 285
3 28 97 -71.871703951034704 -39.477312106763591 285
11 15 79 78.165905727546885 53.991584360826550 285
8 10 79 -89.162140724873510 -5.638860662143919 285
8 10 79 -94.920836032225068 13.514139843183887 285
8 10 79 -94.221138387904873 33.501896675968638 285
11 15 79 -77.617456292690051 52.191940573216257 285
12 19 76 88.406534803573422 21.570456741213444 285
12 19 76 75.911991166793911 -14.316677155332439 285
12 19 76 41.725671600896298 -30.908710018677631 285
12 19 76 12.394615567057546 -55.068369617682976 285
12 19 76 0.028603230191369 -90.999995504698916 285
12 19 76 -24.906091418809908 -62.324901733953070 285
10 20 68 43.242159792182285 -78.931081435055575 285
9 13 68 -50.367512508039681 58.629375134700759 285
1 15 63 82.131667824105634 -47.742948593805679 285
2 11 120 -61.975904329940008 -77.200953896218948 285
2 11 120 -29.776282349415432 -94.415957387763058 285
2 11 120 -77.495173935598075 -61.607613301372112 405
7 20 108 -84.353757301401089 -31.375844676061249 405
3 28 97 -39.819078127960836 -71.682919981257399 405
7 20 108 4.596845056828194 -89.882528978236451 405
7 20 108 43.091773487401468 -79.013284058508063 405
3 28 97 -80.331941544746954 16.455368961264856 405
7 20 108 -46.722783798172017 -17.814508709451189 405
7 20 108 -10.129043471258932 -33.966851229545753 405
7 20 108 29.151132855174986 -41.521171037725729 405
7 20 108 68.590575488843058 -48.194278615579201 405
7 20 108 54.649934856616568 -10.702165594796860 405
3 28 97 75.210186848288785 32.671513497931009 405
7 20 108 28.931204397116481 19.933547283339053 405
11 15 79 60.640677829959984 73.128026038742490 405
11 15 79 94.835466904009976 -5.588758099830976 405
4 21 77 -31.478801884881307 20.246245558262242 405
3 28 97 -0.274585134933426 58.025828099924510 405
4 21 77 -45.714381995906948 76.362263446890424 405
9 13 68 -5.207003595517264 -1.335983581540913 405
2 11 120 -21.040208628681114 96.738356513130682 405
2 11 120 0.958159143044444 97.006340430384114 405
2 11 120 22.946941589814049 96.303882952213627 405