10 10 104 100.000000000000000 0.000000000000000 0
10 10 104 98.000000000000000 19.899748742132399 0
10 10 104 81.766312060385914 8.217823563497323 0
10 10 104 83.766312060385914 -11.681925178635078 0
10 10 104 65.532624120771828 -3.464101615137756 0
10 10 104 63.532624120771821 16.435647126994645 0
1 15 100 78.963536422653917 36.105089049215621 0
2 21 84 43.153180830091415 39.795405070131416 0
9 14 84 69.037790120112007 63.353567178050184 0
5 30 76 58.735721188830851 -42.882398261920606 0
3 15 95 40.594873965218675 -1.700974512740169 0
2 21 84 8.936880604200937 15.438787923004288 0
3 15 95 9.087963697982197 51.438470892424633 0
9 14 84 29.511040397986591 72.027252743368066 0
5 30 76 11.005537558686903 -79.239372429647204 0
3 15 95 14.546462949948751 -34.378901551896519 0
2 21 84 -17.212798722389948 -17.427521135307472 0
3 15 95 -27.019470149401407 17.211029578061545 0
2 21 84 -26.868387055620147 53.210712547481890 0
2 21 84 -2.072379034100279 87.109945373561047 0
9 14 84 -37.042091275349136 88.565701453489893 0
9 14 84 -61.022017285255245 74.110143748599015 0
3 15 95 -79.604964248659101 51.846404571288303 0
12 21 75 -39.993755724979948 -79.507858121135641 0
3 15 95 -41.971193766342232 -43.562208331591243 0
3 15 95 -53.172846794852944 -15.731955558235828 0
2 21 84 -88.541695334070567 -9.020431661989646 0
3 15 95 -60.369385729675187 13.392086526605139 0
9 14 84 -92.307495615969799 25.776389288161063 0
10 10 104 -18.537796704099609 -52.272885809450194 0
11 19 119 -75.035171672558931 -51.485172740019145 0
7 13 109 -93.608139455411902 -25.426683379791342 119
8 22 109 -70.930074861493324 -52.085741620360494 119
2 21 84 -63.441665241591323 -9.742811615877347 119
1 15 100 -38.000854586489083 -35.213680333124437 119
1 15 100 -36.319483005364241 -65.166526435059154 119
6 23 71 -20.193351601995289 -1.644455774650570 119
3 15 95 -8.101522656015796 -37.669276006556970 119
8 22 109 -0.352565482081754 -73.848740661476015 119
8 22 109 43.570068693189839 -76.456844782339260 119
7 13 109 75.139153983614790 -61.344172817201034 119
1 15 100 87.768800669768723 -36.354334390694099 119
1 15 100 57.910995723997530 -39.271779132292693 119
1 15 100 28.123405914616928 -42.835413982846951 119
2 21 84 88.999208421417620 -0.375366968536429 119
5 30 76 37.977460082307978 1.072416941262830 119
2 21 84 79.261321956588830 40.480153676758327 119
5 30 76 37.970619992993207 70.414714494540874 119
7 13 109 -30.160835617229118 -92.191778347477836 228
2 21 84 -55.527996015677189 -69.553157070566812 228
2 21 84 -81.241028635975937 -36.344122855952065 228
2 21 84 -88.861752896994091 4.958716776905270 228
9 14 84 -20.626338466696634 -66.931268374666757 228
9 14 84 -57.516164344580140 -10.612220198844632 228
9 14 84 -45.653296169307623 -35.975034684940347 228
9 14 84 -17.825066498200506 -39.071748002655355 228
2 21 84 12.691387750028049 -56.210768398108918 228
2 21 84 51.310531126530421 -72.720213115153570 228
9 14 84 43.007255916309006 -38.719395172296331 228
5 30 76 78.893429958697155 -13.259966415950927 228
5 30 76 20.131652672509833 -1.133403416959005 228
5 30 76 60.014452933322900 43.692506984906665 228
4 15 57 -1.936161644171198 -89.105065756773712 228
8 22 109 -50.677942379665225 24.732351100840912 228
9 14 84 -14.692620775867528 25.760275743628888 228
5 30 76 4.129932043383743 65.531012540506268 228
7 13 109 -4.589099018238905 -96.891383364057702 337
5 30 76 31.512674383205695 -73.531975039557125 337
5 30 76 73.774208654321555 -30.941333801706527 337
5 30 76 74.537750557381543 29.053807699603993 337
9 14 84 41.971632064876708 -0.534161584078426 337
5 30 76 -38.321455581485544 -70.224397769694178 337
9 14 84 -2.140166314594214 -45.186140901742405 337
5 30 76 -76.368365495768685 -23.830080811962997 337
12 21 75 23.538015440109014 29.218179132764142 337
9 14 84 42.163029869414792 58.851080399905570 337
12 21 75 8.892812619824211 -11.970581658630461 337
9 14 84 -9.540804004943485 17.781759058212110 337
12 21 75 -11.257697831898737 52.739623346337083 337
12 21 75 17.326685921831107 83.511899918269577 337
6 23 71 -82.073042181339517 28.862012180374141 337
12 21 75 -52.371027946251175 61.324149361690615 337
4 15 57 -25.837819344838298 85.654970172216295 337
4 15 57 -44.161359735021961 26.272739292172265 337
9 14 84 -38.114460542017639 -2.089824240584147 337
9 14 84 -26.881173277919707 -27.737694663725620 337
7 13 109 -30.160835617229111 -92.191778347477836 446
12 21 75 3.681747182319370 -88.923814232664824 446
12 21 75 44.050935220346567 -77.333790196865635 446
12 21 75 -55.527996015677175 -69.553157070566812 446
6 23 71 -80.394120375682860 -33.253351846396086 446
6 23 71 -86.113265328317084 12.389735045385876 446
6 23 71 -16.260322168495215 -49.702469661024992 446
6 23 71 -43.725620096576279 -5.478883583598313 446
6 23 71 2.226337047162776 -7.580700573721359 446
6 23 71 40.228756413414672 -33.500116506792139 446
6 23 71 84.460251135060616 -20.867821596958581 446
6 23 71 83.295347466448476 25.117426031415171 446
7 13 109 74.472867100925640 -62.151364150498480 446