8 12 85 98.000000000000000 0.000000000000000 0
9 27 89 76.387755102040813 32.463993446134097 0
9 27 89 64.668684805907802 -20.249035222253880 0
1 28 91 38.545347359722349 72.375798419902395 0
1 28 91 -16.899762171336853 80.239628853530050 0
9 27 89 4.175159494713656 29.437584831957103 0
2 26 92 -48.371028457705798 36.358432443991973 0
1 28 91 -81.775026453458764 -6.070012235252783 0
8 12 85 -56.330534870987705 73.515481003544224 0
8 12 85 -42.082782033751343 -1.117666031057748 0
2 26 92 -38.969915163373472 -38.989952202443071 0
8 12 85 -76.372174205422013 -45.703447458380793 0
4 13 78 41.718881393232977 12.512321943156390 0
6 16 57 22.690531927684106 -9.371962751960929 0
10 34 118 17.556852864609876 -59.107717891270454 0
8 12 85 59.585796598577929 -77.804452595676679 0
8 12 85 -6.214709347305311 -19.726087274889856 0
7 20 54 -29.889821680597869 -84.891687224969573 0
8 12 85 -60.854169901000652 -76.816469625075499 0
5 14 41 -88.353406086220531 37.545647323803180 0
8 12 85 59.585796598577929 -77.804452595676679 118
9 27 89 72.219066094676378 -40.907291433346742 118
9 27 89 23.243571409023765 -63.653739953843591 118
9 27 89 28.032316487224840 -9.866493132910236 118
9 27 89 77.007811172877453 12.879955387586612 118
5 14 41 -1.976163177308713 -95.979658152634869 118
12 19 81 -33.023501672164812 -84.796511351048665 118
10 34 118 -28.845725527174658 -31.909368095314875 118
8 12 85 -6.483797120195055 8.289439821352492 118
9 27 89 -82.918560819083240 -3.675904200600741 118
9 27 89 -67.631008379541115 48.114932251500029 118
9 27 89 -13.651564045727389 46.625103599370533 118
9 27 89 40.054114885232046 52.255383393901184 118
4 13 78 79.966371058816762 54.903365103458206 118
4 13 78 -74.567859713529984 -42.794516024714738 118
4 13 78 -46.969453272612228 13.864382758632892 118
11 18 98 -40.574709610606426 -82.569322027100128 236
2 26 92 3.404215530093332 -83.930991395459358 236
2 26 92 52.157680167994222 -65.845093966773433 236
2 26 92 80.923280977344035 -22.526042614312647 236
1 28 91 27.112947660461856 -18.004092998710988 236
1 28 91 -25.156300791677801 -38.101995034707087 236
1 28 91 -78.895304832194128 -22.350187369128843 236
1 28 91 -74.843479918552845 33.503037379932842 236
1 28 91 -16.426970291551587 17.213452979564359 236
12 19 81 -52.080701861065961 74.623056046095840 236
12 19 81 29.082867376643893 28.954606049620807 236
6 16 57 60.913588547844995 14.401077621048907 236
5 14 41 94.823898916610233 14.980927683307392 236
5 14 41 -71.782719489213505 -63.743557970456031 236
11 18 98 -18.484254714921693 90.123983087932231 236
12 19 81 18.501554826964369 89.099340452019234 236
4 13 78 49.944374462036983 83.153830095767859 236
12 19 81 58.950729434900715 52.447388261801279 236
6 16 57 -1.729563796976863 60.538846072124159 236
4 13 78 -68.358521318850308 -68.819419956145282 334
12 19 81 -39.245548055991655 -82.102295691319426 334
6 16 57 -83.136443779149275 -43.867205470104338 334
6 16 57 -47.961425085066324 -48.204899218816578 334
6 16 57 -62.287798335741016 -19.591003477719859 334
6 16 57 -30.344251097374556 -21.490948169086092 334
6 16 57 -16.017877846699868 -50.104843910182808 334
6 16 57 -4.315640042015858 -79.888356637237436 334
5 14 41 22.507423412425769 -93.324251356942526 334
7 20 54 25.313298863946343 -59.440227644423459 334
12 19 81 -90.999004485175234 0.425655620258780 334
6 16 57 -58.011172692553103 12.121935098010203 334
4 13 78 47.720948467734118 -83.666189735409034 334
6 16 57 61.285835097981341 -58.034298453091594 334
6 16 57 45.954960189091025 -29.945790580156132 334
4 13 78 74.850721728228564 -32.402407170774168 334
7 20 54 89.948019856995259 -3.058385816993464 334
5 14 41 90.881291499739376 30.928803005279718 334
6 16 57 62.744621489032561 20.520738790038159 334
11 18 98 68.701220646252608 53.994891900762340 334
7 20 54 41.070772775549706 80.082405206257164 334
7 20 54 33.029099813323526 40.899098863267156 334
6 16 57 7.727834771141666 66.508589042988930 334
4 13 78 11.751686473491514 95.228070540354040 334
1 28 91 -8.389650128064526 16.640344705380819 334
7 20 54 -27.775843669060411 60.551339911491212 334
7 20 54 -67.754335114419575 59.239767666685921 334
5 14 41 -89.966030229997330 33.497961201470225 334
5 14 41 -15.064856870524368 92.085937017010778 334
3 14 112 -0.273874558302111 -24.568079031778165 334