6 14 96 96.000000000000000 0.000000000000000 0
2 36 92 63.500000000000000 37.996710383926661 0
2 36 92 59.225026665095868 -33.876265086592568 0
2 36 92 -0.881309270497539 5.762458157195102 0
2 36 92 -71.954069432216386 17.280390393268988 0
2 36 92 -52.585085802319242 -52.065427599922032 0
4 30 90 6.543918577089247 71.343446190400442 0
6 14 96 -30.866893358122102 45.773266033617645 0
6 14 96 -37.425097355460927 72.994396802365827 0
6 14 96 -65.301671626372965 70.368257636532093 0
8 16 73 43.366097638037481 -83.398930302781466 0
8 16 73 17.371975861132782 -64.735982168913409 0
8 16 73 -9.806145298722848 -81.628280124496854 0
6 14 96 91.916666666666671 27.700656831362114 96
2 36 92 71.762939254157700 -18.057700562476722 96
2 36 92 46.930960837584450 49.524640680771434 96
2 36 92 0.818925681989370 -5.771654075831961 96
2 36 92 -24.013052734583887 61.810687167416205 96
4 30 90 -76.843290918613008 22.251036847693328 96
4 30 90 -70.701562767081839 -37.433795189539460 96
6 14 96 17.379924605327005 89.857459297870435 96
8 16 73 -50.965023679860550 -78.984595721642165 96
12 15 70 -29.844129761265595 -56.293014902328167 96
8 16 73 -19.649729200221429 -85.568844475561150 96
1 15 104 45.633899660994189 83.321949099443870 192
1 15 104 69.340658117470085 64.937455538665276 192
1 15 104 86.132558700735657 40.077204638850795 192
1 15 104 41.565840429886450 53.599047254364891 192
4 30 90 1.565339143045342 74.213602714074014 192
7 39 100 15.067546355837685 6.547581696263165 192
7 39 100 -56.661055742824978 37.190813264942861 192
7 39 100 -58.109446463512356 -40.795737911014562 192
1 15 104 -33.539741748433073 -88.882426403920903 192
1 15 104 -11.667888323930434 -68.348989580605803 192
12 15 70 -94.728510031402521 -1.108911590296762 192
12 15 70 69.340658117470085 64.937455538665276 296
12 15 70 86.132558700735657 40.077204638850795 296
12 15 70 56.206999585408596 37.965117605827331 296
12 15 70 39.415099002143030 62.825368505641791 296
5 20 79 73.396114356692607 7.476852102856746 296
8 16 73 90.887674961206343 -23.988133319333159 296
8 16 73 58.922730275951388 -25.485568215611174 296
8 16 73 38.393545852022825 -0.938621625692319 296
8 16 73 26.591150168159405 28.805343411294970 296
8 16 73 9.245888716893710 55.696641356675670 296
12 15 70 19.250613867453708 85.037832107252797 296
7 39 100 -45.736534188538791 54.306255997082161 296
8 16 73 -91.092873590995595 23.196732117582748 296
8 16 73 -66.098761478916416 3.214380911360355 296
5 20 79 -85.901672966155573 -26.849629077803954 296
3 21 88 -29.715929296928394 -3.515368149139368 296
11 15 68 -51.329477182327373 -32.305202254350277 296
11 15 68 -68.254456167310707 -57.075044529945671 296
3 21 88 -32.771258823878711 -63.153095721492228 296
11 15 68 -91.482234359590223 25.612512500280204 396
3 21 88 -70.229677347042156 54.669849274809188 396
3 21 88 -37.338846318138806 80.788678387694972 396
5 20 79 -31.885717031088220 40.152938195362907 396
4 30 90 13.623583651828916 78.831452913679186 396
5 20 79 6.620651662002857 29.324292385672020 396
5 20 79 -22.010415044318901 1.391121794810800 396
5 20 79 -61.543870648652181 7.482582045047117 396
10 38 113 64.564987610846146 31.864751290591990 396
3 21 88 85.942933566074629 -23.126006357719525 396
3 21 88 43.943922907811533 -23.414283528345116 396
3 21 88 2.696324627871619 -31.328551412154571 396
4 30 90 32.481050485111162 -73.109379421409812 396
4 30 90 -27.514956978594970 -72.417217290895081 396
5 20 79 -57.354581080987678 -32.297436216867460 396
11 15 68 74.984585127579663 -58.329340757844669 396