9 12 106 98.000000000000000 0.000000000000000 0
12 14 103 92.571428571428569 25.426966241470851 0
3 21 89 65.198675509136891 3.615675821351240 0
3 21 89 81.854484456543631 -34.940569176151911 0
6 17 92 44.453174367834421 -28.221789253560395 0
6 17 92 27.280537393966508 1.122725384847666 0
6 17 92 40.463418190969065 32.462981508434488 0
6 17 92 70.907583410671421 47.600775405679400 0
4 19 80 59.983851533531443 -68.431992190811286 0
6 17 92 25.936363369635789 -56.737183525023489 0
6 17 92 8.763726395767875 -27.392668886615429 0
6 17 92 -6.672923943149101 2.901056970631224 0
6 17 92 6.509956853853453 34.241313094218043 0
6 17 92 25.026767852052082 62.756707365681144 0
9 12 106 95.061224489795919 23.819395426849606 106
12 14 103 95.975595063065612 -2.164521261262269 106
6 17 92 68.497026036811747 12.185678886101606 106
12 14 103 73.202449433945958 -18.455127086550320 106
9 12 106 77.199365424681218 39.849179915044701 106
12 14 103 51.268295664476923 37.957191254555802 106
12 14 103 64.588325685126449 62.585971172550025 106
9 12 106 48.906643320832217 -9.196952033442660 106
12 14 103 36.953933073800584 13.892714870835217 106
6 17 92 20.340024026868750 40.064799735825943 106
6 17 92 34.717196761581256 70.875461918846923 106
9 12 106 98.000000000000000 0.000000000000000 212
12 14 103 92.571428571428569 25.426966241470851 212
3 21 89 65.198675509136891 3.615675821351240 212
3 21 89 81.854484456543631 -34.940569176151911 212
6 17 92 44.453174367834421 -28.221789253560395 212
6 17 92 27.280537393966508 1.122725384847666 212
6 17 92 40.463418190969065 32.462981508434488 212
4 19 80 59.983851533531443 -68.431992190811286 212
4 19 80 71.452593411286756 50.784308402642992 212
11 17 74 25.936363369635789 -56.737183525023489 212
3 21 89 1.985720572212305 -27.235205462693042 212
4 19 80 -7.126509018507711 11.713058579315385 212
3 21 89 6.421302416792587 49.348903266442406 212
3 21 89 30.941040665557686 83.448499102933567 212
3 21 89 -10.772481432780303 88.345648697490489 212
3 21 89 -50.086981027971660 73.568297054530262 212
3 21 89 -78.247152314446694 42.407347885475914 212
3 21 89 -88.981748966067030 1.802318212699873 212
3 21 89 -48.449463422211892 12.808399649405313 212
11 17 74 -85.725307558137658 -36.057892950957459 212
12 14 103 -27.537126231401025 40.873932839028299 212
9 12 106 -62.804683274941809 -18.291492570785540 212
11 17 74 -53.097172833620682 -45.618479983078927 212
9 12 106 95.061224489795919 23.819395426849606 318
12 14 103 95.975595063065612 -2.164521261262269 318
2 24 84 60.901305134957177 12.457181308513629 318
4 19 80 75.452087845151169 -28.006070198510859 318
11 17 74 68.168690898514456 -63.261596416647535 318
11 17 74 40.874865432202725 -83.535892740182760 318
3 21 89 34.256252898398046 -46.116726954086403 318
2 24 84 16.156190595118968 -4.917361126231516 318
2 24 84 0.579969129009832 -75.964807486737755 318
7 21 72 -17.520093174269228 -34.765441658882878 318
4 19 80 -25.830698757086488 4.361707928671372 318
2 24 84 -1.408753257538534 39.753353525013871 318
2 24 84 15.933032638378029 84.511173645526782 318
4 19 80 56.789786567575391 71.104993788124574 318
9 12 106 80.328532497726059 42.765312841079009 318
12 14 103 36.545113767338037 41.625245043768921 318
9 12 106 98.000000000000000 0.000000000000000 424
12 14 103 92.571428571428569 25.426966241470851 424
2 24 84 62.102807822930323 2.718748572878231 424
2 24 84 74.023943782818606 -43.777342848077353 424
2 24 84 27.796579455643240 -30.853303720831001 424
4 19 80 47.497831662560728 -77.620589970413420 424
4 19 80 66.382451025115074 45.505249412068082 424
2 24 84 4.751229072781122 -72.959263224577228 424
7 21 72 28.503343305066927 32.653276865684830 424
10 17 72 39.205665008417341 69.115041910152911 424