2 13 120 97.000000000000000 0.000000000000000 0
12 16 99 89.711340206185568 28.069118946095067 0
7 14 109 70.475973207302218 5.047375823163008 0
7 14 109 59.850261492647931 30.952862704460159 0
10 29 102 71.565678708204302 -37.938814307171938 0
7 14 109 44.241107899046938 -4.736889210946790 0
7 14 109 33.615396184392651 21.168597670350358 0
10 29 102 32.525690683490538 64.154787800685284 0
7 14 109 74.499154105186932 54.815174939998030 0
3 30 95 12.623120831122669 -35.335956088428105 0
7 14 109 8.653112731445958 8.484576036233523 0
3 30 95 -34.871833429966273 -71.999689119000280 0
7 14 109 8.543875101943897 -79.146454308386495 0
7 14 109 34.529247122781982 -89.575281708370042 0
7 14 109 -30.792587700787500 -28.189190899041897 0
3 30 95 -75.123253919884007 -27.504485461259463 0
10 29 102 -33.895254721475666 14.700396745613734 0
10 29 102 -35.778455229772220 72.669815889206603 0
7 14 109 -76.294796481615194 58.267521226056267 0
12 16 99 -88.749860048873117 30.975189124611262 0
2 13 120 93.515463917525778 25.765442132630543 120
12 16 99 93.944441834680021 -3.231384899763778 120
3 30 95 51.820787450502799 15.250978080179747 120
10 29 102 69.525726350904563 -41.029881352961823 120
10 29 102 12.788594379541181 -28.992528834068992 120
10 29 102 -15.835946146560723 -79.436910876765779 120
10 29 102 -45.209792210692740 -29.425140588155958 120
10 29 102 -79.046498295759719 17.681942969551063 120
10 29 102 -16.585251684590840 21.019241454540825 120
12 16 99 -60.906751020884201 -71.598656971203184 120
12 16 99 19.466713862049428 47.949814790878548 120
1 15 68 26.559218574121179 -91.211884690165547 120
1 15 68 -91.805771633817201 -24.427449615533046 120
1 15 68 80.035518298043499 50.307061192827049 120
2 13 120 52.778054465061288 -81.384746524659178 120
2 13 120 83.312206014640552 49.679737609754852 240
3 30 95 79.707819539621511 6.831069040723442 240
7 14 109 88.915352293754268 -36.194752747844092 240
3 30 95 45.349012962613770 -42.357063782181818 240
7 14 109 36.141480208481013 0.668758006385712 240
3 30 95 33.054838104177911 44.560359031182514 240
6 21 80 20.140257335126783 -86.691233896368516 240
12 16 99 -16.391366189316784 -92.559835319903868 240
12 16 99 -7.305149154813969 -61.876930307472094 240
12 16 99 0.793813884388399 -30.918784405470237 240
6 21 80 -48.686018190854114 -74.502829696058001 240
3 30 95 -74.055986433960840 -30.260715016222044 240
12 16 99 -29.242328762768942 -19.881115499418737 240
12 16 99 -4.665355767988078 0.612112611686946 240
12 16 99 -11.180588287505625 31.941838834822409 240
6 21 80 -86.929006966336686 19.087895322601380 240
6 21 80 -68.496071675028986 56.826826104308275 240
3 30 95 -21.551741336499163 76.757452011865425 240
12 16 99 22.683685055184370 89.375972208225534 240
12 16 99 -50.340050359598749 24.587736632152851 240
2 13 120 67.123290627867888 70.024737452465914 360
12 16 99 82.342814907192448 45.339396038763525 360
3 30 95 36.697314748471513 39.639543824871737 360
12 16 99 75.015686172605427 14.189545565498179 360
3 30 95 73.415700225059837 -31.782620415317396 360
6 21 80 27.092609979200585 -10.447876215445216 360
3 30 95 -17.602701084892558 14.114883582345271 360
3 30 95 -77.214999840571991 20.924717432272939 360
3 30 95 -12.557697361205115 73.902406841199038 360
6 21 80 -83.922139314645094 -29.632322434350286 360
8 17 74 34.000078718782902 86.562085505818118 360
1 15 68 59.041520765669681 -74.425122275190091 360
11 23 64 26.051649771682797 -55.565949127883151 360
1 15 68 -2.676117299435120 -30.691958714047388 360
1 15 68 -32.582105242485362 -28.318799395726423 360
5 18 53 -53.406724580467184 -53.918315590923427 360
2 13 120 -55.152021162201237 79.795078555786304 360
1 15 68 82.697586715839677 46.755846173245295 480
1 15 68 93.153952436703278 18.637090583576153 480
1 15 68 94.320727332854077 -11.340211435480086 480
1 15 68 63.574212912812328 23.640990032882065 480
11 23 64 46.234691163638757 57.454315594115123 480
11 23 64 56.392472060923566 -13.674189161868057 480
4 17 61 31.763705176454291 20.163692582978513 480
4 17 61 8.299408507823873 44.769114380755113 480
4 17 61 12.243353558019706 78.539594055184324 480
11 23 64 -27.558108164886168 82.520001662460203 480
11 23 64 -65.784965955042424 56.932752035132729 480
4 17 61 -28.467801843235900 42.530347282713791 480
11 23 64 -54.659874207334568 12.298322122731221 480
11 23 64 -83.830303978771113 -23.269725714473580 480
11 23 64 -38.442256103013321 -30.748035017245122 480
4 17 61 -66.456631559683757 -59.299650869464443 480