3 10 80 100.000000000000000 0.000000000000000 0
3 10 80 98.000000000000000 19.899748742132399 0
3 10 80 81.766312060385914 8.217823563497323 0
3 10 80 83.766312060385914 -11.681925178635078 0
3 10 80 65.532624120771828 -3.464101615137756 0
3 10 80 63.532624120771821 16.435647126994645 0
2 23 75 33.241890668198366 3.340935717225158 0
3 10 80 50.406551227264572 31.525584515676357 0
3 10 80 70.037856794133177 35.348128399039091 0
6 24 72 61.297085244103947 -37.199249612800891 0
3 10 80 28.233004635959471 -29.276713810538830 0
3 10 80 10.314123769455193 -20.393374996104971 0
2 23 75 -12.757895669567173 3.200732721826935 0
3 10 80 10.169871229175991 26.935043435157063 0
2 23 75 27.334531788242202 55.119692233608262 0
8 17 85 65.943045182342587 65.578310378352413 0
11 12 115 86.822216425427001 45.452202751641352 85
4 30 114 79.898590882515691 4.026807046330969 85
4 30 114 45.546746795326392 53.219802562048834 85
12 21 108 75.701653191341720 -46.800210513392159 85
11 12 115 50.283394365970040 -25.754733130200908 85
12 21 108 29.095877900104870 -0.454750007505101 85
8 17 85 5.208604803227331 29.098560872922334 85
12 21 108 -3.823511939163403 66.009546597389587 85
12 21 108 -44.309106161658114 77.186158805545645 85
12 21 108 -74.771739384011852 48.272010414829538 85
12 21 108 -88.582769491430994 8.607726135745871 85
12 21 108 -47.326976629107243 16.479165349831010 85
5 19 100 -85.458655005349357 -31.270086099604441 85
1 15 96 21.709698708125376 91.387788341867846 85
10 12 95 -17.292259093485473 96.135828314404407 85
10 12 95 -26.774442914108260 42.297634667236913 85
2 23 75 -43.640487713408703 -27.366128576363987 85
5 19 100 -65.192541615255891 -63.414831363175516 85
6 24 72 -22.610971304563819 -69.398966210886414 85
8 17 85 -4.886278717001398 -17.461014490055671 85
5 19 100 14.549627618938722 -47.763581128882862 85
7 12 36 12.174124011234548 -78.672430712938635 85
5 19 100 43.140098234409876 -80.124477685195970 85
11 12 115 73.171247101596705 65.191783206145516 200
4 30 114 31.968249144205593 73.335060146249276 200
4 30 114 65.870543656879391 23.831177199798212 200
4 30 114 71.490031984861091 -35.905087756521894 200
11 12 115 97.944961477407105 -3.283979474545653 200
4 30 114 16.947164841498896 -10.903574926664131 200
11 12 115 24.392370438812016 30.431264054681105 200
5 19 100 -14.149275194366687 89.893258987946808 200
4 30 114 -52.950388908343129 59.968794505602773 200
4 30 114 -79.752512317128065 6.287827852791246 200
11 12 115 -40.053255172986063 19.998005904271494 200
11 12 115 -22.429820048854165 3.706457959845998 200
9 29 85 -37.171548116032092 -34.551632081260074 200
12 21 108 -8.455012058270643 33.601352868949171 200
1 15 96 54.714764668693967 -77.661409511091406 200
4 30 114 10.283060022084115 -70.532340694168099 200
8 17 85 -82.347650797271854 -43.218796931087425 200
7 12 36 -31.462087734212837 -75.152150084709689 200
7 12 36 -54.648456701074323 -81.348301642940299 200
11 12 115 95.806024248225228 20.620516912737198 315
4 30 114 78.073137371468391 -17.452370067581839 315
8 17 85 68.063993561694133 -63.374228046057169 315
12 21 108 34.965761102581510 -44.705885642872460 315
5 19 100 30.699172920135791 -4.934083756593594 315
12 21 108 54.055887624764480 27.538425820071126 315
1 15 96 94.786852129537365 -6.360240826668303 430
1 15 96 92.043940309871388 23.514103262357956 430
1 15 96 67.543455317210174 6.201499901673492 430
1 15 96 64.800543497544183 36.075843990699731 430
5 19 100 35.787508466697538 18.348921011827574 430
5 19 100 37.477912727579863 56.311304148753933 430
9 29 85 63.844926888647834 -37.642780084011264 430
1 15 96 26.509384913187450 -14.360655924076100 430
1 15 96 4.220310627434191 5.719114181285488 430
1 15 96 6.507774451834054 35.631778877899563 430
1 15 96 4.765995446274994 65.581172960180993 430
10 12 95 24.200623848599044 84.324044107995562 430
10 12 95 4.409878656986074 97.900730182316082 430
12 21 108 -25.794732412155106 84.608571961699155 430
10 12 95 -58.277559087591378 78.789124292584290 430
10 12 95 -45.744474760170320 58.321545118638170 430
10 12 95 -69.736460442487498 57.701365290291989 430
5 19 100 -85.544403404309094 31.034739344818579 430
5 19 100 -47.720122602188333 27.384563759683161 430
9 29 85 -79.289959394382805 -16.556036338360805 430
12 21 108 -29.951080118441602 -8.452025492236505 430
10 12 95 -44.414792704445603 -38.113465413950848 430
4 30 114 -5.146700956494563 -53.013699320655107 430
12 21 108 -52.548328212487874 -71.830865246582206 430
10 12 95 -28.021254317240277 -93.908515622857877 430