10 12 78 98.000000000000000 0.000000000000000 0
6 26 80 77.632653061224488 32.080697914408788 0
3 13 79 67.435600729779878 69.724025659837736 0
3 13 79 73.926475039630461 -6.742803273302936 0
3 13 79 50.347971525109187 4.214120200725167 0
3 13 79 38.895993137750267 27.556189325279320 0
3 13 79 44.660308049713230 52.909151156113239 0
3 13 79 43.094311138890653 78.861947800700392 0
3 13 79 22.256952924296648 94.412012194029856 0
6 26 80 6.124007672971594 58.905279346332520 0
6 26 80 5.811575625058175 6.906217948885772 0
3 13 79 -23.100567363704155 33.080403471980112 0
3 13 79 -32.838168336936612 57.188060498039334 0
3 13 79 -25.259246639098755 82.058925901117746 0
10 12 78 -5.857260846907462 97.824805112871474 0
5 20 50 -65.529369106810279 61.691991250594427 0
8 30 87 44.864137838561675 -38.434766866797325 0
3 13 79 2.357377570926975 -31.940513133701295 0
10 12 78 -20.077645464228073 -20.910112351677892 0
10 12 78 -31.583375085299778 0.152133157450358 0
10 12 78 -44.597234143251754 20.317436835296661 0
6 26 80 -82.390893722283209 16.362781904169989 0
3 13 79 -94.783912947004211 -20.615766938310244 0
6 26 80 -68.151225002345441 -49.106115002916752 0
6 26 80 -26.186591341574900 -79.813923809754868 0
4 19 95 89.261682964142793 -17.701750038029026 87
7 17 90 91.192475529916763 18.246435452589996 87
7 17 90 60.404197666734945 3.821389656492545 87
7 17 90 63.305880488151537 37.697343322830790 87
4 19 95 53.888203395120676 -31.584002851602747 87
7 17 90 28.022856195222040 -6.544358001311919 87
7 17 90 30.924539016638626 27.331595665026327 87
7 17 90 38.138208951517370 60.557533816877310 87
8 30 87 -8.288851474840335 53.241246495610433 87
7 17 90 21.055961343222954 89.954758458821317 87
7 17 90 -46.581526276410514 80.493238285958384 87
7 17 90 -72.400358045002889 58.371124324920984 87
7 17 90 -88.542370077206868 28.447296903413179 87
7 17 90 -92.850068337963123 -5.278712876788777 87
7 17 90 -54.556569335617731 29.429818126084363 87
8 30 87 -22.593766878365727 -5.028551816190699 87
3 13 79 -20.098590942461204 94.587710113517574 87
3 13 79 67.341681692261417 67.424642370018134 87
10 12 78 -64.272713034052046 -10.211740733392206 87
7 17 90 -77.895116670234259 -35.813110211858188 87
10 12 78 97.230540345640179 12.256509458032387 182
6 26 80 81.035328398129650 -22.119573942716055 182
10 12 78 73.400238015218406 15.105490124989412 182
12 19 83 44.434645474658552 4.060380402842521 182
6 26 80 54.311531435207513 47.963081045540008 182
8 30 87 1.866436136786596 28.328622073122450 182
12 19 83 18.031381992809500 74.585454276288374 182
12 19 83 -16.959486472549759 89.405681131499705 182
11 26 73 -54.213054694436920 64.163421828156828 182
10 12 78 -87.043203045920706 45.027556046343683 182
10 12 78 -69.027991417360369 29.170313222378830 182
10 12 78 -91.768372351172587 21.497303709475183 182
12 19 83 -90.505179045470499 -9.476949189867373 182
12 19 83 -54.253715677212085 1.917409223830969 182
12 19 83 -62.511643515253567 -35.174458184290984 182
11 26 73 -18.565383657367548 -25.493226625075188 182
10 12 78 -40.221402448858555 -56.718486433483321 182
8 30 87 45.765037804755870 -65.616776168364652 182
12 19 83 -3.187013577365111 -67.783955321593126 182
2 12 75 17.265007603642701 -96.467193970002882 182
2 12 75 34.261525531210111 -25.222850816000317 182
2 12 75 17.265007603642701 -96.467193970002882 269
11 26 73 -17.902107785809619 -82.070180558015437 269
11 26 73 -62.782270456756422 -55.806688813212070 269
11 26 73 -83.603014290533508 -8.156960312325161 269
11 26 73 -72.385414779412272 42.618678149520818 269
11 26 73 29.392206930677766 -60.454265229308099 269
11 26 73 -34.021221733640054 7.516132772486941 269
2 12 75 -26.345357710155270 -45.020058686218078 269
2 12 75 -2.816194013028635 -40.289471437913839 269
11 26 73 19.359690404813090 -9.431244815398337 269
11 26 73 68.563180524003286 -26.254340847067208 269
11 26 73 80.382796709537814 24.384544144870077 269
8 30 87 -19.721979164763930 61.659753467416841 269
11 26 73 35.001935637892672 49.773074003765856 269
2 12 75 16.479946351286543 82.953428324762001 269
2 12 75 4.384083060888790 27.266472670537940 269
2 12 75 1.350824893971037 97.990689721553792 356
8 30 87 -32.484666133893917 73.107772953150786 356
12 19 83 -75.844883935449019 50.284725124219058 356
12 19 83 16.466727038526493 70.925776968023186 356
12 19 83 54.413326193951235 72.939632111155177 356
12 19 83 37.184076329733116 39.069985683766241 356
2 12 75 6.291076947543186 41.643424855771826 356
5 20 50 -88.972531818300141 13.560552416534076 356
2 12 75 -96.413514142321134 -17.562297421705466 356
2 12 75 -72.681997374522325 -13.982477328504663 356
5 20 50 79.169382382607736 42.804309282552822 356
2 12 75 59.505837184062273 17.558616774230543 356
2 12 75 37.460672269916834 8.071219665005525 356
2 12 75 15.249722484235690 17.163728098762995 356
2 12 75 -8.154575794814400 22.477749369444275 356
2 12 75 96.681514937029377 16.021381634583349 356
9 19 68 -39.084945835755470 24.554335300836261 356
8 30 87 77.150538322851332 -21.161153949968060 356
9 19 68 61.083631859734318 -67.452130572906668 356
2 12 75 41.523016579608210 -43.402549914132237 356
9 19 68 22.384411831288006 -19.015795142585134 356
2 12 75 -2.780736783278736 -0.912886668895886 356
8 30 87 -33.622786161320889 -29.421972767233200 356
2 12 75 -74.759781994235141 -37.892366727539638 356
7 17 90 -75.536389710095634 54.251763377465970 443
7 17 90 -89.988197176160782 23.476038187573462 443
8 30 87 -43.099801889989187 20.239004439259819 443
8 30 87 -73.556060204273805 -31.456414405097842 443
12 19 83 -42.803999521790175 69.238111583767747 443
12 19 83 -24.947560440666422 -25.274687240997107 443
5 20 50 -6.692061039754392 54.509639189467535 443
1 21 105 7.734529747762679 16.131605390827890 443