12 12 85 98.000000000000000 0.000000000000000 0
6 15 81 91.326530612244895 26.162278309250819 0
6 15 81 78.614717174874443 53.335975134185944 0
6 15 81 61.437512128429326 28.740373356787195 0
6 15 81 48.725698691058874 55.914070181722302 0
2 31 87 58.577031702566416 -17.170601929447521 0
10 18 43 64.257839127693472 -65.840186137642917 0
10 18 43 29.467418379827699 -56.586720614582319 0
10 18 43 28.456928751272759 29.872239118449830 0
10 18 43 16.706727138204847 63.900650219355740 0
6 15 81 41.961841316193571 85.141629666093905 0
1 16 91 12.627133686584408 -27.050220966680310 0
10 18 43 2.151207583103702 5.295643873734945 0
6 15 81 -3.578016205106923 37.794505312016156 0
10 18 43 -19.169878998397927 66.878759035211246 0
6 15 81 -48.728958906493929 81.550527673885881 0
6 15 81 -71.729013934326005 62.289233098580262 0
10 18 43 -86.046725450833065 32.557042850801992 0
10 18 43 -50.341913658986037 37.157740070657042 0
12 12 85 0.753829947140465 89.307442051685342 0
2 31 87 -14.797312375068348 -77.601801180608234 0
12 12 85 -14.334617582910996 -34.604290630236704 0
11 38 93 -61.417454934986061 -17.736088229468102 0
9 15 96 -60.583823726255723 -73.175134456357341 0
9 15 96 -80.381093715392922 -50.634768421680590 96
11 38 93 -71.980041698300866 1.695168755867350 96
2 31 87 -34.743112318593219 -56.394512689038734 96
1 16 91 -19.709968772376239 -11.863572937908003 96
11 38 93 30.082936090704109 -32.760142639565473 96
1 16 91 82.785586483405268 -44.525797809793666 96
11 38 93 62.315605369477296 36.066124375036082 96
1 16 91 85.610787098711882 -12.650756766945246 96
7 18 108 -90.002196505806438 -19.068419549878875 192
5 33 110 -71.542059331687753 28.473386637020692 192
5 33 110 -40.091138895567831 -29.551087541733008 192
5 33 110 -5.565930433592882 26.698445617726851 192
5 33 110 25.884990002527044 -31.326028561026849 192
7 18 108 -8.148795582975952 -69.308938385315059 192
11 38 93 66.892652542518633 26.634057817498935 192
7 18 108 47.109641956558264 79.023298050162936 192
7 18 108 88.533792365771163 -25.015347475790101 192
7 18 108 70.441873526441100 -56.139011667383841 192
9 15 96 49.112917714066782 -81.319870349203740 192
9 15 96 19.667907941870119 -87.063684370848520 192
1 16 91 -40.870304656289484 -78.544892259445220 192
12 12 85 -67.773908849744885 -70.786278890943748 192
12 12 85 -80.082678841692370 -50.183022321038749 192
12 12 85 -97.658637614973486 -8.172545453362929 302
2 31 87 -73.977424147772979 27.718959512588036 302
12 12 85 -74.733460334781228 -15.274393569998278 302
2 31 87 -31.803476825626404 -17.727252290694373 302
1 16 91 -59.796408160187113 72.528543147786365 302
10 18 43 -31.984954922717250 52.970346175160600 302
1 16 91 -12.484203006291761 25.118583669099561 302
11 38 93 35.024474320520127 -0.550962073995894 302
2 31 87 37.551291297509074 -69.504679856032851 302
9 15 96 -0.738852994241206 -94.997126778934216 302
10 18 43 -32.507191198838164 -86.065571051159452 302
10 18 43 -57.046295020303461 -59.724872813653541 302
9 15 96 -6.456499143413602 -56.113847898763161 302
8 28 118 52.314806964132870 63.143970197521753 302
9 15 96 87.117153407751502 37.889333355580305 302
3 22 113 8.687273131530851 87.570150653851115 302
7 18 108 91.851185053914804 5.230660014902110 302
7 18 108 86.230311933329148 32.067636393734290 420
11 38 93 38.273916131240739 60.984484452840547 420
11 38 93 -37.725319398453308 61.325364053421509 420
3 22 113 57.564511345550805 4.170111832194301 420
7 18 108 89.951838796646456 -19.304577102390247 420
7 18 108 57.967760394995729 -35.827855493710175 420
8 28 118 14.400605990773407 -21.066315698734456 420
8 28 118 -39.142031894278404 -4.659429086393452 420
3 22 113 -87.699753688421026 7.263140022764457 420
3 22 113 -80.253537021035811 -36.102213167799498 420
8 28 118 -36.668864095758067 -60.604790297492649 420