4 11 76 99.000000000000000 0.000000000000000 0
4 11 76 96.555555555555557 21.863775779997951 0
4 11 76 78.843192529652626 8.814936902970350 0
4 11 76 81.287636974097069 -13.048838877027592 0
4 11 76 76.398748085208183 30.678712682968296 0
4 11 76 84.861216147439819 50.986017632067515 0
4 11 76 63.043340148006621 48.161077478124973 0
4 11 76 61.130829503749695 -4.233901974057249 0
4 11 76 58.686385059305252 17.629873805940697 0
5 30 74 23.256199378444023 38.262419519441394 0
4 11 76 52.198763909071907 67.302528995654484 0
5 30 74 24.052450639613486 -21.732296780655290 0
5 30 74 -28.302623399695314 7.575487549424900 0
5 30 74 -29.098874660864780 67.570203849521576 0
2 15 72 -73.491218519121659 60.200006649291240 0
2 15 72 -88.598895818177823 34.281710281134927 0
2 15 72 -94.871226165836731 4.944739203502554 0
5 30 74 -72.396272523184692 -34.040853760573832 0
1 11 55 10.729435634061566 77.301889163539087 0
2 15 72 34.949437818290235 86.756596678632221 0
1 11 55 -70.967653293178472 15.173092146255192 0
1 11 55 -59.629260213813858 34.026230940042737 0
8 32 109 -24.917620409683643 -73.912868927669948 0
3 18 61 22.702552238555029 -89.154888378908765 0
9 20 97 55.850213877155397 -70.574454371790921 0
2 15 72 82.230436657176583 -47.572631703218505 0
1 11 55 -67.877962220217753 -72.066512645130061 109
1 11 55 -82.117580059309560 -55.296501202181716 109
1 11 55 -92.302008759670045 -35.795798341841675 109
1 11 55 -97.928313570664088 -14.527401736225499 109
1 11 55 -98.718652279403116 7.458397424266005 109
1 11 55 -60.474515208414658 -51.349636134820308 109
11 22 57 -65.037106235574782 -17.204803469280822 109
1 11 55 -41.456280628497311 -40.290397758547009 109
6 16 43 -74.590001044779626 19.574840367551896 109
1 11 55 -48.815444254819546 11.532936222318448 109
10 31 109 -12.554697111884884 -9.815843287114994 109
11 22 57 -17.154553845268513 -62.615855768480429 109
9 20 97 15.847715486928667 -88.593735183958472 109
3 18 61 51.728219052552291 -76.080163995953413 109
3 18 61 25.186115710667870 -51.759046624649763 109
3 18 61 59.519872873582045 -40.933469546357841 109
3 18 61 89.551911400830903 -21.082105313695116 109
3 18 61 57.344106411942775 -4.999279137995973 109
9 20 97 88.398961989612800 16.900399970384974 109
1 11 55 -14.373546960113005 -95.498465164705635 109
1 11 55 -35.659562789862520 -89.939190922895520 109
6 16 43 78.608326423949137 51.543486657635604 109
6 16 43 54.890899085024685 30.061316366372225 109
7 13 108 30.239857368278027 -20.044533664889126 109
8 32 109 -43.981173032651185 -64.417826870145163 218
10 31 109 -78.159272667871249 -11.494698605416040 218
10 31 109 -62.386663670453217 48.465494901731411 218
10 31 109 -18.345917376141777 4.825918072434664 218
8 32 109 -1.762694955642914 65.604176801623879 218
8 32 109 17.581904615737997 -46.925329322384727 218
7 13 108 36.005271288577553 90.070086263064795 218
5 30 74 59.169107274497605 53.842517997758939 218
7 13 108 -40.789952289806912 88.006703109452260 218
7 13 108 -4.552167744100466 -86.105462563217827 218
7 13 108 20.079922435042324 26.260815665033952 218
8 32 109 68.014771422322823 -7.523223469153036 218
7 13 108 62.276882352709897 -52.155909126917535 218
7 13 108 51.923425757042523 -76.005561881656590 218
1 11 55 87.827889073944064 -45.686561490387703 218
1 11 55 95.689495356775765 25.387407870154600 218
1 11 55 31.007747651540591 -87.775626001576555 218
1 11 55 -96.168147204731341 23.509305885311132 327
6 16 43 -93.938545559674296 -3.398478796902285 327
3 18 61 -79.110869507632913 46.962435262093010 327
11 22 57 -59.294767601906628 12.215894351350949 327
6 16 43 -69.728309199704114 -24.323689796898869 327
6 16 43 -45.114673744522413 47.471034943834397 327
11 22 57 -31.791729898077200 -22.129162309859218 327
6 16 43 -54.600888200277538 -52.522291427229902 327
3 18 61 -20.938487577938371 23.564717317761776 327
6 16 43 0.795173926398203 -2.581945138752987 327
6 16 43 4.171369393164191 -34.403342093792354 327
3 18 61 -18.407669334772280 -59.823550789283921 327
6 16 43 -42.440986182574228 -83.873492188238728 327
9 20 97 4.857817267027766 -89.868802214117480 327
3 18 61 42.002589113363818 -81.852199162722144 327
5 30 74 68.281568295850420 -41.684858534713968 327
2 15 72 94.848442156471776 -5.364048889638134 327
2 15 72 66.115633922361354 3.262985999698785 327
7 13 108 94.323045287597111 22.631021357285299 327
8 32 109 58.307141255016759 49.609802959054534 327
7 13 108 37.444352384207647 89.481397365750183 436
10 31 109 -5.245866044976854 78.825635991333172 436
8 32 109 -60.718185318233424 48.962250475858070 436
10 31 109 -78.146828977896007 -11.578994805226991 436
10 31 109 -17.838794961869354 2.806450378074551 436
10 31 109 -35.534650996395058 -56.614561723751351 436
10 31 109 47.791124885721800 46.715239029959598 436
10 31 109 78.685781564233437 -7.039018370890957 436
7 13 108 90.310649182534391 35.397551387478757 436
7 13 108 36.166257267420846 4.278669271589898 436
12 20 114 23.978355963985546 -26.388170503935072 436
12 20 114 14.719992373584272 -65.301956025623056 436
12 20 114 54.177665575089996 -71.866407680039970 436