11 12 81 98.000000000000000 0.000000000000000 0
4 25 71 78.877551020408163 31.675415467250108 0
6 19 75 69.103768931720779 -11.225320932989620 0
12 20 71 38.161043304686018 12.513839346389393 0
2 24 69 36.623716494599819 56.486974625545805 0
4 25 71 -3.271070164736358 84.937036091315150 0
9 33 83 -12.618158978004750 27.695163910918446 0
12 20 71 -47.466423979127157 76.465277051964847 0
12 20 71 -75.913201018377009 48.344450675785787 0
12 20 71 -89.364777856465963 10.674103178463852 0
5 18 62 -87.857435490056957 -27.295989249530432 0
12 20 71 -54.544886440137574 -9.012825524487782 0
4 25 71 -54.163265031035664 -54.011207329838463 0
12 20 71 -18.563154291249411 -26.486089431544990 0
4 25 71 -6.758366869198866 -69.910126483852750 0
12 20 71 36.513733481435239 -82.260241108610387 0
7 26 90 31.869021707225297 -36.495334766146229 0
5 18 62 68.210538975386953 -61.300457677510906 0
11 12 81 -37.461708345313390 -90.557276945868225 0
12 20 71 76.590922381855819 -47.263417234649232 90
12 20 71 89.507117853302262 -9.406160406619726 90
12 20 71 84.742894983355654 30.309103415309970 90
4 25 71 55.422881991712138 64.446133722146214 90
4 25 71 47.100669734069733 5.650172410864099 90
4 25 71 31.901715089813852 -41.983762737534605 90
4 25 71 11.428927915773215 40.686251467299563 90
6 19 75 16.220075031930289 84.424620313329243 90
11 12 81 62.113964025705528 -75.801421312620249 90
10 15 58 37.648111800244152 -87.221669772346814 90
4 25 71 -1.531494430136284 -79.161988908172660 90
4 25 71 -50.373864996421510 -68.465127804761281 90
4 25 71 -16.940655476471374 -31.286901634123232 90
2 24 69 -30.739608226372027 15.729998550874177 90
2 24 69 -31.820892181863854 63.717818099251204 90
2 24 69 -74.824537862239595 42.394439891361614 90
5 18 62 -91.911803313560753 4.027457218807250 90
10 15 58 7.443945311737570 0.421003443312578 90
11 12 81 -13.106752508980460 94.471370354296667 90
6 19 75 -85.062195427037750 -32.333000311329563 90
10 15 58 -54.480437060315218 -17.475138580939252 90
11 12 81 41.827402551389525 -88.625438762265162 171
2 24 69 62.455293530247019 -59.121369318129659 171
6 19 75 87.693569592872279 -24.307156396009507 171
6 19 75 50.238770144488726 -17.893265355356633 171
2 24 69 83.979518730378231 18.532145958146646 171
2 24 69 14.798010486835288 -64.847045952392307 171
2 24 69 36.164141890997684 22.738062945918873 171
2 24 69 7.241100053473616 -17.445641915147270 171
5 18 62 63.091974513487465 54.969907917238388 171
5 18 62 -5.834983158613493 22.466963209431778 171
10 15 58 9.835025674277905 51.509188041167818 171
5 18 62 33.112522698622882 74.900599547992513 171
11 12 81 62.113964025705513 -75.801421312620263 252
2 24 69 26.613610962442145 -81.778455057183493 252
2 24 69 52.229456460163590 -41.185001651038490 252
10 15 58 13.424088806737707 -45.076459126387277 252
10 15 58 22.141801739456284 -16.371033137165110 252
2 24 69 53.513837610845123 6.797811574738240 252
2 24 69 68.092272209306003 52.530395633135811 252
10 15 58 90.091775987982345 20.327572255487617 252
5 18 62 90.731456975848005 -12.666227286756119 252
11 12 81 88.203207239081280 -42.559503341222602 252
10 15 58 78.120313445500216 -54.057530716605982 333
10 15 58 91.081779966908485 -27.002025073310119 333
10 15 58 94.960298901589027 2.746203291977885 333
5 18 62 52.863110341814789 -75.296026223095694 333
10 15 58 50.485609057103538 -42.381781774207056 333
5 18 62 21.353753546806328 -57.884523290699114 333
2 24 69 56.522481811792318 -3.851843189468870 333
10 15 58 78.903160249142601 28.087243094955799 333
9 33 83 0.044662047974406 -11.549626943621682 333
2 24 69 30.617384364424169 36.557634983880021 333
5 18 62 66.361524718836961 58.611125191192755 333
9 33 83 -27.698090146347688 -71.845777901313014 333
5 18 62 -49.007181645179600 -25.510881554235578 333
9 33 83 -54.805282920192454 25.158458500719689 333
5 18 62 -51.747961975970597 76.066736694388965 333
1 19 106 -90.056651044329683 -13.069032201346555 333
7 26 90 -8.567319396008706 67.614985019050721 333
5 18 62 -88.838440373594722 23.910907803495355 439
2 24 69 -84.132531530142586 -17.824621688259281 439
5 18 62 -54.788269970594143 12.223910946876298 439
2 24 69 -59.494178814046258 53.959440438630921 439
5 18 62 -32.444603296158789 86.089184668893708 439
2 24 69 -17.277689160882453 31.117198837502677 439
2 24 69 -24.054611177546160 -16.401990212606961 439
7 26 90 -53.147488188859327 -57.066526447569807 439
7 26 90 11.461382909159827 83.214402009565745 439
9 33 83 59.467060354596150 48.914913194064027 439
9 33 83 75.503455467437774 -15.107223850749065 439
9 33 83 36.067924114406750 -68.030176025624073 439
1 19 106 23.561174764340748 -17.556606499637269 439