3 10 68 100.000000000000000 0.000000000000000 0
3 10 68 98.000000000000000 19.899748742132399 0
3 10 68 81.766312060385914 8.217823563497323 0
3 10 68 83.766312060385914 -11.681925178635078 0
3 10 68 65.532624120771828 -3.464101615137756 0
3 10 68 63.532624120771821 16.435647126994645 0
1 18 78 78.566312060385911 40.057421550909162 0
9 23 80 37.684200904597901 36.950495828302707 0
3 10 68 60.135523527445379 61.135989672440289 0
12 25 86 31.271804166803690 -10.619254728927734 0
3 10 68 10.820665691569321 17.784106605019847 0
7 21 95 36.275973719776047 80.927954783953254 0
1 18 78 3.566935096641636 59.688397529850683 0
1 18 78 69.419606009669650 60.373158783206271 95
8 31 87 22.852870476328725 75.622392920299362 95
9 23 80 45.901989967182729 26.788612699059740 95
1 18 78 5.026395048867499 29.980123324735629 95
9 23 80 -27.192111011297051 55.336934387074294 95
9 23 80 -72.594774051515842 47.947875661069290 95
9 23 80 -86.897210837417532 4.227853909184404 95
9 23 80 -76.906544421842710 -40.674112468388707 95
9 23 80 -43.015634066777082 -9.570958362978333 95
9 23 80 -33.024967651202260 -54.472924740551449 95
8 31 87 9.670403659147013 -21.410782210591229 95
1 18 78 4.849889656027788 -70.173089833854220 95
8 31 87 69.560347175071456 -37.448072058298656 95
1 18 78 91.789524723384389 6.219578044787724 95
1 18 78 40.250417208888337 -76.715463178379977 95
1 18 78 69.419606009669636 60.373158783206300 182
9 23 80 84.144033336860048 22.108406858147536 182
9 23 80 39.336843281365340 32.515890671768204 182
12 25 86 80.993666393680428 -25.788098109577636 182
12 25 86 32.182886146702067 -14.947999785245546 182
12 25 86 -6.142039633803797 17.164304148273729 182
7 21 95 6.210131052973431 61.474843293320490 182
11 30 103 -44.546623445672815 66.449968695172714 182
8 31 87 -77.535688360953614 15.139915138239161 182
8 31 87 -64.586465589128466 -45.492729778551706 182
12 25 86 -22.171574982182367 -82.057426615812574 182
7 21 95 -82.777185189709996 32.694611361330729 285
7 21 95 -88.553246949632708 -8.906315437787097 285
5 28 100 -41.813988916621255 5.805644272719670 285
5 28 100 -43.346630410683204 61.784667219272421 285
5 28 100 9.069273827227690 81.496921857495721 285
5 28 100 59.265576967580152 56.670904234005590 285
5 28 100 81.821063723290820 5.414197187873953 285
5 28 100 12.667463460661292 25.612639350140824 285
11 30 103 2.591848742347356 -31.505501271277303 285
5 28 100 -52.664533164908370 -49.133100612069640 285
6 26 88 37.926225909884749 -74.950659691775812 285
12 25 86 -14.682646860776956 -83.722278284586338 388
12 25 86 -59.212500629334485 -60.982618582847557 388
12 25 86 -83.253599854869705 -17.141706776317235 388
8 31 87 -69.697237585338272 37.192674990821928 388
8 31 87 -21.385038088391784 76.050510491107374 388
6 26 88 -15.562290815900170 19.348697343724758 388
6 26 88 -16.815801524572919 -32.636191911742955 388
11 30 103 33.504952822442867 -57.208975269500620 388
6 26 88 -16.530609110890669 -82.357385597303519 491