11 10 79 100.000000000000000 0.000000000000000 0
11 10 79 98.000000000000000 19.899748742132399 0
11 10 79 81.766312060385914 8.217823563497323 0
11 10 79 83.766312060385914 -11.681925178635078 0
11 10 79 65.532624120771828 -3.464101615137756 0
11 10 79 63.532624120771821 16.435647126994645 0
1 34 75 49.107546252682681 58.003869707465483 0
11 10 79 87.839030033162885 37.126318027194188 0
1 34 75 57.043368445446134 -46.637386619628096 0
11 10 79 45.544957735842516 -4.166378259179756 0
1 34 75 3.211521417098432 7.828627761945837 0
11 10 79 5.551912576613482 51.766340142319763 0
1 34 75 -37.094643541627562 62.595525303434989 0
1 34 75 -75.710769587631034 6.624150394476636 0
5 14 73 -87.288661786914929 -39.958597616152382 0
1 34 75 -40.746395600138172 -51.698165674612497 0
4 14 90 93.200000000000003 23.016515809305290 79
4 14 90 82.594382577564019 48.930235709947162 79
4 14 90 65.455251548271789 26.788641648977830 79
1 34 75 73.155493824567188 -20.597905798495923 79
1 34 75 37.718168936351489 65.963304993791766 79
10 25 88 22.148436473188937 9.054751761210424 79
10 25 88 -15.944616845142967 41.441775225658688 79
5 14 73 67.498910257290248 -68.263439073037318 79
5 14 73 -8.279874826915650 79.681175453617556 79
2 20 66 -42.279096396841716 79.451104510047969 79
10 25 88 29.356762490738099 -60.128541178502878 79
10 25 88 -9.976515722552985 -29.259572536906806 79
5 14 73 -29.102703993794272 4.728497755668389 79
5 14 73 -50.312938741021981 23.007609932344106 79
2 20 66 -70.067749902750975 50.679751807602479 79
2 20 66 -88.693284608632553 15.280748192811259 79
2 20 66 -86.555084706773798 -24.662062188779206 79
8 28 107 -46.964679806400156 -67.218441299113067 79
5 14 73 -48.770609297624716 -25.257285229806236 79
4 14 90 -83.743208278484062 -46.936926478269100 186
6 30 91 -79.939852269701063 -3.101615562633352 186
4 14 90 -87.128225948001969 40.307223213140304 186
4 14 90 -56.527630942018398 -40.355714565341778 186
6 30 91 -43.321657602497659 44.428457226231558 186
6 30 91 -20.468504457218863 -11.048865990722899 186
12 33 116 19.327645528759888 37.790323665673768 186
6 30 91 78.403406902032316 15.903011857958003 186
6 30 91 67.409313630953150 -43.081137819279967 186
4 14 90 62.291024622723434 56.846767636897148 186
4 14 90 39.503439966018725 -4.658908586811968 186
10 25 88 13.557438331371785 -54.260383174774148 186
10 25 88 -29.470761389093582 -79.727499792399811 186
9 22 63 73.207775536184641 48.832587490768965 302
9 22 63 40.415828831165953 78.170075987489582 302
9 22 63 31.404791862281506 35.102672853037674 302
9 22 63 -1.387154842737182 64.440161349758284 302
9 22 63 -43.742248477151357 76.358468411585804 302
9 22 63 -75.241351980004580 45.637034875428313 302
3 20 64 89.432286418878775 10.092875997040210 302
3 20 64 51.272759294643464 -1.900892787405738 302
3 20 64 -89.783764894480058 6.235026974498986 302
3 20 64 -50.190617106153127 11.925602359440470 302
7 14 54 -91.917480909495126 -27.697954856858978 302
7 14 54 93.024248783128456 -23.716853466145604 302
3 20 64 63.218319548190657 -40.075538695768444 302
3 20 64 24.185326284299279 -31.333374383596642 302
3 20 64 4.052238594260142 3.230461920627382 302
3 20 64 -27.671631813149403 -21.133364674837573 302
3 20 64 -61.385964208083720 -42.658786648956522 302
7 14 54 -30.283326068185616 42.968987918630539 302
4 14 90 -91.917480909495126 -27.697954856858978 366
10 25 88 -84.341593479002654 10.559148139062014 366
6 30 91 -48.023055346212061 -30.744166351388213 366
10 25 88 -35.888628899401368 22.900550954297547 366
4 14 90 -10.934338472936485 -7.070825212165733 366
10 25 88 5.743957279326406 -42.324682459281959 366
4 14 90 -23.968458688296781 -67.586755560413835 366
10 25 88 46.678991713071348 -71.035707448092737 366
4 14 90 9.023183499201277 -81.186574788386125 366
4 14 90 -15.696569410630911 -94.337005050428630 366
6 30 91 76.128827571634048 -24.584580788950056 366
4 14 90 94.778151130891089 15.267680511785951 366
4 14 90 86.341322357429320 41.966368124612309 366
5 14 73 94.778151130891089 15.267680511785951 457
5 14 73 86.341322357429320 41.966368124612309 457
10 25 88 82.197269428884795 -21.647376248296709 457
5 14 73 66.799124571570530 14.184134115532027 457
5 14 73 58.362295798108754 40.882821728358380 457
2 20 66 39.820492389797963 -6.507733987677639 457
5 14 73 34.047156980575359 26.998513164944761 457
6 30 91 -6.978331898942933 11.095392018562155 457
5 14 73 16.146123182700002 48.528793910149275 457
2 20 66 41.955291868481254 70.662180721681054 457
8 28 107 -10.014820513584393 81.386137456453170 457
6 30 91 -60.331168124610315 52.537131180908659 457
6 30 91 -79.890445162707522 -4.185304254701506 457
12 33 116 38.238412005128865 -59.484115721960372 457
5 14 73 -0.153484650314574 -32.372083868966556 457
6 30 91 -40.650956764267967 -49.575419370536224 457