8 11 82 99.000000000000000 0.000000000000000 0
8 11 82 96.555555555555557 21.863775779997951 0
8 11 82 78.843192529652626 8.814936902970350 0
8 11 82 81.287636974097069 -13.048838877027592 0
8 11 82 76.398748085208183 30.678712682968296 0
8 11 82 84.861216147439819 50.986017632067515 0
8 11 82 63.043340148006621 48.161077478124973 0
8 11 82 61.130829503749695 -4.233901974057249 0
8 11 82 58.686385059305252 17.629873805940697 0
10 12 81 43.970973885323005 35.306317848242827 0
10 12 81 42.911153742540002 59.282906038912316 0
10 12 81 63.772201973195131 71.149525891181980 0
9 29 74 4.274716013717288 45.563369617195825 0
7 18 55 20.405908694746778 89.708410365704609 0
10 12 81 -8.529862917357871 97.628077101882340 0
7 18 55 -35.653793593247386 84.810418006339944 0
10 12 81 -63.788701403160928 74.397591179408309 0
10 12 81 -47.150720162727623 57.100840610501159 0
11 19 71 -78.011573434910417 46.852901833393190 0
9 29 74 -80.993136900640309 -1.054407413733450 0
10 12 81 -52.843117692018765 28.754591538835186 0
11 19 71 -33.334808583579260 4.662562240131919 0
4 26 90 57.054430551868357 -41.008661954036732 0
9 29 74 4.456700053502185 -24.931387731668039 0
10 12 81 38.266561082666733 -1.738860978668905 0
11 19 71 38.990326995688321 -82.223806776196511 0
10 12 81 13.227361037202359 -64.982299155866613 0
1 22 98 -45.039378831109914 -37.225214436492536 0
5 12 66 -78.703790459948138 -41.990441575270033 0
7 18 55 -84.989344417649306 -35.225152028886740 98
9 29 74 -48.513457895254362 -64.864816372555794 98
2 19 60 -52.759359507992201 -17.052973493464108 98
5 12 66 -25.158658974466515 -31.166843623893790 98
2 19 60 -2.253926338160515 -52.056391796588649 98
5 12 66 -11.152621647356536 -81.751731865260922 98
9 29 74 -77.300793541749840 24.198911500639159 98
2 19 60 -30.459525729552837 13.715799856378336 98
5 12 66 -11.933481675333878 -11.139495187155921 98
7 18 55 16.649733043931590 -20.249919782769808 98
5 12 66 28.456469914325407 -47.828914769412876 98
7 18 55 24.540506518097914 -77.572237224703684 98
2 19 60 60.317540649612226 -68.138053171354827 98
7 18 55 83.269639471383570 -39.117350911146815 98
3 30 105 79.521573774915325 8.736092053126487 98
5 12 66 56.196933150230748 -26.191850052432983 98
7 18 55 83.269639471383570 -39.117350911146815 203
2 19 60 60.317540649612212 -68.138053171354841 203
7 18 55 47.735763412839020 -33.342954643484340 203
2 19 60 23.018031425964736 -60.875366913844012 203
7 18 55 12.631303702982038 -25.363173413461318 203
2 19 60 37.349035689856322 2.169238856898353 203
7 18 55 73.761997536816693 -4.395531476617384 203
7 18 55 87.325908428324411 28.951437221110432 203
5 12 66 84.799953695233455 -49.121969151147255 263
7 18 55 89.897046282040748 -19.558145867249841 263
2 19 60 56.732001903363646 -35.961798855544210 263
2 19 60 59.766894703211655 1.916815502605576 263
11 19 71 25.445606008975950 -14.394197414038459 263
11 19 71 28.480498808823960 23.484416944111324 263
5 12 66 58.026227942176760 32.867907231768029 263
11 19 71 65.777739110891446 62.883137942213907 263
3 30 105 19.069704346251719 77.693927537141207 263
12 23 105 -33.874070780603212 80.134557643695047 263
9 29 74 -69.247982451032556 42.020434629611898 263
5 12 66 -28.401492941327842 45.565049521752194 263
1 22 98 -87.829579214756450 -5.474030960711005 263
9 29 74 -63.494449771269799 -50.293685967959206 263
9 29 74 -31.435432774982971 -1.959232115331547 263
9 29 74 -5.606076358704208 -53.890382180786858 263
5 12 66 61.056864079647603 76.655458701643937 368
9 29 74 71.984260020642751 37.138474783982353 368
5 12 66 97.854890552114256 5.331078224312549 368
5 12 66 75.618932565172699 -3.700099572795091 368
9 29 74 34.782527643048908 -7.359065688563831 368
5 12 66 31.147855098518960 33.479508668213612 368
9 29 74 50.774132823167022 -63.110913763432343 368
5 12 66 87.310429799278666 -44.507177491560086 368
5 12 66 70.637676258943685 -27.243942296984081 368
5 12 66 93.924453259119588 -21.436531777305056 368
5 12 66 14.918984207272249 -43.226037155012094 368
3 30 105 -5.819804699828516 -79.788030889700835 368
9 29 74 20.220459157523813 72.996492585875174 368
4 26 90 -58.361809401855751 -60.414395663131998 368
1 22 98 -85.500870513748382 -20.823091542593623 368
4 26 90 -79.605504381692754 26.813497946674097 368
3 30 105 -35.265552629797064 -7.391306959063371 368
4 26 90 -32.358763710549027 48.533200890169752 368
1 22 98 -85.500870513748239 -20.823091542594184 473
1 22 98 -84.894197544657175 23.172725848478056 473
1 22 98 -47.096038508272940 0.649422949919740 473
1 22 98 -47.702711477364012 -43.346394441152498 473
3 30 105 -41.876307371330952 52.386782825139875 473
6 27 106 6.359686117173702 82.755993091080882 473
1 22 98 53.611443693492745 69.784046207564217 473
1 22 98 6.671923717151884 33.756987920759720 473
4 26 90 -1.254891754443975 -13.583962602854278 473
12 23 105 80.276834147604802 33.535502072251006 473
12 23 105 86.156248688530908 -12.087216880656072 473
4 26 90 44.616058682962041 -38.075918546980930 473
3 30 105 -1.680214824810708 -69.582347403541291 473