4 10 71 100.000000000000000 0.000000000000000 0
4 10 71 98.000000000000000 19.899748742132399 0
4 10 71 81.766312060385914 8.217823563497323 0
4 10 71 83.766312060385914 -11.681925178635078 0
4 10 71 65.532624120771828 -3.464101615137756 0
4 10 71 63.532624120771821 16.435647126994645 0
6 16 64 84.144800066126621 41.900508610655038 0
8 24 85 61.297085244103947 -37.199249612800891 0
4 10 71 45.833351794767474 -6.919339642527328 0
4 10 71 43.833351794767466 12.980409099605071 0
4 10 71 50.690664049928237 31.768098383687398 0
11 17 75 55.526259803931843 58.331550977502502 0
1 25 65 17.061151017703722 41.466338080428343 0
11 17 75 30.438198695794622 81.279082213658882 0
9 26 108 -12.527114377686402 83.005892133065444 0
11 17 75 -54.801298066892087 75.138656696694071 0
11 17 75 -78.146209132005481 50.419936516192287 0
11 17 75 -91.046326838742388 18.962235342197818 0
11 17 75 -91.777459249423543 -15.029902651727369 0
4 10 71 -36.027203602108159 55.734188731110208 0
1 25 65 -68.666214866987275 -50.099410533864926 0
1 25 65 -46.822707771037365 22.440689519723126 0
4 10 71 -17.931236747860709 42.196268532167778 0
1 25 65 -26.493195513539327 -23.239841687479760 0
4 10 71 -34.421257513303487 -57.330101776365794 0
7 10 71 -43.971858830446401 -74.902409948059926 0
7 10 71 -59.036750169674420 -10.358962433983590 0
5 32 94 5.485427060136693 -70.424242693430642 0
7 10 71 47.428709326936001 -68.242254451574411 0
7 10 71 66.302081295362953 -74.860096285692023 0
7 10 71 27.397122297677782 -34.593004760348848 0
7 10 71 -48.232901494499792 87.599013769687375 108
1 25 65 -63.747222314345670 56.225364802777314 108
1 25 65 -84.329157759782746 10.658008797410261 108
1 25 65 -75.731453841973192 -38.597239525399793 108
1 25 65 -16.549167870369772 72.728202640661053 108
7 10 71 -51.714835808884999 23.358638848049061 108
1 25 65 -16.720508836262855 22.728496218788859 108
1 25 65 -27.308776770214976 -26.137530652226982 108
7 10 71 -50.084650294671178 3.425187185347806 108
7 10 71 -45.416129489513814 -56.089555249888171 108
8 24 85 -24.078535077508871 -82.560427254957787 108
1 25 65 24.904462791631527 -81.269722117528133 108
8 24 85 66.200685293943096 -54.895075067006751 108
6 16 64 91.010302832420422 -23.518604940581138 108
6 16 64 60.065617316929121 -15.368363327761127 108
6 16 64 82.596276358357954 7.355399634364691 108
8 24 85 21.688576846040853 -26.646783638061898 108
8 24 85 38.492762487191662 18.315637837407383 108
6 16 64 73.323948766149556 37.982576145149537 108
10 12 116 -1.044193963589021 -54.894218092017127 108
8 24 85 20.921335297934043 -83.416411630754169 224
6 16 64 59.482874241881163 -72.785902975264037 224
6 16 64 39.348764085471402 -47.913878365080862 224
6 16 64 70.955624319646660 -42.913239792127321 224
6 16 64 92.084362133106453 -18.880419765961541 224
6 16 64 60.706960559137599 -12.598806082687382 224
8 24 85 20.707031631230542 -12.523402088199486 224
8 24 85 49.579368294032001 25.822238806559994 224
6 16 64 89.465023272231974 28.844576802216935 224
5 32 94 -5.276654559481045 37.083533434392763 224
6 16 64 35.064035109527509 63.095622105407756 224
6 16 64 66.931873399283020 66.000941836176466 224
5 32 94 -69.265067187769233 35.865728313723309 224
6 16 64 -49.783580457107163 79.734529012660118 224
8 24 85 -84.064373255920799 -18.143349996327238 224
8 24 85 -36.396391147755082 -9.473549750407791 224
2 14 113 -78.197665233619546 -55.687746874970344 224
2 14 113 -19.800121916122944 80.730628365677219 224
10 12 116 -0.363248328972379 97.999326786725931 224
10 12 116 -24.171587216776185 94.972282121794777 340
3 16 120 -48.245800063868728 80.674300593170344 340
10 12 116 -21.942313346695297 71.076041036381895 340
10 12 116 -39.038050125966294 54.231582482487056 340
3 16 120 -67.032877774881968 54.769750585877233 340
3 16 120 -12.734563408792859 44.633322925698607 340
12 26 114 -82.514567113784352 15.727244323936027 340
2 14 113 -93.252069316557083 -22.804639181097201 340
10 12 116 -67.505533275801611 -19.183053630253497 340
12 26 114 -33.622415678451453 -1.980311352228746 340
10 12 116 -50.438755910899019 -36.056853154274414 340
12 26 114 -41.551812808159973 -73.003060568414753 340
2 14 113 -77.843140035528535 -56.182252975553531 340
5 32 94 7.816926482109309 -42.560859910620273 340
12 26 114 64.781082517972294 -53.473463959235566 340
12 26 114 83.845387651239406 -5.094209419860050 340
12 26 114 70.778467131310450 45.237247822364324 340
12 26 114 23.239518393948376 66.309702661477417 340
2 14 113 12.150100405593655 27.877622198932137 340
2 14 113 34.726361080761102 -79.868799140506482 340
10 12 116 48.530057578604129 -19.123730504374027 340
10 12 116 4.025631578752805 3.179585712569676 340
2 14 113 29.644953663684330 -1.253284227834627 340
10 12 116 40.389263211366853 22.422860144583339 340
10 12 116 9.592819728896316 -86.525006702932941 340
10 12 116 -12.032979712954267 -96.932926692097695 340
10 12 116 -72.232650665485679 66.230236130017772 460
12 26 114 -78.901270478503449 28.819949980491636 460
12 26 114 -80.747783797183331 -23.147254952657679 460
12 26 114 -34.819607502064088 1.237220071513888 460
2 14 113 -48.739066037335405 55.092396064729463 460
12 26 114 -9.623928620849803 46.725435751124060 460
2 14 113 -43.529390490276938 -37.803011488996077 460
10 12 116 2.020662924000302 10.553575310256418 460
10 12 116 -61.937117530372490 -56.164808384107822 460
12 26 114 -30.911320083656648 -78.105635460482148 460
12 26 114 20.988263871429613 -81.335679622557052 460
10 12 116 -3.240112537065835 -52.061360217859331 460
9 26 108 64.844726297555312 -53.396268328368592 460
9 26 108 83.851395652735761 -4.994341506982181 460
9 26 108 70.724536968659180 45.321516640209190 460
9 26 108 32.430762755709523 -12.735046414757925 460
3 16 120 30.763940151473520 58.250194144669265 460