1 11 84 99.000000000000000 0.000000000000000 0
1 11 84 96.555555555555557 21.863775779997951 0
1 11 84 78.843192529652626 8.814936902970350 0
1 11 84 81.287636974097069 -13.048838877027592 0
1 11 84 76.398748085208183 30.678712682968296 0
1 11 84 84.861216147439819 50.986017632067515 0
1 11 84 63.043340148006621 48.161077478124973 0
1 11 84 61.130829503749695 -4.233901974057249 0
1 11 84 58.686385059305252 17.629873805940697 0
3 12 77 43.970973885323005 35.306317848242827 0
11 13 78 42.310992521169361 60.251146207457140 0
1 11 84 64.182839156344372 70.131547250298652 0
3 12 77 47.348165766494937 85.802978960806001 0
8 24 56 11.352452841018252 85.247415295083627 0
11 13 78 18.862970600338265 49.017702033908918 0
11 13 78 -6.826906054806770 53.021479930275554 0
11 13 78 -23.539977294628422 72.938137524677444 0
3 12 77 -43.705949903782326 87.714251652784853 0
11 13 78 -47.571843751980296 63.014962902813423 0
8 24 56 26.887850621959984 3.006153087978137 0
11 13 78 -0.594529466202887 27.779501361672370 0
3 12 77 -24.442300869202789 35.281754297308453 0
11 13 78 -49.377705199930972 37.077752867213874 0
11 13 78 -70.937057270077517 51.610279774653883 0
3 12 77 -90.916072873585890 36.582341276151496 0
10 20 56 -89.882416691306545 4.599040087924589 0
8 24 56 -77.354742075794235 -37.579833400207463 0
11 13 78 -64.637466971705862 -72.325637663843878 0
10 20 56 -50.551404710903512 -2.685978552915900 0
3 12 77 -41.597318697487211 -33.407702848019234 0
4 11 40 -47.351725769339645 -55.676218722486830 0
3 12 77 -40.185450744043749 -77.531298275346401 0
7 14 90 88.602132246115488 -36.954866546124379 0
5 23 97 51.602135936474404 -36.971391876573861 0
8 24 56 -12.365836341062970 -54.682467791720654 0
3 12 77 23.496339491141697 -57.829584659591369 0
3 12 77 16.770862330624794 -33.538844863866750 0
3 12 77 -1.958536300254007 -18.531858926456287 0
3 12 77 -9.261707019067302 4.329980401381449 0
7 14 90 14.010445696487158 -82.037389576942601 0
3 12 77 38.757871061690182 -90.010151820588533 0
4 11 40 -9.821468936727761 -89.589862345192515 0
7 14 90 59.964863105098594 -74.968094498838539 0
6 12 95 83.625872674921609 -51.095140858576720 97
5 23 97 85.488869337265868 -16.144758265018510 97
5 23 97 81.771780239429532 29.704813691966500 97
5 23 97 49.255764203787983 -44.484872809358990 97
5 23 97 42.829057628967220 1.063973966395455 97
5 23 97 39.111968531130884 46.913545923380468 97
6 12 95 70.311386060309843 62.775334783403807 97
12 20 88 32.304311423510917 -84.002568195578533 97
12 20 88 7.096286095697153 -52.945275025176514 97
6 12 95 16.949851534483201 -22.500123553331907 97
6 12 95 7.855257723484867 -0.290027573959129 97
6 12 95 13.527165407589473 23.030123866865505 97
6 12 95 4.157663488578853 45.125653590989714 97
7 14 90 10.477600352433846 70.345851806643907 97
11 13 78 23.115598152772996 94.205462272840180 97
6 12 95 46.771539862425101 86.118656857254692 97
8 24 56 -25.955508786824637 -81.989704009814972 97
7 14 90 -25.703298329033188 -43.990540994230258 97
11 13 78 -8.026761789299524 -23.581228022955088 97
7 14 90 -62.783287900708217 -72.624092148382729 97
12 20 88 -59.305141465966997 -38.802464491238581 97
7 14 90 -33.975806262978139 -16.121530247371329 97
12 20 88 -89.170262752264847 -12.192794621908767 97
7 14 90 -57.233150599844890 -0.529996185695037 97
12 20 88 -85.646846114512044 27.651722381021589 97
12 20 88 -28.351406499212096 17.410038867380049 97
7 14 90 -21.246614346834839 50.659428763610002 97
7 14 90 -16.388107644628384 78.234687830835739 97
12 20 88 -50.203533586892696 74.696755052610783 97
3 12 77 -78.157513058584257 59.121934613958892 97
4 11 40 -0.636216792332353 97.648032070748471 97
4 11 40 -59.977891442363855 45.032883620685695 97
4 11 40 97.769576362066957 15.559882325453465 194
4 11 40 91.919171552967867 36.767729070695445 194
4 11 40 76.477839916570744 21.097206510972001 194
4 11 40 82.328244725669819 -0.110640234269969 194
4 11 40 70.627435107471655 42.305053256213967 194
4 11 40 61.036508280173607 5.426683951248568 194
4 11 40 55.186103471074517 26.634530696490536 194
4 11 40 49.335698661975449 47.842377441732509 194
8 24 56 63.319382099986868 -29.498786512623660 194
4 11 40 77.627771026372272 -61.440452191346353 194
4 11 40 40.646739939811781 -2.835116519979154 194
10 20 56 48.064919685415461 -70.769858420709937 194
8 24 56 6.689659312908674 -85.739421844780452 194
10 20 56 -37.149037630364916 -81.975295078076613 194
8 24 56 -68.879900086704737 -51.493294359999652 194
10 20 56 -89.136987947747059 -12.433719459726959 194
10 20 56 -85.721258049793207 27.420173565474812 194
10 20 56 -15.985876941218253 -48.032392585134772 194
10 20 56 -49.137851451220740 -12.170889605531940 194
10 20 56 19.320195195089454 -29.231295002657387 194
8 24 56 9.814833306671833 13.729711682128501 194
10 20 56 19.606244313412535 56.626427995817096 194
10 20 56 -2.496116462600735 89.965378911029632 194
8 24 56 -43.556981898329155 74.153822072153687 194
10 20 56 -45.818805339046790 30.211995133313053 194
11 13 78 30.432758210331539 87.799919889408670 194
11 13 78 55.166569140933866 79.785021459034283 194
11 13 78 -14.767216274349089 41.383334200638245 194
11 13 78 -16.262249920785163 -15.033549908820119 194
6 12 95 54.595429445977075 81.383899412656163 272
7 14 90 72.686964900506155 62.710486631444546 272
7 14 90 45.250466035483569 57.121342687188466 272
9 40 118 69.379218509257157 8.811889118975081 272
7 14 90 28.651912900974164 79.671021927498472 272
12 20 88 74.156900175814570 -50.997589710831164 272
12 20 88 11.998465993931791 50.028776632745220 272
12 20 88 -4.678283447213001 86.386527224294156 272
8 24 56 -31.963083584507860 51.867841248899978 272
12 20 88 -75.831842853579531 48.471967253558205 272
12 20 88 -89.346712025414163 10.824280587998082 272
8 24 56 -79.775730466169350 -32.122154793679364 272
12 20 88 -50.615941808695005 0.827909325399834 272
8 24 56 31.003761968356493 -42.406509287041523 272
8 24 56 -32.297054800581122 -39.177320067567734 272
10 20 56 -2.201698659922845 -71.275132123328518 272
10 20 56 0.908405827698215 -10.308697231280746 272
12 20 88 74.156900175814570 -50.997589710831164 390
2 32 115 27.106131724925607 -73.138619230273832 390
2 32 115 -36.746755900897931 -68.801714591715111 390
2 32 115 -1.064442497203742 -15.671944122038248 390
9 40 118 -69.748709218672460 5.926007283920270 390
12 20 88 -16.683227352172644 33.926982878998729 390
10 20 56 -71.975495678070587 -54.032656994599506 508