8 11 81 99.000000000000000 0.000000000000000 0
8 11 81 96.555555555555557 21.863775779997951 0
8 11 81 78.843192529652626 8.814936902970350 0
8 11 81 81.287636974097069 -13.048838877027592 0
8 11 81 76.398748085208183 30.678712682968296 0
8 11 81 84.861216147439819 50.986017632067515 0
8 11 81 63.043340148006621 48.161077478124973 0
8 11 81 61.130829503749695 -4.233901974057249 0
8 11 81 58.686385059305252 17.629873805940697 0
7 31 80 22.189870512892227 38.414589968627709 0
8 11 81 52.511629967835461 67.476436151493672 0
7 31 80 23.843138232590437 -23.563363416806084 0
8 11 81 -5.310673797695500 6.669983141303469 0
6 14 86 88.602132246115488 -36.954866546124379 0
11 20 75 61.696337627267518 -57.741357734595113 0
4 17 76 27.324392842457058 -71.436955994983066 0
4 17 76 -5.261406716205343 -61.733056411687848 0
7 31 80 -38.077323998908057 -26.702846979045091 0
7 31 80 -75.706626890457500 22.572253872155898 0
8 11 81 -26.196722723603457 13.581781768620322 0
4 17 76 -90.050911939301173 -23.234312103013217 0
11 20 75 -28.445756041206732 44.500091055130646 0
4 17 76 -8.267607535362600 75.513673932252416 0
6 14 86 21.709318027887033 83.412023998904999 0
6 14 86 -80.273135761828598 -52.651910458814640 0
10 16 90 -64.636910487516232 68.250053499091223 0
6 14 86 -84.424119147399452 45.700854545464466 90
6 14 86 -67.646249267026661 68.117435066973087 90
10 16 90 -92.485755703477196 16.804314682745403 90
6 14 86 -64.082152376293436 26.460158407246940 90
6 14 86 -68.482880059089709 -1.191850486536357 90
6 14 86 -93.792779414330198 -13.167199943967542 90
2 15 90 -45.837809373989437 49.002206859290538 90
10 16 90 -34.776570604194191 20.042769763974292 90
6 14 86 -41.640985619666473 -9.161336222947458 90
7 31 80 3.327315071527764 -7.472569529072983 90
10 16 90 -32.605497773462176 -37.768327665269638 90
6 14 86 -61.319772209875580 -29.079803993762727 90
1 34 109 -0.381092603857851 -75.999044523120716 90
2 15 90 -49.089821013412561 -81.333815064037907 90
6 14 86 -47.832569745899590 -83.234880137497953 199
2 15 90 -69.862659990012190 -64.375529039534513 199
2 15 90 -86.453308253380243 -39.380521734050411 199
2 15 90 -94.422573976244990 -10.458370986943542 199
2 15 90 -92.975738139151773 19.506719803182627 199
2 15 90 -56.511672827369367 -37.510102525463559 199
10 16 90 -32.684016824834877 -57.340453239076318 199
7 31 80 -48.494058757049309 7.785789833771464 199
5 26 111 -3.468370551182851 -27.166855296291267 199
6 14 86 -4.335708938423746 -67.157450742246041 199
2 15 90 -16.239590723162266 -93.601686379809323 199
10 16 90 14.750936728785867 -92.835391234288210 199
10 16 90 25.320921224620179 -62.631493675234303 199
7 31 80 53.490765779753232 -25.008895974654923 199
10 16 90 55.935518644465503 -71.945269752680019 199
10 16 90 93.992794544344193 -1.163861565951571 199
2 15 90 69.667526110812730 18.052832104829530 199
7 31 80 25.304036679189537 30.213457312862950 199
10 16 90 68.374829731509351 49.025867733759029 199
4 17 76 51.542629300141250 77.410318206478266 199
9 32 114 -53.160101462732669 -57.078924415864471 310
9 32 114 7.445889525223166 -77.643793887072349 310
5 26 111 -7.313423634036567 -21.553129110597261 310
5 26 111 43.570749333461464 -32.267649231150664 310
5 26 111 83.998865390695329 0.436592574199750 310
9 32 114 31.177467226923604 24.392800454920209 310
1 34 109 -10.938344646355588 75.208726996257184 310
5 26 111 -66.163613613801971 51.753031153387710 310
5 26 111 -83.950283975186949 2.889605593410543 310
2 15 90 79.537854077931144 -51.949299982557342 310
2 15 90 59.372721275154603 -74.161175613543264 310
10 16 90 75.963795470091611 41.660828787512543 310
10 16 90 38.942613528883363 71.760537395892612 310
2 15 90 -31.078448391985955 30.539092778869126 310
2 15 90 -43.213603382733304 -1.749667443220387 310
6 14 86 -24.276015298626064 -92.879896001346140 424
6 14 86 -50.043797206922960 -81.924467414273551 424
7 31 80 -67.786910564108581 -40.570121471022780 424
6 14 86 -29.023888163509628 -63.426807459386531 424
6 14 86 -3.256106255212732 -74.382236046459127 424
7 31 80 -8.168438379086513 -23.551373740248046 424
7 31 80 40.127438627224130 -62.429494376298805 424
7 31 80 77.880998381690489 -13.249531730258315 424
4 17 76 -92.999593533637579 0.274959230060716 424
4 17 76 -86.685737919937083 33.683569307245058 424
11 20 75 -57.550931572372740 10.876485778439266 424
11 20 75 -53.832590805881601 50.703285071682132 424
11 20 75 -21.200741249754721 27.569707861352068 424
3 17 66 14.707268129153288 18.646991770146727 424
11 20 75 50.078046994187851 29.505536906619874 424
2 15 90 89.731223405278840 31.197877270608323 424
2 15 90 75.528712638937051 57.623029832740237 424
11 20 75 42.344817575048083 68.750882652974965 424
12 22 67 4.944234898079927 87.860995562721740 424
3 17 66 92.997832399711100 -0.634955868738444 514
3 17 66 87.011146646422660 32.833829494512699 514
3 17 66 61.019671164682613 10.914814866064962 514
3 17 66 55.032985411394165 44.383600229316087 514
12 22 67 79.704186187892802 -37.299366001659031 514
3 17 66 45.175326965896289 -19.167684313863326 514
12 22 67 23.474869505473748 21.468859984912420 514
3 17 66 25.061301638878902 60.436580383802827 514