8 13 67 97.000000000000000 0.000000000000000 0
10 23 62 80.835051546391753 32.166666620776674 0
10 23 62 62.411822484083586 -9.982884158771661 0
10 23 62 35.120855282046620 27.046875618701144 0
8 13 67 54.895531503900045 57.129464940780203 0
1 31 96 15.683915736877307 77.427480826632433 0
10 23 62 -10.760698080000264 30.345824100512360 0
8 13 67 -25.888078204132594 63.013275341464819 0
8 13 67 -26.767395028107373 88.998401893457498 0
8 13 67 -51.809186515224411 82.004927855773943 0
10 23 62 -57.888655723284572 46.521973438924036 0
8 13 67 -91.232218789143403 32.949692787791932 0
11 19 49 -90.995035102198244 0.950571801448458 0
8 13 67 -91.900646204605636 -31.036611077498492 0
10 23 62 -56.732733569610353 -23.341292962089675 0
8 13 67 -38.957771121070188 7.964468647444557 0
8 13 67 -22.509448961296126 -12.171387384229030 0
8 13 67 -23.912161057093364 -38.133521325342272 0
8 13 67 -42.434245852320771 -56.379955904141660 0
12 16 55 -71.262246895414364 -59.533740275241676 0
2 29 74 -8.115770482918286 -80.592395853880618 0
7 17 86 37.669745142249091 -85.029349644214037 0
10 23 62 30.430498887028143 -45.689887095060293 0
12 16 55 64.133305916386917 -65.314381950770709 0
12 16 55 18.917739688997631 -8.427890695938519 0
6 14 116 60.586406692346543 74.466686001926973 96
9 15 115 79.299582629618996 52.312294871934540 96
9 15 115 91.658035282979966 24.976079917873395 96
9 15 115 94.876074445517446 -4.850824446280392 96
9 15 115 61.804952362770479 27.941453445626170 96
5 40 97 43.256899107303106 -23.836628021654427 96
4 28 90 18.924656144104990 79.786323325663957 96
4 28 90 7.471627190882096 -81.658892884489148 96
4 28 90 -23.787697404276795 -35.195416627815284 96
4 28 90 -78.556003832369882 -23.514979521332549 96
4 28 90 -75.330958326464113 32.392078007076492 96
4 28 90 -9.577330247637541 18.971597922310238 96
12 16 55 -66.970061174166176 -65.962193007270770 96
11 19 49 -53.179033084352952 73.844366340387097 96
6 14 116 31.253526016745191 28.812389390343593 96
9 15 115 50.455832864905034 -80.493533466414362 96
6 14 116 -18.167263713350543 60.083798581659813 96
9 15 115 -22.974342735073193 89.454513069490162 96
6 14 116 36.522129522534833 88.781383494171735 212
5 40 97 57.976671792021818 39.226337171856628 212
5 40 97 56.904257769142873 -40.766474556220118 212
5 40 97 -11.835342296077897 0.158669095006088 212
1 31 96 -57.342851388618222 -54.339648458771300 212
1 31 96 -5.575721184423507 70.882195191620724 212
4 28 90 -81.996683284869135 -0.737516291931129 212
3 21 86 -56.854393003619592 41.320363343321347 212
9 15 115 -28.904789223932372 -90.495928968766563 212
7 17 86 -10.405737746741718 -64.384914158073158 212
6 14 116 -50.316608374612898 75.704333040619616 212
6 14 116 60.586406692346543 74.466686001926959 328
5 40 97 66.829351253113643 20.828773633797002 328
5 40 97 42.720745535146598 -55.452122600683666 328
5 40 97 -11.286145568374863 3.566990518138908 328
1 31 96 -70.583413657261502 -35.482132355425193 328
1 31 96 15.114392280435256 69.476106741113284 328
7 17 86 -92.728251344280949 7.104322813038458 328
7 17 86 -83.977840602999706 39.959007590994716 328
2 29 74 -44.716019897746989 63.927934035635282 328
6 14 116 90.861168496225687 -30.987869554076880 328
6 14 116 79.496631903955162 53.817148901879392 444
1 31 96 78.505191840816039 8.828071932005873 444
3 21 86 50.438950407571710 73.327431986825516 444
5 40 97 10.038352142263172 27.624131670490058 444
5 40 97 36.002978506087999 -48.045136713623279 444
5 40 97 -42.510843382249213 -32.696528552410086 444
3 21 86 -88.713804487239486 7.131682368126583 444
1 31 96 -57.706583601178906 48.875571177424760 444
7 17 86 14.111877930862814 84.478387339257850 444