10 13 85 97.000000000000000 0.000000000000000 0
5 16 66 89.711340206185568 28.069118946095067 0
9 25 76 59.010529359116731 0.894494508349835 0
9 25 76 70.272149716684197 -47.820758820787454 0
9 25 76 61.929446572883577 58.221505023284649 0
9 25 76 19.580638698898937 31.639961207088856 0
11 27 79 20.216874609256095 -33.732840808544182 0
9 25 76 -19.243383828587071 0.132894146106186 0
5 16 66 -20.308542390513178 41.119055679457361 0
9 25 76 -22.085964201616687 82.080510386357290 0
2 14 51 -60.370052457400895 74.642191596245780 0
9 25 76 -75.648539125685986 38.759495973884356 0
5 16 66 -93.976889619979374 2.084278617223262 0
9 25 76 -77.292573678218872 -35.367471696420537 0
2 14 51 -38.320853221186788 -33.882545900649355 0
2 14 51 -47.369804702624499 -60.380026480632544 0
2 14 51 -39.832237311443649 -87.346395865913308 0
5 16 66 -18.047498375861771 -66.720558925111533 0
6 23 120 24.164561903970853 -83.576754830450085 0
8 14 100 -10.902654574774012 -95.378887198494610 120
8 14 100 -37.960348849729250 -88.176028007655560 120
8 14 100 -61.788777337120749 -73.472083100887474 120
8 14 100 -37.140573268317041 -60.188031151929707 120
8 14 100 -10.082878993361803 -67.390890342768756 120
8 14 100 13.745549494029675 -82.094835249536814 120
12 27 93 -75.359956721577319 -34.783285108252684 120
8 14 100 -34.434072366938452 -32.319144326818858 120
8 14 100 -95.997841294325212 0.643790982809854 120
12 27 93 51.170229542904423 -65.349886063607414 120
9 25 76 -77.475596592780477 34.964724117211937 120
9 25 76 81.747095730467848 -23.289747521897382 120
12 27 93 30.328744700234928 -15.533899577813731 120
12 27 93 64.936931308807743 25.918162128043583 120
10 13 85 -7.909675788670606 -27.273712119487861 120
5 16 66 -53.093331608066364 2.002546485641772 120
12 27 93 -12.785908834796000 16.979584556530362 120
10 13 85 25.120865131833927 29.749725019455084 120
5 16 66 35.172760228525696 56.951919875111571 120
3 15 49 -62.101053685855966 71.891996293790839 120
10 13 85 -43.154382680454304 51.275894387439280 120
3 15 49 62.542821137768819 71.508010209549653 120
6 23 120 -10.739758601438314 66.937699705348081 120
10 13 85 -39.497096496755304 88.594465788366264 120
10 13 85 21.667292550497677 82.615168749674211 120
10 13 85 -39.497096496755304 88.594465788366264 240
11 27 79 -61.808994115798114 55.395381092589609 240
11 27 79 -82.807779635151292 5.645496603153823 240
11 27 79 -8.409198526296457 63.424193644856551 240
11 27 79 -29.223723072281885 12.334957139491056 240
11 27 79 -50.222508591635069 -37.414927349944733 240
10 13 85 15.045403621977078 95.826070721134130 240
5 16 66 41.644295877103033 84.271896981735836 240
11 27 79 40.841262778365873 41.279396032822277 240
11 27 79 82.691167925402993 7.153373129706296 240
5 16 66 13.561322643974648 8.040790973884693 240
2 14 51 83.050613482474191 48.151797476155309 240
2 14 51 90.085894886812000 -33.174260239563111 240
1 16 64 60.304465165082469 -29.559506620063512 240
1 16 64 29.944203054203726 -19.447410667258229 240
2 14 51 -0.046373274107921 -18.695525373005712 240
3 15 49 -9.157377712772764 -46.227136261557611 240
5 16 66 -25.478985459964377 -72.582498534666570 240
10 13 85 -54.104798230839847 -77.226079395035356 240
10 13 85 -61.610978183822908 74.920540355983135 325
1 16 64 -35.301545005433070 87.119463498287132 325
1 16 64 -40.091969470761804 55.480060320572477 325
1 16 64 -71.083898005263634 47.511348648518364 325
1 16 64 -10.296230325618449 67.151132627544641 325
1 16 64 -15.086654790947179 35.511729449829986 325
2 14 51 -92.320922291651499 26.321992842846210 325
2 14 51 -1.993418197532096 95.979301330493897 325
1 16 64 27.388588312777831 89.921439213533333 325
1 16 64 20.556461453405994 58.659288894378221 325
2 14 51 55.158772061357951 78.571686151457627 325
2 14 51 -49.268457741241235 26.917986463414387 325
2 14 51 -70.546869057358577 8.718282843241628 325
2 14 51 14.268621952021125 29.325638006620927 325
2 14 51 -3.623671372531043 7.788093123598955 325
2 14 51 -31.510194748175088 5.269797267338484 325
3 15 49 -94.718791593312403 -7.304143967820679 325
10 13 85 48.854651592980403 52.317961365816572 325
12 27 93 51.618061511526804 12.413530964893930 325
3 15 49 17.500299706742300 -12.080924110326416 325
6 23 120 82.814294729455554 -26.660693698080500 325
3 15 49 93.536371282969029 9.795267054320430 325
3 15 49 86.630331727387002 38.989557894427129 325
3 15 49 44.889102809908209 -29.043930544367722 325
12 27 93 -59.969261378458526 -30.893763503687673 325
12 27 93 10.771341005123706 -53.538385619588070 325
3 15 49 -30.578954653193911 -60.897261143044084 325
3 15 49 -58.094167720258724 -72.851885765926468 325
7 20 109 53.990670192850928 -72.006996410951601 325
8 14 100 95.663008110385931 8.036720678998098 445
12 27 93 77.815440706577121 -28.874853898178934 445
3 15 49 66.892770060862745 11.679988796192960 445
8 14 100 85.333445272724930 34.061711199319390 445
12 27 93 47.030555273029591 48.686642572534083 445
12 27 93 27.001678236709083 -1.461578579007803 445
4 29 109 -8.545572503183550 41.809577689749361 445
12 27 93 -63.262180200597797 53.729847908467903 445
12 27 93 -82.928747483672709 3.438435805601998 445
8 14 100 -30.710117264917457 78.657005761530627 445
8 14 100 -3.324734770165776 84.491457373820197 445
8 14 100 24.637151595380224 83.031008511212292 445
8 14 100 -44.359977990689956 17.347066931531089 445
7 20 109 -40.326804352326882 -16.412872499735862 445