2 12 110 98.000000000000000 0.000000000000000 0
6 24 111 80.122448979591837 31.247290594749217 0
2 12 110 74.387058819239243 -4.292902141201593 0
2 12 110 53.323179931968532 7.209836933574962 0
2 12 110 44.170087288085959 29.395888746651185 0
2 12 110 50.995822062650440 52.404785825548757 0
2 12 110 70.766724355855544 66.010351690757645 0
7 23 98 31.148042301748468 81.232994902123906 0
7 23 98 -14.628525435170108 85.761333032973440 0
1 15 108 5.281985599744455 53.395123024253763 0
1 15 108 -24.400092597110476 49.039180655972324 0
1 15 108 -47.991858850927784 67.571006389699889 0
6 24 111 -58.434166604492205 29.994974018255341 0
2 12 110 -74.458690098035575 62.231826327450740 0
6 24 111 -14.181608985320544 11.401664894759008 0
2 12 110 -46.701863576607586 -4.039612297166347 0
1 15 108 -73.636295495093407 -5.920138082273436 0
2 12 110 -91.035664322432922 14.725974491531028 0
12 31 97 64.180298668224282 -46.063969247748602 0
1 15 108 33.843070370784901 -11.485759646483194 0
6 24 111 1.879534077771693 -33.831505273900234 0
7 23 98 -44.836536681038304 -38.989870601972420 0
1 15 108 -81.580658808503287 -48.678497392283731 0
10 12 71 -93.343947266758747 -24.375718854678734 0
10 12 71 25.578657303398387 14.218315451672177 0
10 12 71 98.000000000000000 0.000000000000014 111
4 14 81 92.571428571428569 -25.426966241470836 111
9 15 85 71.554652953119813 -5.444595445950536 111
10 12 71 83.217074567112434 18.906747886553273 111
9 15 85 65.108834895454891 -34.743937240050300 111
9 15 85 56.256299959798902 20.361613025883315 111
4 14 81 74.070776397472002 43.244891402278384 111
4 14 81 65.725675103251362 69.972391928687458 111
9 15 85 45.655571212972966 49.039381399061476 111
10 12 71 40.321637641273838 75.507270484757399 111
3 27 92 29.691188006454940 -12.169830638766770 111
9 15 85 23.061349908209692 29.303597562806537 111
9 15 85 17.266770394796247 58.738659109586585 111
10 12 71 18.596354922440391 85.705902294306995 111
12 31 97 -22.502679510736943 35.621763681971615 111
3 27 92 -79.377543094179643 24.252951414861919 111
9 15 85 -69.265606174407097 65.017503806989822 111
10 12 71 -43.515648443275389 73.137828729363974 111
11 12 36 -4.523067362777887 74.682403039372858 111
5 36 120 -43.960500602875484 -27.849189627221527 111
9 15 85 -93.610118778580812 -16.190912953258440 111
6 24 111 -21.172062060870065 -83.353127044464657 111
9 15 85 1.252743003207129 -51.445007108653058 111
11 12 36 -56.017789896268724 -74.310160074419727 111
8 15 95 17.274838500801998 -76.808217786048587 111
8 15 95 46.682790060891037 -82.738848868779726 111
8 15 95 37.114891458965296 -54.305500203114832 111
11 12 36 -91.348763189983231 -35.488074950049956 231
3 27 92 -82.959301877807121 2.598890522293733 231
1 15 108 -83.885938983879711 44.588667178923494 231
3 27 92 -42.372015168267438 38.217314933792117 231
3 27 92 -31.819198139903889 -14.741518633100956 231
12 31 97 13.246914476927508 21.769376913394069 231
3 27 92 54.055681964427151 62.983991992892165 231
3 27 92 81.364030188397521 16.398005717206480 231
11 12 36 95.987939541788904 -19.756403076518684 231
11 12 36 72.049431788963716 -21.473332477492491 231
11 12 36 51.638345915214046 -8.848453331361359 231
11 12 36 29.473026628554329 -18.051638699505972 231
11 12 36 6.142501329093482 -23.680722927976689 231
12 31 97 -3.788403808160313 -65.518231495706516 231
7 23 98 -57.786255176504099 -65.036518300689735 231
1 15 108 -93.607264169982855 16.207408633431928 339
1 15 108 -93.993792929162481 -13.790101188523765 339
1 15 108 -93.607264169982869 16.207408633431879 447
1 15 108 -83.885938983879740 44.588667178923444 447
1 15 108 -93.993792929162467 -13.790101188523817 447
1 15 108 -64.167710685161438 21.979123336562871 447