12 13 112 97.000000000000000 0.000000000000000 0
3 15 117 90.979381443298962 27.345057180315223 0
3 15 117 69.695649803919792 6.202617219353049 0
3 15 117 62.027625519428859 35.206089486867114 0
2 16 102 39.633488385047279 13.770077217638676 0
12 13 112 34.965399534196450 42.391903617792849 0
6 31 101 68.256574402816383 -39.774867074483005 0
12 13 112 32.376257736135699 -14.307184103731304 0
12 13 112 12.791184185871309 2.793251388697952 0
6 31 101 -9.012919602649831 41.010800472586084 0
6 31 101 -70.737549283275740 35.173841436444448 0
12 13 112 -96.999914267339051 -0.128965611208933 0
12 13 112 -42.814895531465844 69.178626503498421 0
12 13 112 -21.011962361569115 83.343092790267477 0
12 13 112 4.980719209685795 82.726242131399843 0
2 16 102 -89.673941832238214 -28.188369166526051 0
2 16 102 31.589444785713916 71.194732116678139 0
2 16 102 63.532089669307318 69.279676545514377 0
2 16 102 -62.607527978977920 -11.117656201800783 0
2 16 102 -61.357063817443617 -43.093214670429887 0
11 22 96 -27.541246126758367 -25.758553614893252 0
2 16 102 -36.126407609329192 -62.776049509647969 0
5 17 86 -19.066895807394282 -91.024466404752800 0
2 16 102 -4.148427513506785 -61.589125337181088 0
2 16 102 13.801534645730865 -88.080611865534621 0
2 16 102 45.288056321484902 -82.371062604667244 0
12 13 112 -62.949675449971977 -73.799311383936328 0
3 15 117 90.979381443298948 27.345057180315244 117
3 15 117 94.969973204142107 -2.388344532208198 117
3 15 117 67.224796099747508 9.022402483030476 117
2 16 102 62.532716728343829 39.665254686643117 117
6 31 101 68.231032250263681 -39.818666954877799 117
6 31 101 21.792808310815445 16.228960992216940 117
2 16 102 38.086498130951242 60.314283629634524 117
7 32 90 -8.614656686461984 71.404916556568963 117
6 31 101 -40.203595153160080 16.896761510308583 117
2 16 102 -55.543875560496971 61.322832651298256 117
6 31 101 -69.358493892755035 -37.820620366787523 117
2 16 102 -93.973830418704239 2.217926156709943 117
7 32 90 -18.983952147448967 -75.654540913704366 117
2 16 102 27.291889573199125 -62.905169437214781 117
1 18 90 13.123354333531420 -31.998008306462346 117
5 17 86 -85.056794309567465 33.990342920757826 117
9 15 65 -24.222414365184115 -28.947383929004886 117
3 15 117 94.969973204142107 -2.388344532208198 234
6 31 101 68.231032250263681 -39.818666954877799 234
6 31 101 55.245805349045376 20.806277435396705 234
6 31 101 9.235676854657910 -20.751731130100680 234
7 32 90 -4.521497944026834 40.727860130401638 234
7 32 90 -68.436123205386480 37.423215262950926 234
11 22 96 28.953046195221042 83.100668565405641 234
1 18 90 -91.747612169528381 -6.809967781848044 234
1 18 90 -10.168780771655044 91.436294203221181 234
5 17 86 -56.912413657279686 -10.202451328193732 234
9 15 65 48.795140414022825 -81.510945718816174 234
9 15 65 69.800437141868088 64.442990113775153 234
9 15 65 -76.059215462146327 -35.842263742584670 234
9 15 65 -38.256287600922803 73.453445943416284 234
4 28 75 5.835269720887723 -79.653660057128235 234
5 17 86 -28.439031666728393 -50.494231660966975 234
1 18 90 -60.352771145725391 -64.864799933192970 234
5 17 86 88.386758030166035 28.927167246671093 351
7 32 90 75.792222764253381 -18.426583200739973 351
7 32 90 36.490692238413800 -68.937866082156674 351
1 18 90 53.483928192801145 26.320930621966589 351
1 18 90 69.647793394505939 58.488141594339012 351
7 32 90 19.884647511154981 63.349140647242706 351
5 17 86 26.854423259930336 -20.894736290538006 351
1 18 90 19.621885336811303 13.349831091612504 351
7 32 90 -29.505922339785933 22.648138082203516 351
1 18 90 -29.243160165442255 72.647447637833722 351
7 32 90 -74.604894839674870 -22.762022448830308 351
7 32 90 -32.458906810273099 -70.925449372436177 351
5 17 86 -63.876281374334951 67.593051993431899 351
5 17 86 -83.902596436373315 40.116758483644666 351
5 17 86 -5.988062232549693 -29.690823299898412 351
3 15 117 80.017838529042280 -51.206889352313880 441
3 15 117 91.995781261419850 -23.701819130627765 441
3 15 117 62.186720350376021 -27.081151550156662 441
3 15 117 50.208777617998450 -54.586221771842759 441
3 15 117 32.377659439332191 -30.460483969685541 441
3 15 117 44.355602171709762 -2.955413747999440 441
9 15 65 74.164663082753592 0.423918671529451 441
7 32 90 5.472839018843445 -68.997876695987770 441
7 32 90 -8.018162872888084 -6.435964417371341 441
4 28 75 32.031722034067279 38.240726585204364 441
10 18 61 77.757751989493912 33.227725037685495 441