5 13 72 97.000000000000000 0.000000000000000 0
9 23 62 80.835051546391753 32.166666620776674 0
9 23 62 62.411822484083586 -9.982884158771661 0
9 23 62 35.120855282046620 27.046875618701144 0
1 24 59 15.771371464362943 -15.785325772182297 0
5 13 72 54.895531503900045 57.129464940780203 0
5 13 72 0.319714191454644 17.833809962107189 0
9 23 62 -2.345716377541960 53.735000469969997 0
1 24 59 -45.119300604597605 73.213719431210151 0
5 13 72 30.984427973171670 67.340200856608647 0
5 13 72 -11.453664893960932 88.563799958644040 0
5 13 72 -78.420893760729072 57.089083210088816 0
9 23 62 -84.283737080075795 21.569693178547009 0
5 13 72 -51.662703810673321 36.796911848958814 0
9 23 62 -42.685042438064514 1.934301558294003 0
9 23 62 -80.489137715465347 -24.273528955832880 0
1 24 59 -38.234885819297816 -44.854544399567011 0
5 13 72 -72.287135898627056 -59.326733747928301 0
5 13 72 93.515463917525778 25.765442132630543 72
9 23 62 86.475419933764684 -9.539483596036682 72
5 13 72 67.901935020316714 21.299220302958823 72
9 23 62 40.998570348135033 -2.621669507322206 72
1 24 59 38.946424509193832 44.333508028874121 72
6 36 88 -14.570336599199713 17.204993870020235 72
7 33 90 -75.483130145034607 -15.208453685623947 72
12 22 76 -78.532530941687739 39.706946292718840 72
12 22 76 -44.113272606403221 67.117065877444247 72
12 22 76 -0.577503292431913 73.491765104911735 72
6 36 88 -18.878348207012621 -54.666008877867952 72
8 18 96 -85.135777396890731 34.869749167825532 162
3 19 95 -63.675880290044375 65.010631971147134 162
3 19 95 -48.431320715824022 30.202538036143352 162
4 23 95 -72.580424077833044 -4.160535266618801 162
3 19 95 -25.908906897905887 60.808760864425352 162
3 19 95 -30.588288079442155 -3.347814962551187 162
4 23 95 -46.649874500690714 -42.155358580161973 162
6 36 88 12.197053596109946 -37.908117879427721 162
3 19 95 54.891891938642715 -72.580163952669409 162
4 23 95 78.378129788470304 -37.760677574186928 162
3 19 95 90.970749916343763 2.307089000892816 162
8 18 96 54.579123737628159 -4.374942431884323 162
4 23 95 76.363324543327565 41.685041258111106 162
8 18 96 52.873285654603315 75.288881410781499 162
3 19 95 34.391940540242480 43.235178305463222 162
3 19 95 10.227658398015794 72.562426191189985 162
3 19 95 -1.744624755679200 31.481512978698593 162
8 18 96 -25.051213743703869 -77.005004970112566 162
8 18 96 -91.998799372205511 -0.470014970696184 258
10 21 92 -80.972380415144414 36.938781922325703 258
4 23 95 -51.295513409058088 4.453653560211061 258
4 23 95 -72.340601677597832 -36.449943589298556 258
4 23 95 -26.394503305687877 -34.223726079985028 258
12 22 76 -47.495683029361523 -73.969671964681552 258
10 21 92 -40.203328342029685 47.032561841645332 258
10 21 92 -9.540998613046213 18.330270372302746 258
6 36 88 31.220169450858521 -21.513514313217694 258
10 21 92 44.889088691356328 -76.850307198211937 258
8 18 96 75.457985800793651 -52.631667073039047 258
7 33 90 67.393188605903617 37.244571812938077 258
10 21 92 88.099608517111790 -12.627706804152616 258
4 23 95 0.242319989740631 -71.726787884697956 258
8 18 96 -33.912031492729263 85.521775706752834 258
8 18 96 -5.074292769186968 63.972185796206752 258
8 18 96 -84.775048664819650 -35.737810843383507 354
4 23 95 -86.843861655029755 5.209960925194299 354
4 23 95 -47.509998881164449 -18.640557712494338 354
4 23 95 -46.521775234424510 27.348825997488387 354
8 18 96 -13.082594796313863 3.624972776995758 354
10 21 92 -55.807839220114637 -61.851040765907328 354
7 33 90 -2.677726660037969 -52.197484977826775 354
11 20 100 43.012472920714529 -79.056480906025655 354
7 33 90 58.921409644089835 -28.500514568395033 354
10 21 92 87.270652665642089 17.459472595495374 354
2 23 79 66.411370991130639 56.200798954093266 354
2 23 79 35.331581512042945 22.288460698886048 354
10 21 92 23.218177061403644 64.588170303270246 354
11 20 100 73.021996807207927 -52.609770787260757 454
10 21 92 41.444990215596462 -78.761112143170706 454
10 21 92 35.004658310076827 -37.257833658854004 454
6 36 88 73.866653983756152 4.440431200237306 454