1 14 87 96.000000000000000 0.000000000000000 0
10 16 88 89.333333333333329 29.249881291307091 0
1 14 87 68.951365813099443 7.236807902883316 0
10 16 88 75.618032479766100 -22.013073388423763 0
1 14 87 47.710139033606282 -11.006280785771978 0
8 19 84 55.263209504095094 37.264035161827238 0
9 28 84 29.438567340521022 76.533461655262983 0
1 14 87 22.331694314141252 35.139109917532920 0
1 14 87 -2.106979961392206 48.804804179237287 0
8 19 84 -17.539351439963859 77.973998726693821 0
12 27 57 -59.105966468444748 58.270787945857450 0
1 14 87 -90.531640182362665 31.937785237727695 0
8 19 84 -90.993838065828129 -1.058977832557254 0
8 19 84 -55.462941657902505 12.415271699392902 0
9 28 84 -57.985336404919906 -34.516993585166070 0
1 14 87 -57.975424721749235 -76.516992415624827 0
8 19 84 -26.684614216367482 -86.999605540046204 0
8 19 84 -14.033488588603717 -51.167371164409786 0
9 28 84 32.959062864934324 -50.330646665796522 0
9 28 84 -1.198074971298301 -5.953964333330454 0
1 14 87 -22.872078710825672 30.021549031998383 0
10 16 88 76.786850867867841 -54.219733804177096 0
10 16 88 8.314705430362691 -86.781375693308078 0
1 14 87 96.000000000000000 0.000000000000018 88
10 16 88 89.333333333333329 -29.249881291307073 88
8 19 84 63.487189134436065 -5.649524725148809 88
10 16 88 59.339844178863515 -40.402935058805085 88
10 16 88 32.813196848480473 -22.504974800454914 88
9 28 84 71.176610968584768 40.717196011350531 88
10 16 88 50.266379195806749 79.431046339220330 88
10 16 88 35.352802236486710 15.170087996429260 88
9 28 84 14.442570463708684 53.883938324299059 88
7 14 72 89.009438346717673 -35.962756918816254 176
3 19 71 90.949878872674645 -3.019856461126974 176
3 19 71 58.647561211642056 -23.033858402911182 176
7 14 72 60.588001737599022 9.909042054778087 176
7 14 72 81.451007931462428 28.583489102945730 176
4 23 63 48.177262961540578 44.765512946600154 176
4 23 63 24.556699522635029 1.498021861369276 176
3 19 71 6.517934402006510 39.426941605052932 176
3 19 71 19.261339725582818 75.226461444836360 176
4 23 63 -21.761284804331542 84.234473249761407 176
4 23 63 -61.672677149598755 61.363514348522777 176
7 14 72 -27.306907847205853 47.652427584348686 176
3 19 71 -47.742165416301376 21.741035339146496 176
3 19 71 -85.414829420622411 26.718021055173260 176
4 23 63 -71.484317687325031 -12.904457954203025 176
11 36 109 15.197735335471112 -56.754959086762327 176
4 23 63 -43.326785170967447 -49.279633040933057 176
7 14 72 -19.621121174150549 -20.871157290375457 176
7 14 72 -12.154129831843321 6.114839824682365 176
10 16 88 -24.044852623635119 -90.872686007995100 176
10 16 88 -24.044852623635119 -90.872686007995100 285
9 28 84 -55.632033813291351 -60.241819476148031 285
9 28 84 0.023379857939076 -54.039003254122974 285
9 28 84 -33.176123400956051 -8.941409267718207 285
5 18 77 33.355339792842905 -85.740429829246779 285
9 28 84 63.920304161146667 -51.363359663737882 285
9 28 84 81.983529648729700 1.643431268978752 285
7 14 72 8.633949672313211 -12.931119734391764 285
9 28 84 30.248856059559380 23.079931650850860 285
9 28 84 23.235730847752979 78.639053987003052 285
5 18 77 66.645834570215612 63.421863221127879 285
7 14 72 -15.559356125383996 94.730704826700602 285
3 19 71 -44.708304325382315 79.260125689712353 285
5 18 77 -16.448934266654749 55.376909744536704 285
5 18 77 -50.127696341715478 42.659166820123914 285
3 19 71 -85.390633417400679 31.455360824112237 285
5 18 77 -91.865457510836933 -4.973702476486881 285
5 18 77 -53.881722967065109 -74.570503083326784 373
3 19 71 -19.741085001540274 -88.832930622387792 373
4 23 63 -76.917399546426864 -40.653580986369867 373
11 36 109 -18.310811911630701 -33.851530868577591 373
5 18 77 15.070776639962908 -76.297608965053300 373
5 18 77 51.070067841133039 -76.523513841838621 373
9 28 84 45.618655937704624 -30.847676594349014 373
7 14 72 85.808293141562075 -43.045752730458226 373
5 18 77 87.151780480050391 -11.073967641550198 373
7 14 72 93.846897218412153 20.217811020898978 373
3 19 71 61.213608657897716 15.311847534875280 373
4 23 63 -86.896079124924483 4.251050777732985 373
4 23 63 -43.497866839855590 19.502121902742413 373
4 23 63 19.287063451859893 12.828944579448367 373
12 27 57 42.273742703891820 57.231788823530358 373
6 23 102 8.070539886281026 -86.624860091915565 482
6 23 102 51.114550115959432 -70.401013958913055 482
6 23 102 15.542282102850125 -41.235730685755563 482
12 27 57 78.037731796714297 -28.268576476789299 482