12 13 43 97.000000000000000 0.000000000000000 0
8 19 65 85.907216494845358 30.015831724404535 0
12 13 43 71.053812832594701 1.671936444358094 0
12 13 43 54.913192926597063 22.055272507184341 0
6 28 77 52.403963489833131 62.978417152160958 0
9 20 70 22.119339618054212 25.738095497469544 0
8 19 65 5.445864998157251 60.994233177306967 0
12 13 43 20.784554636972867 89.078474312934802 0
9 20 70 -23.798735551253753 86.796429570354391 0
8 19 65 -30.391521608118392 48.357709872523515 0
12 13 43 -52.853387821756854 71.149475188106408 0
6 28 77 -74.922743733147868 33.325402795721047 0
8 19 65 -33.829908068640506 10.513588815903660 0
8 19 65 -64.130247765717002 -12.418690055629597 0
12 13 43 -94.028977956458633 -23.823335292603716 0
8 19 65 -74.313806152541304 -49.028731554952444 0
8 19 65 -48.553603921633922 -76.964586312284538 0
9 20 70 -36.409051087309777 -39.851066086827927 0
8 19 65 -11.262088015062037 -69.660967935760752 0
9 20 70 3.065364785053827 -33.388056607050828 0
8 19 65 26.403942863199951 -64.634028720113292 0
8 19 65 64.402394482299385 -64.290991475838140 0
9 20 70 82.076431676614604 -29.432755706818348 0
12 13 43 10.977179634720699 -92.669987349923701 0
12 13 43 51.949949208401023 -15.964457592638521 0
12 13 43 27.618451942355648 -6.800493341702877 0
12 13 43 1.982429642883066 -0.405830310485406 0
4 14 96 -62.005139869579132 73.289580635680608 77
6 28 77 -20.453217941239465 79.408222973745993 77
2 17 81 -49.410803810987517 44.963220134492687 77
2 17 81 -17.048823338620640 34.537184459024047 77
2 17 81 -42.259025330522768 11.723905090912723 77
2 17 81 -74.621005802889655 22.149940766381363 77
7 18 75 24.609357815160553 88.647501419528993 77
1 22 95 19.244188174126833 49.008947526596288 77
2 17 81 8.084825838888550 11.639593340701328 77
2 17 81 -17.125376153013580 -11.173686027410001 77
2 17 81 -49.522096335704589 -21.491269145777459 77
2 17 81 -81.884076808071470 -11.065233470308820 77
1 22 95 60.721279414527899 63.694004633582516 77
7 18 75 85.995950402268647 32.690924037269895 77
2 17 81 51.690270908524546 25.754040408975037 77
2 17 81 37.622281006022725 -5.199015338448458 77
2 17 81 92.986167873210078 -1.603927758720506 77
6 28 77 67.600235080045806 -38.759740442888067 77
6 28 77 12.004133400535768 -45.473418871408612 77
2 17 81 -32.653753338922662 -51.011753636092294 77
2 17 81 -60.301616169594254 -70.800530275803212 77
7 18 75 36.289181259625430 -84.540495169510635 77
2 17 81 1.608312347510619 -89.256142686099253 77
3 15 71 -29.749962111699624 -82.879731239145528 77
4 14 96 -72.499273483100254 -42.301106491061987 77
4 14 96 -66.149710648723101 -69.571659323967609 173
4 14 96 -83.410849624133263 -47.525047764102538 173
1 22 95 -87.215172330097687 -11.726624212933640 173
1 22 95 -49.740713600799452 -34.784484975504910 173
1 22 95 -48.509249788137417 9.198278658424506 173
1 22 95 -76.868303822493516 42.839979778856446 173
1 22 95 -11.034791058839183 -13.859582104146766 173
1 22 95 -12.266254871501225 -57.842345738076183 173
2 17 81 4.877969937372409 -92.871983984892296 173
1 22 95 31.277091783510869 -64.165079488713403 173
4 14 96 -26.070794856856335 -91.090423513982742 173
2 17 81 -38.067268743501600 46.774401820127423 173
1 22 95 -3.138278682181461 29.426040131016858 173
1 22 95 30.399913603757931 0.944648693951224 173
4 14 96 46.199024779722649 -31.403273743965968 173
1 22 95 82.199020081429381 -31.421666054694946 173
4 14 96 95.982457601940695 1.835165576086727 173
4 14 96 67.277087085217588 -64.183471799442373 173
6 28 77 -9.397918835934512 81.459677887610056 173
4 14 96 31.582888398062671 90.656059700582176 173
4 14 96 56.398189840672543 77.686834037019821 173
7 18 75 30.561293421492881 58.672370987367003 173
4 14 96 -51.396228287742566 81.082844781089477 173
7 18 75 75.754122837767710 52.204529239141692 173
7 18 75 66.898575914065191 17.310700434006193 173
4 14 96 -83.410849624133263 -47.525047764102538 269
4 14 96 -66.149710648723101 -69.571659323967609 269
6 28 77 -25.022393369469846 -78.088922582294032 269
7 18 75 -52.032656166053414 -40.853916154746670 269
6 28 77 -81.811590526079613 -5.555506780940792 269
2 17 81 -84.251709274181010 39.378286966028384 269
7 18 75 -50.963186628439850 28.567447032703235 269
6 28 77 -21.320669789859870 -6.608129657302891 269
6 28 77 19.842842468269794 -44.576080070444888 269
6 28 77 74.769955310610442 -33.666805355562282 269
6 28 77 37.858689849488542 8.446832364997903 269
3 15 71 94.901286924265193 4.329635102210418 269
3 15 71 16.940035644017410 -87.477988099588231 269
3 15 71 46.573160944769278 -82.800607966443209 269
8 19 65 -61.381992463287069 67.180733854558099 269
8 19 65 -25.309986246872995 55.230404674029870 269
3 15 71 -1.111300524148607 31.346862028668077 269
3 15 71 23.230335826376074 48.882104820794339 269
7 18 75 56.183521134860982 50.639255362055515 269
4 14 96 86.739902922342807 41.136227841436146 269
4 14 96 -93.576273961379314 -21.435506793749582 365
7 18 75 -77.719666771131443 -49.230614428262889 365
7 18 75 -61.900391548290060 -16.892548137527498 365
7 18 75 -41.804442242668685 -46.761475495333563 365
3 15 71 -94.700092556573921 7.542709710464322 365
7 18 75 -63.774640485051393 19.058629741966925 365
7 18 75 -31.702882677055385 2.706187994471001 365
7 18 75 -11.606933371434014 -27.162739363335071 365
7 18 75 -9.732684434672688 -63.113917242829494 365
7 18 75 -39.767469607546431 -82.961125601168590 365
5 25 104 30.012375998404512 -79.525199068788211 365
7 18 75 68.835496372392484 -61.038303049530640 365
7 18 75 41.173467568676443 -37.998941893839188 365
3 15 71 72.705516507411474 -28.266013777120214 365
9 20 70 89.973652878379241 2.177564630709256 365
7 18 75 52.247094510007770 -2.372907177560785 365
9 20 70 80.143758663935941 40.950921201076696 365
4 14 96 -5.839361022456639 -94.876190977684985 365
4 14 96 64.475855270208655 71.125692173609863 365
3 15 71 39.752267073749266 86.283006800280845 365
9 20 70 36.775982912321808 51.409783080778851 365
9 20 70 6.012508349431151 76.975553806856709 365
9 20 70 -0.746361285235480 37.550717963678089 365
3 15 71 2.444043264104334 2.696431013411094 365
9 20 70 -31.509835848126141 63.116488689755954 365
4 14 96 67.384791062256809 -68.376091826719630 469
3 15 71 83.909339674588580 -44.544614886364371 469
3 15 71 93.615761320394284 -16.158255858940027 469
3 15 71 53.968200607459899 -42.666266845435672 469
9 20 70 59.552580405260784 -8.114643116963613 469
9 20 70 87.673244541278379 20.332294302542458 469
8 19 65 37.712557800848252 -82.817648989316751 469
8 19 65 49.801874242233765 29.646762171006095 469
8 19 65 20.547434492792885 -48.915458177818223 469
5 25 104 14.639825389343528 -5.313850928992611 469
10 21 111 11.321176571013460 40.566281699636484 469
10 21 111 42.291969914872425 68.935454399099910 469
10 21 111 -1.809660108965168 -88.981599953529837 469
8 19 65 -17.318022163186736 -52.110327851862657 469
8 19 65 -42.782556825596231 -80.315956269377935 469
10 21 111 -30.467248440561853 -14.333379215076381 469
8 19 65 -25.683737541651588 25.379566073330604 469
8 19 65 -21.681159375876398 63.168180337773542 469
8 19 65 -59.215673927001191 69.097785502656109 469
5 25 104 -71.075391306289276 -46.618545136649843 469
10 21 111 -70.167988477847445 -0.627495788902454 469