5 11 105 99.000000000000000 0.000000000000000 0
5 11 105 96.555555555555557 21.863775779997951 0
5 11 105 78.843192529652626 8.814936902970350 0
5 11 105 81.287636974097069 -13.048838877027592 0
5 11 105 76.398748085208183 30.678712682968296 0
5 11 105 84.861216147439819 50.986017632067515 0
5 11 105 63.043340148006621 48.161077478124973 0
5 11 105 61.130829503749695 -4.233901974057249 0
5 11 105 58.686385059305252 17.629873805940697 0
1 31 99 22.189870512892227 38.414589968627709 0
1 31 99 23.843138232590437 -23.563363416806084 0
8 16 102 -12.297977129488707 6.483596169562831 0
3 25 96 -33.728514305834835 41.436880369094737 0
8 16 102 -65.211831903832191 67.700937805515920 0
8 16 102 -36.749164295788120 82.325456691072432 0
3 25 96 -81.102120283456344 25.444961888904064 0
8 16 102 -92.982071262826210 -13.796174240517175 0
3 25 96 -52.006724288702721 -15.217772056423252 0
8 16 102 -81.523341252255193 -43.674218128041659 0
11 29 90 -43.229554520385662 -68.499676028204718 0
12 17 55 53.755274540850444 74.575691563459685 0
10 16 111 90.444444444444443 25.608640517134106 105
4 17 114 92.711998943299434 -7.313361192888369 105
10 16 111 85.310664200987105 -39.472656023966991 105
10 16 111 63.589557797064892 8.207058314460825 105
2 18 110 54.727500364090560 -24.617687504123431 105
10 16 111 32.405189811317705 1.028256650568284 105
4 17 114 41.522601845468756 32.743754404813252 105
10 16 111 69.678464771479838 49.955592856636912 105
10 16 111 85.310664200987105 -39.472656023966991 219
4 17 114 92.711998943299434 -7.313361192888362 219
4 17 114 60.384683151330975 -17.846387998434167 219
4 17 114 67.426472254970079 15.416402116345280 219
10 16 111 82.711646706613536 44.662999217253045 219
4 17 114 49.712418560903458 44.437296343155808 219
2 18 110 53.790585605725951 -52.219602534742023 219
2 18 110 32.455662002451049 13.987265914890061 219
10 16 111 16.713909805356707 44.123576866386358 219
10 16 111 31.962296224075104 72.256950493192022 219
1 31 99 -16.441278497883129 10.810914280265919 219
2 18 110 -13.496652497814228 59.722356476542636 219
2 18 110 3.794281881353460 91.298036806431284 219
9 22 59 22.536757000181417 -27.255664594279864 219
2 18 110 -15.940719592684893 -38.186528926318104 219
2 18 110 -49.557090685235799 -25.304774598280812 219
3 25 96 -84.994695849980744 -0.949566937748685 219
2 18 110 -81.885378187965514 41.937868794370821 219
2 18 110 -49.428760228870658 57.512461908072417 219
8 16 102 85.310664200987105 -39.472656023966984 333
1 31 99 78.684094108722661 7.057856210612027 333
3 25 96 44.373676579061161 -37.200422663970265 333
8 16 102 31.970352514965953 1.878440576418864 333
3 25 96 35.511872797494803 42.725198514943642 333
8 16 102 93.608768244307456 -8.567292908704449 435
1 31 99 71.757149234236365 33.044084701736438 435
1 31 99 49.511056484862785 -24.827422600097940 435
1 31 99 10.515907380864377 23.374012506721570 435
8 16 102 35.626607972937641 63.103758488482534 435
2 18 110 55.364170498438860 -73.476585556351154 435
3 25 96 12.832979134952183 -67.144306250881755 435
1 31 99 -25.962084612659893 -26.759370583993341 435
8 16 102 -36.288640285394415 19.092153359469151 435
8 16 102 -28.181506331191500 50.048160515570700 435
8 16 102 -2.135870049625428 68.639148404555229 435
8 16 102 -25.537942278799289 90.464432260224328 435
8 16 102 20.470917265838985 91.287176293829773 435
3 25 96 -69.176267467166625 49.392752700280070 435
7 24 72 -85.934819483199760 3.347655954525344 435
12 17 55 -85.041366757895617 -37.642608038618775 435