12 10 78 100.000000000000000 0.000000000000000 0
12 10 78 98.000000000000000 19.899748742132399 0
12 10 78 81.766312060385914 8.217823563497323 0
12 10 78 83.766312060385914 -11.681925178635078 0
12 10 78 65.532624120771828 -3.464101615137756 0
12 10 78 63.532624120771821 16.435647126994645 0
5 23 81 33.241890668198366 3.340935717225158 0
12 10 78 50.406551227264572 31.525584515676357 0
12 10 78 70.037856794133177 35.348128399039091 0
2 20 68 62.805199122432384 64.463221787245629 0
12 10 78 86.730581729026738 46.364159183672136 0
5 23 81 22.580435954492255 49.265576308977373 0
12 10 78 36.631827033677418 79.124551655425478 0
3 30 101 -22.772389151125868 76.690405477802017 0
12 10 78 -62.755364033063607 77.857332892141045 0
12 10 78 -76.993670375264003 63.812026469508041 0
12 10 78 -88.152229902453840 47.214238988094714 0
5 23 81 -57.027586574667069 36.248082974337706 0
5 23 81 -86.989614132035754 1.344259334921361 0
5 23 81 -75.515616753254577 -43.201754899258162 0
5 23 81 -42.674635478502516 -10.991974569187846 0
5 23 81 -31.200638099721324 -55.537988803367348 0
2 20 68 -14.968232855493170 27.303209318135934 0
1 11 99 12.096354544693320 98.258222082068414 0
4 11 57 -64.281379618432751 -75.292125978424451 0
4 11 57 -9.573936168846366 -3.223853482867886 0
7 13 54 -8.977018647639701 -27.216429198552870 0
11 21 64 12.746013211720687 -53.371923589544863 0
2 20 68 45.997924432750679 -77.357552623379689 0
5 23 81 69.969781734268551 -41.659512655957599 0
4 11 57 37.910444109338421 -30.337018626339407 0
7 13 54 14.539097584910342 -87.324609027233336 0
4 11 57 -8.594444721382352 -80.934051902618450 0
4 11 57 -28.875845732568692 -89.458415399293713 0
1 11 99 12.096354544693320 98.258222082068414 101
1 11 99 33.497636054580006 93.160658964795331 101
1 11 99 53.244713314857790 83.462569478890373 101
3 30 101 66.394900214611212 44.628659239235731 101
1 11 99 97.388716547041369 17.788701170125684 101
1 11 99 79.052869768355421 5.631533617255791 101
1 11 99 57.072491601202969 4.702568801469951 101
1 11 99 37.776257258494056 15.269277853547685 101
1 11 99 26.720012916237678 34.289253170154282 101
1 11 99 27.087115065601054 56.286190139012767 101
3 30 101 -12.818323917035460 65.696606686810952 101
1 11 99 -48.146057158561234 86.504087649570380 101
1 11 99 -53.815861341823130 65.247245915120118 101
3 30 101 -3.374341499142250 6.444508022792945 101
1 11 99 -35.694357718679633 31.671805768862392 101
1 11 99 -54.398119765041173 43.254952375596055 101
1 11 99 -73.152875446144378 54.755349731432382 101
3 30 101 -79.284973460609010 10.672065561573554 101
1 11 99 -95.216976577155833 -27.105854930353235 101
1 11 99 -73.395484936504104 -29.902728645229722 101
8 17 95 -46.307105101949951 -22.816144281876632 101
1 11 99 -59.913662548212649 -47.287793071068450 101
1 11 99 -81.710481181563850 -50.270861535719277 101
3 30 101 -29.221489482635285 -74.472173007212803 101
1 11 99 -69.979839107740844 -70.027295524350407 101
4 11 57 97.388716547041369 17.788701170125684 202
4 11 57 91.055489467081713 38.857403900803384 202
7 13 54 73.794339893793023 22.182491145152881 202
11 21 64 88.071141894401364 -12.824740364476094 202
7 13 54 85.024882948453623 -46.687999310334135 202
4 11 57 64.420752313943609 -34.380692505185984 202
4 11 57 56.093383217269789 -14.017615038168335 202
11 21 64 56.652713430920628 -65.423526974864217 202
4 11 57 42.543550293443388 -36.701905927993380 202
4 11 57 34.216181196769568 -16.338828460975726 202
4 11 57 43.144552415263050 3.767990963905405 202
7 13 54 48.285236072084402 27.210972249153443 202
7 13 54 65.394580361453222 46.788263634527539 202
6 12 86 66.751278402463257 71.751423899716741 202
4 11 57 46.269419248200904 61.287512318240154 202
7 13 54 45.728931847700814 85.281425574937174 202
7 13 54 24.196207954141666 70.709473004202280 202
3 30 101 6.489369221524200 -56.223586881058473 202
7 13 54 29.947475550107995 -92.261306668482007 202
9 14 105 9.539777356442752 -12.329452760308097 202
6 12 86 21.269841268266713 10.874115944193488 202
11 21 64 7.724318009204904 40.965955363514730 202
11 21 64 -8.603967589258261 79.662041592163504 202