3 11 116 99.000000000000000 0.000000000000000 0
3 11 116 96.555555555555557 21.863775779997951 0
3 11 116 78.843192529652626 8.814936902970350 0
3 11 116 81.287636974097069 -13.048838877027592 0
3 11 116 76.398748085208183 30.678712682968296 0
3 11 116 84.861216147439819 50.986017632067515 0
3 11 116 63.043340148006621 48.161077478124973 0
8 20 116 51.262122758951023 -5.337256930626273 0
8 20 116 36.651322667506491 31.898807854576859 0
10 15 106 59.649623878065348 73.938639230143650 0
6 36 103 -4.735750322921440 -5.825324862889167 0
6 36 103 -69.159787854469897 26.323444757947581 0
15 16 111 -53.702335276307380 -23.325997935740908 0
6 36 103 -9.106117896637635 66.041913064212295 0
12 13 87 -82.592072300472779 -20.799519225249291 0
13 17 57 -78.117770445384423 -50.463986571041175 0
9 11 62 -64.624177418996865 -74.998104595503051 0
4 16 51 -45.564294706571239 -55.874274670810166 0
9 11 62 -44.066474189248837 -82.832696985513380 0
13 17 57 -17.666901560786780 -73.501964697286638 0
1 22 51 19.326153729561558 -85.851614906310033 0
2 23 95 58.754631834131303 -64.163020798865801 0
9 11 62 74.212545311708709 -33.880139315761674 0
9 11 62 26.428923188187355 -53.625062716886902 0
9 11 62 4.485589111010336 -56.376919966368654 0
9 11 62 96.555555555555557 21.863775779997951 116
9 11 62 99.000000000000000 0.000000000000000 116
9 11 62 78.843192529652626 8.814936902970350 116
13 17 57 72.427021099842307 36.069895060767735 116
1 22 51 45.869006484943384 7.509925527961587 116
13 17 57 39.926125792187491 46.054473379397976 116
4 16 51 64.482647606475638 68.099364769114345 116
4 16 51 37.955402183861018 85.996438560334326 116
1 22 51 6.043130446449545 65.366195891921308 116
7 27 73 76.573717068115798 -30.676731146898288 116
4 16 51 33.630616606468763 -28.465368955648273 116
1 22 51 3.700359962326850 -5.052130452275895 116
1 22 51 -21.475443254142153 31.033586007365443 116
1 22 51 -37.449068742092408 72.031674850270136 116
14 37 80 -72.965972878737517 2.228632284460971 116
4 16 51 -71.522469475676445 55.208971070895238 116
1 22 51 -67.455384028512128 -56.513460038878797 116
4 16 51 -35.773922458987165 -35.530490925364070 116
1 22 51 -26.407233297985176 -72.357996056192150 116
12 13 87 -11.579262249296651 95.606091322906380 116
12 13 87 14.418814190645140 95.922352959754122 203
14 37 80 -26.951727152835495 67.842497031573870 203
7 27 73 -77.784605864982382 28.957815705424824 203
14 37 80 -24.245953933301386 -6.108018796812708 203
14 37 80 38.444184787277571 33.210507462376725 203
14 37 80 63.206245481421718 -36.523561328849866 203
4 16 51 -93.338699198888619 -11.130464134949143 203
12 13 87 53.564038689840906 80.869609614695349 203
12 13 87 87.794469655928822 41.244770551358286 203
10 15 106 40.565123946037232 85.903845776790675 290
10 15 106 65.329727321197737 68.971202165381683 290
10 15 106 83.579454841612758 45.160543933602199 290
10 15 106 93.494389081423719 16.846341154427481 290
10 15 106 94.085783135829544 -13.147829163692919 290
10 15 106 38.283326112909023 55.990748333551338 290
6 36 103 43.820428619097882 5.292222755030249 290
6 36 103 -12.395736432806487 50.278251551280384 290
6 36 103 -73.093001816241738 11.550458237268394 290
6 36 103 -48.314046419688665 -56.051341808704002 290
11 16 100 83.883624633884835 -42.420956121727272 290
11 16 100 -59.135555635152883 73.068365656566712 290
11 16 100 52.089622985954279 -46.046071183541088 290
11 16 100 20.463757749947881 -41.167070458601401 290
8 20 116 -7.100671527291304 -18.011029375979362 290