8 10 116 100.000000000000000 0.000000000000000 0
8 10 116 98.000000000000000 19.899748742132399 0
8 10 116 81.766312060385914 8.217823563497323 0
8 10 116 83.766312060385914 -11.681925178635078 0
8 10 116 65.532624120771828 -3.464101615137756 0
8 10 116 63.532624120771821 16.435647126994645 0
13 11 110 79.578877851682122 29.982519135072650 0
4 29 109 59.160451104693607 -41.940008505725331 0
12 30 107 44.877940127776014 51.819298226357837 0
4 29 109 18.247524745490765 -0.828787936074935 0
13 11 110 6.495013046739114 37.405731398823285 0
13 11 110 4.570136364320963 59.321361660293825 0
13 11 110 14.250837921945802 79.076968898548998 0
2 36 105 -2.529260875451413 -62.418764224927408 0
13 11 110 32.809725151944455 -93.405149405446934 0
13 11 110 52.627782656252343 -83.852945641082073 0
4 29 109 -65.748622770160210 -47.308758214808080 0
13 11 110 -51.364190492387777 -84.632853757046988 0
4 29 109 -39.514568032712688 4.419129544432650 0
14 17 75 -20.130832614081374 46.135682628556197 0
14 17 75 -14.642537263196949 79.689797341083789 0
11 11 105 -40.548117212142898 90.315282153965072 0
11 11 105 96.799999999999997 20.754758490524534 116
2 36 105 57.517302307316932 46.559208920349086 116
11 11 105 40.460063285613167 90.354763454530598 116
2 36 105 69.870981094224774 -24.373058916157476 116
10 24 102 7.246991679604598 79.314298133985986 116
2 36 105 -10.122206989727374 21.883374951563816 116
2 36 105 2.231471797180465 -49.048892884942752 116
2 36 105 -65.374513490729996 -24.281358626344584 116
11 11 105 -68.834061249318424 -71.153861539097662 116
11 11 105 -57.122089478869597 21.988474936447382 116
11 11 105 -25.273132777515187 66.374379073441602 116
11 11 105 -26.570267015230367 88.336105844562027 116
9 24 101 -59.953727494104186 61.656715445786567 116
15 16 73 -87.975014688921007 33.111882919642802 116
6 13 44 18.812365922376941 -95.158262323366287 116
14 17 75 44.945657601575036 -80.425609269352023 116
6 13 44 96.945713047934646 -3.244799165975319 221
5 15 48 90.013729772664092 -30.373153481550222 221
5 15 48 69.449156901030193 -8.530572530406657 221
15 16 73 74.558292528833135 -57.245620052410501 221
14 17 75 50.691137889612975 -34.456172287544589 221
5 15 48 39.736309241046563 -4.389717071131914 221
5 15 48 58.178819092169789 19.271936091553549 221
7 27 79 34.642291532059161 -75.424874129214317 221
5 15 48 18.759313037805605 -36.543889134604427 221
6 13 44 12.175398078359642 -9.328965585074041 221
12 30 107 15.501432235605186 33.542207676044391 221
5 15 48 57.664382730059586 49.267525021083486 221
14 17 75 86.184032764258575 34.754442580512361 221
15 16 73 -4.183159435752017 -93.906875025927036 221
14 17 75 -6.933521594005274 -61.021688269600887 221
6 13 44 -8.701171924409755 -31.073810009039239 221
14 17 75 -36.143602392276399 -85.689205890293039 221
14 17 75 -64.527579853786747 -66.971571866077426 221
14 17 75 -84.286990046135628 -39.302713760790532 221
3 24 79 -85.983935969078175 1.662153803191778 221
7 27 79 -40.939535191165760 25.578716235088280 221
15 16 73 -19.806312438842255 63.027172760033025 221
6 13 44 -78.965204103335878 37.990344000293724 221
1 22 91 10.951059174007462 85.342729922449266 221
1 22 91 -48.184165786183506 -24.551914444990295 221
15 16 73 48.391978494372424 78.848304586368968 221
1 22 91 50.176101071050262 72.293560441492630 328
1 22 91 78.903057890661515 38.965464908081330 328
3 24 79 85.752356947903650 -6.521754202614616 328
3 24 79 41.530869894712382 12.145331343994892 328
15 16 73 21.846707616340954 46.966786732860236 328
7 27 79 -9.214863326826812 17.231642365587419 328
3 24 79 -12.083107533748304 68.150923342143457 328
15 16 73 80.210141204639754 49.013602682640574 419
4 29 109 80.900237868563863 4.018894476069860 419
1 22 91 74.650799828430578 -46.596760455804088 419
1 22 91 37.580121555832356 -22.895182187479534 419
1 22 91 32.753866651726334 20.839326653944447 419
1 22 91 44.926284681006315 63.122091929177572 419
12 30 107 -6.437919938536893 55.015398164041457 419
1 22 91 -57.034322809531702 67.015565517707387 419
3 24 79 -48.959361996228424 21.729861284874509 419
3 24 79 -85.483053678300195 -9.415281930608725 419
15 16 73 -88.936429281424296 30.435366708324963 419
9 24 101 -40.248722608151269 -25.473155159531657 419
4 29 109 -26.310939160549392 -76.607665938141395 419
7 27 79 29.681770650591908 -77.511241062478547 419