4 10 52 100.000000000000000 0.000000000000000 0
4 10 52 98.000000000000000 19.899748742132399 0
4 10 52 81.766312060385914 8.217823563497323 0
4 10 52 83.766312060385914 -11.681925178635078 0
4 10 52 65.532624120771828 -3.464101615137756 0
4 10 52 63.532624120771821 16.435647126994645 0
10 18 53 78.566312060385911 40.057421550909162 0
13 24 66 61.297085244103947 -37.199249612800891 0
10 18 53 37.547256078254676 -2.559018456052301 0
10 18 53 41.151022628970289 33.260150527160356 0
10 18 53 54.394577195491685 66.735638013432606 0
4 10 52 40.884200864193339 91.260517857923048 0
10 18 53 19.074773013825801 73.700652914262093 0
4 10 52 8.522565542185596 99.636167512500961 0
10 18 53 -15.189262538643291 84.744921457680192 0
10 18 53 -50.346599093910697 77.001428296344159 0
10 18 53 -7.621861887226178 49.549261961359740 0
4 10 52 -75.767396461556160 65.263325332359273 0
4 10 52 -61.451090305184557 51.297532192081249 0
4 10 52 -80.703975026849577 45.882143942446902 0
10 18 53 -63.995993629958946 23.413424405251266 0
4 10 52 -91.432379443978562 29.003123275876007 0
8 19 65 -90.980126726561124 -1.901720489156489 0
10 18 53 -83.703926020267374 -38.179219069981087 0
10 18 53 -55.248845197782693 -11.507735287769762 0
8 19 65 -47.972644491488936 -47.785233868594354 0
3 21 69 -17.614821265973561 -21.739071598341191 0
4 10 52 12.772243123098381 -15.605042105879010 0
4 10 52 10.194073839341860 -35.438172044047981 0
8 19 65 -12.499436581081284 -61.410633699241252 0
8 19 65 3.604707035967257 12.168621019162774 0
12 15 77 -48.337308600143679 -81.783278225407884 0
12 15 77 -6.103904210250288 -94.803704323154420 0
8 19 65 26.967619804431163 -86.912297645866275 0
12 15 77 -28.325078213855292 23.851463734025213 0
7 11 95 -70.283125953257354 -67.841215942381922 0
7 11 95 32.771093710564990 -57.478988443181905 0
7 11 95 56.444235114208169 -81.332947336070333 0
6 12 79 -39.571027105511156 49.003445363232359 0
7 11 95 -54.195993020504964 -82.848019532885502 95
7 11 95 -71.154492301654216 -68.833409223238618 95
7 11 95 -84.599189493832881 -51.419618211209581 95
7 11 95 -93.866148933229681 -31.466586793688709 95
7 11 95 -98.497742993207709 -9.959649855491854 95
7 11 95 -98.265250979447103 12.039121643470031 95
7 11 95 -62.796055505133275 -48.483064402608065 95
7 11 95 -77.556392217150304 -16.702040208632205 95
2 24 97 -76.442353406258178 39.402621812675477 95
7 11 95 -66.815504645857871 73.052640875736628 95
7 11 95 -48.637634345753497 60.660505008478573 95
7 11 95 -72.266799420052948 4.652589454297936 95
7 11 95 -41.445465290779140 39.869336107123615 95
7 11 95 -56.417944042095399 -10.605647115128630 95
7 11 95 -49.024935320835120 -31.326250920215241 95
2 24 97 -28.176301979536770 -59.439139206552937 95
2 24 97 -19.719600137132765 -12.189967849282759 95
2 24 97 16.971031644825274 -43.138272155670386 95
15 23 82 59.216770574544128 -63.736756135857789 95
2 24 97 57.089614219153525 -16.784916919063292 95
9 15 98 25.467909973221481 -81.201417830619945 95
9 15 98 -3.355401636013383 -89.521075748884797 95
6 12 79 -47.693714167402860 17.734309882251633 95
6 12 79 -24.397755281412024 23.504777764687567 95
2 24 97 11.595763126796836 24.187882879534758 95
8 19 65 90.403396606259633 10.403166924130559 95
8 19 65 55.841042105971468 26.196952138461228 95
15 23 82 54.067407145240466 68.159485653801710 95
14 31 101 1.164955297714343 78.991410160563206 95
5 18 109 -47.833378515427455 78.587326585142492 196
14 31 101 -70.699677563052177 35.249902020863203 196
14 31 101 -74.372341348798344 -26.641224489460296 196
14 31 101 -9.928963646400298 47.534865596733312 196
9 15 98 -33.580319616608755 8.080925859737654 196
14 31 101 -12.689210814392091 -32.901528593527431 196
9 15 98 -46.962360861016769 -63.582975526186118 196
6 12 79 -74.113614739689368 64.118422549349262 305
12 15 77 -51.949543773695368 79.537694847819850 305
12 15 77 -86.183911436679423 39.966653718751544 305
12 15 77 -56.420112426521968 43.723816010022738 305
11 25 82 -66.658035048217656 5.056194666162284 305
15 23 82 -23.158331481276804 25.348454017655737 305
6 12 79 -32.214950951391685 -8.459498357096805 305
6 12 79 -47.753877437457078 -26.749981228269334 305
12 15 77 -73.669645012997421 -34.324477315176495 305
6 12 79 -95.378446609669908 -18.270570213280390 305
6 12 79 -96.560636148334652 -16.734501684511798 387
15 23 82 -85.430897589466710 16.448760958140568 387
6 12 79 -72.568964598625982 -16.102286332831852 387
6 12 79 -84.017285818262977 -37.195791049971902 387
6 12 79 -54.625026438896299 -0.164435683519155 387
15 23 82 -49.396285449071868 -42.332553983616890 387
15 23 82 -20.249277790758015 -6.745309856455353 387
6 12 79 -14.412868985328501 -41.255255267248231 387
6 12 79 -21.943598042471780 -64.043149418922226 387
9 15 98 -50.749926299642986 -80.308436546734029 469
9 15 98 -23.177024284109663 -92.129395663565447 469
9 15 98 6.707159931501078 -94.762935822257361 469
9 15 98 -26.726224399603062 -62.340082503638747 469
9 15 98 3.157959816007660 -64.973622662330669 469
9 15 98 30.730861831540977 -76.794581779162058 469
15 23 82 64.171026877458914 -58.745887596430471 469
15 23 82 85.157108821852063 -17.811985209494324 469
9 15 98 47.746496993275379 -24.478777737506530 469
9 15 98 54.569078289985214 4.735129643222006 469
11 25 82 -71.431996477556865 -46.070271100030475 469
11 25 82 75.670616977868434 38.716375426797512 469
15 23 82 28.137650652361749 32.036771224582544 469
12 15 77 58.506372467326599 74.846538869305419 469
3 21 69 -88.930034554674563 -3.528307541072131 469
3 21 69 -80.645742591800968 37.646569588967601 469
3 21 69 -47.077636045674922 -7.046366529191044 469
11 25 82 19.300946085437360 82.779668277947579 469
11 25 82 -16.991749076879923 48.387223208497922 469
11 25 82 -5.088782866798466 -25.832963046994806 469
8 19 65 -52.564062593719655 74.283371784293152 469
12 15 77 -21.511804419120075 88.131016430875249 469