3 10 68 100.000000000000000 0.000000000000000 0
3 10 68 98.000000000000000 19.899748742132399 0
3 10 68 81.766312060385914 8.217823563497323 0
3 10 68 83.766312060385914 -11.681925178635078 0
3 10 68 65.532624120771828 -3.464101615137756 0
1 18 78 58.373368694676770 23.605162537105628 0
6 26 88 50.746088097807430 66.939036016136114 0
1 18 78 13.873681946168340 90.947902390635505 0
1 18 78 8.290596156393992 55.383465757054196 0
1 18 78 -19.717566544682164 78.000778199297343 0
1 18 78 -55.426196251726793 73.429808450417923 0
5 28 100 -32.269415122783329 33.683569788801051 0
12 25 86 -82.998689745001087 18.336234635634767 0
9 23 80 -81.792178920028149 -29.648599756381458 0
6 26 88 -33.692697469096274 -20.297670168823807 0
9 23 80 -52.845876236586186 -65.399285917049212 0
8 31 87 1.154123427520076 -65.405308916591821 0
6 26 88 57.967216870986235 -60.793106255825172 0
12 25 86 30.588766125943941 -17.764970869763033 0
14 18 94 -70.986531077711859 58.522751178947885 100
7 21 95 -86.091495400290029 22.566666119341626 100
14 18 94 -47.978056592001963 30.835026428791238 100
14 18 94 -57.444938250632205 -3.897928407523658 100
15 25 92 -29.447843382564749 69.637490247636535 100
7 21 95 12.688515431058864 88.090871128373919 100
14 18 94 50.121817267104419 77.147932142365249 100
14 18 94 25.212945799027619 51.156623553015045 100
14 18 94 -6.155455672998800 33.492439759537035 100
7 21 95 75.332596555973282 47.391981348483014 100
7 21 95 88.677607110552657 7.568487110807609 100
6 26 88 -13.846670377211481 -9.830131913595466 100
8 31 87 68.032183679250608 -40.157464858139477 100
15 25 92 13.496670840169049 -52.880587092024172 100
15 25 92 -36.431662522013639 -55.556690168281818 100
13 18 80 50.844778815188960 17.038286642662960 100
13 18 80 -70.986531077711874 58.522751178947885 195
9 23 80 -84.697439936655755 19.883250945873773 195
13 18 80 -89.612974533449886 -20.821018113129377 195
9 23 80 -40.180083961593702 31.467939849319016 195
9 23 80 -49.248643494289084 -13.629302061932716 195
12 25 86 -3.410438216922572 0.613553583969512 195
8 31 87 -12.726087269858581 77.968241629524670 195
13 18 80 16.569241169593145 38.689955877411563 195
13 18 80 38.517691855643065 10.154617917575964 195
12 25 86 33.961226865377093 -32.603289266855789 195
12 25 86 82.482570254366109 -20.533523911729283 195
12 25 86 -13.491235418102963 -48.359679184438512 195
6 26 88 78.345434979096808 30.298396293139255 195
4 23 119 17.172660947761347 -85.288332824444595 195
4 23 119 -60.463058035503153 -58.241373371140128 195
4 23 119 -28.718333521090265 -82.123427350369539 314
4 23 119 -66.580791362827739 -55.999984120529930 314
4 23 119 -85.829832039319669 -14.221108680485365 314
10 33 120 -18.653227818647736 -27.035373770680785 314
10 33 120 -51.639665032199474 30.130131212275579 314
10 33 120 14.360333109982520 30.114471328073574 314
10 33 120 47.346770323534258 -27.051033654882794 314
5 28 100 75.316536204963228 32.425597513175632 314
6 26 88 20.208074992173820 -79.438925535656111 314
15 25 92 -82.913935795744919 -18.715748738938807 434
6 26 88 -77.660607645934419 32.012966436496200 434
8 31 87 -30.260967808970740 0.354252891468406 434
8 31 87 -29.403315063116573 62.348320605787080 434
12 25 86 16.800291516722922 30.706153502135464 434
12 25 86 41.358064777728472 74.259750052375040 434
5 28 100 24.446147622847011 -21.739445783261640 434
15 25 92 71.915691312213170 -45.311514464719302 434
12 25 86 33.998617819885808 -77.904390032509355 434
11 30 103 79.473076672574891 9.166792470380933 434
2 29 115 -19.041990955102502 -58.587536683945480 434