13 13 74 97.000000000000000 0.000000000000000 0
3 23 67 80.835051546391753 32.166666620776674 0
3 23 67 62.411822484083586 -9.982884158771661 0
3 23 67 35.120855282046620 27.046875618701144 0
6 20 66 53.934230708043764 65.712841338963287 0
14 30 82 10.328365077146181 -19.796826513388247 0
7 36 82 -23.004678072301385 37.167269498021135 0
5 13 73 20.402599178300843 59.900687228079903 0
3 23 67 -81.591450442410277 30.196609324619669 0
5 13 73 -65.122645925617448 62.208770729118186 0
5 13 73 -46.382337020054997 80.231002059452862 0
5 13 73 -21.060063329535680 86.128667287526881 0
3 23 67 -85.584524676168513 -15.629751628042676 0
5 13 73 -82.217046904123748 -51.471906884873761 0
13 13 74 -58.956007369332468 -39.856226114429120 0
13 13 74 -60.527052507272650 -65.808717655214849 0
15 16 63 6.921977848287558 93.744793042962215 0
15 16 63 -30.026429836631774 -41.876014167532631 0
6 20 66 -29.812304852563148 -77.875377363167047 0
15 16 63 -40.728949362864725 -11.718824713098991 0
15 16 63 -64.824743001044737 68.071673219104156 82
6 20 66 -82.238182980465780 36.563386879109373 82
15 16 63 -93.966020185928699 2.527261446237908 82
6 20 66 -42.379710813260225 39.925260835119637 82
6 20 66 -57.970398787785562 3.088723966393889 82
6 20 66 -84.084650395261335 -32.090054034025535 82
6 20 66 -44.154296021464738 -34.449460650745792 82
13 13 74 -65.667763578558308 -59.472863969836553 82
3 23 67 -35.657462795327028 -79.357074964995206 82
7 36 82 -1.418277218286704 1.739387035446349 82
13 13 74 -13.178216904387796 -45.828499385743996 82
1 19 43 5.640517522151583 -71.710061057779583 82
11 17 88 -36.757508870632904 85.427662625319101 82
14 30 82 6.585929738213419 67.252230593007752 82
13 13 74 45.424553443577629 85.706533849243712 82
7 36 82 63.245241668484731 33.403709626971221 82
14 30 82 73.403930497786149 -31.809793892387606 82
1 19 43 50.981300287558838 -75.378425434535004 82
11 17 88 27.653573831594450 -42.575706065364400 82
11 17 88 -3.595663830030620 92.930464335552571 170
11 17 88 -36.757508870632904 85.427662625319101 170
10 34 88 -63.385839125827317 41.931317631511881 170
11 17 88 -92.999098093318281 0.409577623122111 170
11 17 88 -86.931319710337135 -33.044600972309397 170
11 17 88 -69.244555827858946 -62.082135016464491 170
11 17 88 -52.940695623604249 -32.246181161423756 170
10 34 88 -18.898215137595159 -70.221298308836097 170
10 34 88 4.610921335838999 42.595069632467855 170
10 34 88 70.890517151529082 27.395886150821280 170
10 34 88 64.437071562921233 -40.297193554824247 170
8 21 93 -28.965469456808723 -0.966679429517725 170
8 21 93 11.740826078382769 -24.545821810329745 170
13 13 74 63.026888412119789 73.733380073655923 170
1 19 43 32.616262536176890 -82.681578803208652 170
12 34 100 -63.385839125827303 41.931317631511895 263
12 34 100 -71.567707527784279 -25.574660099745785 263
12 34 100 -9.014881704230035 1.092622879367129 263
12 34 100 -17.196750106187011 -66.413354851890546 263
7 36 82 0.547398664532288 70.436424290518389 263
2 20 97 37.563127440040702 28.414574935474548 263
2 20 97 43.583730459549898 -11.129733621907974 263
9 14 95 20.893377990785297 -36.450632200813672 263
2 20 97 36.803182668374028 -66.498562497607423 263
4 19 98 73.585960355640736 -53.536029349757257 263
2 20 97 88.298511651813683 -17.417601444358606 263
9 14 95 94.660332857890211 15.981907997277158 263
2 20 97 77.685752560806293 45.441433175695266 263
13 13 74 67.734836821780533 13.977497059010668 263
13 13 74 -96.610171981814773 8.687615878028524 363
1 19 43 -82.873659214070472 37.589315083812231 363
7 36 82 -67.364337905460744 -30.627536279611274 363
1 19 43 -48.643332092179833 21.088263446769275 363
13 13 74 -96.610171981814759 8.687615878028538 445
1 19 43 -82.873659214070457 37.589315083812238 445
1 19 43 -88.250278106465700 -22.201090381588454 445
1 19 43 -62.352191628942066 5.606986085558773 445
1 19 43 -44.915416036827040 39.370262836345589 445
1 19 43 -51.218734216774159 -30.725452946956558 445
14 30 82 -29.178785007328379 -74.488915319637385 445
13 13 74 -71.287713680409368 -65.780406491750838 445
7 36 82 -5.967401745929578 0.536615276580520 445
13 13 74 4.211250644902741 -47.394533630018870 445
7 36 82 52.800212837413405 -41.061070670881179 445
13 13 74 40.012316581518945 -88.362970308723234 445
13 13 74 95.495610317246900 -17.017297380504544 445
13 13 74 17.613002221941741 -75.161806866782271 445
14 30 82 75.345112841181617 20.968982398740575 445