4 15 76 95.000000000000000 0.000000000000000 0
4 15 76 90.263157894736835 29.623678483095365 0
4 15 76 66.976720827465385 10.709613644674024 0
7 25 78 55.241529521179515 48.949452621909174 0
7 25 78 27.095941811729325 7.623602449291472 0
7 25 78 67.750923662230932 -29.282893278131418 0
7 25 78 19.335425855468010 -41.770469989540842 0
4 15 76 -7.630904517726659 -12.226993108785610 0
7 25 78 -19.404239621784338 26.001119328628342 0
4 15 76 15.322606707671648 45.851714886705423 0
14 21 66 22.392213536115978 81.150732710027555 0
1 16 87 37.811268321477947 86.059909295334478 78
2 23 84 -1.177590998020566 86.992029976552331 78
2 23 84 64.869636912108135 57.973530226227005 78
3 22 84 86.079296949241666 18.285366737483642 78
3 22 84 84.171749937282613 -25.673264546908804 78
3 22 84 21.023227365417526 47.849678693145371 78
3 22 84 -22.976195233567637 47.624265836560966 78
3 22 84 -65.558520805630238 58.703324861354716 78
2 23 84 -54.151785489781943 15.173032082254558 78
2 23 84 45.906858604784695 -1.992088661574776 78
2 23 84 45.092447559872952 -47.984878690555689 78
2 23 84 -9.351361866985101 4.736459693872121 78
2 23 84 -40.789910495157947 -28.843559069583204 78
14 21 66 2.298428754207768 -37.753947429894481 78
12 17 80 -78.785912414840794 -16.341405730279725 78
12 17 80 -78.200070646251419 -50.336358141221211 78
12 17 80 -54.881600797341157 -75.080023267985752 78
1 16 87 64.489772231362721 68.389102037875574 165
2 23 84 28.072800619756606 82.346328791048066 165
1 16 87 41.787108711047139 45.837182627693828 165
5 30 87 78.053554172040123 17.539745753926937 165
5 30 87 68.295826679058422 -41.661493710907827 165
1 16 87 46.070516288968875 -81.935996539175960 165
1 16 87 25.180650030162745 -57.695256292863476 165
1 16 87 38.767727737607039 -6.389814237088349 165
1 16 87 9.851406738738444 47.864727827160181 165
1 16 87 -9.816900536553417 73.106710493438626 165
12 17 80 -41.174185411825576 83.388766963378274 165
12 17 80 -68.395126120888065 63.016717804942957 165
5 30 87 -33.254368602663817 31.805707551422394 165
5 30 87 -79.767406408739987 -6.095972016250180 165
2 23 84 -28.910818400904862 -21.016007411694808 165
15 26 73 -59.492612174162289 -59.301172810448847 165
11 27 102 -10.019033229686009 -82.393076002431471 165
12 17 80 -53.556624961154874 -76.030835341788816 267
12 17 80 -77.305392832500928 -51.699866914845295 267
12 17 80 -44.359772140417725 -43.298314843151701 267
7 25 78 -12.338978545975870 -84.099640953109585 267
7 25 78 -84.373764734608017 -10.298923463596466 267
12 17 80 -42.384356270682353 -9.355749646313711 267
7 25 78 -3.199441499778086 -34.942048837738653 267
7 25 78 34.802513537907871 -67.435916156260390 267
7 25 78 75.696289959755546 -38.666156860083873 267
15 26 73 -74.055180308543612 39.646314702240552 267
15 26 73 83.169422066818910 11.783345580578306 267
15 26 73 60.297097155780001 58.482989617378728 267
8 31 93 26.178881765302194 12.821765602149309 267
7 25 78 9.916685685391109 66.408526827833825 267
14 21 66 -45.142958895300048 76.701455411075813 267
14 21 66 -27.062942036876770 38.792182265852759 267
7 25 78 79.152740950489985 30.981342773105013 360
15 26 73 81.594060678997721 -19.960191930741516 360
14 21 66 54.886774401311534 70.060274020442790 360
15 26 73 28.154484085990006 31.403002330664069 360
15 26 73 8.886244578601627 79.701397193080751 360
5 30 87 -27.547375730634119 37.173861276189868 360
15 26 73 -81.252650410256891 21.307435352678645 360
14 21 66 -85.262346136334727 -25.521213359239955 360
9 20 48 -47.386716398966740 -9.822911795127808 360
9 20 48 -52.042367470663550 -49.551049343955953 360
1 16 87 -32.995562637986168 82.850083311539478 360
15 26 73 -8.571456619075178 -34.508446187146404 360
1 16 87 -2.983346668632876 93.952645745900924 447
9 20 48 -36.962143711489091 82.059733927494719 447
9 20 48 -5.000120510814718 58.009181482289776 447
9 20 48 -41.809521503749330 42.354533656760623 447
14 21 66 30.580487720191627 78.381228947177632 447
9 20 48 67.176172643755521 59.894589312694592 447
14 21 66 29.835457309960837 36.387837446992378 447
14 21 66 85.867862140714294 23.403210279431381 447
1 16 87 93.113341436017095 -12.880436584980426 447
5 30 87 47.131452404603159 -11.589746419706341 447
1 16 87 5.682113486779340 8.358995477350106 447
1 16 87 -26.281936898101044 9.875400104363719 447
5 30 87 -71.642049818289678 2.229475970046341 447
1 16 87 -84.064482597366521 -42.061416590945434 447
1 16 87 -77.384565136768728 47.869628443685528 447