10 13 85 97.000000000000000 0.000000000000000 0
14 26 89 77.030927835051543 33.499793385498386 0
10 13 85 71.506489677803316 -5.106949329301317 0
10 13 85 48.468285203272508 6.944653659086121 0
10 13 85 38.124588565087947 30.798540970323455 0
10 13 85 45.072598269109427 55.852984910527425 0
11 27 79 5.145764499317707 53.434732417626904 0
10 13 85 35.151520705393906 79.885717172480923 0
11 27 79 42.452972269752500 -32.600459949447455 0
10 13 85 22.888611014329502 2.288446147868114 0
2 14 51 12.869135027143475 95.133513357034957 0
2 14 51 -1.878019808583083 13.040841122084620 0
11 27 79 -40.983129449406185 25.361165792287260 0
11 27 79 -82.490729287734638 -9.180391145135168 0
15 18 98 -84.764800093790058 35.762112144835761 0
10 13 85 -63.563283782860807 58.378382971773647 0
3 15 49 -36.979276203284314 67.169886882312483 0
3 15 49 -16.718747233302842 89.294781590684352 0
10 13 85 -96.734911645965340 7.166370688659487 98
14 26 89 -79.295380778602350 -27.717189380896109 98
10 13 85 -70.933769784674865 10.375900039446666 98
10 13 85 -48.848899476241051 -3.344832574362939 98
10 13 85 -40.295798635523369 -27.897723768853957 98
11 27 79 -44.479991109668696 -67.678278482674955 98
11 27 79 -39.928428257779245 35.647797411835661 98
11 27 79 -6.390294997191347 -6.674697994213458 98
11 27 79 8.736477918590868 -58.512722080345043 98
11 27 79 62.588182241887836 -54.513479467524682 98
9 25 76 -18.403808359830400 82.983732368788026 98
5 16 66 -87.392421208399043 34.620293403346039 98
5 16 66 1.506645764347571 47.142780699377731 98
5 16 66 23.676027804493359 24.066418335303503 98
5 16 66 36.584898626787258 -5.214310038378207 98
2 14 51 36.284825096445537 -88.878633358757014 98
2 14 51 18.976688394212335 94.105713416290342 98
9 25 76 40.385270844988398 61.507053973786832 98
5 16 66 79.693140494823808 49.849808004367226 98
9 25 76 74.997656032774330 9.119568308698211 98
2 14 51 -72.439614320049657 60.628245382687496 98
8 14 100 -95.594775955637246 8.811288781530155 187
15 18 98 -89.195533269190037 -22.542334502549025 187
15 18 98 -64.081577110055065 3.250866268914901 187
15 18 98 -54.300988076622417 -31.395058140156607 187
13 37 101 -16.300873316462130 -71.156739168687693 187
13 37 101 -9.086829416023598 2.490783332768828 187
13 37 101 51.086774045804560 -40.580523199755383 187
8 14 100 31.895934485135612 -87.832101765520406 187
13 37 101 65.623401274320386 31.977636016277462 187
8 14 100 92.771047829544415 -11.196491496767123 187
7 20 109 -78.709976411838085 38.322363725789970 187
3 15 49 -64.091505725148096 70.123312057284551 187
12 27 93 -22.393945007696747 65.092066663303271 187
8 14 100 14.691369962671388 47.608376733869349 187
8 14 100 31.573768521806500 69.946340358392348 187
8 14 100 -95.594775955637246 8.811288781530152 296
15 18 98 -83.572108692300191 38.466903290001959 296
15 18 98 -89.195533269190037 -22.542334502549025 296
8 14 100 -67.658833417627577 10.704200431085406 296
15 18 98 -47.678595925160636 35.700002273487229 296
15 18 98 -37.072571234424558 1.297789550182689 296
15 18 98 -54.071606978120911 -30.435990303224841 296
3 15 49 -77.698229339063687 -53.474712399152793 296
4 29 109 -0.885954382449953 31.289934535301498 296
14 26 89 -0.870260541004981 -23.710063225637921 296
12 27 93 -29.636695281827663 -68.224018703689865 296
9 25 76 -11.778049983128206 84.180030521465923 296
14 26 89 37.423018597258903 70.754128296734621 296
12 27 93 54.050946608837606 20.430058409236885 296
12 27 93 78.177162108655594 -27.880662198681421 296
12 27 93 36.082086858450928 -61.703799836689022 296
5 16 66 5.942021691574785 -92.372619046701971 296
2 14 51 95.552799780809806 9.255401344537805 296
9 25 76 -11.778049983128206 84.180030521465923 405
9 25 76 -57.067785339667715 62.994189227464524 405
5 16 66 28.881443834384360 89.453128520143451 405
9 25 76 23.553382142049522 48.800800682703759 405
9 25 76 73.233039678994572 43.149993040263702 405
5 16 66 -17.106111675463051 43.527702684026224 405
5 16 66 -42.859997914514601 24.534615952639165 405
5 16 66 44.720620646170573 13.687441200739414 405
5 16 66 13.040885843727978 9.171424942253644 405
5 16 66 -18.501948117583687 3.781654475051585 405
3 15 49 94.543740122397125 9.299527066933834 405
3 15 49 -73.787321242509023 26.656094626982220 405
3 15 49 -94.852284005014866 5.295679279563473 405
14 26 89 -55.865324525532095 -15.401100890066447 405
5 16 66 -79.541167673600285 -50.091941918039126 405
5 16 66 -48.231198036338000 -56.701465449558967 405
12 27 93 -8.748061996234782 -39.669672577441766 405
7 20 109 -24.645716445662146 -83.899352465573472 405
13 37 101 63.598224718694794 -35.836654595963601 405
5 16 66 22.459176572490122 -69.251901379793509 405
2 14 51 -57.854753741059326 -76.608272853272069 514
2 14 51 -77.499120744280006 -56.655858336658433 514