7 10 108 100.000000000000000 0.000000000000000 0
7 10 108 98.000000000000000 19.899748742132399 0
7 10 108 81.766312060385914 8.217823563497323 0
7 10 108 83.766312060385914 -11.681925178635078 0
7 10 108 65.532624120771828 -3.464101615137756 0
6 21 107 56.510447506542022 26.193955117251928 0
6 21 107 35.233271983210713 -10.017670112076718 0
8 22 97 13.519940189740595 27.097437626237607 0
6 21 107 36.773423512924857 63.267529046337600 0
15 34 103 -19.123564183377042 -18.404228521742631 0
6 21 107 -28.595581836928048 35.774004022064283 0
2 27 98 -7.119736239465468 82.694070862912795 0
6 21 107 -53.672206046151310 70.995030094644505 0
2 27 98 -80.013694439195859 -22.063741799409243 0
6 21 107 -69.103886736805379 24.679986078209399 0
14 10 88 28.383708586886836 93.110663658167766 0
14 10 88 85.961420482402517 35.870741297339556 0
14 10 88 83.076959678812742 55.661645416973805 0
14 10 88 98.000000000000000 19.899748742132399 108
14 10 88 100.000000000000000 0.000000000000000 108
14 10 88 81.766312060385914 8.217823563497323 108
14 10 88 83.766312060385914 -11.681925178635078 108
14 10 88 65.532624120771828 -3.464101615137756 108
14 10 88 63.532624120771821 16.435647126994645 108
11 19 78 80.277628055073677 42.854433071168344 108
4 20 81 41.715433717832504 37.027155156322962 108
11 19 78 52.077254496540441 74.625461902105229 108
4 20 81 14.059807050476557 65.926399326989966 108
4 20 81 2.860140782187550 27.526301990147839 108
4 20 81 -24.795485885168397 56.425546160814847 108
14 10 88 -10.678977798298835 82.896741816344772 108
11 19 78 -62.586772393341903 66.059790503634019 108
4 20 81 -53.155594292909470 28.217315959308507 108
10 10 69 -86.663375385010440 49.894482328978697 108
10 10 69 -94.858984496964638 31.650798729331029 108
4 20 81 -84.578943960959037 3.467101906911125 108
11 19 78 -83.779445688868151 -35.524702392363409 108
4 20 81 -49.825814500023590 -16.337442840986039 108
4 20 81 -50.789851312691894 -56.325824066334746 108
4 20 81 -15.676878908989067 -37.166513823614522 108
4 20 81 -16.640915721657368 -77.154895048963226 108
10 10 69 28.870021541789058 92.015813784223724 108
10 10 69 10.309898091549652 99.467110148741426 108
10 10 69 -38.957609776405207 82.872365381455722 108
1 16 60 15.851940920064781 -92.653742337084125 108
4 20 81 47.876551201415083 -76.209158537922974 108
9 13 66 76.450912601060253 -59.701406704239787 108
4 20 81 52.951974337866211 -36.532464119335415 108
11 19 78 35.776711415419818 -1.518033614972816 108
10 10 69 6.785107887971055 -2.215833663139023 108
10 10 69 10.164829006773328 -21.928202499966375 108
9 13 66 16.606193137330841 -44.007804582829351 108
10 10 69 82.931767862278448 -37.633363857554428 108
10 10 69 19.162230749780683 -66.865334452081228 108
10 10 69 100.000000000000000 0.000000000000000 196
10 10 69 98.000000000000000 19.899748742132399 196
10 10 69 81.766312060385914 8.217823563497323 196
1 16 60 84.144800066126621 41.900508610655038 196
3 19 60 55.870346007555597 21.271518143602211 196
9 13 66 57.450486101950197 53.232481165421291 196
3 19 60 26.445085064141413 45.316351651280812 196
9 13 66 41.339096757699267 73.638929494269647 196
12 23 95 77.961298070185492 -24.562076810579150 196
9 13 66 75.821754769451289 -60.498442159126640 196
9 13 66 45.498244008583782 -9.000903301054722 196
1 16 60 52.617868743651954 -77.893259585639470 196
3 19 60 41.169067015894740 -44.818723474024786 196
3 19 60 17.759155829775597 -74.751582646813716 196
1 16 60 6.310354102018376 -41.677046535199040 196
1 16 60 22.987803216539838 9.282423949418156 196
3 19 60 -7.015255808592762 27.305088822693953 196
3 19 60 -5.883296536020261 65.288225452061951 196
1 16 60 -32.264006851800360 88.289488965940791 196
1 16 60 18.009279153798349 90.864480590496299 196
3 19 60 -42.404547616850991 54.790691480175028 196
3 19 60 -79.113064106489134 44.968022946117387 196
13 15 40 -53.470451890175738 22.641884929797250 196
3 19 60 -83.790497516234055 7.256995159839775 196
12 23 95 -23.246447629256814 -83.836762059494049 196
13 15 40 -24.406888751276668 -45.854484923936141 196
12 23 95 -62.747440322611261 -60.264074978052548 196
12 23 95 -49.052705214241712 -16.349906076528402 196
13 15 40 -85.617749161859734 -26.693868620387647 196
5 12 119 22.517799941971965 -18.844641945559964 196
13 15 40 -2.415538079601145 -8.484687548846782 196