14 12 90 98.000000000000000 0.000000000000000 0
15 18 94 87.591836734693871 28.136633370798521 0
14 12 90 74.039267399437293 1.372331317259682 0
6 21 80 83.729292274538452 -30.172928515557054 0
14 12 90 55.230498810619352 -13.535056923887579 0
3 30 95 39.634432999388594 25.461901049930834 0
14 12 90 71.147122708099474 53.227894410920229 0
3 30 95 16.559949722434318 -29.923730854937403 0
14 12 90 0.963883911203567 9.073227118881009 0
15 18 94 65.470319054874523 -64.634644911633373 0
14 12 90 35.594620589459289 -67.362765364176965 0
3 30 95 -20.076225589500417 -77.439945545432096 0
14 12 90 -62.046375781495101 -75.856754823690537 0
14 12 90 -25.036234033583074 -35.733851071906656 0
15 18 94 -56.644455652463797 -46.347107944753361 0
14 12 90 -86.639459299771502 -45.799607992244184 0
14 12 90 -42.884438741466973 -19.688864667877791 0
3 30 95 -79.999994032246420 -0.030900494111108 0
14 12 90 -89.015839282187940 40.990003133540817 0
14 12 90 -38.179253272582535 3.845391846900803 0
14 12 90 -20.413714442086743 19.981860793425199 0
14 12 90 -1.363877777389987 34.579933373337084 0
15 18 94 -59.095737009549168 43.178034210750717 0
15 18 94 9.265703015830244 62.633667744368751 0
14 12 90 38.875740048774446 67.455047931376726 0
8 17 74 -25.053032516132312 51.307872510120255 0
15 18 94 -18.399202725593348 85.669574288677978 0
1 15 68 -50.940679115515437 80.187575167541326 0
7 14 109 12.363050128776090 94.483415637592742 0
7 14 109 27.351046672735528 -92.021303217819309 0
2 13 120 -14.600028406193708 95.894938190388004 109
12 16 99 -41.252314863530437 84.464468970095027 109
7 14 109 -15.597618591408606 68.913373858007958 109
7 14 109 -66.880389155461714 68.869540047934095 109
8 17 74 -41.227634487750166 51.464478199201594 109
12 16 99 -83.219520509134412 43.709397230226756 109
10 29 102 -80.990578888644464 -1.235366861405190 109
6 21 80 16.653956654538785 82.508810377479975 109
3 30 95 8.580699230501210 32.151859372030664 109
12 16 99 -35.489306070049231 18.967223130956121 109
10 29 102 -28.288485695670850 -25.452909533590670 109
10 29 102 -9.751448752888386 -80.410877667264600 109
12 16 99 -51.624540872667666 -63.929246791393169 109
12 16 99 -80.061844086406595 -49.255467934879263 109
8 17 74 35.934473442420050 -85.777115936687963 109
12 16 99 26.742979698342740 -54.083008554516937 109
12 16 99 57.944036580759757 -61.188925062623277 109
3 30 95 51.920444338285186 -15.585018031576027 109
3 30 95 67.941786564520129 42.236401816693544 109
7 14 109 83.776941430123173 -45.935695009820151 109
7 14 109 90.949371682512279 4.731055170670579 109
2 13 120 50.653276225897777 82.723911945597081 109
2 13 120 26.860272773075295 93.206897526717356 229
3 30 95 53.515377848644505 59.465152263462741 229
10 29 102 -5.123312701728054 65.984659187889505 229
10 29 102 -61.566391503165725 52.636293916640099 229
10 29 102 -80.974807763396470 -2.020026653533769 229
10 29 102 -23.936837542124557 8.499952102970369 229
3 30 95 -43.136403766559688 -47.288726468882629 229
15 18 94 88.173630185375686 26.256636112278450 229
15 18 94 -20.593131583043579 -89.665617332417071 229
10 29 102 14.752206938576109 -58.686478467818077 229
15 18 94 55.337157912003967 11.499736416201017 229
15 18 94 45.483568496043922 -23.125496804987257 229
15 18 94 21.475934352992553 23.723383134208298 229
6 21 80 83.950420664165904 -29.552104329634219 229
8 17 74 58.756840598326647 -72.087680521035168 229
2 13 120 15.238444493680873 -6.642612984064922 229
2 13 120 -86.061320051332757 -44.748733959991213 229
2 13 120 50.653276225897777 82.723911945597081 349
3 30 95 67.388261090618428 43.114061130710503 349
10 29 102 12.587783029384170 64.975159096279000 349
6 21 80 88.945793562370326 -3.105770043033118 349
3 30 95 38.333430629181727 -9.381813248684018 349
8 17 74 70.706931318194378 60.411338865846560 469
8 17 74 87.695429990013764 30.959837836568081 469
8 17 74 92.962814421058980 -2.629664411241176 469
8 17 74 53.695432583165370 30.973116929253543 469
8 17 74 36.706933911345985 60.424617958532018 469
13 21 76 55.214560207603633 -6.996505813943006 469
8 17 74 23.919920668103238 14.559132336961714 469
8 17 74 6.931421996283852 44.010633366240192 469
8 17 74 7.604250319563839 78.003975391516150 469