10 11 109 99.000000000000000 0.000000000000000 0
10 11 109 96.555555555555557 21.863775779997951 0
10 11 109 78.843192529652626 8.814936902970350 0
10 11 109 81.287636974097069 -13.048838877027592 0
10 11 109 76.398748085208183 30.678712682968296 0
10 11 109 84.861216147439819 50.986017632067515 0
10 11 109 63.043340148006621 48.161077478124973 0
10 11 109 61.130829503749695 -4.233901974057249 0
12 22 98 42.056046410508060 22.694756550752022 0
12 22 98 35.402785408092825 66.188826468773499 0
8 27 95 56.635310956622114 -41.967048052703170 0
14 33 94 2.685443839440772 -15.710394837975379 0
14 33 94 -16.322233957130940 47.493309047016318 0
14 33 94 -75.025057091570062 17.327458221177523 0
14 33 94 -60.883828129033454 -47.139786511547918 0
13 15 88 -52.214623846797096 79.363927930373308 0
6 17 84 6.258306893855998 92.104060832621883 0
7 18 76 38.952128100844817 -83.347055835316553 0
12 22 98 1.009165663343737 -70.684844280205738 0
4 16 42 -33.075573648059404 -87.484562910995052 0
13 15 88 91.666666666666671 24.944382578492913 109
13 15 88 94.874391331390981 -4.883632817696629 109
13 15 88 67.438709921455342 7.252403832400971 109
13 15 88 64.230985256731017 37.080419228590500 109
6 17 84 69.721739008073143 -24.666051302358561 109
9 26 80 29.734652641178435 -8.853621891085188 109
2 15 86 34.691225547547603 31.845670302070296 109
15 32 78 -12.302966968235239 31.106840288101875 109
2 15 86 24.671009081556971 60.122785819298890 109
6 17 84 51.641783994593382 77.344205638533509 109
4 16 42 74.502756395488078 -57.317879317666325 109
9 26 80 32.645041751194853 -60.772112192983400 109
9 26 80 -13.772884331393211 -37.333337946206093 109
9 26 80 -56.017524895515841 -7.011887723499308 109
9 26 80 -68.997773395155320 43.341991460607325 109
2 15 86 -38.156586908165018 70.357194885247438 109
6 17 84 -7.606760963958486 79.881276719140175 109
2 15 86 22.532303022912899 90.634733000507225 109
13 15 88 88.620957857804839 -34.224637738991177 197
13 15 88 73.529977340227063 -60.152659395455622 197
13 15 88 51.106367503402261 -80.082077898910626 197
2 15 86 94.874391331390981 -4.883632817696586 197
2 15 86 45.058789715170988 -50.697952883942222 197
2 15 86 66.337618960192572 -14.138503029342321 197
15 32 78 19.423114520395295 -11.304905815862270 197
7 18 76 19.292133479357148 -71.315407295808782 197
6 17 84 -9.241214907890303 -51.046020777910329 197
11 27 72 63.625508826254475 27.773839527730171 197
15 32 78 9.815136966802569 51.969787129498272 197
6 17 84 51.795444473482078 77.241387427948467 197
11 27 72 -39.107205977082728 -18.734682559648324 197
6 17 84 -30.734687246422322 24.461392841998300 197
2 15 86 -37.025497493124163 55.836951903790194 197
6 17 84 -31.775196674290832 87.403300145418626 197
11 27 72 -81.739831425419311 14.408329484851265 197
6 17 84 -69.018012190047983 56.529052595245943 197
2 15 86 -91.227347495401546 -26.506057212517540 197
7 18 76 -74.005172356621159 -54.655598656192524 197
5 21 64 -26.177311706662973 -85.063202101803142 197
4 16 42 93.927849802486449 -3.682259018801851 285
5 21 64 83.157278287841052 31.715407419085118 285
4 16 42 62.295911352160878 1.157210980569472 285
4 16 42 46.268092508947440 28.853944057398810 285
3 26 64 73.621022474609447 -40.446817548393746 285
4 16 42 37.481342738301549 -19.047669234568346 285
4 16 42 21.453523895088111 8.649063842260990 285
5 21 64 44.308785085364192 -77.186343120133685 285
3 26 64 -2.198908098908142 -83.971214134205283 285
6 17 84 20.583682619130496 -47.502685782017281 285
5 21 64 -48.287761645293216 -74.761568170333007 285
5 21 64 -77.195491774654130 -44.292844226458357 285
5 21 64 -36.354937753683046 -34.492377540624325 285
3 26 64 -66.586786798251964 1.494221400459260 285
5 21 64 -19.656068528827657 4.045237416858161 285
3 26 64 1.891112766593532 45.815070768479899 285
12 22 98 56.495387929385302 65.451791376374970 285
4 16 42 84.942962284325517 40.257833503104123 383
3 26 64 51.834293133591075 66.099970161422561 383
4 16 42 57.128617237086061 24.434995274988843 383
14 33 94 73.907537359044525 -21.602683201895044 383
11 27 72 19.482908563278677 3.655182512434330 383
14 33 94 17.776712577716950 -56.320553375163193 383
15 32 78 -35.158715222692294 -18.599995537458039 383
11 27 72 -80.863601586304625 18.710369811721847 383
11 27 72 -31.357416919877597 40.277420601610245 383
7 18 76 -34.856585153937530 85.141167900178004 383
7 18 76 8.020343669019164 62.057961710672004 383
7 18 76 87.803943636340492 27.467571459929669 477
15 32 78 75.146716336027851 -20.903851891758261 477
7 18 76 61.007305281552917 -68.862970472405607 477
7 18 76 52.030864126947449 23.431882867552460 477
7 18 76 66.422395038882243 56.430122790476005 477
7 18 76 30.649315529489201 52.394434198098793 477
7 18 76 26.371443009977817 88.139361204693856 477
15 32 78 12.605133548930461 -7.318918234038637 477
15 32 78 -19.177112848622968 48.231858663545822 477
11 27 72 -76.169661184029380 32.972453883661260 477
11 27 72 -80.334176611210694 -20.866721548887575 477