7 11 90 99.000000000000000 0.000000000000000 0
7 11 90 96.555555555555557 21.863775779997951 0
7 11 90 78.843192529652626 8.814936902970350 0
7 11 90 81.287636974097069 -13.048838877027592 0
7 11 90 76.398748085208183 30.678712682968296 0
7 11 90 84.861216147439819 50.986017632067515 0
7 11 90 63.043340148006621 48.161077478124973 0
7 11 90 61.130829503749695 -4.233901974057249 0
7 11 90 58.686385059305252 17.629873805940697 0
5 23 84 43.004411673530228 75.628173167236682 0
7 11 90 42.031369059010231 41.642099724275845 0
5 23 84 27.936397126109341 3.123384151020523 0
9 24 72 7.127713785067971 45.265983710282022 0
3 20 91 2.130275576216793 88.981262633659767 0
3 20 91 -37.243730597888543 81.932316769098506 0
3 20 91 -69.069197295646205 57.701351673380223 0
5 23 84 -85.154732331393504 17.823343164757993 0
3 20 91 -43.189805004761823 27.201236023525478 0
5 23 84 -82.340300259681996 -28.090477980009751 0
2 27 76 56.635310956622114 -41.967048052703170 0
3 20 91 10.019962516099305 -35.966273955251452 0
5 23 84 -25.751435336222414 -12.104021427652281 0
3 20 91 -45.515586933854003 -50.292741118496025 0
3 20 91 -27.125893104263675 -85.814835100325524 0
3 20 91 34.181280254653188 -83.256471701320947 0
8 14 69 2.916736486538554 -69.895023315324607 0
11 12 99 -75.158863009880235 -62.345798136551267 0
11 12 99 -57.924871345531514 -79.048777850157947 99
12 26 96 -20.009402837444757 -81.582006582878662 99
11 12 99 -48.844719273840546 -56.832773746022426 99
11 12 99 -28.262391116717470 -44.489039803956977 99
11 12 99 -4.388012233236303 -46.941392333261959 99
15 21 99 23.690004723085217 -64.279932173759519 99
6 28 95 -58.178841360607606 -17.937090632477201 99
15 21 99 -9.313194346252429 -14.310998815046059 99
15 21 99 31.764716171613227 -23.063442330214968 99
15 21 99 -86.164961973543399 22.284508702186393 99
11 12 99 -97.616179324395702 -8.664960133054397 99
12 26 96 -40.416379505068633 33.057957645081309 99
15 21 99 5.861678434836055 24.851779892264535 99
3 20 91 45.773628397765776 15.469016431716559 99
12 26 96 59.384769741303202 59.409166992749533 99
12 26 96 13.035013273737704 82.982458561755578 99
1 23 83 86.945963835688147 3.065839637556042 99
1 23 83 72.164647245652120 -40.494608935262001 99
8 14 69 57.213294016388723 -74.339210227252352 99
8 14 69 -74.594879049409556 -60.428503370544931 198
13 18 71 -86.690293071256548 -30.802485081883397 198
8 14 69 -95.999818657921381 -0.186594871875879 198
8 14 69 -91.970334709926377 27.521946394543228 198
8 14 69 -68.346940276681408 -4.581855641426550 198
8 14 69 -55.914926285905324 -39.570426643453075 198
13 18 71 -43.819512264058332 -69.196444932114602 198
13 18 71 -23.917091037272133 -39.198217829307836 198
9 24 72 -2.247393846710750 -75.176325390286877 198
9 24 72 17.344394565645494 -31.356674241453394 198
13 18 71 39.014091756206874 -67.334781802432417 198
9 24 72 73.912268325894416 -43.965629654549275 198
9 24 72 85.963746707364493 2.496848419924540 198
14 22 57 -56.011293228448551 29.238727025071434 198
13 18 71 -35.540938532787656 -5.126438166352198 198
14 22 57 0.808498180341070 11.568424835129715 198
13 18 71 40.077999280947097 3.958807018872323 198
13 18 71 58.921847245510676 34.633053446265009 198
4 17 61 84.664587179223517 -38.482563295233611 270
4 17 61 92.838423036423507 -5.479708761427716 270
4 17 61 88.603747270302236 28.255547590878631 270
4 17 61 61.505496149085232 7.720582624474110 270
14 22 57 65.010489187845479 59.309664436388658 270
13 18 71 51.981935554754415 -25.958814543618267 270
4 17 61 28.413311406051179 -0.083730858011331 270
4 17 61 36.212816473942489 33.009587511350453 270
14 22 57 22.182763281855721 69.398563966139832 270
9 24 72 -4.777693211980097 32.127478851214804 270
14 22 57 -21.459748686509890 74.995987399386976 270
2 27 76 -64.713790890600933 51.972351000965659 270
4 17 61 -91.430745606900359 17.012311946536585 270
4 17 61 -58.537499041678686 8.407991496929139 270
1 23 83 -84.071769782768115 -22.381633666764316 270
4 17 61 -70.922204944337523 -60.158464457076917 270
14 22 57 -40.940862024963252 -35.216149473281078 270
13 18 71 -39.311045880109759 -75.182931922384668 270
14 22 57 -3.238094799505497 -57.898771533857506 270
1 23 83 36.529266690999364 -78.959563543739549 270
14 22 57 -85.046380762357586 22.607811022389864 353
14 22 57 -85.360542615052950 -21.391067398887092 353
14 22 57 -47.099315237856459 0.336299666417217 353
14 22 57 -47.413477090551829 -43.662578754859737 353
10 29 83 -42.783494013167413 51.153360651449830 353
2 27 76 -0.257399816911253 14.718057545654922 353
9 24 72 -2.014375575692164 -36.251669118150687 353
2 27 76 26.139630644090339 -78.776390560817987 353
1 23 83 68.987436097239907 -53.006920875761487 353
2 27 76 82.851221628441678 -4.967401199303012 353
10 29 83 65.131276952312007 48.155132255671667 353
1 23 83 -23.759897036471884 -81.944534695292447 353
1 23 83 -84.608993625849564 20.256312537600429 436
1 23 83 -62.453105847218993 60.569047953852305 436
10 29 83 -74.903385937952663 -30.829900665265143 436
1 23 83 -38.619196770019499 21.225118586035112 436
10 29 83 -10.647483629099256 65.060985909062609 436
10 29 83 -17.095645710423874 -26.111302379063005 436