1 13 41 97.000000000000000 0.000000000000000 0
6 15 61 90.979381443298962 27.345057180315223 0
6 15 61 69.695649803919792 6.202617219353049 0
6 15 61 62.027625519428859 35.206089486867114 0
8 19 64 36.362889915636060 12.905386664144004 0
6 15 61 34.378405695652873 46.847422878558689 0
6 15 61 58.284706058669826 64.971682944923202 0
8 19 64 79.043547538803921 -26.487087703422688 0
8 19 64 41.080991332214140 -24.800574655293058 0
8 19 64 6.067620247179192 -10.033589679962493 0
8 19 64 1.349518830601113 27.672371639474569 0
8 19 64 5.886620315903567 65.400540295162941 0
1 13 41 16.516008566378542 95.583583637752938 0
1 13 41 97.000000000000000 -0.000000000000032 64
8 19 64 85.907216494845372 30.015831724404507 64
1 13 41 71.053812832594701 1.671936444358073 64
8 19 64 48.351208854725726 24.223915794828578 64
8 19 64 62.113266343189032 59.644330440682609 64
7 17 72 36.918224043995977 85.358331365118175 64
7 17 72 3.770558483981226 92.923532480846191 64
5 23 67 12.287956278489061 53.840877315029807 64
1 13 41 -18.381431536056777 72.692631903953014 64
10 26 73 7.634708625165167 5.062323766602031 64
5 23 67 -30.196570980212549 36.203844015615758 64
1 13 41 -44.169720179190122 69.381413267493031 64
11 27 95 -79.016442029222731 25.404761149093353 64
5 23 67 -42.035527259507823 -8.246567840934407 64
7 17 72 -91.470760760309076 -16.795830611502989 64
1 13 41 -69.667722333251206 64.296938255114995 64
7 17 72 88.443298969072146 -28.753832222285098 64
10 26 73 45.482781742737025 -30.596102464612020 64
7 17 72 3.072811281541902 -37.695004174070817 64
5 23 67 -33.680280717277057 -53.481397952459545 64
5 23 67 -2.148065484595818 -86.973477650798159 64
1 13 41 -38.078309806799737 -89.213464915658221 64
1 13 41 -64.000302548777540 -72.890062928117572 64
1 13 41 -65.091990572943274 -35.894343510528614 64
1 13 41 -72.167445801281715 64.814039887350532 159
5 23 67 -81.634132110517186 30.081031806815190 159
5 23 67 -85.562304493742289 -15.750938058418267 159
7 17 72 -50.991624938662923 4.370396765594216 159
7 17 72 -47.998639231842205 -29.497612277731122 159
10 26 73 -10.151626918372365 -9.086741180591190 159
7 17 72 -21.343594988314543 -50.604687308999260 159
7 17 72 -52.950380286740803 -63.135095247258306 159
1 13 41 -80.560700508948102 -51.401800005631983 159
7 17 72 -46.523670454335956 49.244942740907618 159
7 17 72 -16.412576247379548 33.455009059609367 159
1 13 41 11.769195702437116 23.169692838484870 159
1 13 41 27.172340214955121 2.223496545924101 159
7 17 72 28.590406381792501 -27.742969517769016 159
7 17 72 11.969691450626962 -57.403580353976203 159
10 26 73 54.469023287067778 -63.946270431924873 159
14 15 81 -10.108245790928731 -80.567446334376115 159
11 27 95 81.009087541260641 -18.070078465030825 159
14 15 81 92.327167632421919 22.376195319460855 159
14 15 81 62.455021680180110 19.609447009989246 159
11 27 95 -16.441622494406168 81.355227550240656 159
2 17 110 20.219957640469303 -90.775290211695975 159
2 17 110 51.496187969069233 -77.441220449152851 269
9 22 110 74.879348044579302 -46.228597603850787 269
2 17 110 92.306196343816012 -11.338699949151504 269
2 17 110 90.212994612171428 22.596805152594673 269
2 17 110 61.870585969625111 3.816286726871796 269
9 22 110 56.653745542371226 42.465796115175422 269
9 22 110 30.921192270869120 -44.310123998551539 269
9 22 110 13.151854164295962 -84.562460865549554 269
2 17 110 29.129852614063982 -5.351285434832041 269
2 17 110 20.612717966367597 27.564644103812466 269
9 22 110 19.835010666472066 66.556889119401006 269
15 35 113 -30.098831471252666 39.068502310335866 269
9 22 110 -84.866655266779318 23.273393045055528 269
2 17 110 -91.764002196616133 -15.111846374928177 269
12 15 86 -11.871488534546584 85.627754553769847 269
12 15 86 -58.148615677133655 -2.322433968075490 269
12 15 86 -5.178584491059691 -52.422220998643724 269
9 22 110 -8.506994369842783 -15.572232020642398 269
14 15 81 -43.230489635077966 -28.350294337174983 269
11 27 95 -42.785914338528528 -71.122187355396349 269
14 15 81 -77.522464372966851 54.911451606582808 382
14 15 81 -90.780017152838710 27.999794387286315 382
14 15 81 -94.984715036582585 -1.704086095008268 382
14 15 81 -60.845061953053140 29.974245497552538 382
10 26 73 -37.465658521385855 63.655152480283036 382
10 26 73 -54.961759315877856 -10.601446117987505 382
10 26 73 -11.814997055234933 18.421939391348921 382
9 22 110 -10.868194571924384 -29.568721836202393 382