12 10 100 100.000000000000000 0.000000000000000 0
12 10 100 98.000000000000000 19.899748742132399 0
12 10 100 81.766312060385914 8.217823563497323 0
12 10 100 83.766312060385914 -11.681925178635078 0
12 10 100 65.532624120771828 -3.464101615137756 0
12 10 100 63.532624120771821 16.435647126994645 0
3 18 100 78.566312060385911 40.057421550909162 0
7 27 90 60.012280859995641 -40.049970612377699 0
12 10 100 95.512185170558482 -29.621318065625442 0
6 15 97 40.540505593415439 -2.836398250028564 0
10 17 95 39.715192989334383 29.152957153066776 0
5 18 99 50.402962099074294 62.481197302478947 0
7 27 90 5.726453819891965 57.095140490658899 0
12 10 100 31.767711086626079 83.379221603906288 0
11 14 74 -8.230205763973796 95.646556200851549 0
15 16 72 47.417291382339471 -81.164034386927284 0
10 17 95 21.309377127405515 -60.980456575820142 0
5 18 99 17.188943057360802 -26.223845361917046 0
7 27 90 -13.541178405602514 6.649542581395426 0
10 17 95 -36.362477053465362 44.268531510193789 0
5 18 99 -35.717762062246607 79.262593043261049 0
5 18 99 -67.553130630707827 62.454579831990905 0
10 17 95 -86.850918788256962 33.255344016196744 0
7 27 90 -82.331639637934330 -10.511951033434318 0
8 14 91 -52.922640330375110 18.055701297969833 0
10 17 95 -75.708953813743719 -54.010687020518645 0
6 15 97 -54.398967190956860 -77.882940163794530 0
10 17 95 -42.191473426306871 -48.302928399327087 0
10 17 95 -22.455109046619427 -75.988229934116362 0
6 15 97 3.327953345567963 -94.941691192698499 0
8 14 91 -7.266857833279292 -48.963851586400907 0
2 10 63 15.564185066190877 98.781355240882178 0
12 10 100 98.000000000000000 19.899748742132399 100
12 10 100 100.000000000000000 0.000000000000000 100
12 10 100 81.766312060385914 8.217823563497323 100
12 10 100 83.766312060385914 -11.681925178635078 100
3 18 100 56.744013929744185 -4.347390173693283 100
3 18 100 65.050993502596128 30.681085248114908 100
7 27 90 20.767343691336102 22.683688209472301 100
6 15 97 45.065899028144223 56.941245164749681 100
2 10 63 91.811921323494758 38.918362842360132 100
2 10 63 100.000000000000000 0.000000000000000 200
2 10 63 98.000000000000000 19.899748742132399 200
2 10 63 81.766312060385914 8.217823563497323 200
2 10 63 83.766312060385914 -11.681925178635078 200
2 10 63 65.532624120771828 -3.464101615137756 200
2 10 63 63.532624120771821 16.435647126994645 200
15 16 72 84.144800066126621 41.900508610655038 200
14 22 86 46.171191507339998 43.316507559824288 200
2 10 63 70.539916411771557 64.056932978126042 200
11 14 74 52.773964151800499 80.192946745362065 200
15 16 72 23.465824002994744 73.787252324149009 200
15 16 72 8.242317453576906 45.640407947916842 200
2 10 63 -2.172137305487789 69.463487767104681 200
2 10 63 2.342929668351310 88.947177618407181 200
7 27 90 28.547797893350349 -2.404559767244848 200
13 15 75 -7.594169977814897 18.990723787773977 200
7 27 90 -34.414038605430804 51.312460232424101 200
11 14 74 -74.304820996371532 60.784813701262465 200
15 16 72 -87.665061743944449 33.923987817330797 200
2 10 63 -58.820284006733218 79.121365018686447 200
2 10 63 -40.782303005902548 87.760302535167966 200
1 12 52 -19.338659091980062 92.676615756769621 200
4 18 79 -59.935618852570066 14.249689940811631 200
2 10 63 -87.212628999121677 7.927924565149475 200
15 16 72 -76.183396401554390 -15.616841908713866 200
13 15 75 -83.227504694338009 -45.805921695278045 200
11 14 74 -55.491183567930491 -37.338543684772077 200
15 16 72 -60.523501624434836 -66.913461689361384 200
14 22 86 -24.323937645294357 -55.355279837525202 200
11 14 74 -31.870032365044693 -90.555513565166223 200
11 14 74 6.705311911244058 -37.101905575267253 200
15 16 72 11.962527548392188 -66.637675139382651 200
15 16 72 -12.777260497804001 -14.288984404882267 200
11 14 74 28.488348915086874 -91.675590950330218 200
15 16 72 54.442284607868189 -76.629221884838941 200
15 16 72 38.561762607942768 -48.847770860641418 200
15 16 72 70.561465948853737 -48.985560895447115 200
1 12 52 92.687914918956949 -31.826882159209333 200
11 14 74 0.622360730768634 -94.411774882641112 200
2 10 63 65.596600057972580 -23.463999291862489 200
1 12 52 -40.124559596503047 -8.278557464448312 200
2 10 63 -31.597353694396304 12.001648636651250 200
1 12 52 -38.571320928776821 90.090250314944200 290
2 10 63 -18.174479518578572 98.334573239673787 290
2 10 63 -19.927096815249804 78.411512917238156 290
15 16 72 4.856884220008567 86.269902322450491 290
1 12 52 -6.754515952786856 60.790981897377407 290
11 14 74 34.680664533404872 89.516766627942019 290
1 12 52 58.342522715960385 78.741031509230595 290
1 12 52 23.982526543610838 65.819723699523166 290
1 12 52 11.562501011987539 45.283342182960290 290
15 16 72 -34.477833213553488 56.864446521390192 290
1 12 52 -56.508974364310347 74.145326695600872 290
15 16 72 -65.073043556589852 47.487181244916400 290
1 12 52 -90.889779848874113 36.647618190316201 290
4 18 79 -40.984252188377489 23.492804186556715 290
11 14 74 -72.547005576010264 18.220935581263532 290
7 27 90 -80.005058916351729 -22.095034460056588 290
15 16 72 75.207541454478672 56.389943326561990 290
1 12 52 47.228363026312493 57.469561075971725 290
13 15 75 56.108973574884068 31.971820856795450 290
1 12 52 29.264577065460550 29.077278398158704 290
14 22 86 87.191648992440079 11.900266634791130 290
1 12 52 53.886119114280859 5.063477948935507 290
1 12 52 29.886129060836225 5.085328224880906 290
14 22 86 82.053884679881790 -31.798742254068159 290
13 15 75 46.678076402840233 -20.956593539629772 290
13 15 75 16.777282106139371 -18.518869103525226 290
7 27 90 -25.222492270337533 -18.656536547149535 290
4 18 79 -50.379815142971992 -55.967514903151176 290
1 12 52 5.125954795608982 5.837784441304958 290
1 12 52 -97.142196302851019 12.938071628274315 380
13 15 75 -93.981114235887361 -13.876244700245438 380
14 22 86 -63.618250293819571 7.268411675195608 380
1 12 52 -69.927542882270771 -26.141060440258638 380
4 18 79 -39.950103872392305 -24.977810506230231 380
1 12 52 -59.481853459135650 -47.748641805959963 380
1 12 52 -83.417412547739815 -45.991083523586731 380
9 20 111 -76.628456136028049 47.202539234757545 380
4 18 79 -51.839933822035903 76.004087135672762 380
4 18 79 -38.933516192412483 42.397177370421424 380
13 15 75 -26.881781539388459 11.676570412662601 380
13 15 75 -9.336178901205745 -12.657599555984284 380
13 15 75 -12.010286624323351 -42.538181007575261 380
13 15 75 -35.831531122275678 -60.774088184592152 380
8 14 91 -94.270939564349703 18.138080208630853 491
7 27 90 -67.104687110544248 48.846299427857964 491
8 14 91 -68.224939998917989 7.861606755274821 491
14 22 86 -84.608771533970469 -24.194126963219603 491
14 22 86 -41.359348433186831 -16.101698313586503 491
8 14 91 -57.743179968239303 -48.157432032080919 491