1 10 49 100.000000000000000 0.000000000000000 0
1 10 49 98.000000000000000 19.899748742132399 0
1 10 49 81.766312060385914 8.217823563497323 0
1 10 49 83.766312060385914 -11.681925178635078 0
1 10 49 65.532624120771828 -3.464101615137756 0
1 10 49 63.532624120771821 16.435647126994645 0
7 15 48 78.963536422653917 36.105089049215621 0
2 20 60 44.109596880543663 39.299286662846214 0
7 15 48 68.633747959612720 64.270590470436957 0
9 23 71 32.559984173556558 -2.120593181482183 0
1 10 49 16.803362477208577 26.874731833391785 0
1 10 49 15.062092812944108 46.798787142397344 0
13 19 61 25.803680652315677 73.736090101102491 0
1 10 49 12.056300768366292 99.270567701523149 0
14 31 75 -24.174581599961151 75.210302515458750 0
2 20 60 -71.084710668670411 55.199310766996142 0
2 20 60 -87.983602760109463 18.944277377383894 0
1 10 49 -59.266976917965536 27.625026206967192 0
7 15 48 -56.965279485742407 2.731207919478681 0
2 20 60 -29.445536308354509 24.356742258556000 0
1 10 49 -33.321740405749068 -5.391787819337624 0
1 10 49 -46.843551766215654 -20.128158387830972 0
1 10 49 -66.843268867179361 -20.234534519646139 0
7 15 48 -91.461549245362988 -15.882492329921904 0
14 31 75 62.755595197493662 -46.889165583236164 0
2 20 60 12.222100361777454 -40.006876742403989 0
7 15 48 -20.116432677798716 -26.619596180309202 0
12 11 73 -0.656727335992534 -9.376630425831801 0
12 11 73 1.475768296071727 12.519772529430668 0
9 23 71 -47.346924178904509 -53.124319016215352 0
12 11 73 -77.855043369675869 -38.115832635447681 0
12 11 73 -47.017351810357241 -87.122721655955502 0
7 15 48 -21.707675973099608 -81.171225288407484 0
5 13 111 43.750559854822995 -86.573024161048863 0
12 11 73 64.726169249360112 -74.910099548079558 111
12 11 73 46.584379905841871 -87.354997274272733 111
12 11 73 26.142127357096868 -95.486067974575889 111
12 11 73 79.671604555872918 -58.765937646672569 111
12 11 73 90.682639637404350 -39.719754133084230 111
12 11 73 97.215519675113327 -18.712101279590488 111
15 20 74 89.293040929297774 11.258456448321475 111
13 19 61 67.287536467456732 -20.940266715491930 111
9 23 71 24.472887400377338 -61.527068608179789 111
9 23 71 46.508695382070897 15.559593053393236 111
13 19 61 74.137020810908226 47.193050562781309 111
7 15 48 33.486324636903291 -24.611517018325316 111
2 20 60 7.092137537631746 -1.625719504019930 111
14 31 75 4.347582689975621 49.300378114865097 111
9 23 71 -42.704211078544660 75.798089396495371 111
9 23 71 -75.386270244345440 43.427068271373315 111
9 23 71 -86.993240516364338 -1.084483500099111 111
9 23 71 -42.641620784393531 11.119361269097965 111
9 23 71 -54.248591056412430 -33.392190502374461 111
15 20 74 -18.284155131526070 -56.962497004512770 111
15 20 74 47.817057935253594 75.972549415682863 111
7 15 48 -50.265122903673152 -71.182824017520943 111
5 13 111 -10.019714953588304 90.888606718897307 111
5 13 111 15.966387047887087 91.738608347670251 111
5 13 111 -17.182251235178057 -23.980898986781533 111
5 13 111 41.636404081067411 87.609416475616769 222
5 13 111 63.411783443037343 73.402627477314027 222
5 13 111 40.220653583316945 61.647990271956090 222
3 32 103 71.293344235924053 29.098214610557392 222
5 13 111 27.402431813059465 39.027353882842334 222
3 32 103 -2.088873855491826 76.974564837223042 222
5 13 111 -46.326573551761093 85.222347908006327 222
3 32 103 -64.397887143384523 44.010363909741862 222
3 32 103 -75.652447262511743 -18.992293784397923 222
5 13 111 -72.967398911746415 -63.912116973654278 222
3 32 103 16.975418947346192 -4.747951972151419 222
3 32 103 -22.712753324881206 -54.956008912148626 222
11 22 98 84.897666454924774 -23.160013612006797 222
4 31 95 46.950379809075585 -60.160060047352744 222
10 16 90 10.399064681095979 -89.706656508115032 222
10 16 90 -18.005860511613434 31.690466791784985 222
7 15 48 -36.137781074137855 6.455518617091168 222
7 15 48 -86.455766099759856 -39.375125499528430 333
13 19 61 -90.824002583807442 -5.656903274454997 333
2 20 60 -83.844098246243817 32.713409930397276 333
2 20 60 -53.729927513582147 6.385920094028447 333
2 20 60 -45.986737863740956 45.629301880599705 333
13 19 61 -17.010309358232767 19.526302224139286 333
13 19 61 -23.259384533876915 -17.956347888268027 333
13 19 61 -52.568578255496718 -42.142525002242920 333
10 16 90 -89.313467267077115 29.310485576543176 394
4 31 95 -77.334264347789016 -16.137272315552238 394
4 31 95 -42.694546406033261 35.283442779782682 394
10 16 90 -30.715343486745169 -10.164315112312718 394
10 16 90 -37.696837695016228 -41.393447963224190 394
4 31 95 8.922083166027626 -35.420490759984666 394
10 16 90 -23.067750209439886 -69.853767696834950 394
8 19 86 -64.110477416987862 -64.356889269741870 394
6 36 85 72.568011493885180 -14.487363729241739 394
10 16 90 48.589858342492846 -60.628973708179117 394
10 16 90 23.257609117244716 -80.180882801408757 394
4 31 95 18.999803595561815 25.754990855971158 394
10 16 90 -89.313467267077115 29.310485576543154 489
6 36 85 -71.384294716000937 -19.500832492463516 489
8 19 86 -54.491969787351870 32.840827382868497 489
8 19 86 -24.586840006913555 9.395503482031859 489
14 31 75 -6.801263513582207 -37.334286468275636 489
11 22 98 -40.870721968284201 -77.933202717399027 489