3 10 80 100.000000000000000 0.000000000000000 0
3 10 80 98.000000000000000 19.899748742132399 0
3 10 80 81.766312060385914 8.217823563497323 0
3 10 80 83.766312060385914 -11.681925178635078 0
3 10 80 65.532624120771828 -3.464101615137756 0
3 10 80 63.532624120771821 16.435647126994645 0
15 30 83 58.735721188830851 -42.882398261920606 0
3 10 80 56.081330994660270 -82.794228747342999 0
3 10 80 95.942367626123058 -28.196845467070460 0
3 10 80 37.090897920594799 -76.520198809620325 0
3 10 80 45.599710448172502 -5.100852213336140 0
3 10 80 43.599710448172488 14.798896528796259 0
15 30 83 6.064012712177110 0.976038811522614 0
15 30 83 34.577231192120891 53.768049304730702 0
8 17 85 8.160023027737665 92.641319205777677 0
8 17 85 -11.144847683396517 64.653429559961324 0
8 17 85 79.327984325119871 39.402462159424637 0
9 29 85 2.078053574311063 -59.341702636121703 0
8 17 85 -31.235199133876623 -27.620618259946511 0
15 30 83 -52.431408159025352 14.328407032212592 0
8 17 85 -74.302762821508153 55.929414775149453 0
8 17 85 -92.420318481538530 -10.367484351132916 0
13 13 73 -39.680238789941242 55.394301393847179 0
13 13 73 -36.195634200058862 81.159734261396110 0
14 17 68 -65.301413352185705 -30.875165462978817 0
7 12 36 -92.228904233309578 33.133506061432897 0
7 12 36 -14.221101955351170 -96.962674566946149 0
5 19 100 -61.889863908457237 -66.713152716631839 0
13 13 73 -85.734326799495904 -45.372075203116260 100
6 24 72 -85.591493388257717 -8.372350898513194 100
13 13 73 -92.901461726889451 27.898358536073303 100
13 13 73 -67.234128408088296 23.752517209929671 100
13 13 73 -50.631498322738224 3.743702296271522 100
13 13 73 -51.291802250749129 -22.247911711378208 100
6 24 72 -16.331807185229628 -10.131858516593489 100
13 13 73 -34.689172165399050 -42.256726625036350 100
14 17 68 -76.436361170636005 52.976246478889834 100
6 24 72 -36.389353606298890 44.187777605307488 100
6 24 72 9.554542142780683 30.289632283081634 100
7 12 36 19.207667773764502 -4.392022313440181 100
14 17 68 17.467498619982997 -33.339765080644455 100
14 17 68 -7.970410947038633 -55.898859851047575 100
14 17 68 -37.868909354932690 -72.087738532202636 100
13 13 73 -66.369234491517034 -62.721230799382539 100
15 30 83 56.929340222376190 56.205428757771614 100
14 17 68 24.087022151569812 89.826584950502181 100
14 17 68 90.127466669572414 22.935556494777117 100
6 24 72 54.588471459497953 2.256190269772711 100
6 24 72 56.558953516217137 -45.703346847094338 100
6 24 72 24.273639990605567 -81.223179765521223 100
1 15 96 -13.104284445532556 -92.353802607318912 100
13 13 73 -40.766481630908700 -88.017577650357907 196
2 23 75 -4.784830587135577 -86.868322167821404 196
7 12 36 -62.430557305792213 -75.540886376108887 196
7 12 36 -41.940159469236889 -63.045143240957259 196
9 29 85 -72.642886595309776 -35.833099602196867 196
15 30 83 -76.612474510054909 23.033209707858497 196
7 12 36 -73.419837684616994 64.911689504776362 196
7 12 36 -45.461640784334541 -5.138150894578197 196
9 29 85 -14.750527819819215 -32.301131962214697 196
13 13 73 17.804377138181085 -58.837487461332657 196
13 13 73 30.791506025595989 -81.361574196684955 196
15 30 83 -16.722545944251465 26.665902425796641 196
2 23 75 61.099545537035212 -61.934203273859580 196
13 13 73 88.826340713681859 -38.972826371933891 196
13 13 73 66.130896508649485 -26.287527308204155 196
5 19 100 22.760655412798670 -2.352657335132815 196
7 12 36 26.240543968564840 -33.156721606579978 196
5 19 100 60.018027631222310 5.123184783172924 196
7 12 36 86.232431378906867 -11.423870427751528 196
12 21 108 79.465831120935135 40.077196561873144 196
2 23 75 35.474463987636199 39.205636039988924 196
10 12 95 58.502342547590146 65.563117122748210 196
1 15 96 94.706453004564210 7.462423151649269 304
1 15 96 87.657253653180931 36.622477824171035 304
1 15 96 65.928505206725617 15.937664773271448 304
5 19 100 87.289984784110842 -25.718836606458250 304
1 15 96 56.016784034137721 -12.377662938003107 304
1 15 96 36.450851505986414 10.363803248323373 304
1 15 96 46.362572678574310 38.679130959597927 304
9 29 85 50.020134365774155 -55.967113413489898 304
10 12 95 30.146411314203029 -20.105781423873971 304
10 12 95 13.107406827722091 -3.203937556719048 304
9 29 85 2.365315723354072 38.187826149602238 304
2 23 75 -21.827156839208538 84.217428269430030 304
10 12 95 -36.137930210432138 52.276830818576393 304
10 12 95 -53.348020880064567 69.004436120681987 304
10 12 95 -76.189383184543885 61.637471476032673 304
1 15 96 -87.456007334344690 37.100495699317115 304
2 23 75 -52.805759630492531 21.500484992215373 304
10 12 95 -85.912333624173527 10.144660125613846 304
10 12 95 -97.388139613936602 -10.933904267753125 304
2 23 75 -64.526857437105747 -22.981150164417603 304
12 21 108 37.653810515303860 73.609883336029640 304
5 19 100 -24.683725184946155 -9.694886117029396 304
10 12 95 -33.607743709207419 -39.382625899280285 304
2 23 75 -54.071190076670405 -67.777121189141781 304
5 19 100 -17.952453191459178 -89.211599158452856 304
5 19 100 72.827828136084278 54.562876106204037 412
15 30 83 79.770360453582029 6.057193500755638 412
9 29 85 28.718411065454369 35.632495082853694 412
9 29 85 28.066931982601591 -22.363845965565950 412
9 29 85 -21.833633150449657 7.198521994428564 412
15 30 83 11.910003083170615 -79.108481381953396 412
15 30 83 -79.943245400972373 -3.012891428496790 412
15 30 83 -39.958780125510465 -48.948419570828968 412
5 19 100 80.231550984226246 -42.940636076629154 412
11 12 115 47.315011679617356 72.172424551823838 412
11 12 115 51.968439145249803 -55.676275407950911 412
11 12 115 53.907152096978692 -79.597842917016848 412
11 12 115 -55.246826039290383 30.958962667385865 412
9 29 85 -31.506266544347614 64.386284349912017 412
11 12 115 -72.475900974061346 65.963958174127583 412
11 12 115 -90.481885657089038 37.643437249239931 412