8 11 82 99.000000000000000 0.000000000000000 0
8 11 82 96.555555555555557 21.863775779997951 0
8 11 82 78.843192529652626 8.814936902970350 0
8 11 82 81.287636974097069 -13.048838877027592 0
8 11 82 76.398748085208183 30.678712682968296 0
8 11 82 84.861216147439819 50.986017632067515 0
8 11 82 63.043340148006621 48.161077478124973 0
10 12 81 59.991477346299348 -4.361285417775749 0
9 29 74 57.615871383672676 -45.292404341039173 0
10 12 81 36.673998635739231 -10.044170827721624 0
1 22 98 40.850019390015802 23.738618270810612 0
10 12 81 42.121445662862129 57.714837531239169 0
10 12 81 62.016540218771596 71.138146088052636 0
11 19 71 31.311861136066589 -85.443357566259550 0
7 18 55 -5.128028387773568 -91.856972108023399 0
10 12 81 8.078311965744378 -64.920146488306372 0
12 23 105 7.865668025033969 -29.920792457774908 0
11 19 71 1.681490427200671 11.621426397727463 0
11 19 71 8.552745079323177 48.995024826373381 0
11 19 71 24.732383848494802 83.378440731415722 0
9 29 74 -32.227218701389198 74.312895077320405 0
11 19 71 -74.705833776266630 51.961893727931248 0
11 19 71 -45.145098376246409 28.083809160487583 0
9 29 74 -80.904304927006237 -3.936171271425494 0
11 19 71 -33.072198858194675 -7.947359252804628 0
3 30 105 -37.849023416622842 -56.738081403417979 0
10 12 81 -21.790218118014998 -95.546775949632803 105
9 29 74 15.906197850713315 -79.422873719942700 105
9 29 74 -37.936542489312821 -57.859958502455939 105
11 19 71 -82.143666088023906 -39.158883048667661 105
9 29 74 -80.519067124336388 8.813616137920341 105
5 12 66 -50.137471482189056 -18.717432629554068 105
11 19 71 -19.578069487802050 -13.509462800008597 105
5 12 66 -1.640117681953704 -38.792458765895674 105
11 19 71 28.851534155629121 -33.201468852147642 105
12 23 105 63.078815851853335 -57.542651807939151 105
10 12 81 90.983018003546078 -36.415524642196360 105
11 19 71 67.821315578925450 -15.811264383858447 105
4 26 90 79.301485151495811 27.699719362605283 105
10 12 81 47.212113484938740 7.346040922442072 105
2 19 60 35.047482882151265 35.859577397206586 105
2 19 60 1.420276743108411 18.161808970585149 105
2 19 60 2.907162764881518 56.132707958603007 105
12 23 105 38.960569811977798 77.676891403245051 105
5 12 66 90.983018003546078 -36.415524642196360 210
7 18 55 91.775305351623260 -6.425988454417837 210
2 19 60 61.314184914243810 -27.428848776275544 210
2 19 60 58.869892386628273 10.492457029820365 210
2 19 60 27.251224477678655 -10.585015296423121 210
7 18 55 25.450321577073574 26.371130995399461 210
7 18 55 54.767143504620002 47.264286622746248 210
5 12 66 84.698182591305880 49.297239940282765 210
5 12 66 97.105641635947947 -13.209631428274307 276
7 18 55 90.585061884228310 16.073162832203380 276
2 19 60 66.142245833134254 -11.703603421131064 276
7 18 55 55.403011199460721 23.703582847801783 276
3 30 105 17.504832727681766 -5.753641538097002 276
15 27 93 19.781405431368547 51.200877305668399 276
7 18 55 64.165446675217382 58.620909843624375 276
3 30 105 -32.921807878771595 72.911964491386826 276
7 18 55 -76.030336531161566 51.801427846714027 276
7 18 55 -49.228569417114393 27.766759561830639 276
4 26 90 -83.996191508055091 0.799882580216085 276
7 18 55 -40.732581372800965 -7.216353323544258 276
7 18 55 -61.198183584318805 -36.833225645244873 276
1 22 98 -47.167267078510690 -74.291647688986160 276
15 27 93 1.053901461483647 -82.993308716483185 276
7 18 55 -21.189595870613452 -43.875194927127374 276
15 27 93 51.889699712129243 -64.780082307643411 276
12 23 105 -76.095930444461004 42.171191230409335 381
3 30 105 -32.921807878771588 72.911964491386826 381
6 27 106 -82.669932119402020 -7.394749716755925 381
3 30 105 -29.448316076472725 13.012591750936842 381
3 30 105 -40.668563677154495 -45.928955936406723 381
3 30 105 15.986437758797841 -26.175201551676750 381
6 27 106 2.666317718394701 -82.957162137000410 381
6 27 106 69.842167365162609 -44.844973606153630 381
3 30 105 79.185889356072437 11.383976760686657 381
6 27 106 17.200137130073312 45.768076992903339 381
1 22 98 -77.679711434038154 41.350482845119977 487
1 22 98 -87.988463931881526 -1.424856100798479 487
1 22 98 -45.789557500304589 11.035171827702102 487
4 26 90 -54.808034390127659 -36.109998387153709 487
15 27 93 -5.455422610663284 -16.788515251910841 487