3 12 54 98.000000000000000 0.000000000000000 0
2 17 53 88.836734693877546 27.514261191782229 0
3 12 54 74.132513018557262 2.518544260214910 0
2 17 53 54.988819185027580 24.302000974154453 0
2 17 53 69.130877987420774 55.221285778781692 0
15 26 57 41.190421726043752 -16.423964055098182 0
2 17 53 21.096951860849060 21.592512225279417 0
3 12 54 36.170574587852336 46.367215006220512 0
5 19 73 40.512698709196101 77.061611206746193 0
3 12 54 70.255750175452505 68.323711603545121 73
15 26 57 78.020537053790648 31.125484700452166 73
2 17 53 43.600883874730087 56.899259647735036 73
4 16 73 36.519938673913025 24.667905114252800 73
15 26 57 1.547594638957655 47.925917770125217 73
5 19 73 20.835944212770571 88.582523269335198 73
12 22 80 86.511411592494397 -16.117557639854340 73
7 27 62 37.560911271006702 -18.319492760613972 73
7 27 62 -14.131343857123593 -2.701850180240736 73
7 27 62 -50.380937042282795 37.322729691513814 73
7 27 62 -82.792254610421111 -5.868779815532697 73
3 12 54 -89.253800218381173 40.469237039723168 73
3 12 54 -29.291322939237755 70.128646489930588 73
3 12 54 -9.853577010318537 84.206076411716182 73
2 17 53 -78.624410356133652 -49.670938144455292 73
2 17 53 -55.516755426453173 -74.611593381453673 73
3 12 54 -54.845297521638024 -33.071125109233321 73
3 12 54 -38.797192670102120 -50.916525936172178 73
15 26 57 -12.696035489425604 -78.534085455970782 73
6 14 50 -53.447297568525585 79.745760906906384 73
3 12 54 96.627741429318647 16.342569757193562 153
15 26 57 81.895397653037577 -18.685391172005168 153
15 26 57 60.732319894815348 28.813283965301977 153
5 19 73 67.298973849085243 -61.252331538155680 153
7 27 62 30.900354127559652 -33.125111939201908 153
7 27 62 9.222742740118029 16.332760685235368 153
7 27 62 25.016332583165333 67.971530227795085 153
7 27 62 -28.020072571456357 78.127303377822528 153
7 27 62 -70.155056765653711 44.353895096235973 153
7 27 62 -82.594563310170969 -8.193784937509690 153
3 12 54 -48.989202640974611 11.597115352604206 153
15 26 57 -31.455840051072759 -22.116104551330064 153
3 12 54 -63.659391645527016 -42.288641940149617 153
2 17 53 39.540679073134470 -84.175618194554318 153
7 27 62 -3.447358471225087 -74.793260916943694 153
2 17 53 -47.116197288615020 -80.181443944720186 153
6 14 50 66.013385269250591 68.463130730591516 153
9 15 94 -28.966483860094424 36.137967759445111 153
15 26 57 -33.948749342162536 76.834122745711227 247
15 26 57 -72.672024417217699 42.128100682363019 247
15 26 57 -23.254090108527350 25.945771781306597 247
2 17 53 -58.621326489139420 1.488490844990110 247
6 14 50 -89.325662894179104 5.759758329725182 247
6 14 50 -93.460872332178894 -21.933201838950879 247
7 27 62 -25.107701412305303 -27.021804386897532 247
6 14 50 -66.077256941857883 -28.601525789837886 247
5 19 73 -66.991127486964558 -61.588869432919950 247
10 14 97 -88.695299546550103 -36.730693409568900 320
8 22 98 -87.996909834754845 -0.737468327472424 320
10 14 97 -89.298449891931284 35.238996110817851 320
10 14 97 -62.692942221844731 -26.344288181659635 320
10 14 97 -66.699230102828494 -54.056192797089494 320
10 14 97 -63.125668122241770 25.289850698461652 320
10 14 97 -51.998452326788566 -0.404216099953441 320
10 14 97 -34.943028225052316 -22.610352835322661 320
13 20 93 -43.417726937675340 -78.834643321102561 320
4 16 73 -72.360330596662578 59.999854632671386 320
8 22 98 -35.999881054530896 48.958219378140647 320
9 15 94 -26.400755003366708 13.225086587215902 320
13 20 93 -2.523302183136273 -12.365287517467870 320
9 15 94 -16.076765336611857 -44.634524207346047 320
9 15 94 -8.791035862182959 -73.736382327154104 320
9 15 94 13.267665995324426 -94.068958955845318 320
9 15 94 19.846842951411084 -64.799274458391324 320
8 22 98 56.766057969726688 -67.242952512346065 320
9 15 94 84.713546963622889 -42.995522567379709 320
10 14 97 58.189259790314743 -31.271095504709180 320
13 20 93 83.012078907051745 -8.036904081340129 320
13 20 93 84.139023528166049 31.947217714954725 320
13 20 93 48.948285994006469 12.931119487350516 320
13 20 93 50.075230615120773 52.915241283645372 320
10 14 97 31.269695685079874 -16.111391504110379 320
11 21 102 13.734905411888150 33.931543958748527 320
7 27 62 13.098221288726300 81.927321203494898 320