3 14 90 96.000000000000000 0.000000000000000 0
8 30 89 71.250000000000000 36.379080527138122 0
8 30 89 57.972155359016298 -22.133301424803477 0
2 19 92 56.772722314247865 -71.118619228928395 0
8 30 89 8.503009322840491 -79.546834207626944 0
3 14 90 16.295618367393079 -36.242385887867030 0
8 30 89 5.149080132746858 6.322325850656121 0
3 14 90 27.911015038065734 43.977263367083182 0
2 19 92 40.460921466502533 74.497745811459467 0
3 14 90 82.026616232957480 -49.876189002079109 92
8 30 89 79.779648986371001 -5.933599886361680 92
8 30 89 38.034739736749316 -49.030729161301217 92
8 30 89 21.583985579280501 8.669987365016926 92
2 19 92 80.164927777531901 43.064885398931395 92
11 29 85 40.525363230282764 70.133408123758301 92
11 29 85 -15.372855538681556 54.661202771675939 92
3 14 90 4.106817791593885 92.995812812026628 92
9 21 81 -64.994499996830839 60.800616527811272 92
8 30 89 -79.125357676488420 11.797362949734811 92
8 30 89 -65.073686948058082 -46.534022682185288 92
3 14 90 -40.807695328527672 -9.830321905276161 92
2 19 92 -17.833566942961543 -33.519758895705564 92
3 14 90 -25.434676578186760 -65.632422010328838 92
3 14 90 -22.067587043777074 -93.429233123607105 92
3 14 90 5.829917524311060 -95.822815976466330 92
1 14 56 95.031324547572282 13.603211191993800 184
10 18 61 90.215491529161582 -18.032334517520766 184
1 14 56 68.296406479675227 5.281903848623301 184
10 18 61 54.659152923108401 -23.666763053911360 184
1 14 56 40.298617891066357 4.930003084823507 184
1 14 56 53.992757184309021 29.352749634244752 184
13 29 66 7.662961236755926 -23.068459636225366 184
10 18 61 14.218193178947448 23.472156326437528 184
10 18 61 33.461113552425857 53.897639321781575 184
10 18 61 68.719046490723173 61.169376728930530 184
13 29 66 -5.048271905665494 80.842531818136848 184
1 14 56 -47.986518454716624 83.146220879815942 184
1 14 56 -69.937143257421397 65.763181134970324 184
9 21 81 64.399047762251655 -61.430958378615827 184
15 20 70 24.144448640961201 -69.213454738024041 184
9 21 81 -82.601919446695518 33.134919702960268 184
13 29 66 -79.248680491380554 -16.752511464705197 184
13 29 66 -38.567632064847430 -58.093197222419320 184
13 29 66 -32.709068104047873 29.863316899980688 184
6 18 94 33.772692150770062 -85.576896793990571 265
2 19 92 -2.834231152782756 -90.955852663655435 265
2 19 92 11.731648725196223 -55.858343587080107 265
6 18 94 48.602820687894123 -52.773432227387566 265
11 29 85 -44.729550431981444 -67.529751355627170 265
6 18 94 -15.454669063498070 -30.760452737605839 265
6 18 94 18.748741037532731 -19.529836660973885 265
11 29 85 -78.411842970268737 -20.312136323043870 265
6 18 94 -35.597516787745164 -0.923132389461401 265
6 18 94 -1.394106686714360 10.307483687170546 265
11 29 85 44.661611774234267 19.681426136633096 265
6 18 94 66.859624394382848 -21.746200342755323 265
6 18 94 70.810367099327721 58.735780502675262 265
6 18 94 35.506502507149676 65.781143861449394 265
15 20 70 -85.475799827020779 28.176011852834591 265
15 20 70 -46.166538196557845 35.577494816931356 265
11 29 85 -11.302951796117149 70.009026053561058 265
12 19 111 -2.834231152782756 -90.955852663655435 359
11 29 85 -44.729550431981444 -67.529751355627170 359
11 29 85 -78.411842970268737 -20.312136323043870 359
9 21 81 2.570897653087659 -51.322727848774264 359
9 21 81 35.009753211746997 -78.000820922388741 359
9 21 81 70.069580276347807 -54.874893347472209 359
9 21 81 87.432178491198655 -16.631721627155144 359
9 21 81 45.631321152688024 -20.716856357550505 359
9 21 81 -28.411863014165185 -20.267365917157804 359
9 21 81 8.730126609773793 -0.659392876192825 359
9 21 81 44.550996791565325 21.269247287283761 359
15 20 70 -85.475799827020779 28.176011852834591 359
15 20 70 84.128930221553631 31.973787698315611 359
14 24 117 -41.819280838050105 22.688904257239003 359
4 26 73 2.456189268421520 45.919977130675946 359
7 19 108 44.757682126883068 61.268713298371516 359
4 26 73 -83.888144042543999 -4.333507712856871 476
4 26 73 -65.263431317157824 -52.883688720725821 476
4 26 73 -70.365246012397421 45.877359924202132 476
13 29 66 -25.040158538884960 77.032398770566061 476
7 19 108 -41.661662934106523 11.220407974158212 476
7 19 108 -29.989010381454626 -24.942406938194363 476