5 10 93 100.000000000000000 0.000000000000000 0
5 10 93 98.000000000000000 19.899748742132399 0
5 10 93 81.766312060385914 8.217823563497323 0
5 10 93 83.766312060385914 -11.681925178635078 0
5 10 93 65.532624120771828 -3.464101615137756 0
5 10 93 63.532624120771821 16.435647126994645 0
11 15 79 78.963536422653917 36.105089049215621 0
4 21 77 43.153180830091415 39.795405070131416 0
3 28 97 27.670149353896111 -6.694117795855773 0
13 25 80 -2.743307917505909 36.711200044249985 0
13 25 80 13.922070203306344 83.852107673297098 0
11 15 79 -25.327981072331916 91.561418593202220 0
11 15 79 -52.616521900504573 79.098050690859139 0
13 25 80 -52.686301955030189 39.098111556605552 0
13 25 80 -29.781930942553505 -5.347245777122993 0
8 10 79 -74.395479612949103 66.822994643754740 0
8 10 79 -86.205178056765902 50.682021232398441 0
11 15 79 -90.499541481846862 26.053614000640092 0
13 25 80 -83.936435450083309 -13.404283044385370 0
8 10 79 -30.663339551522871 67.137374089915596 0
9 13 68 50.347157786314071 73.025612646271199 0
8 10 79 72.889888112914150 68.462137060472031 0
3 28 97 68.619192049737265 -44.893278811435394 97
3 28 97 81.433649962199922 9.620844756771440 97
3 28 97 27.815805130857491 -6.538570939412811 97
5 10 93 47.211461369642322 26.138768595299730 97
5 10 93 60.338594007234391 41.227784093835915 97
5 10 93 79.309232449526050 47.561414734459504 97
12 19 76 57.986771064909966 70.132263484545547 97
13 25 80 19.924811040558403 48.057680836063518 97
5 10 93 31.181093502154887 81.198231603133692 97
5 10 93 20.228525042252929 97.932664492573394 97
10 20 68 -8.587940690992639 89.589325673810009 97
6 21 65 -25.868911442551976 52.409115213354696 97
1 15 63 -43.229674184970293 84.594298093082571 97
6 21 65 -67.500347984456653 58.006060217681217 97
9 13 68 -91.041199324447348 33.473870788515725 97
11 15 79 -94.826978465492289 5.730982036707079 97
13 25 80 -55.602880887174535 13.571273432223478 97
11 15 79 -78.344092535419989 -19.335219738117615 97
13 25 80 -41.259923740008368 -34.327365173425378 97
11 15 79 -78.337738151927425 -49.335219065147783 97
9 13 68 -63.665158212645778 -73.182973632934477 97
4 21 77 -31.219250127236780 -83.344816404459294 97
4 21 77 10.477703121439198 -88.381093777453231 97
9 13 68 44.410005606972398 -86.236601289641982 97
9 13 68 31.049829564873129 -61.311043655679050 97
9 13 68 11.511441651230378 -44.157286115827347 97
9 13 68 -13.122468152933724 -8.787521926345677 97
1 15 63 -7.101142952469047 18.557379661157785 97
5 10 93 -7.636373648293776 -63.223982997790550 97
5 10 93 97.852060173647558 -20.614905281685321 194
5 10 93 99.997333324658570 -0.730293062495548 194
5 10 93 98.142713142683235 19.183530879194052 194
5 10 93 81.704117422932256 -8.814738125258208 194
13 25 80 63.184039219874776 20.883859541174381 194
4 21 77 72.465590670073851 -38.406115643662446 194
4 21 77 36.554993128332434 -16.624724866325103 194
4 21 77 17.184676318059957 20.641759092718786 194
13 25 80 35.789606073758399 62.711422613901441 194
9 13 68 73.788779760492019 62.962020150703580 194
1 15 63 11.285751622822488 94.327259105244650 194
13 25 80 -14.204160779492994 63.500900810397624 194
5 10 93 99.997333324658570 -0.730293062495548 287
13 25 80 80.207627372118750 28.137812838515867 287
13 25 80 71.539111283646733 -21.105022465961692 287
4 21 77 60.085404057598183 -65.656258035583818 287
13 25 80 24.123694435118132 -36.972544171643079 287
13 25 80 8.745459379647173 -84.548902655439250 287
13 25 80 -24.767758159140133 -47.442781190134909 287
13 25 80 -74.371130097091907 -41.157441709628031 287
4 21 77 -88.965832824109469 2.465885218862731 287
4 21 77 -47.445173559630426 -3.861424971339002 287
12 19 76 40.213939704916896 9.793741677012317 287
4 21 77 39.621785297484053 49.789358351314988 287
12 19 76 -7.526223645822446 -6.406506066096089 287
9 13 68 70.138875444496506 64.779595472825619 287
10 20 68 3.123433985438099 31.111286943846995 287
4 21 77 4.038262397039123 72.101079441215504 287
14 14 115 36.704504573861925 84.667567496561858 287
2 11 120 -92.896433931569135 34.223567359315581 287
12 19 76 -62.920436166160172 33.023751553369976 287
12 19 76 -32.469881212447916 55.756188796458318 287
9 13 68 -26.434202651023689 87.181824578462226 287
1 15 63 -62.649677955467681 71.414409274852844 287
2 11 120 -33.806612522478353 25.785984436047553 287
2 11 120 -83.044549335928153 53.894367290029436 407
14 14 115 -91.115158240385355 30.232894979302525 407
2 11 120 -67.471293599340456 38.354943048351799 407
14 14 115 -68.749182744343926 13.387624423135300 407
15 15 113 -58.617714093838615 62.801090596375758 407
2 11 120 -45.559084488991090 40.318381844016763 407
7 20 108 -88.905472086714354 -13.993463939941950 407
15 15 113 -53.989117835324429 -11.575157550866141 407
14 14 115 -65.166916084480306 -38.334395699609615 407
4 21 77 -30.167686539727221 -38.566626777811571 407
7 20 108 -55.382753837186591 -70.896185716723735 407
15 15 113 -26.826700920614375 -91.133572944968577 407
15 15 113 2.928936031001793 -94.954838390291087 407
14 14 115 -8.787505305396010 -68.427022754420321 407
15 15 113 20.146169649968687 -70.387240491637741 407
12 19 76 54.027462082744748 -73.225906214246194 407
7 20 108 35.473785287969477 -38.921954876316939 407
7 20 108 75.437381035807292 -40.628124534762335 407
7 20 108 89.937672614038561 -3.348887094247580 407
7 20 108 82.506118034351772 35.954700484103789 407
9 13 68 58.224136780859340 -12.473121032373967 407
9 13 68 58.298929088360410 13.526771392609998 407
7 20 108 43.099314836905066 42.817925801525938 407
6 21 65 25.152924116329949 5.954297926553359 407
6 21 65 2.135922598224099 41.085731730420704 407
6 21 65 22.104896040875669 78.034887331688196 407
1 15 63 -9.919057001059542 94.480750993044765 407
1 15 63 57.932812011966938 74.519145991881885 407
6 21 65 -23.818582500059456 8.065076602104837 407
1 15 63 -30.180111130734716 72.356337202971758 407
1 15 63 1.221827921798242 -20.939988361208027 407
2 11 120 31.959560051022134 -93.548497090369565 407