5 13 101 97.000000000000000 0.000000000000000 0
6 17 100 88.443298969072160 28.753832222285070 0
6 17 100 72.197729258507948 58.621565058561728 0
6 17 100 46.302422581492671 80.654111259655437 0
6 17 100 54.454298724127831 29.618622572123783 0
6 17 100 28.558992047112564 51.651168773217485 0
6 17 100 12.313422336548335 81.518901609494137 0
6 17 100 -5.430008197831768 52.515959123056184 0
2 19 102 -23.627646182083147 83.577928986445912 0
5 13 101 -55.383729373624234 79.634430497550198 0
7 20 91 -42.300532716582595 49.338721804186136 0
5 13 101 -73.262198081676630 60.756921216525029 0
2 19 102 -85.489680067462260 31.185166377028469 0
2 19 102 -52.816126775282385 11.783132585101345 0
5 13 101 -82.299714564259688 -0.655438518110973 0
9 29 103 -59.273119613142050 -35.780585136412284 0
9 29 103 58.259942236930250 -16.223684061088569 0
5 13 101 28.936010873063783 13.844688847455195 0
2 19 102 -2.944989322549862 16.601829853512520 0
3 18 113 -15.715575083537043 -18.124415830714156 0
5 13 101 -19.377173900341329 -48.907409416536467 0
1 13 97 -34.748704014738756 -69.876817179803737 0