8 12 78 98.000000000000000 0.000000000000000 0
14 14 70 92.571428571428569 25.426966241470851 0
9 19 77 67.288458738570981 4.219150785115774 0
9 19 77 64.083697215041454 42.083771522385874 0
9 19 77 32.894354513667253 20.376056261303333 0
9 19 77 29.689592990137726 58.240676998573427 0
14 14 70 56.298376325597751 77.759197675267814 0
12 16 64 86.055079088791729 -25.324274213192751 0
14 14 70 56.092568541475472 -26.823594626567463 0
6 39 91 3.156201671221190 -29.419950260498364 0
8 12 78 1.917162558335423 21.564996361781620 0
8 12 78 1.402017707171826 45.559467095313536 0
5 24 70 -37.917322334804204 -77.189874121924561 0
9 19 77 2.819457027041864 -90.956311831959553 0
8 12 78 -46.226413954755209 -42.161899637931626 0
5 24 70 -7.071564854234463 80.548013772405326 0
8 12 78 27.876360822384584 89.187602356447442 0
8 12 78 -42.193196024602678 88.451875102958965 0
14 14 70 -62.805584430913513 72.604810889440330 0
8 12 78 -81.455298323758299 54.488846335626690 0
14 14 70 -91.080810069947646 30.336216590110958 0
5 24 70 -85.691345231627693 -7.279653315508863 0
15 30 93 -47.033275790252304 30.423843433012998 0
8 12 78 -70.102843471518341 -39.729593421386838 0
8 12 78 -51.572604832692051 -18.764928827660803 0
11 13 58 -89.439715871806740 37.543804079641184 93
13 12 57 -97.034109828165157 13.725215111450236 93
13 12 57 -73.475127464366295 18.304991304913678 93
4 16 61 -61.035049537715544 43.389736892199522 93
4 16 61 -92.955197924206303 -13.976093119024075 93
11 13 58 -65.279260504378087 -5.313386386498017 93
5 24 70 -64.719803141144183 -42.309156515780678 93
5 24 70 -28.662533803789074 -10.625196410809096 93
4 16 61 -25.568528402485573 -50.505356021531625 93
14 14 70 -44.008575742592789 -74.168928323587053 93
6 39 91 -6.250528783537270 48.253509680376439 93
5 24 70 19.319823419049499 -9.323891166098612 93
12 16 64 6.252892290437773 -47.129384297125455 93
13 12 57 -7.233632923049866 -71.667388243371008 93
12 16 64 10.391856234336872 -93.423815614675433 93
11 13 58 -22.970814985688396 -91.092657886991617 93
14 14 70 39.775188846837239 -87.372388957830566 93
12 16 64 63.634189675054671 -69.185908279064790 93
14 14 70 35.154695743408453 -59.756251583440800 93
2 18 102 38.501108417509911 83.556356135384149 93
5 24 70 67.551672491387166 53.223787385119138 93
12 16 64 48.467221031736962 18.070071898925431 93
12 16 64 59.225639288524526 -12.067221221260734 93
12 16 64 75.653133043084253 -39.528784340353241 93
12 16 64 93.134597588108306 -12.725829328618659 93
14 14 70 92.747318885647502 24.777708520442623 93
8 12 78 66.267838064421113 72.198155366101020 195
7 26 90 76.129747896429066 35.500161763380099 195
7 26 90 82.439600811924848 -16.115589283997004 195
6 39 91 20.151402797526536 2.463441587367246 195
7 26 90 28.638007996010078 66.907041209091290 195
6 39 91 -7.015782076926245 -70.652521553367649 195
7 26 90 -68.278323842522667 -48.929239655400337 195
7 26 90 -83.997577557917666 0.637937615764109 195
7 26 90 -39.686095387112381 27.849930336371806 195
4 16 61 -44.696303399800790 -14.174552031440204 195
11 13 58 -5.959081441120183 47.432793515356835 195
11 13 58 -9.860964319328501 73.138343694350183 195
13 12 57 2.750021603059850 94.724520615364312 195
13 12 57 -57.233520731496228 -79.550764324910105 286
4 16 61 -30.808087932034987 -88.808004807967620 286
13 12 57 -40.357084656335985 -62.486594101865848 286
4 16 61 -12.357637997462842 -62.662624772254873 286
13 12 57 -2.808641273161843 -88.984035478356645 286
4 16 61 -66.782517455797205 -53.229353618808318 286
13 12 57 -90.311385471711503 -38.050672190907967 286
5 24 70 27.136780990591639 -69.002251637930954 286
13 12 57 62.557203881818850 -75.436040739745536 286
11 13 58 59.266597400084386 -50.653548754830709 286
11 13 58 84.975974038598139 -46.776958389697526 286
5 24 70 36.056977194465063 -21.838387295784408 286
13 12 57 71.871639552423417 -25.486669108561578 286
6 39 91 61.252857266661955 35.903864369590330 286
13 12 57 48.347322507205021 85.243981643188789 286
7 26 90 11.177203476250106 77.345738090053459 286
7 26 90 -40.679837764669827 73.492522064766177 286
13 12 57 -12.697789166260268 47.782505412958159 286
13 12 57 -33.685696365576327 36.141725740062654 286
1 25 104 -76.454456952857811 37.144528695941361 286
7 26 90 -61.383513734941729 -11.577813925512604 286
10 28 97 -9.715389633296006 4.119477299948446 286
3 16 115 -58.168220265901780 73.840762124300511 390
1 25 104 -76.454456952857825 37.144528695941347 390
1 25 104 -27.387164987247971 46.757065258243642 390
10 28 97 -80.482554631231650 -15.702178193830687 390
10 28 97 -25.294340411592430 -6.201598672179795 390
6 39 91 34.798617262504791 61.887448134639584 390
2 18 102 18.708474347733308 7.205574529374111 390
10 28 97 80.916570581470623 13.285654117652012 390
2 18 102 45.832371959074820 -16.464959439454347 390
7 26 90 -45.054950716842633 -56.456133595548053 390
15 30 93 10.738500864366685 -51.650848936419990 390
2 18 102 52.276854956681774 -75.704229973219171 390
3 16 115 -17.384486951264829 -88.052738397296082 390
3 16 115 -10.251094119560982 93.439365737101951 390