12 11 87 99.000000000000000 0.000000000000000 0
12 11 87 96.555555555555557 21.863775779997951 0
12 11 87 78.843192529652626 8.814936902970350 0
12 11 87 81.287636974097069 -13.048838877027592 0
12 11 87 76.398748085208183 30.678712682968296 0
12 11 87 84.861216147439819 50.986017632067515 0
12 11 87 63.043340148006621 48.161077478124973 0
12 11 87 61.130829503749695 -4.233901974057249 0
12 11 87 58.686385059305252 17.629873805940697 0
10 14 85 88.602132246115488 -36.954866546124379 0
12 11 87 65.228357091938193 -28.085445198484816 0
12 11 87 45.071549621590819 -19.270508295514471 0
10 14 85 37.397870909949013 4.522655744404550 0
15 16 82 37.623088078725324 34.521810352941245 0
15 16 82 42.856269216248620 66.091001270382748 0
8 31 77 -3.358123371299826 57.533553183251357 0
10 14 85 -35.228689254517398 89.302516500984737 0
10 14 85 -59.498354698769674 75.338873021431596 0
8 31 77 -72.159191922306334 32.156663712514693 0
8 31 77 3.469514101171931 -25.038579078523775 0
15 16 82 -22.068049397662051 14.418142155545112 0
10 14 85 -45.609926513263069 -4.177019093391159 0
14 19 63 66.835168814402280 -61.758078091455772 0
10 14 85 34.043326520284694 -58.057391809464093 0
10 14 85 8.599378769249345 -69.745228343339093 0
13 13 49 -96.908020651068512 -4.223213645090517 0
13 13 49 16.324649313362084 -95.616451642987386 0
13 13 49 41.136157789328244 -87.845412642502225 0
13 13 49 26.384188157084651 89.958773382172566 0
13 13 49 -72.049706008035372 -11.843200069485549 0
13 13 49 -91.077965149570588 -29.561138833421424 0
13 13 49 -17.695231348065718 -63.613876226685498 0
7 14 57 -65.437567991184821 -38.021046253733019 0
9 13 116 94.111111111111114 23.496782022908963 87
14 19 63 76.077815892041443 49.931612522495669 87
8 31 77 77.128490238095509 -17.093741357350819 87
10 14 85 56.877722085622445 23.092156532764594 87
8 31 77 26.481809564046458 56.274810163550370 87
10 14 85 5.089787937194025 95.864978270244208 87
7 14 57 -14.180529376050728 75.551069964680266 87
14 19 63 -47.099446696080037 77.862970152204667 87
8 31 77 -30.066894809310533 30.853479873916115 87
3 16 75 -74.975266124809821 56.698407998055316 87
11 20 112 27.907869073436050 5.294751765430824 87
7 14 57 -4.177629563107002 -5.953393737023980 87
8 31 77 -42.253696283171635 -29.936995283271933 87
4 16 81 -89.251647855891520 -29.498192402381797 87
4 16 81 -78.077590666065106 0.487478274101150 87
9 13 116 84.489064307578104 47.650792358888751 203
5 16 97 91.929308766976874 19.621472667101965 203
5 16 97 61.604163998584369 29.838399542441586 203
5 16 97 67.918618160128545 -1.532409638096894 203
6 13 97 41.050183324400990 9.380298984342449 203
8 31 77 17.729832528777269 46.691975960445419 203
8 31 77 33.981569942003816 -34.048202081779969 203
1 16 91 3.646643170883756 1.851550254284747 203
6 13 97 -18.054065177919128 21.088994397418652 203
14 19 63 34.904612448489416 -84.039681281051728 203
1 16 91 3.083737073815115 -69.464637871529874 203
1 16 91 -12.427856681594630 -41.475524645721279 203
8 31 77 -48.186322635306446 -10.974178566617930 203
1 16 91 -84.934634797482516 -40.275399586078237 203
14 19 63 -89.307370233478849 17.469791698252624 203
14 19 63 -57.435792720318744 38.162847219915619 203
7 14 57 -27.058182811306882 51.054736771719270 203
15 16 82 -16.335728673913856 79.073105340775953 203
15 16 82 -48.297169166723137 80.643558022206136 203
13 13 49 10.489275536008165 90.092141103385401 203
13 13 49 36.488372638561906 89.875461958142097 203
7 14 57 55.676298707110440 70.880107442158035 203
9 13 116 68.796807335916426 68.381278873568860 319
5 16 97 83.415010705155709 43.335158809663525 319
6 13 97 54.599354466386501 46.599811245847427 319
5 16 97 39.981151097147219 71.645931309752768 319
5 16 97 25.830622764503939 42.944667436761740 319
7 14 57 10.144748670741258 68.517179122449264 319
11 20 112 89.654370047864205 7.879970261405081 319
6 13 97 59.394487002368514 21.045815394662689 319
5 16 97 31.995272364372603 11.544076752654547 319
6 13 97 5.179229857179415 22.584903907012517 319
7 14 57 -7.233285052027858 46.562590901981551 319
1 16 91 -19.348591491799827 74.007432855806314 319
1 16 91 -50.958493274358474 78.988809101081912 319
13 13 49 1.550495771315391 94.112858779389626 319
11 20 112 -73.954470439786320 51.290703855287191 319
13 13 49 -40.957918049050839 51.767705244644290 319
13 13 49 -50.853843051224040 27.724605021267035 319
7 14 57 -75.776746220488718 17.339572637328263 319
13 13 49 -96.997846772498121 0.646313777491805 319
14 19 63 -69.067722806583902 -14.971246059072433 319
9 13 116 84.489064307578090 47.650792358888751 435
9 13 116 68.796807335916370 68.381278873568917 435
9 13 116 94.111111111111128 23.496782022908903 435
9 13 116 68.382101155114185 27.240850222636375 435
9 13 116 52.689844183452493 47.971336737316520 435
2 20 118 89.530214113036408 -9.183722604361343 435
9 13 116 58.877749186888508 3.040286310527124 435
2 20 118 36.933164368991918 76.966630169606020 435
2 20 118 20.552692842117366 40.474437133872307 435
2 20 118 -2.860237603196332 72.906438119980194 435
2 20 118 -42.325267168113896 79.426517984535749 435
2 20 118 -28.239307183063627 41.988759887935430 435
2 20 118 -67.704336747981188 48.508839752490985 435
5 16 97 82.775596674771279 -44.544366592596134 435
5 16 97 -91.507831827080125 21.501551439531593 435
11 20 112 -57.446736225716819 9.846433832454892 435
5 16 97 -87.332244649749924 -10.224848793153424 435
6 13 97 60.869514443294435 -25.541115258475045 435
11 20 112 30.217049517146535 -13.317106343586566 435
11 20 112 -3.365542226863894 8.413276344141762 435
11 20 112 -31.186738717006897 -20.326609282924583 435
11 20 112 -66.316969901878707 -39.454255685382464 435