7 10 54 100.000000000000000 0.000000000000000 0
7 10 54 98.000000000000000 19.899748742132399 0
7 10 54 81.766312060385914 8.217823563497323 0
7 10 54 83.766312060385914 -11.681925178635078 0
7 10 54 65.532624120771828 -3.464101615137756 0
7 10 54 63.532624120771821 16.435647126994645 0
2 19 71 80.277628055073677 42.854433071168344 0
4 20 61 41.715433717832504 37.027155156322962 0
6 17 63 58.997030392644128 71.891240112056948 0
4 20 61 24.986797985641033 86.461898697777656 0
4 20 61 -14.947704627227427 88.750020430291528 0
1 13 60 3.518034892649925 61.400130778155088 0
1 13 60 -22.019213820253533 56.516594336670209 0
5 21 83 -52.356902997529943 71.970512770906666 0
1 13 60 -80.907095408939497 53.507400539446515 0
1 13 60 -59.513325955847861 38.732197373737989 0
4 20 61 -87.446906877181974 21.161908334815518 0
4 20 61 -88.007239249224568 -18.834166818039691 0
4 20 61 -71.153727071794947 -55.110317761672505 0
1 13 60 -55.775338775583151 -25.912626527416741 0
9 35 79 -22.266601899995941 8.455448091372457 0
8 25 62 -26.306253778279103 -51.408407553768569 0
7 10 54 -50.411530291217410 -76.784294616781466 0
10 24 91 61.297085244103947 -37.199249612800891 0
6 17 63 38.535105695022068 -3.098043079788333 0
2 19 71 15.156589676737998 -30.474036007586140 0
6 17 63 12.925209826752056 -66.404815904007492 0
6 17 63 42.853659007721816 -82.538257248683792 0
6 17 63 -11.030582499366789 -90.531979310174108 0
15 12 93 17.404092592468022 -96.442198030907605 0
11 11 95 -5.469654915551686 -98.848787929366040 93
11 11 95 -27.164982873540360 -95.200124503491381 93
11 11 95 -47.518830195798643 -86.850220361394918 93
10 24 91 -24.731085989248243 -60.284853547122836 93
8 25 62 21.870236014174246 -75.428062834897048 93
10 24 91 10.561207137345480 -27.750962819658568 93
10 24 91 56.705646258197206 -40.968025209690950 93
9 35 79 73.352231646024052 15.634900464922286 93
9 35 79 5.057529585601035 30.991777441640316 93
5 21 83 48.795247213937998 65.963366720136975 93
1 13 60 92.139980339713873 -30.318707475701235 93
3 32 99 -71.935059416537342 -30.155384705542097 93
9 35 79 -65.499661777754483 36.534836895759753 93
5 21 83 -26.821820312268876 77.032053831874805 93
14 11 78 -98.944881620687781 3.303089624591095 93
14 11 78 -39.781782094529021 -1.604259378262515 93
14 11 78 -29.180371846113285 -25.568807468055869 93
6 17 63 10.756324145046964 82.678562411971271 93
15 12 93 58.840760470737067 -76.904653978948232 93
11 11 95 -98.944881620687781 3.303089624591095 192
11 11 95 -95.772323265968581 25.073134950356994 192
15 12 93 -77.370722418242821 11.275269671953279 192
11 11 95 -82.378511707007434 -11.172938417765923 192
15 12 93 -75.106172412537333 35.168193588285902 192
11 11 95 -56.704571564811573 21.370328309882190 192
11 11 95 -57.678455015833087 -0.608105461063058 192
15 12 93 -78.281884626704368 58.957158507609115 192
15 12 93 -62.686244304597693 -23.056313550782257 192
15 12 93 -83.985716492449384 -34.116715194435727 192
10 24 91 -42.705783835790328 53.448887225734445 192
11 11 95 -34.797155521933192 19.354113459169323 192
15 12 93 -34.879928944774612 -3.645737596010823 192
11 11 95 -39.887718233539218 -26.093945685730024 192
15 12 93 -52.978282122331166 -45.005242232330318 192
11 11 95 -73.814102076285280 -54.745293918353731 192
10 24 91 -7.156456711757407 85.701721845787574 192
11 11 95 26.474658302240698 95.394404803319560 192
15 12 93 26.294017017160641 72.395114189778354 192
11 11 95 46.888456745479701 87.192159188927519 192
3 32 99 62.237218419832729 47.016259351016366 192
11 11 95 -7.813278776144120 50.707885463136776 192
10 24 91 0.095349537713023 16.613111696571654 192
15 12 93 18.242602125391386 47.704544978409928 192
3 32 99 76.468365463291292 -15.381452576805643 192
3 32 99 -10.894677948843885 -57.849317121914389 192
14 11 78 -14.887911577062990 -15.017599429902264 192
14 11 78 80.063489617021332 -58.230899274741738 192
14 11 78 41.349075912655231 9.430550596227068 192
14 11 78 26.286208289539658 -6.604099975846419 192
14 11 78 19.644064819927223 -27.577462370300136 192
14 11 78 30.619687544461542 -46.644074702035574 192
14 11 78 30.728380632024621 -68.643806196140588 192
1 13 60 49.761886570851601 -83.263164994550252 192
1 13 60 25.279905377623933 -92.017169612691987 192
1 13 60 -54.230522815146912 -69.973860400888555 192
1 13 60 56.212061232503061 -55.564560208119460 192
1 13 60 42.230888539326003 87.324406972959309 291
8 25 62 63.869140984703982 56.086832945674566 291
8 25 62 14.183590299517995 61.685587549139058 291
9 35 79 74.944603170132694 -2.882092238520023 291
8 25 62 59.373095339514215 -60.826273515685280 291
2 19 71 25.671222990670334 19.211662663944281 291
6 17 63 -9.479322396726825 26.985925263608152 291
6 17 63 -27.412130924197069 55.872156902869975 291
6 17 63 -56.034042910680533 74.223891268809211 291
2 19 71 -78.474304407802720 46.073675213851899 291
2 19 71 -46.587516554833321 25.404065628285860 291
9 35 79 -71.552101527797561 -22.478807062558911 291
2 19 71 75.286587232355544 51.116824851558604 370
5 21 83 88.016216150869525 13.196427337859820 370
9 35 79 32.265935723289878 18.479062309749356 370
9 35 79 59.102663829074373 -46.172233304307724 370
5 21 83 42.197390727246699 73.591367664401162 370
9 35 79 -13.752652027825384 71.226475340085770 370
9 35 79 -36.423957820449402 4.999502786168350 370
5 21 83 -68.018356703310417 57.397762599087670 370
2 19 71 -88.096876925496872 22.802198928477395 370
3 32 99 -48.801825038819196 -60.847201027495750 370
2 19 71 -82.734287688187067 -22.773745989250866 370
2 19 71 -86.914896715385481 -26.959241995165101 469
12 21 101 -65.216454868412569 -60.562480253010648 469
12 21 101 -47.147940491782052 -22.647723386831267 469
12 21 101 -23.347055055675490 -57.252894278727339 469
9 35 79 7.525638228632310 -10.531627072314190 469
9 35 79 74.236705369701809 10.672936608641773 469
9 35 79 -47.010750964279126 33.352108568573243 469
12 21 101 -25.798110834433139 85.178973211552062 469
12 21 101 16.136318093283396 87.524963515515822 469
12 21 101 54.477202630575498 70.379218477809331 469