3 11 78 99.000000000000000 0.000000000000000 0
3 11 78 96.555555555555557 21.863775779997951 0
3 11 78 78.843192529652626 8.814936902970350 0
3 11 78 81.287636974097069 -13.048838877027592 0
3 11 78 76.398748085208183 30.678712682968296 0
3 11 78 84.861216147439819 50.986017632067515 0
3 11 78 63.043340148006621 48.161077478124973 0
3 11 78 61.130829503749695 -4.233901974057249 0
10 21 76 46.775008996028198 75.717227454665036 0
5 31 76 26.226301733648981 27.949553973061981 0
10 21 76 4.776891119186836 75.319616082924142 0
5 31 76 31.339491031258884 -33.839241898089355 0
10 21 76 -12.824135522502075 -6.387937928697668 0
5 31 76 -34.400896740234842 40.924252628841977 0
5 31 76 -78.970038965054442 -2.175533465102887 0
11 15 58 -84.457688172560808 43.495964278844106 0
11 15 58 -29.393308681436988 86.650875747473705 0
12 12 94 -69.399153030509623 65.906687591035748 0
12 12 94 -85.419565382320258 48.036422117967064 94
7 18 91 -90.139181862192459 18.409994383882754 94
13 21 89 -54.981017218788892 35.289077857440425 94
7 18 91 -61.338608520661197 -3.189241139604619 94
13 21 89 -45.845646042125715 76.283528621715732 94
7 18 91 -18.336781035988054 48.638233432948169 94
7 18 91 -23.017167651580714 12.943780346669048 94
13 21 89 -29.374758953453021 -25.534538650376000 94
13 21 89 -68.187681070696740 -41.583123532563391 94
12 12 94 -88.619608916721020 -15.669105617642177 94
1 17 72 -11.386089677577253 92.300362739558992 94
4 39 119 32.947267677975290 23.759601085010814 94
13 21 89 12.046580895441881 -32.482387606876969 94
12 12 94 -12.875121410549895 -54.113586236900318 94
12 12 94 -36.600519343028822 -57.733737193079470 94
6 32 119 68.184960290658950 -37.878901649351732 94
7 18 91 91.790998293690862 6.197792530219097 94
7 18 91 28.245286103867908 -67.959168035355987 94
12 12 94 55.311018379832397 -80.899266039846381 94
13 21 89 -6.112371163723354 -86.413202474543880 94
11 15 58 -56.741788745801813 -75.715096064002466 94
12 12 94 56.270266375800972 -80.235011821500990 213
7 18 91 73.330194862552560 -55.557920420225145 213
13 21 89 86.945680033538792 -19.011804846081645 213
12 12 94 97.218916579131928 12.348370709522172 213
10 21 76 79.431882741826925 40.144439267333873 213
5 31 76 35.258865304897768 -24.710329497878543 213
10 21 76 23.627460788660876 -75.392776449260680 213
5 31 76 -21.525425140017902 -49.600977514100620 213
10 21 76 -73.522482129551236 -50.154208412752553 213
5 31 76 -78.984633076003306 1.558119972635140 213
10 21 76 39.503658204709417 27.116128351734424 213
10 21 76 48.184922251956955 68.209140586687070 213
5 31 76 -2.699416136441158 57.495406094223924 213
1 17 72 -78.696116098285870 49.557252860152694 213
1 17 72 -46.649658622360981 38.198354883511747 213
2 23 75 -25.065993577785012 4.521279546666509 213
11 15 58 -46.910977965709016 70.197287868859746 213
8 13 113 -2.653624504643084 -96.963695664863963 213
8 13 113 -29.468809077635647 92.415308751017321 213
8 13 113 24.204470260502795 92.311794429896167 213
8 13 113 -52.957841667892936 81.267871916756761 326
11 15 58 -72.580889505188765 61.294489790156334 326
11 15 58 -88.075247872381723 35.605487108288770 326
5 31 76 -43.091319994786801 25.990590712417461 326
1 17 72 -24.979172407508138 70.442251083843814 326
2 23 75 6.933358345772902 46.326066043068984 326
2 23 75 41.850177037716477 76.272948559183092 326
1 17 72 5.442585764172215 92.840606741875774 326
11 15 58 -0.333305128245486 9.027331453871899 326
7 18 91 -86.180530355669489 2.659925259507624 326
2 23 75 -78.452831267396945 -37.605229239154269 326
2 23 75 -33.650301855999757 -27.177700368856666 326
1 17 72 -48.633028919537757 -64.265675370729255 326
6 32 119 71.910290200215130 30.214403242838422 326
2 23 75 83.768258900463408 -23.492100816762527 326
2 23 75 33.197035252770256 -8.853280222836069 326
9 22 98 7.361821868013386 -45.698113637632233 326
2 23 75 38.854567415700863 -77.841650746491467 326
1 17 72 -0.690419475080688 -83.857796672906076 326
11 15 58 72.885113188168305 -60.932423844353139 326
8 13 113 52.644962140138830 -41.584651736098621 326
1 17 72 91.855969359950052 -14.542382643291905 445
1 17 72 90.944360176262791 19.445394110950467 445
9 22 98 56.312925871034608 1.510407131232187 445
9 22 98 61.645587498501762 45.186060760765187 445
2 23 75 20.013056617791740 28.105885923641111 445
9 22 98 27.175493676559235 72.532223780583521 445
8 13 113 2.126185573616066 96.976694802960509 445
9 22 98 -16.519035993544016 67.356503839506047 445
1 17 72 -54.723063703552114 75.195653457477036 445
15 17 70 -78.093689488885701 50.501244163025355 445
15 17 70 -91.026541537469157 19.056986533221913 445
15 17 70 -91.793052735397694 -14.934372083100715 445
15 17 70 -61.972417065550971 1.397489055369244 445
15 17 70 -62.738928263479508 -32.593869560953380 445
6 32 119 57.712624165077408 -52.471449493801138 445
14 25 119 11.481314900754874 -19.129793210608383 445
15 17 70 -28.770899248561225 -31.119758017796002 445
15 17 70 -44.478295711634196 -61.273989832780821 445
15 17 70 -6.706152535639063 -56.987632930408957 445
15 17 70 -22.413548998712038 -87.141864745393775 445
8 13 113 -11.666575445890899 11.006151647644577 445
8 13 113 -24.913915616544656 33.378187281510876 445
8 13 113 -74.465192775928585 -62.160558755884701 445