11 12 81 98.000000000000000 0.000000000000000 0
4 25 71 78.877551020408163 31.675415467250108 0
6 19 75 69.103768931720779 -11.225320932989620 0
12 20 71 38.161043304686018 12.513839346389393 0
2 24 69 36.623716494599819 56.486974625545805 0
4 25 71 -3.271070164736358 84.937036091315150 0
9 33 83 -12.618158978004750 27.695163910918446 0
12 20 71 -47.466423979127157 76.465277051964847 0
12 20 71 -75.913201018377009 48.344450675785787 0
12 20 71 -89.364777856465963 10.674103178463852 0
5 18 62 -87.857435490056957 -27.295989249530432 0
12 20 71 -54.544886440137574 -9.012825524487782 0
4 25 71 -54.163265031035664 -54.011207329838463 0
12 20 71 -18.563154291249411 -26.486089431544990 0
4 25 71 -6.758366869198866 -69.910126483852750 0
12 20 71 36.513733481435239 -82.260241108610387 0
7 26 90 31.869021707225297 -36.495334766146229 0
5 18 62 68.210538975386953 -61.300457677510906 0
11 12 81 -37.461708345313390 -90.557276945868225 0
13 20 111 76.590922381855819 -47.263417234649232 90
13 20 111 89.507117853302262 -9.406160406619726 90
13 20 111 84.742894983355654 30.309103415309970 90
13 20 111 50.263673986913581 -17.149035422116334 90
13 20 111 45.499451116966981 22.566228399813362 90
13 20 111 58.415646588413424 60.423485227842868 90
3 28 106 10.660157234010093 55.584762615265191 90
8 27 96 5.651984318595723 -2.357242260443817 90
3 28 106 -39.015741567293936 29.733165405757976 90
1 19 106 -86.015732161682791 29.703431126549162 90
3 28 106 -80.231300465374545 -16.939256938685087 90
8 27 96 -52.392981803554264 -64.373717134653901 90
8 27 96 -1.700670585894457 -82.982574794701776 90
11 12 81 62.113964025705528 -75.801421312620249 90
1 19 106 36.833290190366995 -57.860196983404848 90
11 12 81 37.840242935490238 84.931703533531177 90
11 12 81 -69.330129902435658 55.829867493689008 90
1 19 106 -45.975362209457344 76.215029401484017 90
11 12 81 -17.348684056835530 -47.259477582768341 90
5 18 62 -34.510974729729099 -22.653466551739552 90
11 12 81 10.809668061434332 -41.014690422587918 90
11 12 81 62.113964025705528 -75.801421312620249 201
9 33 83 70.243257442123422 -31.541794240651104 201
9 33 83 68.866692166773262 34.443848652653337 201
9 33 83 12.409731773798576 0.258886707580359 201
9 33 83 11.033166498448427 66.244529600884817 201
10 15 58 37.648111800244152 -87.221669772346814 201
9 33 83 -4.153606237319465 -63.628951211146024 201
9 33 83 -51.200427862240232 -17.340760762686195 201
6 19 75 -55.449910340028573 -72.154746505568099 201
6 19 75 -89.162099018921637 18.196705705704360 201
6 19 75 -54.851827974084010 34.530881559716008 201
6 19 75 -40.841424248009531 69.853800287256050 201
14 13 113 55.391010500330523 78.425731327508217 201
14 13 113 -81.167156333606243 -53.112077089075740 201
14 13 113 -83.324165348844758 49.659676488257347 201
14 13 113 32.795295783411333 91.287833660781786 314
1 19 106 57.293121943561488 70.700057835621280 314
13 20 111 19.496678182803976 61.086065998725708 314
14 13 113 45.609736982302735 40.909144525569282 314
14 13 113 22.893374777282137 28.261342812610945 314
3 28 106 -18.006331398957595 31.127356542036829 314
14 13 113 -11.766838031455354 71.649803685773051 314
1 19 106 -42.533538137739477 80.448108327576364 314
8 27 96 80.300569640855954 20.995678492347988 314
1 19 106 39.049825800371082 0.639447686850144 314
1 19 106 2.870388214212424 -10.981580492672112 314
3 28 106 -43.484667499723344 -18.741014090423352 314
1 19 106 -71.144776262809756 -56.739940170172382 314
1 19 106 -90.101795196614290 -12.754077871307366 314
3 28 106 -26.754510128453248 -72.183523709008227 314
1 19 106 -64.361387112893368 23.367922944285585 314
8 27 96 76.222503283075881 -32.850114052488266 314
1 19 106 30.423939822086329 -37.150298340366319 314
6 19 75 20.219229260159693 -73.754449503141601 314
10 15 58 -71.466303427483780 62.590474310479713 314
10 15 58 4.938917280104400 94.120178392713143 314
10 15 58 -33.959348547432491 88.722954449420769 427
2 24 69 -61.001148488109919 60.620622589441986 427
5 18 62 -87.598588782137426 28.115604979761439 427
5 18 62 -52.655065972787099 19.458225834060709 427
5 18 62 -77.624337647832718 -6.475063043707276 427
2 24 69 -37.803615119356962 -19.828341941047235 427
10 15 58 -71.791178873752671 -38.955430324826082 427
4 25 71 -9.663021449648738 20.285333880502421 427
5 18 62 4.192198474199895 -20.421334871211812 427
5 18 62 -11.694069775440715 -52.726543137069818 427
5 18 62 -46.762861134897349 -60.861644401768373 427