15 10 61 100.000000000000000 0.000000000000000 0
15 10 61 98.000000000000000 19.899748742132399 0
15 10 61 81.766312060385914 8.217823563497323 0
15 10 61 83.766312060385914 -11.681925178635078 0
15 10 61 65.532624120771828 -3.464101615137756 0
15 10 61 63.532624120771821 16.435647126994645 0
11 19 55 80.277628055073677 42.854433071168344 0
6 23 77 33.241890668198366 3.340935717225158 0
15 10 61 50.406551227264572 31.525584515676357 0
11 19 55 46.498816782529076 60.261095847640306 0
11 19 55 21.094794566830917 88.521238367880969 0
15 10 61 -5.603912202329969 99.842857371113823 0
15 10 61 -25.360311712100636 96.730835775698182 0
2 17 89 -11.617121541404236 73.490252221663354 0
13 26 98 -53.688656692590634 64.602849337665774 0
14 22 75 -16.102122291070856 34.748998134121344 0
15 10 61 -47.603305561376622 29.120903201499107 0
9 14 76 -86.475417558451483 41.689353054364616 0
14 22 75 -87.814277051591731 5.714258123876551 0
14 22 75 -79.603895738855812 -37.512928214115384 0
8 13 78 18.861513787054548 36.344038007104885 0
8 13 78 -66.983565097159101 -70.158406530327142 0
14 22 75 -37.712299287060191 -50.970050741606343 0
6 23 77 -7.875098151202812 -17.284127444502090 0
11 19 55 -46.080739377971021 0.160899882833039 0
6 23 77 6.132841801469791 -61.099394398867659 0
14 22 75 49.617759701457636 -72.677905323477830 0
9 14 76 -23.047749025946537 -83.847869489803003 0
11 19 55 71.198453419196156 -37.817129964040376 0
8 13 78 0.533175593475100 -96.998534647625078 0
9 14 76 38.511583401811222 -33.281876005706600 0
4 12 90 -86.673574338205498 45.735014064057808 98
7 16 90 -67.136642366843532 65.792638278963622 98
7 16 90 -92.204114454830361 18.286642053710739 98
4 12 90 -63.963409049742175 37.973030260243476 98
7 16 90 -38.972656353117003 50.600867749541550 98
7 16 90 -61.268233112034132 10.103045928263672 98
4 12 90 -82.612571360506820 -8.019294558957785 98
7 16 90 -86.965624006390811 -35.678848652655006 98
3 19 92 -32.502405388512159 84.997609636746944 98
4 12 90 -12.951514812775770 60.940122700336019 98
7 16 90 -12.282196933568883 32.948123601011687 98
3 19 92 -53.929745317315366 -24.118973253642643 98
7 16 90 -63.757951795723557 -57.710733514423488 98
2 17 89 -31.243398122044830 -52.071247775327649 98
7 16 90 -43.688215115053410 -82.634731379303901 98
6 23 77 -4.693551897148581 -81.989564329478256 98
2 17 89 1.367315824088468 -42.451407032182942 98
2 17 89 29.599052841628001 -61.397884936334094 98
4 12 90 29.281870278235345 -90.396150319309669 98
6 23 77 -15.007235042929070 -5.956556931059701 98
2 17 89 23.531670585893451 -16.668828068998273 98
2 17 89 51.763407603432988 -35.615305973149425 98
2 17 89 63.009598579726671 -67.701489736955466 98
4 12 90 84.992811992699075 -48.787517968981632 98
3 19 92 89.187336537300169 -18.072603613822832 98
7 16 90 92.491792622096682 16.771055349949215 98
4 12 90 67.522703663550629 4.100435926250398 98
4 12 90 66.882446527328767 28.091894214556199 98
8 13 78 85.397914183709915 44.890032726471844 98
6 23 77 52.780638612814442 60.125298865672214 98
3 19 92 22.655442926234763 30.859745994672473 98
4 12 90 17.806796693818150 61.478214762931813 98
8 13 78 26.631834364221742 84.868783591328395 98
4 12 90 -62.108386983570597 75.805990965747810 190
7 16 90 -36.315326293692948 86.701770894155402 190
7 16 90 -42.940755253347085 55.395163107610138 190
7 16 90 -74.601458309619659 50.747595788836520 190
7 16 90 -12.515723124056102 65.310677210853186 190
7 16 90 -54.746195417627085 25.652406299815659 190
7 16 90 -86.406898473899659 21.004838981042042 190
4 12 90 -20.608202696362717 38.505607273026115 190
3 19 92 -24.658529179723210 7.771345359354125 190
6 23 77 -85.123054853439669 -17.974023823793654 190