13 12 96 98.000000000000000 0.000000000000000 0
4 15 95 91.326530612244895 26.162278309250819 0
4 15 95 78.614717174874443 53.335975134185944 0
4 15 95 61.437512128429326 28.740373356787195 0
4 15 95 48.725698691058874 55.914070181722302 0
3 21 95 25.438601834383341 28.460270444931538 0
4 15 95 19.842290214330411 64.022628300552711 0
4 15 95 40.162286941078520 86.092919033231027 0
11 30 86 -21.944626518261867 47.323718456392214 0
4 15 95 -22.399917401863483 92.321415177572391 0
4 15 95 7.586077343284119 91.404835042515629 0
3 21 95 -72.796985443770083 51.201551834876319 0
13 12 96 -56.639001468508624 79.975143092402647 0
10 13 98 -93.853277400075882 24.506373074455681 0
3 21 95 -88.536090193261174 -9.075281444160375 0
13 12 96 -69.707721119233682 18.026240985625844 0
13 12 96 -56.326267253153745 -1.897029138276366 0
3 21 95 -55.401416504001958 -34.884066760527226 0
13 12 96 -87.611239444109387 -42.062319066411234 0
10 13 98 -72.813976969005537 -64.086853238063824 0
3 21 95 -40.316162075726609 -74.081453138118775 0
3 21 95 -13.912856924915914 -41.418546391884853 0
3 21 95 1.172397503359434 -80.615932769476402 0
3 21 95 43.083007250838236 -77.877175643600609 0
3 21 95 73.999056193512743 -49.448353688159756 0
3 21 95 66.037547029581944 -8.209847752170200 0
13 12 96 95.014466829850647 -24.005230535014867 0
3 21 95 33.920949709098920 -36.888680896881041 0
13 12 96 33.364835638448966 -3.573693057627546 0
15 20 89 -1.687111144442194 -2.283764673939502 0
13 12 96 -54.697959122806409 -81.315024858877095 98
11 30 86 -12.763179000338333 -78.975320586910712 98
11 30 86 -57.892987947888450 -39.436727486528078 98
15 20 89 -89.993256480278887 -1.101720506635345 98
11 30 86 -44.203574590512545 18.980735330089512 98
11 30 86 0.926234357037568 -20.557857770293126 98
1 16 74 28.032969939107083 -57.722691768089575 98
15 20 89 63.523964557000134 -63.755046286243015 98
11 30 86 78.380946638253377 -16.013344562934904 98
15 20 89 83.440310389724928 33.730025230740068 98
1 16 74 50.064186233834960 20.238015138444041 98
15 20 89 50.372954929479761 56.236690973710395 98
6 12 67 -93.050083667379511 30.751941881671030 98
6 12 67 28.692553700683618 -85.714921926858011 98
6 12 67 -75.439653794286883 47.057547043237008 98
6 12 67 -54.964785455206957 59.578719771753391 98
14 20 54 -23.332576272099399 64.416419865405985 98
2 21 100 15.799210128664583 34.199082880995221 98
1 16 74 17.609396653256145 71.154775605475265 98
6 12 67 40.841320789709073 86.784161419322714 98
11 30 86 -7.304330816077620 79.665844320695541 198
11 30 86 -60.639148473212749 52.181353685427318 198
11 30 86 -10.169472544427400 19.734292005771557 198
11 30 86 -63.504290201562540 -7.750198629496651 198
6 12 67 -94.219900660348245 26.955710332953736 198
6 12 67 -88.927268624111733 -41.181802960228346 198
6 12 67 -66.469148094619840 -49.645420525006116 198
8 30 76 -24.643158947671758 -53.464665460773084 198
10 13 98 -62.264125694296268 -74.289238950988263 198
8 30 76 31.971543021108079 -73.333624190063290 198
8 30 76 73.966113368757931 -30.479732169427773 198
14 20 54 88.297575405057515 17.422347074610308 198
14 20 54 37.021632390665133 3.211592014393483 198
1 16 74 31.686943640315864 38.814135405798773 198
1 16 74 63.358814420068001 43.384977922303008 198
1 16 74 56.999390818197156 74.746701909545294 198
5 12 45 -6.069570084717563 -91.134571178068740 198
5 12 45 11.578891435298790 -16.196317009458731 198
5 12 45 -79.972667986082612 -56.642496194887045 296
14 20 54 -86.373909649853218 -25.289280966429089 296
5 12 45 -59.974110890623606 -43.373822029784250 296
5 12 45 -58.482380536835812 -67.327417596036682 296
14 20 54 -48.102516440672801 -13.657408295689461 296
5 12 45 -35.974335335009073 -43.270027616989324 296
5 12 45 -34.482604981221286 -67.223623183241756 296
1 16 74 -93.466012506002173 10.005223946911229 296
14 20 54 -60.462660004942848 24.385026577365569 296
14 20 54 -21.336873200927130 16.068007461918654 296
14 20 54 -8.976729636657083 -21.974427411136382 296
5 12 45 -14.278945652826142 -53.532096927719515 296
7 17 55 -9.622395611986850 -82.155802867327679 296
10 13 98 -85.400092865997848 45.998088422008827 296
7 17 55 -59.641157765561005 61.375905643301415 296
5 12 45 -35.834087322790580 44.816213709785046 296
7 17 55 -7.362618503295614 50.327607658735374 296
7 17 55 14.699457973063090 24.457455329239899 296
7 17 55 25.229789607998377 -7.870738490679599 296
1 16 74 21.776237552459904 -40.689528507980448 296
7 17 55 23.297611039257504 -73.654440501093205 296
5 12 45 50.363124964408939 -84.068755455396925 296
7 17 55 51.791096228418176 -55.103933721625381 296
7 17 55 83.078634089251238 -41.796418002794226 296
7 17 55 92.549560700513922 -9.142144942074026 296
7 17 55 59.534667382185056 -17.267218429702577 296
5 12 45 96.009634999425487 19.650699409361835 296
7 17 55 81.515387717853059 44.768756574290641 296
15 20 89 -30.807772730971010 84.562882752167567 296
2 21 100 10.188782838312058 84.031439947450153 296
1 16 74 30.766831442700372 53.281742133724691 296
1 16 74 47.658396637388208 26.103165547126000 296
10 13 98 -22.182161012874896 94.429612584182991 396
10 13 98 -46.467997901615924 85.145317962970921 396
2 21 100 -67.281162178664459 58.260151183190828 396
10 13 98 -90.914342343014667 33.816894540113076 396
2 21 100 -25.282181860998655 58.552815284713574 396
2 21 100 -46.028217473137111 22.034299345810979 396
2 21 100 9.500800029035197 82.093082293343215 396
2 21 100 -82.333594449502996 0.917490813176087 396
2 21 100 -79.018825180239929 -40.951498960778927 396
15 20 89 49.868586192981709 74.920785574586404 396
15 20 89 77.408835719227326 45.911568831762608 396
15 20 89 38.515992312930244 36.565621486883451 396
15 20 89 -0.114027617677529 26.186721730124745 396
11 30 86 68.669541803323852 -3.318754566032098 396
11 30 86 -17.934016251272986 -20.529956288528606 396
9 25 119 -45.114160545061942 -72.039659343408729 396
12 15 117 -11.852228072173659 -94.257756655487924 396
11 30 86 22.341241949620091 -65.003584169008462 396
12 15 117 23.847085327520187 0.674664454642661 396
12 15 117 83.164404668356354 -45.920385409509223 396