8 12 85 98.000000000000000 0.000000000000000 0
9 27 89 76.387755102040813 32.463993446134097 0
13 19 86 69.892319971923641 -13.075103190387360 0
13 19 86 75.606072841550485 -50.643081950826826 0
8 12 85 46.561056324973151 7.336955418104008 0
9 27 89 22.691007245225780 38.178822367600624 0
8 12 85 52.517706022293439 63.305860395630717 0
1 28 91 24.762513218416700 -26.201433309316993 0
9 27 89 18.699169888264528 -80.866192228210068 0
8 12 85 -6.525736494263921 -51.122216401285456 0
13 19 86 -22.202103239603755 -24.378029637324893 0
13 19 86 -15.864667470014247 13.089781986338522 0
9 27 89 -27.720404932666082 57.535720937120900 0
13 19 86 -73.550422984572776 53.584841875202258 0
13 19 86 -54.940418388923739 20.453772937573305 0
9 27 89 -81.169426942338958 -17.335631798475035 0
9 27 89 -38.413641244248893 -73.575758007363675 0
5 14 41 -76.395281249153257 -58.135711940792220 0
4 13 78 -92.852294844924515 28.061563428134324 0
4 13 78 8.064458879950312 75.408703953743995 0
8 12 85 23.375969159339004 95.171235496139445 0
4 13 78 -6.766748061889547 96.763686993969557 0
2 26 92 78.664024644277703 -29.461351407640326 91
2 26 92 80.933555810650262 22.489098333289391 91
14 20 91 41.887617923285021 -1.829921681834893 91
14 20 91 37.606187734988950 37.940285201493573 91
9 27 89 -2.541096829282878 13.502700580353519 91
14 20 91 4.245692221733659 60.010113907445813 91
1 28 91 -42.702482329500342 70.003557073185306 91
1 28 91 -77.678349414393523 26.269260215228552 91
14 20 91 -87.587939967551520 -20.696685054389540 91
14 20 91 -48.568083793677161 -11.896070066210637 91
14 20 91 -60.456455731925324 -50.088564258890358 91
1 28 91 -12.849177354017300 -43.960999861156793 91
13 19 86 39.399124888224449 76.899050279002736 91
8 12 85 -39.226223936264752 -74.031773273191746 91
8 12 85 -37.881462237393748 30.295147821850335 91
4 13 78 -7.415987782979393 90.880896525767554 91
5 14 41 67.930133503575604 60.316482703661514 91
8 12 85 97.285453184127107 -11.812730368505516 183
6 16 57 86.187527905010555 -37.519462064680873 183
15 20 73 65.507192087927478 -8.052129126447882 183
15 20 73 86.087652968810630 26.247209495899320 183
15 20 73 46.093323948411623 26.920742129162399 183
15 20 73 51.048963837517881 -45.347700389790376 183
15 20 73 25.979165800015195 -14.178721799550580 183
15 20 73 6.565297660499343 20.794149456059692 183
6 16 57 66.594514129107552 56.512991134179529 183
6 16 57 21.744588658241511 53.437512101563357 183
6 16 57 42.611384038795151 77.698114949516366 183
7 20 54 8.630558670076553 89.585230127752453 183
12 19 81 38.724725889198048 -82.349229533775684 183
12 19 81 13.089937111116548 -54.298247299580268 183
6 16 57 -7.917475338876340 -26.303808170426706 183
7 20 54 -29.144696207935894 2.772042533828930 183
7 20 54 -26.897301698089496 42.708857853995767 183
7 20 54 -30.741198832074645 82.523735159135626 183
5 14 41 -63.165190031577296 72.292176397413357 183
1 28 91 -73.596041329251548 31.608059825883775 183
7 20 54 -88.923414569164194 -13.878989205290033 183
8 12 85 -86.640595096619492 -45.797459332408764 183
5 14 41 -62.738247299135494 -35.566243873426764 183
4 13 78 -65.271406069413231 71.754049012733532 274
12 19 81 -80.010745080813720 43.350670947668661 274
4 13 78 -49.048974018051752 51.435764185047908 274
4 13 78 -53.266148644841721 25.780054524873641 274
1 28 91 -81.920474763731747 -3.610514434923438 274
7 20 54 -33.456955722947491 80.519934544285150 274
4 13 78 -23.147750077350988 49.171564906347015 274
7 20 54 -33.991204677262978 -1.005697938828025 274
12 19 81 -48.890614994547718 -37.047445568447614 274
1 28 91 14.542706072320236 80.700122057491953 274
12 19 81 5.346457436451683 34.608593432078735 274
5 14 41 56.432663940259559 77.661795244545615 274
5 14 41 76.441511452974240 58.074911336865668 274
11 18 98 46.308074420634448 47.305697223569709 274
1 28 91 80.371872264355602 16.259217346542385 274
12 19 81 85.761106764856819 -30.430783204952668 274
12 19 81 49.472353955901745 -19.155747969062901 274
5 14 41 38.588616999573119 11.997811536480711 274
5 14 41 12.303191031943241 2.350201381615971 274
7 20 54 -4.007703667594969 -27.481907395682633 274
7 20 54 -20.590775744582022 -63.882480474817704 274
5 14 41 -49.009438613127998 -82.547410176370988 274
5 14 41 -70.743767855590562 -64.894678592272200 274
3 14 112 76.441511452974282 58.074911336865604 372
1 28 91 80.371872264355630 16.259217346542318 372
11 18 98 46.342249429498807 47.210546392600932 372
5 14 41 56.370880354221640 77.598480869555658 372
13 19 86 33.522249311443105 12.502512784039187 372
13 19 86 9.696168735653114 42.105179630050927 372
5 14 41 93.004006277469685 -23.796109268961985 372
3 14 112 25.203522175054506 71.234580401530692 372
1 28 91 51.793132199024036 -31.899433135777166 372
13 19 86 7.769382858239965 -15.440104656771270 372
13 19 86 -16.056697717550030 14.162562189240477 372
7 20 54 -28.224771252781863 51.215740007629961 372
12 19 81 -5.627206803031252 83.001744489781657 372
12 19 81 -65.269004644725428 63.411016650790344 372
12 19 81 -58.061639361025684 26.100778301681398 372
12 19 81 -90.751123109390576 6.725596953745892 372
7 20 54 -57.040726020266845 -12.885857048790442 372
3 14 112 -88.331575794340949 -26.185583377415682 372
7 20 54 -66.041936391988244 -51.859928068431373 372
7 20 54 -27.788795614219616 -40.168169405329607 372
13 19 86 -37.128972887749924 -78.033207217261449 372
2 26 92 7.161840242682686 -70.075577403987992 372
11 18 98 87.607955506940172 28.086404752014641 484
2 26 92 58.068411525438449 60.696454450917692 484
2 26 92 82.534904590614843 -15.620164026606865 484
2 26 92 38.743296083141374 12.420788602149836 484
14 20 91 13.176378501987109 50.661247874999383 484
2 26 92 -21.137632264876547 81.296989502901340 484
2 26 92 -64.942699384433453 53.277066329360778 484
2 26 92 -83.860428191134901 4.840308213276046 484
14 20 91 -39.054530375136295 15.253353920574771 484
14 20 91 -47.840189865334494 -23.769872334084020 484
11 18 98 -82.592393212120584 -39.141416256007744 484
11 18 98 22.420105514121474 87.519808765586760 484