13 11 33 99.000000000000000 0.000000000000000 0
13 11 33 96.555555555555557 21.863775779997951 0
13 11 33 78.843192529652626 8.814936902970350 0
13 11 33 81.287636974097069 -13.048838877027592 0
13 11 33 76.398748085208183 30.678712682968296 0
13 11 33 84.861216147439819 50.986017632067515 0
13 11 33 63.043340148006621 48.161077478124973 0
11 12 36 59.991477346299348 -4.361285417775749 0
4 14 81 88.602132246115488 -36.954866546124379 0
11 12 36 77.225784463148429 -60.333889432485151 0
11 12 36 62.927893944232849 -41.057729889954274 0
4 14 81 43.155538209541533 -24.174189126808066 0
15 22 94 28.627048298104775 8.763979931190285 0
9 15 85 37.269327136521071 44.740514178933793 0
5 36 120 -13.589273774318215 48.535604875080260 0
4 14 81 2.207573042249461 95.974614462695982 0
10 12 71 22.692132735320847 79.962655988449455 0
10 12 71 44.817548158010055 70.663946810642742 0
7 23 98 -72.586470247929398 47.960445545745934 0
10 12 71 -52.509060338334855 76.629202256181003 0
9 15 85 -52.575686740914200 15.656134015620914 0
9 15 85 -82.244114364926375 11.208167927761037 0
9 15 85 -93.541384315346406 -16.583407984146845 0
4 14 81 -64.900456861832581 -12.033982239884349 0
4 14 81 -74.403540341660801 -38.372004268415957 0
3 27 92 -22.646581688330407 -13.809925625114960 0
4 14 81 -47.568854431771314 -46.365728814431961 0
12 31 97 -9.455455138977342 -70.289959091455543 0
4 14 81 16.856214479278265 -33.783849439785392 0
11 12 36 -52.424994254679916 -71.908201404617145 0
15 22 94 44.526331943912652 -69.647632232361318 0
2 12 110 -34.636863090290433 91.674902319361507 120
6 24 111 -57.548802130441260 63.907240382849558 120
2 12 110 -87.557078047682722 44.019973690950749 120
6 24 111 -85.620330903795434 8.072108517888740 120
6 24 111 -39.030899021623888 19.623075442631347 120
2 12 110 -55.868428150315623 -12.196692200147847 120
2 12 110 -75.219701148193309 -26.392756209640424 120
1 15 108 -18.978294738835046 69.679238265216654 120
6 24 111 4.939424971773096 38.874324958330256 120
12 31 97 -41.119946123367555 -52.588303679522994 120
2 12 110 -83.948227313026294 -48.749250366592364 120
5 36 120 64.852176802666364 35.639797473550573 120
2 12 110 97.995687398876754 0.919375451937853 120
6 24 111 71.955370882667211 -23.938257495219940 120
2 12 110 77.914679942228830 -59.441590233607016 120
1 15 108 51.038879605002634 -56.854824640525081 120
6 24 111 24.180092951906346 -28.577526687512371 120
2 12 110 26.057651256790670 7.373478511393541 120
6 24 111 9.432221694621093 -74.255752281098424 120
2 12 110 42.597590806230379 -88.257833972429651 120
1 15 108 -1.844932358414985 0.468954297232306 120
14 13 95 -22.723992503692955 -92.558153446851136 120
2 12 110 97.995687398876754 0.919375451937853 240
6 24 111 79.825780325756654 31.997574835978462 240
6 24 111 80.412065874988912 -30.494256208611525 240
2 12 110 62.242158801868868 0.583943175429086 240
6 24 111 32.976776387577289 21.549090256841922 240
6 24 111 47.352625280084759 67.345760098870741 240
1 15 108 67.172175811871227 -67.178112482408011 240
2 12 110 48.682959412518329 -47.502013353314865 240
6 24 111 30.487149592809562 -80.414760521347404 240
1 15 108 42.532839970792878 -21.211786445725977 240
12 31 97 -1.203953475446717 -35.462853038826061 240
12 31 97 -61.604136348042445 -49.456348276149498 240
1 15 108 -93.576486835106181 -16.384172594281281 240
12 31 97 -57.712298855281020 12.421382782204091 240
12 31 97 -11.559817078019764 53.821242996938743 240
14 13 95 -13.785893113828514 9.877590605691175 240
4 14 81 16.259889845327411 89.191624768967571 240
11 12 36 71.499182021848299 67.021391885028805 351
4 14 81 50.149293393204928 81.859931420459006 351
9 15 85 48.481579499661258 52.907924057077764 351
11 12 36 27.236790557531346 69.571025293172880 351
3 27 92 79.330526479658360 24.406301818592329 351
3 27 92 77.556033287297467 -29.564534509097321 351
9 15 85 46.289238751605779 -1.521931929043516 351
5 36 120 4.290574421919093 27.410959293962581 351
11 12 36 3.957859354336435 75.409806162234361 351
11 12 36 -4.419343973698912 97.900303364402973 351
11 12 36 19.246599611139608 93.909925658064822 351
9 15 85 -30.254064651833151 90.053825971152946 351
3 27 92 -52.593854757298459 54.487918446618245 351
9 15 85 -88.927560305023135 33.419889559908370 351
3 27 92 -61.876152633175103 1.291687883320847 351
12 31 97 -55.375789405183127 -56.342896160499315 351
11 12 36 -87.674455667286864 -27.956347273936125 351
8 15 95 -26.162049504040112 -20.810412416911042 351
8 15 95 -10.468103344337806 -46.377971039829369 351
14 13 95 -15.072677373396562 -73.996767139784879 351
14 13 95 -2.873962442851361 -96.957415084546682 351
3 27 92 25.234585176574406 -68.498505219155234 351
14 13 95 65.224856934403334 -67.616368758628909 351
14 13 95 37.565761529468539 -30.446670969623653 351
8 15 95 10.517776793667416 -23.207436083817733 351