12 13 112 97.000000000000000 0.000000000000000 0
3 15 117 90.979381443298962 27.345057180315223 0
3 15 117 69.695649803919792 6.202617219353049 0
3 15 117 62.027625519428859 35.206089486867114 0
14 34 110 63.105407992627732 -42.352183911623683 0
12 13 112 45.218436857016854 -85.815458795067798 0
3 15 117 22.385702229040227 -69.608477910017129 0
14 34 110 19.909217474307702 10.165328640904916 0
3 15 117 39.538647228276822 55.061714770904196 0
12 13 112 66.431474346651243 62.857601480010857 0
13 27 103 -0.534382527508811 67.637576021407867 0
12 13 112 36.443450180085513 82.890113130006142 0
14 34 110 -58.471175406531628 48.550197183725331 0
12 13 112 -95.100798395699371 19.100736752820403 0
12 13 112 -73.840472387804738 4.134156046525476 0
3 15 117 -93.711677435516620 -15.592354287332126 0
12 13 112 -66.183874262751843 -20.712906257727649 0
2 16 102 -82.680933462236467 -44.563420670811070 0
3 15 117 -45.998426880682501 1.164223054127357 0
13 27 103 -29.945158436575174 -37.646762146733337 0
3 15 117 -7.411572634287182 -73.090203160423371 0
2 16 102 -62.981185322124695 -69.780873421161658 0
12 13 112 97.000000000000000 0.000000000000018 117
2 16 102 89.711340206185568 -28.069118946095049 117
14 34 110 50.060875515349345 2.391357901793437 117
14 34 110 39.689601492513447 -64.813081498764390 117
14 34 110 -13.325513264043536 -22.229075025099959 117
14 34 110 -75.869017678837409 4.460062381655227 117
13 27 103 0.030589403401429 37.290791587121795 117
13 27 103 -41.378925655697209 71.949874993500046 117
2 16 102 0.805735312687041 80.283804377798816 117
2 16 102 30.288520210354545 67.843330324215927 117
2 16 102 62.178279315944152 70.497245203684599 117
2 16 102 78.916976345732181 43.224254503268810 117
11 22 96 -71.453326137554242 -51.365573917559857 117
15 13 92 93.515463917525778 25.765442132630561 229
7 32 90 76.374281039072230 -15.842007314883169 229
2 16 102 64.952158223040826 30.779180039961137 229
8 25 76 27.656667412257669 13.748432399801912 229
1 18 90 40.785516196594678 54.695145694009213 229
7 32 90 -9.147967970854218 57.273354160974435 229
7 32 90 -69.381100898090025 35.640746880067638 229
1 18 90 -91.540797845728491 -9.180540821077486 229
1 18 90 -26.278633934543315 10.299528644624331 229
7 32 90 -48.438330882181774 -34.521759056520793 229
15 13 92 71.480251840246481 59.034869621441871 229
15 13 92 -49.958676050754818 76.233472990167911 229
5 17 86 29.233762840201727 87.733865318005911 229
4 28 75 20.950884378799429 -38.825634153092622 229
5 17 86 -12.999792035574547 -68.361232521950342 229
15 13 92 -41.081630847667952 -78.916341660732584 229
15 13 92 93.515463917525750 25.765442132630646 331
7 32 90 57.483330613732178 52.722544528430717 331
5 17 86 92.903828182514076 -4.228322248114520 331
1 18 90 58.603524570005746 2.735094448432358 331
7 32 90 62.144003277948720 -47.139398135639141 331
7 32 90 9.237342455077240 10.671092394230547 331
1 18 90 8.117148498803672 60.658542474228909 331
8 25 76 17.912073900228371 -83.091260723332141 331
15 13 92 17.190325280795534 -45.098115566207454 331
7 32 90 -27.674437241695927 -41.611988230545997 331
1 18 90 -76.869459116131651 -50.547861034799141 331
5 17 86 -69.632904038796937 -16.304142331762510 331
5 17 86 -39.532890747024048 5.931434873622377 331
4 28 75 -36.824927431982822 50.849882472402903 331
5 17 86 -12.669585795898481 88.817229896789172 331
15 13 92 17.295280494075296 90.268707841503911 331
10 18 61 -81.934350451620389 41.842110559471706 331
2 16 102 -93.481141058790513 9.862873128379519 331
9 15 65 -92.621411113481187 -21.125203036835025 433
9 15 65 -94.590602930766266 8.810098591622619 433
9 15 65 -67.681275341929748 -4.452182083912883 433
9 15 65 -65.712083524644669 -34.387483712370503 433
4 28 75 -42.134287463255035 -70.347010028598874 433
9 15 65 -6.737027357268914 -94.760817126001029 433
10 18 61 -34.057236203346910 -25.061678596171255 433
9 15 65 -7.578419840667021 -44.756152034968146 433
10 18 61 14.373071389916936 -69.396201400860164 433
10 18 61 49.427051889240211 -77.594887341488914 433
9 15 65 38.199074099662653 -46.563733402958796 433
9 15 65 67.966170138051837 -50.294684145238165 433
9 15 65 90.117697394330463 -30.063276873020417 433
9 15 65 94.998871549991563 -0.463038041853743 433
9 15 65 90.406474027537143 29.183376328112754 433
10 18 61 72.362101554299343 56.813081756275722 433
10 18 61 63.556091911810995 -10.480603046625003 433
8 25 76 20.556486093112312 -10.664721042851649 433
8 25 76 33.937514905157272 37.511497861616377 433
2 16 102 44.997395962437565 76.991607169960659 433
4 28 75 1.046554084351833 79.070909506684728 433
4 28 75 -17.877152137986826 26.365185502449464 433