6 10 55 100.000000000000000 0.000000000000000 0
6 10 55 98.000000000000000 19.899748742132399 0
6 10 55 81.766312060385914 8.217823563497323 0
6 10 55 83.766312060385914 -11.681925178635078 0
6 10 55 65.532624120771828 -3.464101615137756 0
6 10 55 63.532624120771821 16.435647126994645 0
3 15 42 78.963536422653917 36.105089049215621 0
5 26 68 60.439522766225650 -39.102007257758231 0
5 26 68 30.085929362926734 3.119543726392130 0
5 26 68 41.953345531105043 53.747247935562626 0
6 10 55 76.245383012151237 64.704262373744427 0
14 29 119 -11.167800606044942 39.494394429139597 0
5 26 68 -64.160964527062035 54.215962879553167 0
9 15 62 -91.909783836365577 24.033136190529760 0
9 15 62 -94.821233999386251 -5.825253885766180 0
9 15 62 -31.237557386046419 78.650554388864776 0
2 14 64 -64.621048893223772 14.218608937373272 0
5 26 68 -58.769273283748234 -25.351035011193503 0
10 16 79 -0.577751673487260 83.230544963977877 0
2 14 64 28.303646613766936 91.346260149529357 0
4 22 94 -49.854260055885362 -72.515879325015106 0
2 14 64 -20.766646007070907 -93.726978045902058 0
2 14 64 -14.365838190397943 -66.468407663469705 0
9 15 62 8.218857662367640 -94.643807925958583 0
9 15 62 37.321660876916710 -87.361854544122536 0
9 15 62 16.463902651798158 -65.799064329901654 0
2 14 64 20.490662358123224 -37.079990419562606 0
15 21 80 -10.435694433900235 -20.692176179327127 0
15 21 80 -43.461547878804481 77.666555582041781 119
15 21 80 -3.005386576700730 88.949241995222124 119
15 21 80 -74.238859230370267 49.087592935213948 119
15 21 80 -13.462374171004903 48.271835361409181 119
15 21 80 -44.239685522570682 19.692872714581355 119
8 17 75 -81.404413820337965 11.769302146135828 119
15 21 80 -85.102167421966939 -26.050357004914702 119
5 26 68 -38.109951047226275 -26.905693306936673 119
10 16 79 -66.382001221110329 -57.965171392786459 119
4 22 94 28.107824225000957 59.268134980677104 119
15 21 80 70.778598822830361 53.957297455273256 119
15 21 80 87.641452186457457 15.491154206478328 119
15 21 80 45.897368265576226 20.120566437682847 119
15 21 80 84.986628279927885 -26.424855980863221 119
10 16 79 8.920588109107786 18.809944730170788 119
8 17 75 69.926412621679120 -61.313104780810733 119
10 16 79 49.159451378403247 -35.666792751197633 119
8 17 75 2.784364697428087 -13.614533095107365 119
10 16 79 -0.911786451799866 -46.406886878909788 119
10 16 79 -25.446208387349628 -66.951037878364957 119
7 15 72 46.335321300381082 -82.933937564729504 119
7 15 72 28.519626248936426 -58.796808285672093 119
7 15 72 4.606312677079623 -76.911814054758935 119
11 13 99 -49.188851350353588 -83.602971854072379 119
11 13 99 -69.628719453820338 -67.534002008034307 218
13 16 93 -44.854286636839063 -82.608068433418055 218
4 22 94 -43.149395167950509 -44.646333158548032 218
4 22 94 -83.626889799015188 -27.396045381466465 218
4 22 94 -86.436582013433565 16.514154227055435 218
4 22 94 -45.959087382368878 -0.736133550026132 218
4 22 94 -6.526892928934217 -20.257968519785422 218
13 16 93 -15.253850908331199 -70.450181911391482 218
1 17 90 -75.709522472763297 54.009889899407767 218
13 16 93 -47.287843230256421 37.240627869251114 218
1 17 90 -16.646490964999952 24.988789992570652 218
13 16 93 13.662033919888856 11.935310789611920 218
13 16 93 31.093502710156073 -14.900186146609331 218
13 16 93 21.846796199572559 -45.535107702035788 218
1 17 90 16.834742535886647 -78.152270639243142 218
12 24 89 57.227761234317398 -64.194885653827271 218
13 16 93 86.458759273989870 -36.890146988081639 218
14 29 119 -25.802703552136226 76.780339211288833 218
1 17 90 9.261609327528127 47.006290741572720 218
12 24 89 35.963057215204671 78.119514308115839 218
13 16 93 41.134468187603645 38.455216651979896 218
1 17 90 54.554480909165932 8.307194186930772 218
1 17 90 86.291123471665799 -3.890572775104602 218
13 16 93 89.427719181581210 28.960024896057195 218
11 13 99 61.936989654917127 -21.408454097795978 218
11 13 99 70.965812719273529 66.127554204680791 218
11 13 99 -67.237769344119272 69.914822274157402 337
1 17 90 -82.031435109664500 43.816020515890102 337
11 13 99 -52.408641820574118 48.558395211316679 337
1 17 90 -37.614976055028890 74.657196969583964 337
1 17 90 -8.728427403098397 92.589494841849316 337
1 17 90 -7.641876223452211 58.606860945489700 337
1 17 90 -27.879770792763189 31.286033296945568 337
10 16 79 -58.967063252128007 20.214436865268709 337
1 17 90 -90.631632774526196 10.921695775514181 337
12 24 89 29.105307901276532 76.790492565803717 337
1 17 90 18.715195389380426 37.128854147930198 337
12 24 89 -63.211195342081240 -19.559767624614292 337
7 15 72 66.956244386040083 67.393333036116232 337
12 24 89 58.946101228408750 29.224790928848737 337
10 16 79 26.979427762143199 5.180419706020849 337
12 24 89 -11.356478167988325 -6.237036951050673 337
1 17 90 -29.556095936897719 -42.976306310492177 337
1 17 90 -58.798855167884184 -60.321652445941758 337
11 13 99 -83.393376293946986 49.543362726970400 436
1 17 90 -90.723163414278417 20.452570012253528 436
11 13 99 -63.424195618649634 32.893082754629660 436
14 29 119 -54.735293505073933 -8.198315129364254 436
14 29 119 -21.973312643081975 39.662447610049675 436
12 24 89 -1.747300564693830 -9.326412709464773 436