13 10 87 100.000000000000000 0.000000000000000 0
13 10 87 98.000000000000000 19.899748742132399 0
13 10 87 81.766312060385914 8.217823563497323 0
13 10 87 83.766312060385914 -11.681925178635078 0
13 10 87 65.532624120771828 -3.464101615137756 0
13 10 87 63.532624120771821 16.435647126994645 0
1 11 84 79.578877851682122 29.982519135072650 0
8 24 56 61.297085244103947 -37.199249612800891 0
8 24 56 49.124688982778480 47.231935946580961 0
11 13 78 42.603539204471261 -5.268835640161369 0
3 12 77 30.344101055109540 16.518917255949198 0
4 11 40 83.855706436841388 51.562804982418712 0
13 10 87 17.614020723482593 34.461744646032535 0
11 13 78 13.460346821643837 57.083570238083766 0
11 13 78 28.747113686733879 78.114850722457163 0
10 20 56 -2.047305751593591 89.976711093257308 0
10 20 56 -40.834852617510393 80.202960118104144 0
3 12 77 -70.462193716128539 68.110786639935199 0
3 12 77 -15.337373656884402 60.867020351637265 0
3 12 77 -35.952211543558391 48.577656702279697 0
11 13 78 -84.584301010927661 47.481533489271179 0
10 20 56 -88.783134331863309 14.749747733785693 0
3 12 77 -63.389999002186968 34.222515336998732 0
10 20 56 -49.943591932843873 5.184710032094568 0
8 24 56 -78.735147828204305 -28.087595405376032 0
15 32 103 5.647464789765273 -30.944671826247184 0
3 12 77 6.596838303000354 13.045084821549446 0
3 12 77 -4.385844493068163 34.384735207648575 0
3 12 77 -37.870638582693680 -24.450468344373782 0
3 12 77 -19.832508577191529 16.016268514093195 0
7 14 90 -46.897681843534713 -48.833095150501634 0
2 32 115 69.490280493409358 -35.427403474532113 103
2 32 115 19.588684694713425 -75.500221403192583 103
9 40 118 60.061732946381696 35.952583154448405 103
9 40 118 -6.517930750774006 -8.399963356137071 103
5 23 97 -0.212395599811472 54.283688631123340 103
2 32 115 -55.206303135877981 55.102305705565072 103
14 14 105 -27.647025516338694 91.932812314749270 103
5 23 97 -86.442522125053131 9.833126087857238 103
14 14 105 27.377128175831633 78.937657436028232 103
6 12 95 -1.785985791584666 89.248296649923660 103
13 10 87 61.451635294183504 -78.890408286880231 103
13 10 87 99.839757302981468 5.658874594984198 103
13 10 87 -97.732253472481474 -21.175614068796889 103
14 14 105 -74.043369542755727 -25.027467929469946 103
14 14 105 -80.524207442546100 -52.267121747326044 103
14 14 105 -53.693556296093789 -44.259865097425440 103
14 14 105 -60.174394195884140 -71.499518915281513 103
1 11 84 49.360079711850695 85.817145902434589 221
1 11 84 29.188920027818696 94.599191051560297 221
3 12 77 67.214263081359761 71.317899845899547 221
1 11 84 82.744921321442376 54.353270329468778 221
1 11 84 92.705551141269936 34.737311173914790 221
1 11 84 70.737317283048455 35.919132290028301 221
3 12 77 80.636360739572922 15.158377519407843 221
1 11 84 98.991480824220275 1.298739476580884 221
3 12 77 95.622998185415838 -21.453256583371175 221
3 12 77 31.211380928697082 71.688284218690967 221
8 24 56 -3.359548902876121 81.730734645775101 221
10 20 56 64.850078204078855 -12.676731312956280 221
4 11 40 57.755935636515815 17.500630089775573 221
4 11 40 48.801298960655167 37.595765869444527 221
10 20 56 18.185229900474866 42.459541697160120 221
10 20 56 -21.809092107908100 41.785592819444602 221
4 11 40 -36.079792809738805 69.305532889851165 221
4 11 40 -37.030250757807551 91.284992157288869 221
15 32 103 -1.003192450457996 -5.870619151757197 221
4 11 40 35.783779639767573 16.394121682866626 221
7 14 90 -42.205707321931257 14.583054558997670 221
10 20 56 -61.804886167459856 42.365642425879045 221
6 12 95 -56.936485943243966 79.763629358466261 221
9 40 118 -62.348889730756028 31.821627069369427 324
9 40 118 8.213867679494928 69.516418044543613 324
9 40 118 68.048308120609661 16.414254839089402 324
9 40 118 39.003325710315849 -58.126935094971380 324
9 40 118 -51.476362594713393 -47.436105384164819 324
14 14 105 -47.132354616243440 83.633373412344639 324
14 14 105 87.327185045526136 -34.027046735254643 324
5 23 97 8.174608391417166 -3.185237009897264 324
6 12 95 -89.830834748699914 -12.322938825321499 324
4 11 40 58.089556033408471 80.166099317863143 324
4 11 40 -98.930299443040596 -3.714276795060023 442
7 14 90 -93.732985252311522 20.739514837381076 442
10 20 56 -75.293073022418980 49.304697086998544 442
10 20 56 -60.877349327033699 11.992676097265122 442
10 20 56 -35.772053131079005 43.133069526272770 442
12 20 88 -21.356329435693720 5.821048536539351 442
12 20 88 -46.461625631648417 -25.319344892468301 442
9 40 118 24.202974839844231 44.863970992843122 442
12 20 88 13.307973937708434 -14.138562472614618 442
12 20 88 -11.797322258246265 -45.278955901622268 442
5 23 97 83.634811657419363 23.962852063725443 442
5 23 97 84.163519537823106 -22.034109444369836 442
12 20 88 44.648993351551105 -38.992948445740907 442
12 20 88 19.543697155596409 -70.133341874748567 442
12 20 88 -17.651342199515916 -84.848267881074449 442
7 14 90 73.244249806167090 -57.386189277490558 442
7 14 90 52.915190901501418 -76.640522920871561 442
7 14 90 51.016292246173080 -5.594482840468775 442