5 11 99 99.000000000000000 0.000000000000000 0
5 11 99 96.555555555555557 21.863775779997951 0
5 11 99 78.843192529652626 8.814936902970350 0
5 11 99 81.287636974097069 -13.048838877027592 0
5 11 99 76.398748085208183 30.678712682968296 0
12 36 99 41.003735737220779 61.601084857266628 0
10 13 99 58.866765831498270 -4.487031987884347 0
2 31 98 58.745536231603189 -48.486864980568647 0
10 13 99 34.006418277705833 -12.100383385570298 0
10 13 99 94.111111111111114 23.496782022908963 99
2 31 98 77.128490238095509 -17.093741357350819 99
2 31 98 53.398840840471351 40.185432340127008 99
8 20 71 29.259677556554031 85.110935074680555 99
8 20 71 4.271004771895775 53.876879422855886 99
11 21 91 8.980477217563394 13.148254731080478 99
8 20 71 -15.484422590566624 88.657953151630736 99
9 17 83 -24.662838141621684 30.815380463423619 99
9 17 83 -40.153205152593010 61.081674089591516 99
8 20 71 -75.250578985498493 49.369528682652557 99
8 20 71 -89.211798641874452 11.885073961976389 99
7 15 78 -55.314714011906176 20.602163705048248 99
15 13 83 -61.885717734219135 -6.615880127698976 99
11 21 91 -82.343234682750236 -33.772647245685668 99
15 13 83 -71.186415602146752 -65.890016191517503 99
15 13 83 -51.754373739496316 -48.615880929565854 99
8 20 71 -41.318453733117209 -79.922295186399168 99
3 23 60 -15.914034147479690 -45.229133532884845 99
9 17 83 17.861227631651488 -23.799441707028816 99
9 17 83 22.148226658360830 -57.528088868529281 99
8 20 71 -1.757415182448749 -85.831967664000942 99
9 17 83 47.922399160290851 -79.702218656206512 99
15 13 83 -16.611514269102603 -9.235890813175063 99
10 13 99 84.489064307578104 47.650792358888751 198
2 31 98 78.898292264400368 4.007427823587133 198
10 13 99 58.875043755563865 43.187391059319978 198
10 13 99 67.816635118859949 67.601484200205405 198
12 36 99 14.483892382673496 22.440688193825093 198
12 36 99 34.971041638621728 -46.583052036363100 198
10 13 99 83.928189595157065 -48.631872175347830 198
12 36 99 -35.048845492913330 -29.813573628043635 198
12 36 99 -55.535994748861555 39.210166602144568 198
13 18 102 -88.757340065458934 -24.210216531548756 198
10 13 99 -92.115456651683516 6.607360482118690 198
13 18 102 37.061990660297589 71.494021191348807 198
8 20 71 -25.326541030110249 86.362991607807004 198
10 13 99 3.431879460471661 70.178021700918734 198
10 13 99 15.126721683221852 93.399362432775277 198
1 14 113 -74.211730293967776 -60.898432547770753 198
7 15 78 -51.978989371107048 -79.518454864002109 311
7 15 78 -74.183335422913814 -59.345031346621269 311
7 15 78 -88.989897332823347 -33.253543761433306 311
7 15 78 -58.990725306569530 -33.476428797338606 311
8 20 71 -29.653356014323496 -52.563564858319026 311
7 15 78 -22.902916750916958 -86.906418114143008 311
3 23 60 10.308376117261879 -68.439961333697724 311
3 23 60 1.792487169378418 -23.235098371541575 311
3 23 60 45.198991343141643 -38.462553687945444 311
3 23 60 85.471900158654137 -16.234355030892345 311
3 23 60 81.802870586828348 29.619087827862195 311
15 13 83 -96.791123474327208 -6.362265050871446 311
4 32 100 -71.605560772268333 30.929656747028179 311
6 16 106 -55.242387151114663 76.054445378599411 311
13 18 102 -28.101755335191267 55.575526837023865 311
11 21 91 -20.375156919517863 17.348577221302328 311
15 13 83 -33.054915928164881 -14.198589235966617 311
15 13 83 13.020967966644397 10.969012770036558 311
15 13 83 78.718157377144124 -51.595166085521761 311
14 36 97 29.585416427764823 57.084292745104314 311
13 18 102 -12.293286273893671 91.174969770151819 311
10 13 99 50.090124700038402 12.580844129643559 311
6 16 106 48.279104934124831 -77.340733947142766 311
1 14 113 73.738025589257802 -61.471160573052153 417
1 14 113 88.339010862558553 -37.579504518084875 417
6 16 106 49.887911142774769 -79.669293468755001 417
13 18 102 56.485584528931611 -34.520218521614119 417
13 18 102 79.488416405084450 -6.827805739816888 417
13 18 102 26.726532592071852 -54.778521210123920 417
13 18 102 44.004667505886729 -0.752975366984685 417
13 18 102 67.007499382039569 26.939437414812549 417
4 32 100 19.623166381105641 42.899543493927553 417
13 18 102 8.375319167500990 91.617978742397995 417
13 18 102 -21.434661822684049 71.434692752133515 417
13 18 102 -57.432007323780041 71.871861912443009 417
4 32 100 -73.988362474640013 24.692553904391509 417
12 36 99 -60.901214406149585 -42.036199683798699 417
11 21 91 -10.043921818179239 -67.775970285371201 417
11 21 91 -0.516196145906578 -26.870928499377186 417
1 14 113 40.073846146210080 87.235811769306551 417
1 14 113 -9.186023668014245 7.038275129385672 417
1 14 113 -38.717795440198813 -87.846071717811711 417