8 12 45 98.000000000000000 0.000000000000000 0
13 25 73 78.877551020408163 31.675415467250108 0
14 23 61 66.199800091873726 -14.620098693346975 0
8 12 45 46.284991679248492 14.161847138865809 0
8 12 45 42.395480864355264 37.844577252195833 0
8 12 45 53.855621188897004 58.931662962217793 0
13 25 73 24.461871583301754 81.404034535408954 0
14 23 61 7.420135150732346 36.531111526507068 0
14 23 61 -22.499229416100079 71.471512553355240 0
2 21 46 -65.145020129376249 60.639313587335110 0
2 21 46 -36.630337871833738 29.802438003849190 0
6 14 75 -71.445596056262275 26.211087623897143 0
2 21 46 -58.249627399868317 -6.205982126767687 0
2 21 46 -77.677097971647285 -43.442703077767959 0
8 12 45 -96.615018428695805 -16.417619011987426 0
8 12 45 -88.798795174185926 6.273935673305935 0
14 23 61 -45.918098596064794 -73.895387009759091 0
8 12 45 -44.990194636840585 -38.907689254084225 0
8 12 45 -22.670969925971832 -47.731079096188324 0
8 12 45 -11.282640002020262 -68.857033312346928 0
8 12 45 -16.180044078207189 -92.352042001737701 0
13 25 73 -12.351694358840007 -9.268618664341492 0
14 23 61 16.528883439745925 -47.608053010975063 0
2 21 46 53.912710611549898 -70.812566925054170 0
8 12 45 29.812430405423161 -93.355337251395554 0
8 12 45 6.965584102282413 -86.005397523706350 0
8 12 45 31.221104717848768 -15.841110540613483 0
6 14 75 -80.162962782049917 52.819498274819694 75
6 14 75 -61.512265972235255 73.703738948312449 75
13 25 73 -83.840258428753145 13.993250751697676 75
10 23 74 -80.138887245292977 -33.863826586583762 75
6 14 75 -67.222164199058255 -68.535980626199915 75
6 14 75 -46.633154342877233 -49.559872670613203 75
10 23 74 -38.959092799826017 -13.364447829433864 75
10 23 74 -9.640740447197906 -48.810663640534848 75
9 19 103 -36.675336491742485 -81.021625063695538 75
2 21 46 -46.911710947653560 41.894561137904290 75
10 23 74 -8.251516288946426 20.885292970001039 75
10 23 74 21.066836063681695 -14.560922841099945 75
13 25 73 -23.270025293396273 81.354296304593959 75
13 25 73 21.306008948294007 58.705296960612870 75
10 23 74 68.969368585499282 53.030427085943273 75
2 21 46 33.641476758951796 -56.725818327568987 75
10 23 74 75.512991900387021 -43.206342754878989 75
10 23 74 86.989695641682246 1.338974296799293 75
8 12 45 21.086044826008617 95.704643114091155 75
8 12 45 57.987821647052655 -79.002610973496388 75
8 12 45 49.796762485198691 82.312011321136509 75
15 13 91 43.342147240032965 27.747121801418558 75
3 18 98 7.785594152623541 -85.922964329323548 75
15 13 91 -66.828064258898223 -70.306541853575538 178
1 23 78 -32.376525010824452 -80.751226790826266 178
1 23 78 13.326095642615233 -85.973339907926530 178
1 23 78 -5.002732063259844 -43.782652843974297 178
1 23 78 40.699888590179818 -49.004765961074547 178
15 13 91 -50.808640621892216 -49.827819570724657 178
1 23 78 -41.030013208967205 -15.181341453617407 178
1 23 78 1.753089609484771 1.718543552670866 178
4 15 100 -82.500127386225202 -47.103386091199582 178
15 13 91 -94.515675172334412 -21.812545626720606 178
1 23 78 -85.998106781679112 13.165319212496062 178
10 23 74 -43.492989878233757 30.752673675986156 178
15 13 91 -7.937088976637712 36.389863674192824 178
10 23 74 27.924106362654523 39.548133586205573 178
10 23 74 19.539190887165784 84.777473537932806 178
10 23 74 47.599983969861327 -2.031426781674927 178
10 23 74 82.323667992405220 28.139184214831765 178
15 13 91 70.926832798054875 -29.451458213943663 178
15 13 91 94.995478188287962 -19.617826683363919 178
15 13 91 76.212502658599789 -54.908514094884168 178
3 18 98 58.234042879321095 71.223565271119313 178
9 19 103 -57.898967527853152 70.204768778257559 178
9 19 103 -22.451583546453836 83.897210813016571 178
4 15 100 -82.630809458979826 46.873759483892165 281
4 15 100 -93.127273488532353 18.769947591618351 281
4 15 100 -94.336807197898807 -11.205659628351480 281
4 15 100 -63.540426431867772 23.731649038253202 281
4 15 100 -64.749960141234226 -6.243958181716614 281
3 18 98 -74.681928949452683 -37.713880259671868 281
3 18 98 -50.411073080244556 54.007383225357906 281
4 15 100 -33.599338155480332 25.610806515841261 281
4 15 100 -34.808871864846793 -4.364800704128550 281
3 18 98 -38.686564443401586 -37.136183040951344 281
9 19 103 -56.165499310623289 -69.747328925562982 281
3 18 98 -24.392614218882077 -88.707386228931313 281
15 13 91 -47.050695367638298 84.824713765633774 281
11 22 96 -14.574161829205636 71.775776286779077 281
3 18 98 -1.661838978995750 33.917198413172315 281
3 18 98 -1.887917449848484 -2.082091698231505 281
3 18 98 -2.698754695618273 -38.072959192095446 281
11 22 96 13.116847220715238 -74.813491796074771 281
11 22 96 56.499254007682850 -67.467283156914903 281
9 19 103 83.362096472464728 -36.493298997425320 281
11 22 96 43.918402869861524 -25.304240279912058 281
11 22 96 76.764672978107910 3.972414924809001 281
11 22 96 34.987210778858383 17.779791655755282 281
11 22 96 67.833480887104756 47.056446860476342 281
15 13 91 -82.319100481082387 -51.308534338699076 384
14 23 61 -85.615394324891781 -15.459762436508836 384
9 19 103 -57.028210865495360 -70.913913765075733 384
9 19 103 -47.937576807053382 -34.017296407714980 384
15 13 91 -27.481759140259516 -58.625415465921847 384
15 13 91 -28.111027066348846 -84.617799386547432 384
11 22 96 -7.119598315779150 -30.158199118727005 384
15 13 91 -2.229219318256021 -64.814860718779954 384
11 22 96 27.256129636134407 -83.672596453428142 384
9 19 103 63.733691758739923 -64.953957037288546 384
9 19 103 32.692696107648665 -43.034637043526573 384
5 23 108 82.568067067305662 -27.413761156924668 384
5 23 108 85.005587428073540 18.521611863122136 384
5 23 108 63.678829416823476 59.279057719426497 384
5 23 108 39.045224917520130 20.430820573168468 384
7 28 108 12.919815997032110 64.231083229199257 384
5 23 108 -6.842268576690046 17.215553738391083 384
12 21 117 -34.401568681821473 51.515480527165764 384
5 23 108 -81.531323501461259 30.358578492743543 384