10 13 89 97.000000000000000 0.000000000000000 0
1 31 90 70.690721649484530 35.267858918214742 0
10 13 89 72.497018163557684 -8.695049230624180 0
1 31 90 28.522197449140720 -10.183384923566081 0
10 13 89 26.715900935067570 33.779523225272833 0
11 14 91 33.104925365862321 60.012715307493934 0
10 13 89 54.676755406535086 76.250207376662999 0
12 34 78 -20.273013007938534 32.758755643123685 0
11 14 91 7.693106495453183 71.770243181052990 0
11 14 91 -6.741098026396914 95.763028342876183 0
3 19 94 -37.194638832633601 83.051543285540120 0
10 13 89 -66.628481671330789 70.495712140336138 0
11 14 91 30.425009267178513 88.118349994284500 0
13 16 84 -82.021473359743595 45.918165336790949 0
12 34 78 -75.711223119612697 -6.618964702445677 0
11 14 91 -79.027094519306729 -54.504296453000471 0
10 13 89 -52.895963544630888 -47.709887429079608 0
10 13 89 -59.277185244945763 -72.914649074678067 0
13 16 84 -30.903687010354080 -28.806454596921903 0
11 14 91 -28.228065725784035 -58.686900556471372 0
10 13 89 -36.020034339352009 -84.538113779938698 0
5 22 69 -1.089115858957928 -82.340175173866299 0
2 14 84 21.983386948250249 -54.705783300489180 0
2 14 84 49.577204147427310 -49.953809775899586 0
13 16 84 79.577094694386460 -50.034847856275640 0
13 16 84 40.283299317772027 -78.477893162001763 0
8 14 92 -66.956478832177154 68.795566298971707 94
3 19 94 -82.013467143751271 39.430840810979802 94
8 14 92 -49.814221740753545 46.656392380066400 94
3 19 94 -53.862700662076790 13.905669969353056 94
7 27 94 -11.545864126959252 31.941338675008019 94
3 19 94 -25.855064369969135 -11.776469920636913 94
3 19 94 -34.757233429179429 76.021117868058298 94
7 27 94 10.969983988839719 81.023276122772572 94
7 27 94 59.670070271865072 57.693004027790778 94
7 27 94 37.154222156066098 8.611066580026225 94
7 27 94 11.351753116644261 -38.825549988503170 94
3 19 94 -33.509478517501037 -48.997565337860514 94
3 19 94 -70.551603015910786 -57.475832415766959 94
8 14 92 -58.050439510865175 -26.935352540360352 94
3 19 94 -84.995259166192241 -7.883405297574377 94
9 18 72 -32.709426384405717 -85.988914550674167 94
8 14 92 -2.306592640294706 -95.972285741206235 94
8 14 92 -95.545268407850713 9.332828342563964 188
4 27 80 -78.199729193155221 -27.817303142418169 188
2 14 84 -67.654473625353489 11.803368040813275 188
13 16 84 -42.272929874278944 -4.189669094524362 188
2 14 84 -37.643047384729471 -33.830252559310665 188
2 14 84 -50.960232931056936 -58.460570647485795 188
4 27 80 -16.886732263731563 -81.264003552944942 188
4 27 80 -36.465562473344455 38.416369020636779 188
2 14 84 -13.536995434076204 4.426946937791925 188
5 22 69 -84.403812214420540 -24.899728586328695 280
5 22 69 -85.907864955109943 19.074557369821004 280
5 22 69 -47.072989833458323 -1.610037726185214 280
5 22 69 -45.568937092768927 -45.584323682334912 280
12 34 78 -47.213355319324201 59.555848407114830 280
6 18 70 -6.399307965898288 91.777169587853336 280
6 18 70 4.747806494847982 57.546454737020596 280
6 18 70 -13.429302787865630 20.025634714906573 280
6 18 70 -9.665850074956136 -15.777108527444206 280
12 34 78 6.937060841736802 -65.055332410741372 280
4 27 80 48.697326982358895 67.212873356026236 280
12 34 78 37.000800890737182 7.344757656699151 280
9 18 72 83.481368276278133 38.663434285128162 280
9 18 72 53.526524637175299 -41.959404993693894 280
9 18 72 83.481368276278133 38.663434285128162 360
4 27 80 48.697326982358895 67.212873356026236 360
12 34 78 -11.793313672340137 75.079409644893957 360
12 34 78 -67.151841664099663 35.589747977749006 360
12 34 78 -68.751693088200454 -32.391429383494184 360
12 34 78 18.511085159051657 14.205413460415159 360
12 34 78 69.471653231414152 -30.817030961696222 360
12 34 78 17.003722822644157 -74.073432552911243 360
9 18 72 -16.796819115357316 -34.557317299797056 360
11 14 91 -28.884714224413493 6.613430794317672 360
3 19 94 -35.996274858219124 -74.057753634368623 360
8 14 92 -68.325176651174260 -67.436416242159780 454
4 27 80 -78.256426713041066 -27.657398252663473 454
4 27 80 -78.709385841503021 26.340701973436552 454
4 27 80 -30.215207775541536 -52.315891373680344 454
9 18 72 -42.484172793205360 -0.356375387305492 454
9 18 72 -8.700349593808482 -12.792342982627265 454
15 34 114 -21.374339920543846 47.165987307412237 454
9 18 72 17.161008780177539 12.251421571693701 454
9 18 72 25.918865903622756 -22.667054033712098 454
14 19 107 9.074625554462507 90.546403413091440 454
8 14 92 24.478369139815307 61.362080848455776 454
9 18 72 53.498972348167214 74.845574068812098 454
9 18 72 47.676001911217739 39.319625590405323 454
9 18 72 83.660802534473973 38.273621716369519 454
9 18 72 64.762536295473907 7.632872163529420 454
6 18 70 90.266616262489151 -17.774644539920615 454
6 18 70 59.303023670860753 -36.139173769379653 454
6 18 70 30.943746853327951 -58.314642611921563 454
6 18 70 3.719561953483363 -81.869764274504291 454
8 14 92 56.432786015326087 -77.661706538991382 454