2 11 112 99.000000000000000 0.000000000000000 0
2 11 112 96.555555555555557 21.863775779997951 0
2 11 112 78.843192529652626 8.814936902970350 0
2 11 112 81.287636974097069 -13.048838877027592 0
2 11 112 76.398748085208183 30.678712682968296 0
2 11 112 84.861216147439819 50.986017632067515 0
2 11 112 63.043340148006621 48.161077478124973 0
2 11 112 61.130829503749695 -4.233901974057249 0
2 11 112 58.686385059305252 17.629873805940697 0
5 29 108 24.326825308048221 38.109635857776119 0
2 11 112 51.872321997752266 67.113870240319358 0
5 29 108 24.322200105856655 -19.890363957805818 0
2 11 112 -3.225441833360946 9.111832917407954 0
8 22 104 -26.377647559192575 32.627261257728904 0
4 28 98 -13.333962079182767 80.895908111546774 0
13 11 106 -52.200500189891130 84.119604016692648 0
13 11 106 -69.489095525616221 70.514293607975574 0
13 11 106 -83.346130588471354 53.426795860593032 0
5 29 108 -79.853588085608877 13.579560738621272 0
13 11 106 -56.517066463394755 46.066585203412345 0
8 22 104 -79.647610481482303 -37.420023310923675 0
8 22 104 -40.028940731450270 -18.279464091352864 0
11 15 101 -46.897104451969930 -54.636421157478978 0
15 17 56 31.356065686360640 86.168613139799362 0
13 11 106 96.555555555555557 21.863775779997951 112
13 11 106 99.000000000000000 0.000000000000000 112
13 11 106 78.843192529652626 8.814936902970350 112
13 11 106 76.398748085208183 30.678712682968296 112
13 11 106 84.861216147439819 50.986017632067515 112
13 11 106 81.287636974097069 -13.048838877027592 112
13 11 106 63.043340148006621 48.161077478124973 112
8 22 104 44.997246720942897 20.532496044730909 112
8 22 104 33.580713675240560 63.025586932737468 112
8 22 104 49.886135609831783 -23.195055515264986 112
8 22 104 9.572520669137042 -5.565181709324291 112
15 17 56 8.184655055714835 33.410115968039001 112
14 18 100 -6.357611753734002 65.245983728205402 112
11 15 101 11.703356511587360 92.864843685109037 112
4 28 98 -52.309751303485449 63.148158473288056 112
11 15 101 -87.114119596467035 37.896308091058671 112
11 15 101 -94.587616616660412 8.842102848285947 112
14 18 100 -62.383677015808139 16.046703752198585 112
14 18 100 -29.988477808643871 0.344759021428970 112
14 18 100 -59.784360437891699 -19.859334087247987 112
4 28 98 -50.188021339754705 -64.847224412462921 112
14 18 100 -12.452287067950095 -91.153390210004602 112
14 18 100 -5.062590453074218 -55.919991510190073 112
14 18 100 21.755579575192833 -79.936355854839718 112
14 18 100 56.929872500069848 -72.270254026990870 112
9 12 89 66.338053014957197 72.133644869677354 112
9 12 89 -22.907268466358726 90.268151154195408 112
9 12 89 19.138775084081324 -38.191655261771835 112
9 12 89 95.333333333333329 22.705848487901886 218
12 18 69 78.689343208474355 47.665367568276764 218
12 18 69 91.727427581474245 -7.076653819807429 218
12 18 69 63.362178367017883 15.091175054527163 218
12 18 69 42.815682563074084 44.651985432094961 218
6 33 82 13.906141046308903 2.637245051004530 218
6 33 82 58.641774366603364 -45.888244245159804 218
6 33 82 -5.750348755092048 -60.367694506838234 218
6 33 82 -50.485982075386502 -11.842205210673885 218
6 33 82 -54.879591772097037 54.011391455210443 218
12 18 69 -54.954092168186619 -73.783790590958731 218
12 18 69 -4.008521987000595 50.387269641605258 218
9 12 89 22.522686170327489 -95.376771845522953 218
9 12 89 -93.173242462435212 30.376749151880283 218
9 12 89 64.276619904271541 73.976456617506372 218
3 20 116 33.150126584080283 81.402183086215643 218
9 12 89 5.691502496152410 97.834588972082315 334
6 33 82 -30.279832132564721 70.796410686020664 334
12 18 69 -77.000772227231522 50.347602489195168 334
6 33 82 -76.997236168890154 -0.652397388219462 334
6 33 82 -11.505534121737874 7.522990245833750 334
6 33 82 -37.171291768438778 -53.282181281108059 334
6 33 82 33.903706358384127 55.418719481522913 334
6 33 82 52.678004369210981 -7.854700958664008 334
7 18 67 11.526341556778622 -37.980116271516913 334
7 18 67 9.465975527074498 -73.921108075077939 334
7 18 67 44.896039421190132 -80.301591791763016 334
15 17 56 77.659251295762331 -51.166792826809434 334
15 17 56 32.627152365599628 87.088856511679765 423
5 29 108 62.215372333237866 51.867595331156224 423
6 33 82 0.283642142462334 48.958850657420918 423
1 28 95 81.984498454452108 -1.594369208163940 423
7 18 67 37.926457455611001 11.630192158642760 423
7 18 67 4.550544829023476 -1.862341196602117 423
15 17 56 -28.919317768841552 8.373297409759282 423
15 17 56 -48.121620321030782 36.431657602297030 423
10 18 64 -45.544663353778141 71.336661438264855 423
5 29 108 60.151734521146608 -54.247293334299179 423
7 18 67 16.989794749467848 -35.644955977236322 423
10 18 64 -18.486432817047223 -29.526355022047603 423
10 18 64 -52.435664463019663 -17.549307362123081 423
3 20 116 -76.080994869516900 12.197933685872901 423