10 10 104 100.000000000000000 0.000000000000000 0
10 10 104 98.000000000000000 19.899748742132399 0
10 10 104 81.766312060385914 8.217823563497323 0
10 10 104 83.766312060385914 -11.681925178635078 0
10 10 104 65.532624120771828 -3.464101615137756 0
10 10 104 63.532624120771821 16.435647126994645 0
1 15 100 78.963536422653917 36.105089049215621 0
2 21 84 43.153180830091415 39.795405070131416 0
9 14 84 69.037790120112007 63.353567178050184 0
14 16 77 45.666041398326868 82.162112089492297 0
14 16 77 17.685296295725241 66.635428493075608 0
5 30 76 58.735721188830851 -42.882398261920606 0
3 15 95 40.594873965218675 -1.700974512740169 0
13 13 84 18.885291863378534 15.982182585568445 0
5 30 76 11.005537558686903 -79.239372429647204 0
3 15 95 14.546462949948751 -34.378901551896519 0
5 30 76 -18.162736418835525 37.809770642893227 0
5 30 76 -76.448730696871735 23.570990111515915 0
5 30 76 -34.974587898769585 -19.786771352409225 0
12 21 75 -39.993755724979948 -79.507858121135641 0
13 13 84 6.271094326001302 -7.629728216300027 0
13 13 84 -8.231731974286150 79.647255638078349 0
13 13 84 11.747000049601638 96.286073706609614 0
9 14 84 -33.124555588351285 90.104183127500946 0
13 13 84 -57.367276881133783 78.217616578641241 0
9 14 84 -94.566945142849875 -16.525522271602263 0
9 14 84 -63.334914446577741 -53.427399736874456 0
10 10 104 -76.100940532409311 64.874084579920677 0
10 10 104 -86.983349900679812 -49.334540030853660 0
10 10 104 -73.205470381166734 -31.551108334030360 0
7 13 109 94.400000000000006 22.307846153315641 104
2 21 84 88.299999332363001 -11.140472068305435 104
13 13 84 68.981829258653903 16.838239571140193 104
3 15 95 76.473921083435414 43.817278844046896 104
3 15 95 47.765310815924707 35.110057903460927 104
3 15 95 54.578941418768778 64.326054172764955 104
2 21 84 19.301236872935878 57.150849508302720 104
2 21 84 46.379280458983686 -8.561067265041896 104
13 13 84 25.432840307187746 18.220393579490665 104
13 13 84 1.434277455704631 28.223842038068067 104
9 14 84 -14.901188363057976 49.721575790350855 104
14 16 77 11.425840201021646 93.303001965106773 104
2 21 84 -24.740323342528317 85.492200819180866 104
13 13 84 -57.869566681427429 77.846729231894031 104
2 21 84 -74.737025101026475 48.325739301624125 104
13 13 84 -94.737003699080361 20.830269564276708 104
2 21 84 -88.115169375424344 -12.518663105151422 104
9 14 84 -65.837695595386705 14.476043079205091 104
13 13 84 -41.116552741592351 43.259790394605254 104
6 23 71 -29.203206499352419 9.288152498964902 104
2 21 84 -49.753537604659293 -29.617938174119395 104
9 14 84 -80.333870202687137 -46.642721820145447 104
8 22 109 71.817009074306284 -50.855847329692658 104
9 14 84 36.862627154761441 -42.242416850342607 104
9 14 84 15.212382774846969 -24.486659522366367 104
7 13 109 85.083384274717062 46.581302261324012 213
1 15 100 92.934041714285769 19.704412973935373 213
1 15 100 94.444602902006636 -10.257532972517318 213
1 15 100 64.112038577824677 28.028602736418392 213
1 15 100 59.364284328102286 57.650534300451199 213
2 21 84 58.547415050522318 -7.538727287065146 213
1 15 100 35.235866248037652 19.894312873102592 213
3 15 95 30.488111998315262 49.516244437135398 213
9 14 84 38.196605993499396 77.472981019329865 213
5 30 76 -5.783507153734462 76.150238581624123 213
5 30 76 -60.737793239085235 52.066500482038663 213
3 15 95 -19.797431310666184 33.387989696377616 213
5 30 76 8.277414464926480 -16.136810859826838 213
12 21 75 -41.644897160491382 4.775261131266557 213
12 21 75 -83.610163705878762 6.483009290273289 213
6 23 71 -78.629604207724711 -37.234195870685340 213
14 16 77 -60.630785754123053 -71.832498347458511 213
12 21 75 -35.296573936439039 -44.866265544623047 213
7 13 109 8.116888765106399 26.862889505404745 213
7 13 109 69.653858806665639 67.508073245657712 322
5 30 76 76.000327085743649 24.978996834540379 322
5 30 76 27.307905512696287 60.036778871523723 322
5 30 76 21.293186454854627 0.339013798991594 322
6 23 71 82.498945476545117 -27.621078821400811 322
14 16 77 -10.394990697077823 33.683570008180318 322
14 16 77 45.186397146223619 -38.968930472591104 322
15 21 75 9.662973701989678 -49.317185726577193 322
15 21 75 37.625593379339776 -80.655531260122416 322
4 15 57 -17.530133086725673 63.851263706563209 322
15 21 75 -52.651775993500664 71.755072884990000 322
15 21 75 -79.694840597427628 39.619848335784923 322
14 16 77 -93.842937568515921 5.431672717646350 322
14 16 77 -61.891003973350863 7.184938108328105 322
14 16 77 -42.374716145496159 32.544640579381081 322
14 16 77 -30.170713487076629 2.963188297363399 322
15 21 75 -50.432251203642778 -27.995979801281756 322
4 15 57 -5.168570648107757 91.186072542114829 322
4 15 57 -86.274571643740430 -24.630260640484451 322
7 13 109 69.179938559486345 -67.993647504055076 322
7 13 109 3.692588628922202 -82.788882756744229 322
7 13 109 -24.333773549163411 -49.787479614709959 322
15 21 75 -45.001914775914308 -76.784293097620861 322
4 15 57 -73.890848132077579 -55.303382280265900 322
7 13 109 -14.725858152950989 -25.627844647698883 322
7 13 109 84.755468436376347 -47.175317382402554 431
15 21 75 87.996070026582188 -13.330103520859957 431
15 21 75 84.310733617999674 28.507897095273425 431
6 23 71 50.447752485505724 -36.267493299003625 431
4 15 57 57.025802693473594 5.023167068214549 431
15 21 75 43.487574562145554 38.380570730132220 431
4 15 57 70.772505486671633 61.865300757191093 431
6 23 71 19.170449831776054 1.710726922888481 431
6 23 71 -0.222540086835338 43.422978624476556 431
15 21 75 27.803816819958332 77.342343573322793 431