1 12 114 98.000000000000000 0.000000000000000 0
8 18 107 87.591836734693871 28.136633370798521 0
1 12 114 74.039267399437293 1.372331317259682 0
9 20 98 50.011233588513477 22.506511953875389 0
8 18 107 66.029961881653719 56.965187840661116 0
8 18 107 40.673954599841785 82.520478774726030 0
9 20 98 20.979093361615881 50.022595138910184 0
8 18 107 4.721454912284809 84.369198931000497 0
11 29 98 -28.016930255492042 50.646830440541692 0
8 18 107 -74.938007665025538 53.369420150462304 0
9 20 98 -63.702822986097978 17.068309627085860 0
8 18 107 -91.582720688412778 -8.752443733504972 0
11 29 98 -49.586079914065067 -29.854153703798755 0
11 29 98 -18.544914967092826 -78.848501119953426 0
9 20 98 48.160804413695317 -17.450664020772543 0
8 18 107 16.809622323431242 4.022653877100278 0
9 20 98 -0.701330693619695 -33.212917412987842 0
9 20 98 27.362373085451619 -61.716049349681015 0
14 21 96 68.121211287579442 -57.275654275730105 0
6 14 93 -61.260723589519614 -73.912947074842549 0
6 14 93 -14.669890936218481 9.770718328334077 0
2 12 92 -95.732511322223075 20.959157328967944 0
2 12 92 -89.090081831080568 -40.828388644806545 0
2 12 92 -56.741976446326674 79.902115797796668 0
2 12 92 19.988471706676670 -92.854860798676640 0
1 12 114 95.061224489795919 23.819395426849606 114
11 29 98 79.743503706198709 -14.211742210562115 114
9 20 98 64.193196304874377 32.255320745087644 114
14 21 96 33.576087221046933 4.986425803249409 114
2 12 92 80.979761286851243 -55.193099767313200 114
9 20 98 49.097906780225642 -52.445855107957684 114
11 29 98 3.364649429341789 -34.854119205044974 114
11 29 98 -13.956621816961253 20.499051999611360 114
11 29 98 -64.392352372153852 49.138833482087996 114
11 29 98 -80.737949772212843 -6.510258564729668 114
11 29 98 25.812770998421730 62.717476829249009 114
9 20 98 -15.791288099962991 88.603810415489292 114
14 21 96 -69.745000716657643 -55.286841789284956 114
6 14 93 68.690601606824373 65.956557303261476 114
7 15 69 -46.546537183313276 -82.815577497487965 114
4 18 95 -14.538049217142770 -90.844070389651378 114
6 14 93 -33.563327469067367 -56.884201415299202 114
6 14 93 -39.297915826919478 -29.477733266958975 114
1 12 114 98.000000000000000 0.000000000000000 228
11 29 98 73.897959183673464 33.167629226221919 228
6 14 93 60.947786672791295 74.171202630724025 228
14 21 96 27.546861898827064 84.629607109609992 228
5 21 90 24.818590497676354 42.718313462650542 228
11 29 98 -19.097641932289569 66.621546071592988 228
2 12 92 -58.242478264163545 78.815060271806161 228
4 18 95 -74.685266347997626 53.722537082016643 228
9 20 98 -47.776691098372901 26.891052254760371 228
9 20 98 -86.699774530004987 17.671856184917367 228
2 12 92 -97.191909017196551 -12.559172806876571 228
4 18 95 -67.291188788027071 -14.997805574829888 228
2 12 92 -89.411713624077635 -35.263105498040261 228
5 21 90 -28.695295803719912 -9.398069443197473 228
4 18 95 -46.262455153172624 -44.217531133334731 228
15 17 88 -6.824013040576721 21.676791623179568 228
4 18 95 10.300819550147974 -8.847626614350419 228
4 18 95 -5.862163342969732 -41.015280927290064 228
4 18 95 -23.711170808940999 -72.278884885882263 228
2 12 92 -53.694382149421841 -73.282397572429588 228
7 15 69 73.266258489819364 -10.827835929102715 228
2 12 92 48.853587993457140 0.705659605038068 228
6 14 93 38.854048985737052 -23.294532469882594 228
4 18 95 27.948239333558540 -53.378802709169605 228
3 18 89 10.099231867587273 -84.642406667761804 228
2 12 92 39.685958674440847 -89.604825116120679 228
3 18 89 61.197389034879976 -68.694101459394261 228
15 17 88 83.228226832474064 -41.497737990428391 228
12 13 45 -73.809108979894958 -58.436598013785229 228
1 12 114 95.061224489795919 23.819395426849606 342
3 18 89 78.126425092560666 48.582524659145776 342
3 18 89 91.803927056628865 -6.003247203069769 342
2 12 92 72.152566547146890 16.664439713031140 342
2 12 92 53.382186430265577 31.620135292568289 342
2 12 92 48.863313483855144 55.190875359316301 342
5 21 90 43.611091954431643 0.099892388296002 342
5 21 90 20.579302187922270 35.221632950963368 342
15 17 88 25.861971463025746 72.852649484268412 342
12 13 45 55.026970203158385 79.881365475689762 342
1 12 114 98.000000000000000 0.000000000000000 456
3 18 89 87.591836734693871 28.136633370798521 456
15 17 88 69.041067741952233 -1.542803446262807 456
15 17 88 88.139521095286270 -29.671953442494910 456
5 21 90 48.665509373499312 30.532679732853424 456
5 21 90 31.564486659711310 -7.828172996752402 456
5 21 90 6.893525041933039 26.162173468885623 456
5 21 90 23.994547755721040 64.523026198491451 456
5 21 90 -10.579600400445578 88.368954137564018 456
5 21 90 -49.926264747930958 73.677459838946035 456
5 21 90 -78.154392166322751 42.578057554480203 456
5 21 90 -88.977602556385619 1.996557867400668 456
5 21 90 -79.985576119095327 -39.029573567954941 456
5 21 90 -48.421387708673080 12.914132562642312 456
5 21 90 -39.429361271382788 -28.111998872713286 456
3 18 89 -51.164894504051283 -65.304434390502834 456
15 17 88 71.584250709922159 -59.369142239879203 456
3 18 89 39.208678550058792 -46.071686568906649 456
7 15 69 72.520855266599170 57.494179548712410 456
7 15 69 -20.024720178005211 53.630075163314544 456
7 15 69 8.080993246571030 -35.114168252835640 456
3 18 89 -15.104688882756870 -58.596590278635404 456
7 15 69 -28.117500718248721 -88.922597733196298 456
12 13 45 53.944663734619510 80.616209626593260 456
12 13 45 -2.409665090367803 -9.153696615024131 456