11 11 83 99.000000000000000 0.000000000000000 0
11 11 83 96.555555555555557 21.863775779997951 0
11 11 83 78.843192529652626 8.814936902970350 0
11 11 83 81.287636974097069 -13.048838877027592 0
11 11 83 76.398748085208183 30.678712682968296 0
11 11 83 84.861216147439819 50.986017632067515 0
11 11 83 63.043340148006621 48.161077478124973 0
11 11 83 61.130829503749695 -4.233901974057249 0
11 11 83 58.686385059305252 17.629873805940697 0
9 22 79 28.988559048769989 3.241019430140827 0
11 11 83 43.042906832400689 33.098603196694256 0
11 11 83 42.159940720342817 55.080877211112274 0
13 28 78 56.217199703948303 -42.923128409726701 0
9 22 79 6.881153874635785 -34.801885775254107 0
9 22 79 -15.011265879932374 3.365141319999122 0
9 22 79 7.096139294201823 41.408046525394049 0
9 22 79 23.442336875022264 82.259017439789460 0
3 14 57 58.485524389014401 74.014321638294660 0
3 14 57 92.888888888888886 24.241582476968254 83
3 14 57 81.943013331181007 50.013423860058701 83
7 24 54 85.021660994264579 -12.935113520041018 83
3 14 57 65.286707112284219 19.538438722916766 83
3 14 57 54.340831554576340 45.310280106007220 83
7 24 54 37.474752916886892 -6.355483417869891 83
7 24 54 17.224345390993754 37.163719183226220 83
2 14 52 38.684396577528318 68.523983899445000 83
2 14 52 95.932758273757244 -3.592476859892059 140
7 24 54 80.216450780113135 31.005177378007158 140
2 14 52 68.578210551655957 67.179081844966774 140
2 14 52 67.966475781242877 -4.966173896681612 140
2 14 52 46.651149243793796 13.190281005141021 140
7 24 54 32.651854086153961 79.560394825167322 140
13 28 78 9.591447036718264 32.953339278669468 140
7 24 54 -15.338292262241268 78.587844847218292 140
2 14 52 -53.317908654819298 79.832328142653751 140
7 24 54 -72.137913351579925 46.820096724376242 140
2 14 52 -94.625286277139097 16.188119006526740 140
7 24 54 -60.078828550055114 0.359592274363720 140
15 15 41 -92.618297892984330 -21.138848015121717 140
15 15 41 -81.408522205823488 -48.965830047737811 140
15 15 41 -36.353464597009690 31.312897514604760 140
13 28 78 31.631707745745310 -26.032370321441924 140
2 14 52 -5.427994461330218 -6.269312047913479 140
15 15 41 -28.985566481023351 -23.182052823345806 140
2 14 52 -54.367664885066858 -37.208780189608120 140
2 14 52 -57.282100291236802 -65.056689738859092 140
9 22 79 80.878164228719726 -34.680290526352884 218
13 28 78 44.437097760820699 -68.915486957542896 218
13 28 78 35.525694646574749 -13.629079093263925 218
8 17 75 92.969075145487736 2.398138151286361 218
13 28 78 62.454172039744286 35.471400591618561 218
8 17 75 6.290658835325793 -92.787001306311964 218
13 28 78 -8.356160744687408 -50.237375265763241 218
13 28 78 -17.267563858933361 5.049032598515733 218
8 17 75 17.491930369821240 33.628353111102726 218
9 22 79 27.579668003572387 71.301122446958573 218
14 23 98 -56.926874607696959 -65.790052039799662 218
8 17 75 -85.135158945830909 -37.429997478868586 218
9 22 79 -87.987795781863156 1.465535209111316 218
8 17 75 -55.701288968641933 -20.410969945959035 218
15 15 41 -56.951205477964066 21.608277383599791 218
8 17 75 -36.127696473085322 45.906044209457143 218
9 22 79 -15.716712317341962 79.138433918805362 218
15 15 41 -52.716557546151613 79.031415022655921 218
4 15 99 -85.707838418950587 -40.977633332722576 316
9 22 79 -58.342311888137829 -65.880001848415674 316
5 16 92 -28.607596877439725 -89.541082196374532 316
5 16 92 -21.077848181804331 -58.439588910993891 316
9 22 79 -40.386245898871564 -25.710614322724972 316
5 16 92 -2.924994867621585 -32.086715888232888 316
9 22 79 16.383402849445645 -64.815690476501814 316
15 15 41 49.663398203332122 -80.984855861434170 316
14 23 98 -79.514901869211229 -3.485667034715444 316
2 14 52 -45.054357623713145 9.985446145124930 316
15 15 41 -16.931831843715916 2.905647860329566 316
6 19 119 -82.497282605883910 38.408311114196671 316
4 15 99 -66.126546445346634 68.207623145887553 316
5 16 92 -47.528374595681647 39.883259443465192 316
15 15 41 -17.324449760708340 32.903078603165802 316
14 23 98 -28.564820537215944 73.962338325847696 316
15 15 41 3.859080108461679 54.145914154993193 316
15 15 41 11.664150410174413 25.179021370551812 316
15 15 41 12.056768327166838 -4.818409372284423 316
2 14 52 26.978695141557154 -29.684774208061668 316
15 15 41 49.388113407342054 -48.091783008763265 316
14 23 98 30.106094041033209 81.624892658995051 316
5 16 92 66.165773309342242 66.768933212810381 316
5 16 92 42.910875142492046 44.786901658619868 316
12 28 98 79.453057559855779 20.278354084842409 316
4 15 99 92.735455677385161 -20.618808411441517 316
4 15 99 62.762292568833345 -19.350150353433584 316
4 15 99 79.381935336136294 -47.482975893346719 316
4 15 99 -66.126546445346634 68.207623145887553 435
4 15 99 -84.098437905261875 44.186567437342461 435
4 15 99 -93.683781540829656 15.759095031444648 435
4 15 99 -54.309647705983011 40.632980733271815 435
4 15 99 -36.337756246067769 64.654036441816885 435
4 15 99 -63.894991341550792 12.205508327374018 435
4 15 99 -81.866882801466005 -11.815547381171076 435
12 28 98 -40.613546332709106 -23.946591449821231 435
12 28 98 -13.056311237226126 28.501936664621606 435
12 28 98 15.234670812262848 -19.826319404426574 435
12 28 98 -9.121177498408485 -70.252430230739250 435
5 16 92 -52.430174225588345 -78.019720780546578 435