10 13 69 97.000000000000000 0.000000000000000 0
2 15 66 90.979381443298962 27.345057180315223 0
2 15 66 69.695649803919792 6.202617219353049 0
2 15 66 62.027625519428859 35.206089486867114 0
5 17 63 79.395750589422846 -24.291776441631310 0
5 17 63 38.533997574628685 13.479390566154272 0
2 15 66 33.710904799078399 45.113830281098409 0
2 15 66 56.449620381169339 64.682959379675452 0
11 31 109 -7.922794370074122 25.552769637756256 0
10 13 69 13.185664556233190 64.158895599271716 0
11 31 109 -68.278364419490728 39.737450247835774 0
1 23 76 -15.762279985407062 85.560215811214718 0
10 13 69 20.049516174660464 89.236525889237583 0
12 21 48 -88.629282018283575 -8.114824022956668 0
8 18 49 -49.709929262409403 -5.608037022864789 0
10 13 69 -65.008535690997107 -32.570096316308522 0
3 22 62 -31.034061214446950 -40.980511528546394 0
10 13 69 -61.435137641996427 -58.323364582363574 0
3 22 62 -24.563815133364201 -84.502183321461629 0
3 22 62 9.891935213927653 -57.137949950049638 0
10 13 69 9.593387794770180 -92.136676633152192 0
5 17 63 38.630534612283981 -84.597173685467354 0
2 15 66 66.119076578453033 -68.214864306928462 0
8 18 49 48.332461958377166 -40.418527491497130 0
10 13 69 30.135753209662138 -15.321121436001313 0
10 13 69 4.175121813216277 -16.751372287380107 0
5 17 63 -44.705256307011211 81.550230278794643 109
5 17 63 -12.405946347327923 92.168826048871978 109
5 17 63 -71.029392686985290 60.031869657025005 109
5 17 63 -39.231877550751044 47.993679130166157 109
5 17 63 -65.556013930725101 26.475318508396516 109
3 22 62 -0.851791565893386 54.919644752007834 109
3 22 62 -30.179493019433416 10.058809494207718 109
2 15 66 -94.209663969066085 12.228622769373999 109
3 22 62 -84.789714415113636 -23.552161883858396 109
6 16 100 -72.706519718316329 -59.579879073812151 109
2 15 66 -50.644080778812359 -37.802625159678279 109
13 24 77 -37.010134097363583 -77.628924854690382 109
5 17 63 1.001651592984985 -92.994605725742346 109
3 22 62 37.613358387469937 -79.556491066510375 109
3 22 62 71.426809211947926 -51.402440854496305 109
3 22 62 87.383557733438934 -10.397780428858155 109
3 22 62 81.494416821570198 33.206325103994530 109
3 22 62 2.155734094876849 -53.503528096335316 109
3 22 62 37.494629064449114 33.342990126212783 109
3 22 62 43.894105870536357 -17.081161060266240 109
8 18 49 59.598284575784952 66.681082648674135 109
8 18 49 10.051444493166510 4.241931372509052 109
15 14 102 -18.429479681185732 -23.969666618468878 109
14 38 112 -69.961710413116293 -17.010557782484820 211
11 31 109 -60.094383176946131 51.280260437934345 211
9 24 109 -17.662112034113427 16.287370222047244 211
9 24 109 -9.566381337711157 -31.024986985043267 211
6 16 100 -37.204876788443336 -59.940615444750954 211
15 14 102 -65.852043839403279 -68.847905714771116 211
15 14 102 -34.017626102665972 -89.770825518868975 211
12 21 48 -21.673448173880345 86.320690707698361 211
6 16 100 -3.925992255338796 53.854896270792537 211
6 16 100 19.223414501949421 31.761798552599672 211
6 16 100 18.766084276157411 -0.234933297146753 211
4 18 95 32.432222033979627 -31.367499506571669 211
6 16 100 16.472578570502826 -61.388988152518294 211
15 14 102 -10.727183669767708 -74.044932766522948 211
4 18 95 44.625642519069785 -80.452172312251406 211
15 14 102 14.529803477837952 -91.326015809574045 211
12 21 48 71.848080974114879 -52.524787104157141 211
4 18 95 90.199490115603041 -18.112205356753993 211
1 23 76 84.060072825838986 22.425524665314907 211
15 14 102 60.528564123226289 -6.127375330637572 211
15 14 102 47.265488724155247 18.532122453351388 211
4 18 95 53.622241824977003 49.894387837331436 211
4 18 95 39.588838988505728 83.046516046985190 211
4 18 95 -57.705076617059028 -71.652802685026543 323
13 24 77 -78.486685564159004 -35.154518758657957 323
13 24 77 -30.683728128313106 -39.499315691393200 323
3 22 62 -19.714813132143174 -84.172382564026861 323
13 24 77 15.055818848122900 -54.055889546198600 323
13 24 77 62.828196140009311 -58.724933118672176 323
13 24 77 4.792408110230745 -7.165992979610607 323
13 24 77 52.564785402117153 -11.835036552084187 323
1 23 76 83.834909151548743 23.253128984108134 323
13 24 77 38.061709287038319 33.921501594941645 323
8 18 49 -91.882311121229947 4.651978398649767 323
12 21 48 -52.978304430297982 1.917337034243529 323
1 23 76 -20.991231792930886 32.130367072486990 323
1 23 76 6.659958694481074 68.891918517289469 323
8 18 49 47.215609339317894 74.911818912972706 323
4 18 95 -80.783373820875013 -44.023249699638995 418
13 24 77 -85.968036973904077 -2.344486906225562 418
1 23 76 -75.375213922346575 43.446255605753784 418
12 21 48 -46.910385409745317 -24.693980285109284 418
12 21 48 -49.011990961991373 -66.641367022578024 418
11 31 109 -25.518604989252815 22.702134855706156 418
1 23 76 -2.941624643804111 -26.351712684331140 418
14 38 112 42.914486294446775 13.875356431114337 418
1 23 76 79.764742364029061 -34.735945008018248 418
12 21 48 36.955794984080683 -44.904230223373467 418
7 18 91 4.584473415526707 -66.655035723521564 418
7 18 91 35.676811729806801 -84.800737642994122 418