1 10 114 100.000000000000000 0.000000000000000 0
1 10 114 98.000000000000000 19.899748742132399 0
1 10 114 81.766312060385914 8.217823563497323 0
1 10 114 83.766312060385914 -11.681925178635078 0
1 10 114 65.532624120771828 -3.464101615137756 0
1 10 114 63.532624120771821 16.435647126994645 0
9 34 113 49.107546252682681 58.003869707465483 0
1 10 114 87.839030033162885 37.126318027194188 0
9 34 113 57.043368445446134 -46.637386619628096 0
1 10 114 45.544957735842516 -4.166378259179756 0
9 34 113 3.211521417098432 7.828627761945837 0
9 34 113 -17.293500330959997 72.663372175043136 0
15 33 92 -70.223654826645486 31.585412816490948 0
12 14 110 -95.672004406421948 -7.928907418905879 0
5 32 80 -56.432742820860121 -31.934747337972492 0
11 10 65 21.927870354375383 92.605390166297553 0
8 16 54 30.401234264958067 -88.948102594530596 0
8 16 54 -50.127426700853377 -79.518809676394000 0
8 16 54 10.202558030560006 -64.128483774372157 0
6 14 99 -19.391532619730508 -59.210171199678683 0
6 14 99 -21.116086429778626 -87.157012061505071 0
11 10 65 13.824748231544945 -38.382032792772989 0
11 10 65 98.000000000000000 19.899748742132399 114
11 10 65 100.000000000000000 0.000000000000000 114
11 10 65 81.766312060385914 8.217823563497323 114
11 10 65 83.766312060385914 -11.681925178635078 114
11 10 65 65.532624120771828 -3.464101615137756 114
10 24 67 61.297085244103947 -37.199249612800891 114
10 24 67 31.783022235932187 0.654681289414106 114
10 24 67 63.360664816748447 36.805096073178625 114
5 32 80 6.638507059474080 -49.382838198874566 114
7 23 60 -15.214969238913710 1.089189436993237 114
8 16 54 37.377044050900210 -86.249385957333430 114
15 33 92 20.387111644849458 74.252041579881450 114
13 13 75 -4.162204203611426 35.350485166641278 114
13 13 75 -21.332318928823131 54.874500130860817 114
7 23 60 -55.114138229767036 67.315910208435355 114
7 23 60 -81.736260522023500 29.802411242647832 114
10 24 67 -84.276935644098458 -17.128867984793537 114
7 23 60 -63.617524101573032 -59.344844992516201 114
8 16 54 -42.739844050821794 30.331091112312659 114
13 13 75 -24.164560823481199 85.704049276114858 114
13 13 75 -48.525842959427223 -26.660886231316532 114
13 13 75 -53.493433582520780 3.398577078458811 114
3 13 114 66.260518300500266 70.841680630466911 206
4 21 93 79.699536327970705 39.610401526701011 206
4 21 93 88.989772306097393 -1.349231228863601 206
6 14 99 57.038232479990981 12.937094496834249 206
14 20 95 38.747751214924172 41.598188249380406 206
14 20 95 35.002776341707104 81.422491924384857 206
14 20 95 2.386405107735804 58.267096710142248 206
4 21 93 5.652130449825872 17.397364168932356 206
6 14 99 -23.700236248334328 36.461429034976433 206
6 14 99 -31.218839921693363 63.433091920363239 206
14 20 95 -65.190687491641938 62.049772476352238 206
6 14 99 -88.470247299519428 37.269496143117848 206
4 21 93 -88.970967827448789 2.273078055649094 206
14 20 95 -81.560249134047140 -38.051619692099351 206
4 21 93 -49.604294644656107 -12.364716946303606 206
4 21 93 -43.771413085471856 -53.957715067580324 206
13 13 75 -15.952069497947647 85.702481692618861 206
13 13 75 -64.160550273687775 25.520511909905515 206
10 24 67 50.387503506198165 -24.476376394238564 206
7 23 60 49.608965056150623 -71.469927844217295 206
2 25 92 7.570157990786846 -48.302306030118174 206
4 21 93 -17.598865100674502 -86.805815956116945 206
13 13 75 -8.115173302441278 -13.690597285508666 206
13 13 75 21.929688042649566 -94.488564294056630 206
3 13 114 82.697426094325550 50.696505968099657 320
15 33 92 39.377802927449480 66.169393503393636 320
5 32 80 77.771432387768741 5.966934250912800 320
2 25 92 21.008054782768610 11.155283012529619 320
15 33 92 -23.997255435382201 47.741100649532228 320
4 21 93 -77.806814581593713 43.209947982675189 320
15 33 92 -76.243443933031855 -10.767416460350521 320
2 25 92 -55.056667538104520 -64.759272383177901 320
2 25 92 -20.930344507683245 -28.216228223949209 320
15 33 92 36.945432957666377 -44.612090754847060 320
2 25 92 -7.903378332815214 -81.389585582945003 320
12 14 110 30.201146366096825 -91.125686599188910 320
12 14 110 -1.654099580081148 89.090627689460121 320
3 13 114 -60.324957185451879 75.959854795631330 320
3 13 114 89.463266114495838 -37.487651515224329 320
3 13 114 93.192845946843164 26.908984825295025 434
2 25 92 84.402545328134806 -10.060335090450454 434
2 25 92 55.377718802757173 30.652800936779567 434
9 34 113 15.737830291868793 74.352677811255305 434
12 14 110 -29.101415872374108 91.482826772149608 434
2 25 92 -56.380117346272883 63.610395125486363 434
5 32 80 -20.588185531370172 19.248952216611592 434
10 24 67 -83.010338159764245 22.478517713621340 434
2 25 92 -80.773253707312705 -26.470388843651207 434
10 24 67 -53.605462574264997 -67.249196145374668 434
3 13 114 62.736358559966057 73.980736104984615 434
9 34 113 -0.620071778885773 -43.657918895913511 434
3 13 114 -41.556780199936469 -20.567100295225551 434
12 14 110 -21.165171595385146 -87.038777272968218 434