14 11 100 99.000000000000000 0.000000000000000 0
14 11 100 96.555555555555557 21.863775779997951 0
14 11 100 78.843192529652626 8.814936902970350 0
14 11 100 81.287636974097069 -13.048838877027592 0
14 11 100 76.398748085208183 30.678712682968296 0
14 11 100 84.861216147439819 50.986017632067515 0
14 11 100 63.043340148006621 48.161077478124973 0
14 11 100 61.130829503749695 -4.233901974057249 0
8 11 81 58.686385059305252 17.629873805940697 0
2 15 90 59.649623878065348 73.938639230143650 0
13 37 88 15.053033696278185 47.196460108805660 0
13 37 88 18.719673749267791 -26.712644544963577 0
10 16 90 -21.014366903658562 8.361648226118724 0
13 37 88 -72.969485686760152 -2.110487765826971 0
6 14 86 88.602132246115488 -36.954866546124379 0
6 14 86 -36.817295809418574 33.861990145385114 0
10 16 90 -35.271774624886334 63.822153100018099 0
6 14 86 -16.525504292352206 87.243881230528686 0
8 11 81 38.509631337560833 89.074712544825161 0
8 11 81 7.374417975714803 94.578301151719103 0
11 20 75 -68.051687108522600 -58.897944630383655 0
2 15 90 -38.140503863491332 -40.723206203595758 0
11 20 75 -70.421286509428086 56.043219093455377 0
3 17 66 -33.603215976037816 -72.399901400954462 0
3 17 66 -6.388536194448655 -92.780313673172174 0
3 17 66 27.386569427136763 -88.876182495720514 0
6 14 86 56.318929753090558 -77.744312663155299 0
6 14 86 64.330401518926223 -50.914919823487494 0
8 11 81 96.555555555555557 21.863775779997951 100
8 11 81 99.000000000000000 0.000000000000000 100
8 11 81 78.843192529652626 8.814936902970350 100
8 11 81 76.398748085208183 30.678712682968296 100
8 11 81 84.861216147439819 50.986017632067515 100
8 11 81 81.287636974097069 -13.048838877027592 100
8 11 81 63.043340148006621 48.161077478124973 100
8 11 81 61.130829503749695 -4.233901974057249 100
8 11 81 58.686385059305252 17.629873805940697 100
7 31 80 22.189870512892227 38.414589968627709 100
8 11 81 52.511629967835461 67.476436151493672 100
7 31 80 23.843138232590437 -23.563363416806084 100
8 11 81 -5.310673797695500 6.669983141303469 100
6 14 86 88.602132246115488 -36.954866546124379 100
11 20 75 61.696337627267518 -57.741357734595113 100
4 17 76 27.324392842457058 -71.436955994983066 100
4 17 76 -5.261406716205343 -61.733056411687848 100
7 31 80 -38.077323998908057 -26.702846979045091 100
7 31 80 -75.706626890457500 22.572253872155898 100
4 17 76 -90.050911939301173 -23.234312103013217 100
4 17 76 -27.714917075339699 23.464323948734254 100
7 31 80 -30.311124540040577 71.394061135581339 100
6 14 86 -80.273135761828598 -52.651910458814640 100
2 15 90 14.017065285169821 83.682738315006020 100
6 14 86 42.934931428832485 85.863797162724239 190
13 37 88 -6.343284652218063 72.723880120775561 190
13 37 88 -66.633432885150597 29.815861918450921 190
13 37 88 -58.452070801122218 -43.730486151660777 190
2 15 90 43.179340860269342 56.864827111534055 190
2 15 90 26.177255705175359 32.147847110349986 190
2 15 90 -1.648973799642761 20.936203540150764 190
4 17 76 -23.397963011266651 -2.536790906077609 190
10 16 90 -6.965687466160325 -31.154623116252097 190
7 31 80 0.540734621028733 -77.551321570441274 190
2 15 90 46.216899305878293 -82.999989268374634 190
4 17 76 40.828256645260247 -51.456962617842706 190
4 17 76 74.579850425072749 -55.559390840557057 190
7 31 80 63.120314727016719 -8.947385503037196 190
2 15 90 17.642042796887488 -2.038928204246147 190
10 16 90 88.983852837958793 30.296434346511688 190
2 15 90 39.090420012322134 86.584866248440008 280
2 15 90 64.140915715678062 70.078120202772865 280
10 16 90 36.688441380085088 55.678062812136915 280
10 16 90 10.642215500837764 74.268224657780621 280
10 16 90 64.046195484891825 39.078264911531910 280
10 16 90 7.565776021669770 42.416450450822907 280
10 16 90 -18.480449857577554 61.006612296466614 280
10 16 90 35.991471752876933 23.685653816583773 280
10 16 90 6.868806394461616 10.424041455269769 280
7 31 80 -63.390037236576767 47.145553121640340 280
11 20 75 -89.928205589767700 3.594139591679046 280
1 34 109 75.388930807859182 -9.618165711185274 280
4 17 76 24.952626800174052 -17.179861158924812 280
4 17 76 -9.021809693368155 -18.498066357771890 280
11 20 75 -39.909435477017226 1.872367448341738 280
1 34 109 -58.126834094890931 -48.961935808391239 280
3 17 66 83.614337527540854 40.714156749593506 389
3 17 66 63.392562619738797 68.046917670843072 389
12 22 67 87.978190743853517 1.959069533764954 389
3 17 66 54.864944877140744 22.562781533563179 389
3 17 66 34.643169969338686 49.895542454812748 389
3 17 66 33.298314243833225 83.868934441448047 389
3 17 66 0.546932447573784 92.998391732856277 389
12 22 67 47.710463324618587 -15.775363879518819 389
12 22 67 16.537115812290534 15.353237915855885 389
12 22 67 -4.109884044196420 54.277414728627974 389
12 22 67 -41.380130518816543 77.663922114748416 389
3 17 66 -74.014683119875912 56.310093967816783 389
3 17 66 -89.308012899551628 25.943762871517301 389
12 22 67 -87.035969143479349 -12.989999047548441 389
11 20 75 -43.281764517740640 35.706994341922439 389
1 34 109 -4.256153264467713 -36.643300056412322 389
12 22 67 -43.728910467002429 -76.366107596032975 389
15 24 103 36.576635012351737 -77.834117012870422 389
11 20 75 72.821134946778713 -52.887449409694952 389
11 20 75 -25.325850033896437 -86.363194244195185 498