13 10 98 100.000000000000000 0.000000000000000 0
13 10 98 98.000000000000000 19.899748742132399 0
13 10 98 81.766312060385914 8.217823563497323 0
13 10 98 83.766312060385914 -11.681925178635078 0
13 10 98 65.532624120771828 -3.464101615137756 0
13 10 98 63.532624120771821 16.435647126994645 0
1 31 99 58.311699061811481 -43.823217577865165 0
9 22 59 34.280948857554847 3.415781613699212 0
3 25 96 48.715265024564552 48.144413571213875 0
11 29 90 5.707147582128080 80.798690994816312 0
13 10 98 78.477452983090274 29.726700143065777 0
13 10 98 44.650090364119464 82.907531310853898 0
14 17 85 8.856011307891855 34.906593012303361 0
14 17 85 -23.522978069878199 45.279685457387139 0
11 29 90 -69.390067331852435 41.785386867671640 0
11 29 90 -79.538037086952158 -15.319943092408106 0
14 17 85 -40.159941679846163 77.304392405100842 0
14 17 85 -39.307705071623573 6.985221913402270 0
3 25 96 -28.750091165327852 -33.666183826197823 0
15 15 41 10.232833792288149 -24.703396215812319 0
15 15 41 -6.962658719194543 -0.120576253742410 0
14 17 85 6.509699710978377 -56.486068737370189 0
14 17 85 -21.936017782443649 -75.109740670810822 0
12 17 55 -54.847193796621987 -66.574256304720492 0
5 11 105 -6.941423030208163 -98.756349903769205 0
13 10 98 -78.903487227491539 -54.314780526046142 0
15 15 41 -31.310235203611576 -89.692079758998347 105