11 12 48 98.000000000000000 0.000000000000000 0
8 15 52 91.326530612244895 26.162278309250819 0
8 15 52 78.614717174874443 53.335975134185944 0
8 15 52 61.437512128429326 28.740373356787195 0
8 15 52 48.725698691058874 55.914070181722302 0
1 18 60 28.456928751272759 29.872239118449830 0
8 15 52 19.262835716675102 61.565592574200814 0
8 15 52 38.888629165809988 84.255419181997851 0
3 24 65 63.477076088317780 -10.206259088823861 0
11 12 48 28.917670120753382 -0.124222629403853 0
2 20 76 72.548359901212777 -53.261012717034426 0
1 18 60 36.208852527353926 -42.150648014412909 0
11 12 48 15.762335406684883 -20.197517539827111 0
2 20 76 41.712630236497759 -79.749962249227508 0
11 12 48 14.691646159690116 -96.892494720274712 0
2 20 76 5.010508992144118 -63.845425281281365 0
3 24 65 -36.730891624979186 -77.761440318669727 0
1 18 60 -72.802461497781167 -56.247680839871876 0
1 18 60 -22.932342223089002 -38.092812482511889 0
11 12 48 -7.022910736459182 -12.658780364653897 0
1 18 60 -5.272737538582282 17.290124352838426 0
1 18 60 -12.484689143296032 52.560334928496559 0
11 12 48 -0.433405750859325 80.033350208861748 0
11 12 48 -18.059948521972551 96.321535802663050 0
3 24 65 -51.041170113107121 69.215597617046271 0
2 20 76 -81.730288632263466 37.685009222327466 0
3 24 65 -85.781387152756153 -6.128100696705477 0
11 12 48 -57.765287616933520 16.479379631691998 0
11 12 48 -49.781396273115142 -6.153726187220752 0
5 15 93 91.893990791978709 -24.093452561302453 76
5 15 93 94.825036764816858 5.763020262946402 76
2 20 76 61.888028103882320 -6.075622415567171 76
14 32 91 63.056783229690346 45.911241419981685 76
6 29 83 15.040744951905310 8.288640923653926 76
2 20 76 64.585056140703188 -45.984594336284474 76
6 29 83 15.726674659922988 -49.707302903786797 76
6 29 83 -38.012746820814890 -71.526436225612613 76
6 29 83 -76.089101197970379 -27.774964966404973 76
6 29 83 -75.152540405186471 30.217472936147640 76
6 29 83 -21.837707441027227 53.054473308433828 76
5 15 93 15.619407400450612 -93.707172150581670 76
5 15 93 44.061138692189409 -84.164220765998010 76
5 15 93 -32.089363758509592 -27.926969106194797 76
5 15 93 -28.486486064043035 1.855899666284387 76
5 15 93 94.825036764816858 5.763020262946402 169
5 15 93 91.893990791978709 -24.093452561302453 169
12 25 75 56.455925680196614 -5.542346364283008 169
14 32 91 47.537160612169679 -61.840264884076817 169
14 32 91 0.848736638819361 -18.065945164808909 169
12 25 75 25.189366766828041 33.475627618445159 169
3 24 65 24.389500810620277 82.469098759527824 169
12 25 75 -18.223995192283034 58.280465924856422 169
6 29 83 -69.554296581457422 41.511442122126525 169
12 25 75 -84.358960305403286 -10.419492127325249 169
9 30 98 -12.014095502826940 -79.092739927561965 169
15 24 102 -62.264679389824636 -59.322084424625096 169
15 24 102 75.466774273187099 39.619447618843836 169
13 16 120 -44.288695273362720 -1.737680089390556 169
4 25 109 -84.358960305403301 -10.419492127325141 289
4 25 109 -75.622002065658194 38.811245839081067 289
4 25 109 -37.355411459567911 6.629449068454933 289
4 25 109 -46.092369699313011 -42.601288897951285 289
7 27 96 -27.141448885944229 57.616456909125624 289
15 24 102 9.219178103702745 21.854678361075806 289
15 24 102 -0.124290164941478 -25.227161032822540 289
15 24 102 -7.404383702388021 -72.671868199017894 289
15 24 102 40.488778701998370 -75.872648558097694 289
15 24 102 74.847344507318866 -42.354161781373094 289
7 27 96 82.608522663785678 8.051831053046733 289
9 30 98 27.050000165636710 75.288096609218741 289
13 16 120 40.929932295768509 -2.526217204312758 289
13 16 120 70.975968920804064 61.631256970412792 289
13 16 120 87.537969481961994 34.250604359267754 409
10 28 118 81.467639930409106 -9.328646427494803 409
10 28 118 43.599387252669885 31.926600985833069 409
15 24 102 30.252899843344736 -18.331445870692555 409
10 28 118 -9.747631887955308 14.894409441296904 409
10 28 118 2.175567122666456 69.610379005521096 409
13 16 120 44.081412758898736 83.023063356994967 409