10 10 74 100.000000000000000 0.000000000000000 0
10 10 74 98.000000000000000 19.899748742132399 0
10 10 74 81.766312060385914 8.217823563497323 0
10 10 74 83.766312060385914 -11.681925178635078 0
10 10 74 65.532624120771828 -3.464101615137756 0
10 10 74 63.532624120771821 16.435647126994645 0
15 18 72 78.566312060385911 40.057421550909162 0
12 20 79 40.784241580620311 35.993537908132836 0
10 10 74 58.853054295617234 59.941773898918584 0
14 28 98 28.155348999752427 -10.315328113190771 0
6 19 53 2.414730416798122 29.009225984304948 0
13 17 75 15.154960159116499 62.679488028324542 0
13 17 75 43.181507553155527 81.928192950206537 0
10 10 74 21.274635973461546 97.710745899295517 0
14 28 98 81.797134922389205 5.764435660882729 98
14 28 98 59.022417315919888 56.924109603799693 98
14 28 98 26.104198835259659 11.620788621122060 98
14 28 98 3.329481228790343 62.780462564039020 98
5 20 83 79.503372520107163 -42.180727328118330 98
14 28 98 31.542342737941429 -44.114537617213756 98
14 28 98 -19.444937624011654 -20.956445267203712 98
14 28 98 -42.219655230480967 30.203228675713248 98
14 28 98 -81.412830596160148 -9.795458862193783 98
9 12 77 28.703596855722964 93.702206631136121 98
9 12 77 -36.062800158943830 69.726552620291685 98
9 12 77 -24.996500948412564 91.022961279570254 98
10 10 74 -80.165973065669490 28.184079659208223 98
1 13 55 -77.534239752019388 51.033017922633597 98
1 13 55 -61.024038251917403 71.118167820656026 98
10 10 74 95.493523866778915 -29.681423475044539 196
10 10 74 99.490182084065495 -10.084823691046406 196
10 10 74 80.520699734683177 -16.421916036631469 196
13 17 75 91.656004488199898 15.753629463050078 196
15 18 72 70.668055911180517 -42.631177943201735 196
9 12 77 66.815944125553159 0.787955365968242 196
13 17 75 60.368939531342420 29.062256980017448 196
9 12 77 85.208999893989159 44.027931077099289 196
8 36 78 19.071318421500372 -4.156811198785047 196
13 17 75 31.686888770262467 47.319857154707250 196
13 17 75 61.839459714223018 63.030441659092382 196
14 28 98 36.499326459723626 -73.428871487899897 196
9 12 77 4.222592593560776 -49.802351411238227 196
9 12 77 -16.019368811880785 -36.908050404180329 196
8 36 78 -64.018919499410714 -37.115737176135561 196
9 12 77 -51.412964152563283 -83.430852309246148 196
8 36 78 -43.287261941679418 31.834958069880365 196
9 12 77 2.748902457386559 45.424349793654109 196
12 20 79 9.266817313161051 76.753518086682163 196
9 12 77 38.302291506637118 90.204958097327406 196
13 17 75 -23.181853003647916 -90.064430777734117 196
13 17 75 -38.570328838289512 84.624640225564391 196
1 13 55 -96.996067903838423 -0.873390630797871 196
9 12 77 -90.517393029336290 23.272556686930116 196
9 12 77 75.103869921539271 -62.955609144924544 294
8 36 78 72.457858881839229 -15.028595618336134 294
9 12 77 93.946824942298889 27.892545299076730 294
8 36 78 50.936218219763965 53.679620653173259 294
8 36 78 2.193977810959126 0.687224972941241 294
8 36 78 23.715618473034393 -68.020991298568177 294
8 36 78 -19.327662851116134 69.395441244450637 294
12 20 79 -27.979287049457440 -46.488765611922489 294
13 17 75 -48.260027296121436 -15.542173310873512 294
12 20 79 -49.824828304060631 21.424722661138425 294
12 20 79 -89.003090716210451 13.358512004037436 294
12 20 79 -86.001327045670095 -26.528696658216980 294
15 18 72 -71.960426901654984 57.320999294600313 294
15 18 72 -52.287131226608103 -75.697132760042265 294
1 13 55 23.060084395074306 93.977525846718919 294
1 13 55 -95.106535100009097 -19.072151983211960 373
6 19 53 -90.132002118159278 12.538827464006829 373
12 20 79 -62.376597408143780 -14.858937214580536 373
11 18 49 -54.443843188630723 22.303831929992072 373
6 19 53 -25.853411718666486 -1.182062312324502 373
1 13 55 -34.219675846828693 -32.069043785719188 373
6 19 53 -57.892549308598376 -53.600301576731795 373
7 24 108 -25.674373923963422 -82.078173247292170 373
15 18 72 15.431881833644042 -90.696510534156971 373
15 18 72 7.005969629636894 -55.696453340912790 373
15 18 72 41.529864394898212 -65.899427918807362 373
7 24 108 75.493404268308609 -41.191575740456003 373
15 18 72 91.964485451060014 -2.556054718070236 373
6 19 53 54.974184677890207 -3.403196211820616 373
6 19 53 73.736020054760800 29.642129225995959 373
6 19 53 35.737011060852218 29.367692565079189 373
6 19 53 -2.255286773827277 28.602640121773398 373
6 19 53 16.078307292382302 61.887461416403248 373
6 19 53 51.814138510687059 74.808388903887888 373
6 19 53 11.739959705842105 -6.726286779185561 373
3 13 47 39.014857050962959 -35.001616700859387 373
12 20 79 -11.729105933957701 89.232438462646527 373
12 20 79 -49.237908790351128 75.336766176635592 373
3 13 47 -21.364885995513159 57.670566803866052 373
3 13 47 61.149179461230595 -75.297927270398446 481
6 19 53 30.855936951684090 -85.609060004380936 481
11 18 49 42.542295706578933 -50.503091579455059 481
11 18 49 7.167992723654830 -57.185807230467539 481
11 18 49 19.067742695072212 -23.209404380581383 481
11 18 49 54.442045677996319 -16.526688729568903 481
11 18 49 90.440427791256113 -16.867988052360793 481
3 13 47 72.369214171227412 -42.055906551103185 481
4 25 104 81.200995319998640 25.127641334625096 481
12 20 79 61.586932431157635 65.628117097171270 481
11 18 49 39.312442807907757 34.840991345913920 481
12 20 79 21.690747691103041 68.508124594980146 481