5 10 60 100.000000000000000 0.000000000000000 0
5 10 60 98.000000000000000 19.899748742132399 0
5 10 60 81.766312060385914 8.217823563497323 0
5 10 60 83.766312060385914 -11.681925178635078 0
5 10 60 65.532624120771828 -3.464101615137756 0
5 10 60 63.532624120771821 16.435647126994645 0
4 16 65 84.144800066126621 41.900508610655038 0
11 22 66 46.171191507339998 43.316507559824288 0
13 25 89 30.617010417654157 -1.035126577254129 0
4 16 65 9.329571230593107 34.005491751439465 0
11 22 66 12.683446041296206 71.857196121971199 0
3 11 72 45.382048711720913 76.307070659718818 0
3 11 72 67.099414067391876 72.791954444242620 0
7 17 90 -21.594948972897420 90.458046512501895 0
11 22 66 -54.316031010615703 69.237047707523132 0
14 13 54 -20.429063784158895 60.480709877525790 0
11 22 66 -81.045768723264430 34.286781302057705 0
11 22 66 -87.514064255097040 -9.235180428922142 0
11 22 66 -37.413081290773178 28.613282609141670 0
11 22 66 -43.881376822605787 -14.908679121838180 0
11 22 66 -70.611114535254515 -49.858945527303604 0
11 22 66 -37.984352027793022 -79.380028981027067 0
13 25 89 -6.998612035842520 -44.040477241492518 0
4 16 65 -0.330112055836903 -84.494538941359764 0
14 13 54 30.670288808600166 -39.035089227407589 0
12 12 109 24.601399406109334 -63.287276374556498 0
3 11 72 26.616042566148991 -86.198871974551395 0
4 16 65 52.361900599119721 -78.065558126794329 0
7 17 90 48.911697246647584 -79.098962524500195 109
7 17 90 17.212339894203517 -91.393300385566619 109
7 17 90 74.073660447499009 -56.232489078010929 109
7 17 90 22.414809660033193 -57.793682704175836 109
7 17 90 47.576772860884624 -34.927209257686570 109
7 17 90 79.276130213328670 -22.632871396620146 109
6 32 85 -25.601744910052510 -67.561511900982140 109
2 30 115 5.526418749317571 -13.932740483940094 109
7 17 90 50.733208966683307 -1.074042328874572 109
10 18 95 83.137414911650168 12.153483406355521 109
13 25 89 51.179920838483213 40.923581990884202 109
13 25 89 -75.241042317178426 -39.544728485912842 109
7 17 90 -41.469185758385365 -14.575513348622160 109
10 18 95 -29.898574949933248 18.456606860642815 109
7 17 90 1.967605165381322 32.932330153740494 109
10 18 95 15.651687190323543 65.146393839259176 109
9 16 80 45.448843076589974 81.521054174348194 109
3 11 72 86.414828444050386 48.306080621235878 109
1 23 105 -86.712719976160216 7.064290080115967 109
10 18 95 -60.014581165352460 38.180353199328863 109
10 18 95 -27.875312670540424 54.399706473068925 109
10 18 95 -20.616372895598420 89.660276425123939 109
3 11 72 -78.077266256236683 60.868222365637763 109
3 11 72 -56.954416232214264 67.018442431835084 109
12 12 109 8.300733811744230 97.647825465734599 109