9 10 40 100.000000000000000 0.000000000000000 0
9 10 40 98.000000000000000 19.899748742132399 0
9 10 40 81.766312060385914 8.217823563497323 0
9 10 40 83.766312060385914 -11.681925178635078 0
9 10 40 65.532624120771828 -3.464101615137756 0
11 16 55 84.144800066126621 41.900508610655038 0
15 19 80 54.469685418508995 23.342826356376904 0
15 19 80 37.430027676491505 -10.622598181451316 0
11 16 55 19.676816858651943 19.540682569444208 0
11 16 55 31.127066188408840 49.421977559561384 0
11 16 55 60.097550259791831 63.012822002411312 0
8 37 84 -18.133703431118121 -17.599114891189402 0
6 27 80 -15.478237824444669 -81.544001335781473 0
11 16 55 -57.830036964509034 -74.105916259658500 0
6 27 80 32.493685498397895 -56.750966573830404 0
11 16 55 75.487382965551333 -56.014774952794284 0
8 37 84 -57.367182205187660 45.144284309719652 0
10 21 74 -88.930550223981882 -3.515286170404387 0
3 12 96 -10.512382809197582 30.804557200686940 0
10 21 74 -2.678511394214649 64.461356679233333 0
11 16 55 30.211930020034313 81.408889348499883 0
15 19 80 -69.034052165588932 -40.947658715360873 0
3 12 96 21.428795057121661 -94.148402308417261 0
3 12 96 44.443650300300668 -87.342784178113902 96
14 23 99 64.347095139773600 -58.552978976931001 96
14 23 99 85.210197361064601 -17.556260014263238 96
14 23 99 39.274446156937593 -19.986642970207566 96
14 23 99 60.137548378228594 21.010075992460202 96
3 12 96 96.769713844372646 15.479744263980379 96
8 37 84 0.461678439738620 -65.742178833431353 96
14 23 99 -4.531738066913938 -5.950324943531847 96
14 23 99 16.331364154377063 35.046394019135924 96
14 23 99 50.390264253001462 65.965503386514584 96
7 16 72 74.557873215987030 57.246166173018125 195
4 18 74 48.005525971016979 78.482287659356714 195
7 16 72 45.162130641324651 44.601391818203339 195
7 16 72 18.285105036908760 61.968760492230288 195
10 21 74 73.042833021333195 20.277197385552828 195
7 16 72 93.398108544079747 -10.620419972312735 195
4 18 74 59.900139369144199 -16.441593492752400 195
4 18 74 35.431103230099353 9.964206446391993 195
4 18 74 5.764736580602563 30.357996918435795 195
10 21 74 -18.694315307106134 60.734875967383097 195
11 16 55 3.492756639376230 90.344567597685753 195
8 37 84 -8.843431729876464 -22.666539087197641 195
10 21 74 -41.349018074950379 25.368727710884617 195
10 21 74 -66.886177738558786 58.713194662919875 195
10 21 74 -86.363434824176707 21.502491143357830 195
4 18 74 -90.360284966910413 -17.292162984969305 195
6 27 80 16.897643951515438 -81.261735330275926 195
4 18 74 -27.572926142753534 -74.379265171189843 195
4 18 74 -62.847337314649465 -67.187887245088064 195
11 16 55 59.113318614371181 -73.086356882771483 195
11 16 55 76.410221364420167 -46.163928402871157 195
2 27 84 16.897643951515438 -81.261735330275926 279
2 27 84 63.314952439789273 -53.667651313870849 279
2 27 84 82.932086546523621 -3.356936257946622 279
2 27 84 67.445437176750062 48.374714511168534 279
2 27 84 16.209120443283425 -27.266124995929189 279
8 37 84 4.714437537699794 35.693165540893773 279
8 37 84 -68.530700721195700 25.150408717591610 279
8 37 84 -55.297661416439816 -47.656779600312731 279
15 19 80 28.274400730954120 86.496001429577205 279
15 19 80 -48.059007031333110 77.274393191808855 279
15 19 80 -11.963035717757421 89.152139397614121 279
11 16 55 59.113318614371181 -73.086356882771483 363
6 27 80 75.933547661546413 -33.512629552627772 363
6 27 80 80.480359518445624 20.295608682218397 363
14 23 99 36.273146440209466 -3.065091475427259 363
15 19 80 38.402025365684402 38.880919950221653 363
6 27 80 22.193914349708823 -51.041911125564731 363
8 37 84 -16.132269945959905 26.152580118870109 363
6 27 80 -80.003805979753679 22.099570782119951 363
6 27 80 -76.667679884735151 -31.797277573587611 363
6 27 80 18.161913130663748 80.188762507220048 363
2 27 84 80.480359518445624 20.295608682218411 462
15 19 80 65.053818958667875 63.631758099968167 462
8 37 84 17.855833616585727 33.492909753546570 462
8 37 84 47.266774979043120 -34.411409167815819 462
8 37 84 -26.245560914765733 -25.929872076237235 462
15 19 80 -37.949974156005155 28.833315474144634 462
15 19 80 -28.076142032259707 65.528103103889720 462
15 19 80 -65.969411385548156 62.682029015055903 462
14 23 99 -17.309412355637200 -85.260684045476168 462
13 19 107 2.947490103262783 87.471991754714040 462