3 10 92 100.000000000000000 0.000000000000000 0
3 10 92 98.000000000000000 19.899748742132399 0
3 10 92 81.766312060385914 8.217823563497323 0
3 10 92 83.766312060385914 -11.681925178635078 0
3 10 92 65.532624120771828 -3.464101615137756 0
2 26 92 60.439522766225650 -39.102007257758231 0
3 10 92 63.532624120771821 16.435647126994645 0
2 26 92 30.085929362926727 3.119543726392132 0
3 10 92 51.264401077214600 32.230921842982703 0
2 26 92 49.086975580864880 68.165011760606149 0
3 10 92 71.077621762792901 34.957877300002870 0
14 27 87 7.763157867393225 -44.950133542736666 0
2 26 92 -21.756013675090095 -0.931745209615670 0
3 10 92 2.225029363312942 25.918014096386710 0
2 26 92 -2.497817035150138 61.606874009481778 0
3 10 92 20.154265559346676 89.586923225523094 0
12 19 94 25.803367806639162 -87.265034291148353 0
12 19 94 -12.186760154018000 -86.398906394764168 0
13 34 81 -52.788447902714161 -52.332750874110303 0
2 26 92 -73.524452873350043 3.970162885816585 0
2 26 92 -53.603236979413310 52.002913767971592 0
1 13 64 -33.419303995587242 85.373692142238170 0
8 12 56 -3.299036965582282 -97.944455458692104 94
5 17 54 24.508098552251091 -89.712613970127677 94
5 17 54 -30.489234708510850 -87.860153464977145 94
5 17 54 -60.031392264319933 -71.029796161944248 94
5 17 54 55.115799369403987 -74.908268301113495 94
5 17 54 78.356883922129668 -50.091902958600969 94
5 17 54 91.125016941269720 -18.580400626824623 94
5 17 54 91.713647175797945 15.414503615532052 94
5 17 54 80.044100033147004 47.349150466334208 94
5 17 54 58.222658170793096 21.275702764737314 94
8 12 56 65.810128264641648 72.615611391707048 94
8 12 56 29.581849908230797 -61.159907492847893 94
1 13 64 -0.475267614381077 -73.104440832061613 94
1 13 64 8.008248860064597 -48.527420096671221 94
1 13 64 30.897106603284769 -36.194529469951547 94
1 13 64 -22.314171617976122 -58.995497855291156 94
1 13 64 -13.830655143530450 -34.418477119900771 94
1 13 64 9.058202599689722 -22.085586493181093 94
7 23 72 19.207538132412498 12.454115130373946 94
1 13 64 43.941591097555431 -13.703610763088275 94
1 13 64 37.819810607426973 43.269424853234412 94
13 34 81 -4.134252061380472 64.455661554965502 94
7 23 72 -61.079334105389236 61.954135820316587 94
1 13 64 -39.308848236958482 33.282792198985248 94
9 13 64 -64.296470251251350 26.098173484618670 94
9 13 64 -87.606018164770461 37.616201791032793 94
7 23 72 -86.980195531048594 -1.856228806088392 94
7 23 72 -49.295782577880800 -28.235861486910910 94
12 19 94 -21.836570316068475 3.544504495260151 94