9 11 117 99.000000000000000 0.000000000000000 0
9 11 117 96.555555555555557 21.863775779997951 0
9 11 117 78.843192529652626 8.814936902970350 0
9 11 117 81.287636974097069 -13.048838877027592 0
9 11 117 76.398748085208183 30.678712682968296 0
10 36 109 41.003735737220779 61.601084857266628 0
3 27 108 43.917570187272283 -6.158402871356000 0
4 28 104 -5.613602662434452 17.751070484041737 0
3 27 108 -21.372409714526913 70.445092918231751 0
3 27 108 -69.332445259002739 45.629070058542595 0
10 36 109 -71.945334240739641 -17.316722582182152 0
2 11 71 96.555555555555557 21.863775779997951 117
2 11 71 99.000000000000000 0.000000000000000 117
2 11 71 78.843192529652626 8.814936902970350 117
2 11 71 76.398748085208183 30.678712682968296 117
7 24 73 44.600213647862923 16.054991965005733 117
7 24 73 59.906083171505905 61.549281256357645 117
14 21 82 76.881210480458250 -23.124860003688891 117
7 24 73 32.471107685439677 -30.387281757889330 117
7 24 73 -1.684528186886318 3.337968992210030 117
14 21 82 87.247298169566832 17.575806158202266 199
14 21 82 69.472343065499189 55.629071077895830 199
13 17 66 90.766156880246896 -20.260917185320373 199
7 24 73 51.230398093275610 -9.401645702461916 199
14 21 82 34.499150864944113 32.372333832464484 199
7 24 73 29.947498024941833 77.141547098101611 199
7 24 73 -7.858326773347216 47.565887996044850 199
7 24 73 -50.494035729490605 69.615747900521228 199
7 24 73 -79.940703525772079 31.709366436505974 199
7 24 73 -84.484264112294383 -16.075108628064953 199
7 24 73 -40.829914506610741 3.882290012658471 199
13 17 66 -13.905945707230723 88.117414542286411 199
5 29 96 -43.009600213365459 -49.072869983509690 199
1 18 86 -19.675547751608363 -89.871423826899388 199
14 21 82 19.211230614200510 -86.901833227429705 199
14 21 82 6.935749597247074 -46.735770863757352 199
14 21 82 6.472678890808375 -4.738323732760943 199
13 17 66 55.238642342691747 -74.817727793192049 199
6 13 58 46.547829056808347 -46.104146260580819 199
6 13 58 72.239007171949908 -50.099564518544753 199
15 13 93 -84.949412794729753 -46.825177691393804 295
11 17 95 -91.336181609983811 -17.512907494418290 295
11 17 95 -91.527009340596749 16.486556983382382 295
11 17 95 -61.987195522448282 -0.347913593060616 295
5 29 96 -55.593489033768464 45.205577133080375 295
11 17 95 -28.954411618801768 7.704116435136739 295
11 17 95 -38.497541014170984 -24.929128597241515 295
5 29 96 -39.123691874374792 -70.924866824823724 295
11 17 95 1.237826191001687 -92.991761927177564 295
5 29 96 40.997676860497606 -69.858360215812525 295
5 29 96 77.193555637752127 -24.538846101666337 295
11 17 95 90.964381027344814 19.351521498632373 295
15 13 93 61.380742095889588 14.370727628847455 295
15 13 93 35.356852301716934 -28.238880422126289 295
5 29 96 19.544038759854395 10.670693308387499 295
5 29 96 55.739917537108909 55.990207422533693 295
1 18 86 0.609920131463769 -45.820284036625836 295
15 13 93 -93.269084703827744 26.643532770828362 391
8 28 98 -81.043020577442974 -12.491149494108040 391
5 29 96 -52.532108521783854 36.865996835015082 391
8 28 98 -54.126418208495998 -61.598140003728957 391
8 28 98 -1.965846847603238 -81.976432260569680 391
15 13 93 -17.147400339143289 -43.890733716581963 391
8 28 98 21.872683020446214 -31.303712837490416 391
8 28 98 77.652705072855213 -26.344969061818368 391
8 28 98 76.454816328709740 29.642217530799858 391
15 13 93 52.414732780971732 -58.656650457160865 391
15 13 93 39.021086638794600 -80.941404057282710 391
6 13 58 -41.034393333724630 -3.529578980342128 391
13 17 66 -11.163556580493747 -0.748731688268833 391
13 17 66 19.641275322106342 13.640928886343467 391
6 13 58 46.919963814164326 1.156011820008449 391
1 18 86 33.395406209078828 45.825146812899177 391
13 17 66 58.023140690856472 70.694298271987222 391
6 13 58 -80.917966662205231 -53.490958780472816 489
13 17 66 -89.636308986161993 -24.785723942166669 489
13 17 66 -92.554816179599953 9.088784404993905 489
6 13 58 -61.771412999930845 -35.900919472453992 489
6 13 58 -56.111268936756886 -61.277340992915001 489
6 13 58 -66.468382354620275 -5.726679485649433 489
1 18 86 -37.461987947216173 -16.664187587686030 489
1 18 86 -26.842638561816926 -51.062289550306303 489
8 28 98 7.509357675209166 -81.655431829767323 489
6 13 58 -32.300027835092507 -91.464245483425103 489