5 14 102 96.000000000000000 0.000000000000000 0
8 33 99 67.375000000000000 37.277464707246388 0
5 14 102 69.720584182980446 -9.663969387171221 0
13 15 97 48.770865729091611 81.525472436747748 0
5 14 102 27.372846480313381 61.951899124015178 0
8 33 99 3.262212057929503 21.607416133770300 0
13 15 97 20.917136529677240 92.668621438968444 0
12 34 79 31.753817530914414 -39.032739024109830 0
8 33 99 -34.900980080645823 -32.240246450544191 0
13 15 97 -62.695536573971687 -71.374152840519073 0
13 15 97 -44.258170432437197 14.838867694906149 0
15 22 90 -21.005988309205016 -85.456120056749256 0
2 14 86 13.701139124163138 -95.017255205043284 0
1 25 76 -74.355596483865739 41.185498315894300 0
3 24 66 -85.756295090748523 -6.469764470864320 0
13 15 97 -35.362746020210153 50.105005741699500 0
7 18 89 -9.754119013901825 70.918420234563854 0
2 14 86 -36.220980948618461 88.904671075932868 0
5 14 102 91.916666666666671 27.700656831362114 102
8 33 99 53.752866242375234 55.132833871743955 102
8 33 99 63.951619326125510 -10.074415997704570 102
5 14 102 25.787818901834065 17.357761042677268 102
13 15 97 8.091580403580277 40.332598213219327 102
9 33 80 -28.327569376790208 71.599921879867566 102
13 15 97 17.333716462004745 86.400157538392179 102
9 33 80 -25.120624559146130 5.677880763586998 102
13 15 97 -61.539774339516612 36.945204430235229 102
9 33 80 -56.367439586572331 -52.456760807870303 102
15 22 90 -13.530853947240786 -86.953527768909055 102
15 22 90 -1.945114018992989 -44.506258948465430 102
15 22 90 29.022429136654413 -75.763438458189526 102
13 15 97 65.384001780547607 -68.919752692253240 102
1 25 76 -84.976384127189633 -2.003532048237055 102
2 14 86 96.000000000000000 -0.000000000000004 204
7 18 89 86.750000000000000 30.633927270266863 204
2 14 86 74.712192816635152 60.283399410865435 204
2 14 86 55.991733566745438 39.461670244602161 204
7 18 89 64.109461752136994 2.644535925561769 204
7 18 89 48.276723475897910 78.315758123328465 204
15 22 90 81.406006707840305 -33.422478541889447 204
7 18 89 42.126576028292895 -25.864282626816220 204
7 18 89 28.428657791974498 7.427864134712035 204
15 22 90 20.722529060491883 46.678540306898142 204
7 18 89 13.094293496829231 85.944429093289727 204
9 33 80 -8.851050714098761 -27.374769870521092 204
7 18 89 -11.901489762576267 23.533921151852724 204
9 33 80 -74.413667376691706 -19.789040086651219 204
9 33 80 -62.403366556403412 45.108977403917649 204
14 15 73 -15.728857636598958 56.311219014197917 204
3 24 66 51.813009799660961 -68.639726219589761 204
4 18 75 -22.811861910598740 88.542121118459619 204
11 15 112 94.994822432405329 0.991822078692898 294
9 33 80 66.979160637874031 -37.984102467293681 294
12 34 79 53.935633793398047 27.733980336889172 294
12 34 79 5.812562650035137 75.777398447290452 294
12 34 79 3.180796583124582 -17.520262555447893 294
1 25 76 -52.507068257407340 66.843158086762827 294
9 33 80 -75.769183652167115 13.712432631891797 294
12 34 79 -56.764046775405049 -50.535561673732559 294
4 18 75 -27.980565969351787 31.523890179372593 294
14 15 73 54.778025952921453 77.616801484608118 294
4 18 75 86.643469227893533 -30.933949637171565 406
6 26 74 83.001215138229924 12.915041059836845 406
6 26 74 43.738363789673166 -21.179364698016375 406
14 15 73 42.584177632471466 19.804386403054448 406
6 26 74 57.250580814228158 58.091415769540397 406
12 34 79 -0.740383081386369 42.695049105371453 406
1 25 76 -55.668110596998204 64.234425836621099 406
4 18 75 -85.699833156109818 33.459506825638350 406
4 18 75 -48.382189458637725 21.856184330329313 406
6 26 74 -83.344012907840678 -10.477380990385285 406
6 26 74 -32.047049661738853 -18.999209534077025 406
4 18 75 -63.512741003525448 -49.754863784692731 406
14 15 73 -26.223715585743214 91.308908332528262 406
14 15 73 3.775758836879806 91.486487515958203 406
12 34 79 -11.025239576987563 -75.196037743155244 406
4 18 75 -25.605036746968054 88.365050179278541 485
6 26 74 -59.035020491700649 59.756726446020153 485
6 26 74 -82.898953550312740 13.555939667285720 485
6 26 74 -74.994353388963688 -37.839753695964106 485
6 26 74 -38.350420523000437 -74.734498363935160 485
6 26 74 -8.413602500539231 47.862524473457249 485
4 18 75 -31.487126990658304 -31.273076368228313 485
4 18 75 -38.979204465135517 16.212185193413703 485
4 18 75 -8.760367394767322 -3.353649470983854 485
14 15 73 1.326619265727523 -34.774227124983135 485
1 25 76 12.624817817097721 -73.145449538320676 485
1 25 76 60.721268909986065 -59.480480007824070 485
3 24 66 84.387663232313429 -16.574748691598820 485
1 25 76 78.707779859466342 32.094943364863333 485
1 25 76 38.952032030681806 1.772006261507166 485