5 11 118 99.000000000000000 0.000000000000000 0
5 11 118 96.555555555555557 21.863775779997951 0
5 11 118 78.843192529652626 8.814936902970350 0
5 11 118 81.287636974097069 -13.048838877027592 0
5 11 118 76.398748085208183 30.678712682968296 0
5 11 118 84.861216147439819 50.986017632067515 0
5 11 118 63.043340148006621 48.161077478124973 0
5 11 118 61.130829503749695 -4.233901974057249 0
4 21 109 46.775008996028198 75.717227454665036 0
3 29 106 27.653587294806734 29.517971701741303 0
3 29 106 -3.137742988608757 78.669716120201372 0
3 29 106 -57.112194129596482 57.438639274475207 0
4 21 109 -87.253496877357080 17.545007343202762 0
4 21 109 -46.207921893843888 8.642155312937611 0
4 21 109 -74.440805409943962 -22.452929320591281 0
13 33 91 -41.229057026785419 -65.032029467655988 0
9 13 91 -19.003941967322557 39.781880876158013 0
9 13 91 -12.725368559470351 14.551353415119642 0
4 21 109 -12.282685014722977 -19.445764569780355 0
4 21 109 11.626984988419171 -53.975862750075827 0
9 13 91 -0.208995463297521 -85.849199047780530 0
8 27 84 59.466042194400032 -57.903279922072066 0
2 12 71 45.797406775920258 -21.377009844268056 0
2 12 71 24.006438435325016 -11.319490330035130 0
2 12 71 95.333333333333329 22.705848487901886 118
7 18 72 78.689343208474355 47.665367568276764 118
2 12 71 64.276619904271541 73.976456617506372 118
2 12 71 71.706634814096461 18.489319455499658 118
14 21 72 39.901816732037894 51.730806024303469 118
2 12 71 42.759310874570737 84.606856991921077 118
14 21 72 9.939492970811507 81.163086853818683 118
14 21 72 -0.568448038253209 40.498812905424913 118
2 12 71 -19.960749414523729 67.199723888608546 118
14 21 72 39.890153694369062 9.730807643665969 118
2 12 71 6.918663199438882 8.359379722581991 118
14 21 72 -26.057976727638703 7.117921257762268 118
7 18 72 -39.432451447318272 43.752924000667200 118
7 18 72 91.727427581474245 -7.076653819807429 118
7 18 72 59.837901945592925 -23.781687633555556 118
10 14 69 -44.659114151985605 75.323194778277582 118
10 14 69 -70.674678549904570 64.969914667233923 118
14 21 72 -76.071098622432231 30.388436237287916 118
10 14 69 27.844516857612373 -23.131064384521505 118
10 14 69 0.557974241076121 -16.850571407377824 118
14 21 72 -29.525493531016760 -34.738695031879331 118
14 21 72 -64.040628152614914 -10.807429247283723 118
12 12 48 -97.840587199763490 5.587440953198115 118
12 12 48 -23.830980318926837 90.885612361422972 118
12 12 48 42.116146514039031 88.488587980643004 190
10 14 69 62.742328449667525 72.659481285748512 190
12 12 48 81.407812621243906 54.559765800674398 190
10 14 69 57.141163723314278 45.225433941102914 190
8 27 84 82.031127757868575 12.644923043350033 190
10 14 69 42.032603188169873 21.651478003333857 190
1 30 74 67.753412068195018 -42.537926055666681 190
7 18 72 40.972745285576565 -82.372532702128709 190
10 14 69 25.389111604851720 -54.423465431377458 190
7 18 72 33.287076942638024 -9.130266110486494 190
7 18 72 10.189810011531051 18.483430858829159 190
12 12 48 14.718435939263493 -96.888428842157396 190
12 12 48 27.336973919188377 43.099985652787105 190
12 12 48 38.027013517169387 64.587727586121986 190
1 30 74 -22.197811027636746 -76.858683215244639 190
12 12 48 -64.108565475755228 -74.122141311761936 190
12 12 48 -55.767439757010010 -51.618238944748185 190
1 30 74 -22.289875642234946 -16.858753847730050 190
1 30 74 -79.998807300786410 -0.436841449089123 190
7 18 72 -78.760806521196244 47.547190833220519 190
12 12 48 -43.099280276039707 19.623689584509862 190
12 12 48 -19.089610368472165 25.019143689963361 190
7 18 72 -4.617088344182433 51.297387662048877 190
12 12 48 15.693918836961263 73.375951639072596 190
9 13 91 -80.665778246361569 -53.870513455032309 190
12 12 48 -64.993051227905255 -73.347824044663270 281
7 18 72 -79.149199650355129 -46.897805862409214 281
12 12 48 -95.549654301075947 -21.777593139391694 281
1 30 74 -57.461975584368219 -4.076499106173031 281
11 18 76 -84.977276381956244 35.254255043960583 281
1 30 74 -40.580104185127006 53.499558574598083 281
1 30 74 13.826556067363477 78.796106168490681 281
15 30 74 8.530678785471341 19.030282457818551 281
9 13 91 -16.192274209708700 -16.151752662369109 281
15 30 74 -25.879568338178885 -58.046338618892264 281
6 21 105 62.450545183929655 63.410798814002966 281
15 30 74 78.575967547793141 15.027219434351736 281
15 30 74 66.924430615691378 -43.830589623749198 281
6 21 105 17.504260400391892 -31.235083445320846 281
11 18 76 20.578785521966221 -70.113706045366854 281
9 13 91 39.571445731529437 88.561282074711528 386
13 33 91 60.518777829664870 47.607536483246683 386
13 33 91 75.156349013042359 -16.748826915033963 386
9 13 91 20.713318201373127 70.662370765462555 386
13 33 91 -3.497939941488148 31.549521481119520 386
9 13 91 -4.360141884316942 77.541440421404914 386
9 13 91 14.134037234976855 95.816158988416490 386
13 33 91 -69.477432782596352 33.194673276593733 386
13 33 91 -69.662238798579892 -32.805067986054084 386
13 33 91 -18.666624472749639 -74.703126646702984 386
9 13 91 -37.523120704705093 0.105068570149542 386
9 13 91 -24.813772524380429 -22.576916987364566 386
11 18 76 -35.518431616952384 71.244459607554802 386
11 18 76 5.353494623705384 -29.713862609689475 386
6 21 105 32.569247475927206 -57.647763101507294 386
11 18 76 12.580449831805346 -91.135790346215956 491
13 33 91 51.045834617165482 -57.648267695022632 491
8 27 84 -8.633123009368909 -51.449718138044545 491
8 27 84 -62.543181218908956 -54.565103161441129 491
8 27 84 -38.286154686969958 -6.319930720783326 491
8 27 84 -76.761571847378292 31.569939618564057 491
8 27 84 -24.710273007200783 45.945693131007708 491
8 27 84 20.518788407803385 -5.994618746168392 491
11 18 76 -90.030235190449105 -18.935594829643442 491
15 30 74 77.238750237894692 -0.351398921193812 491