14 10 52 100.000000000000000 0.000000000000000 0
14 10 52 98.000000000000000 19.899748742132399 0
14 10 52 81.766312060385914 8.217823563497323 0
14 10 52 83.766312060385914 -11.681925178635078 0
14 10 52 65.532624120771828 -3.464101615137756 0
14 10 52 63.532624120771821 16.435647126994645 0
8 15 51 78.963536422653917 36.105089049215621 0
10 26 78 60.439522766225650 -39.102007257758231 0
10 26 78 30.085929362926734 3.119543726392130 0
7 18 63 46.871310438875454 43.792028063289756 0
1 34 96 1.357165808813143 -49.555480190563372 0
11 14 33 -9.474589900534884 -2.793603963737247 0
11 14 33 -3.659660207341451 24.595930400015956 0
13 19 88 45.585783972208169 -78.758722054380542 96
12 22 81 73.361786154658091 -48.600908758975038 96
12 22 81 87.720376664582886 -7.009673160975574 96
12 22 81 80.148873008361960 36.333980727267779 96
12 22 81 44.522014806969288 -15.370386815842275 96
12 22 81 36.950511150748355 27.973267072401082 96
12 22 81 51.309101660673157 69.564502670400543 96
10 26 78 3.803834785874564 62.690666830480865 96
10 26 78 -8.360662297910594 12.133520840041658 96
6 19 66 -37.988029810859132 46.004143719650486 96
7 18 63 -35.278005997125383 82.904763916728427 96
14 10 52 -10.407120189229945 95.767074717304865 96
14 10 52 9.227342133860333 99.573370723023558 96
14 10 52 26.965453954547645 90.334356217309590 96
1 34 96 0.819711665839812 -50.386221807468914 96
10 26 78 -50.177664415916830 -18.775027069277250 96
10 26 78 -77.900107015903529 25.218906333982371 96
2 17 69 -76.659357785402449 -52.653042304596781 96
14 10 52 -94.584535416422057 -32.461756884980858 96
8 15 51 -69.045387690982452 65.251317523877859 96
11 14 33 22.059778123922111 -93.431077212688322 192
8 15 51 48.559610195437998 -81.651480437693920 192
8 15 51 71.599589121396718 -62.437959909394593 192
8 15 51 43.440202784776346 -52.091513121005917 192
11 14 33 66.079631155720776 -33.968150214611406 192
7 18 63 37.468458273698658 -19.636339920198417 192
8 15 51 67.037155077007824 -4.983962319482050 192
8 15 51 92.185993359741317 -21.340488021137592 192
14 10 52 99.970797179714523 2.416549451673127 192
14 10 52 -1.025244624530444 -99.994744229183723 192
11 14 33 -23.970834104046833 -92.959126030510120 192
11 14 33 -49.774458516438969 -82.088386994722313 192
11 14 33 -1.688098684688901 -76.003899631818427 192
10 26 78 38.396425522597653 24.353873500345145 192
2 17 69 81.390104652754090 23.616611773988261 192
7 18 63 71.959504647510215 57.322157067620495 192
10 26 78 32.107574183083642 75.972187583909445 192
2 17 69 -7.506767301924803 92.696539550701416 192
7 18 63 -7.918532534158768 57.698961786040002 192
7 18 63 -38.572861376864203 76.575193486336474 192
7 18 63 -70.228233907880011 59.430591130999971 192
11 14 33 -41.800449264785264 44.738380259731251 192
10 26 78 -82.240615240236593 17.102081888102557 192
6 19 66 -37.528964266649112 12.015996240367720 192
10 26 78 -57.185668848055265 -28.463800757632733 192
7 18 63 -17.998270409843723 -48.472493959460174 192
5 15 96 14.616274671674446 -43.443433497940660 192
6 19 66 1.225175864523081 -12.191577989233508 192
5 15 96 -2.511152692253891 21.602502097607339 192
10 26 78 45.090225240510236 -70.872220141322330 288
10 26 78 78.169224867831417 -30.750159081904069 288
12 22 81 86.432951615888655 16.533144739142998 288
12 22 81 44.438605501769786 3.400174989402878 288
6 19 66 72.443175387911865 55.072555231405786 288
12 22 81 32.516161095200133 45.754104197591538 288
1 34 96 -11.093629224243728 10.623118041576209 288
12 22 81 -6.328653865720064 66.420026646199304 288
12 22 81 -49.909656941055722 72.477763100320146 288
6 19 66 -79.564135891660726 44.165011941732168 288
1 34 96 -74.898791409949808 -12.890734863801580 288
1 34 96 -34.603262202487102 -67.665458285198426 288
5 15 96 8.919470052897749 -90.177050344092962 288
4 17 92 28.218618268631928 84.516600578162951 288
15 15 112 -88.653988654846998 34.138984981780879 384
9 22 100 -63.322917167092832 61.108167714713069 384
1 34 96 -74.898791409949808 -12.890734863801597 384
9 22 100 -35.564496752142688 26.969185655095657 384
9 22 100 -18.905464328025822 -13.755212912497981 384
1 34 96 -34.452099200675100 -67.553931708920317 384
3 27 107 -15.472658775139067 71.660549996608381 384
9 22 100 8.394589353552568 28.866222489759224 384
9 22 100 25.053621777669438 -11.858176077834418 384
9 22 100 20.256260406931695 -55.595863761096240 384
9 22 100 63.992473530286844 -60.406649728945723 384
1 34 96 62.529701439666113 43.197643892534430 384
9 22 100 87.736206441378073 -6.808676763945293 384
13 19 88 -90.999734063274815 0.220000939229724 496