13 12 115 98.000000000000000 0.000000000000000 0
15 14 102 92.571428571428569 25.426966241470851 0
6 23 102 63.130254527808823 3.016761625419454 0
2 28 97 61.711596371080560 53.997026523067333 0
6 23 102 76.780686449185978 -40.911198813916307 0
15 14 102 42.278225948579149 -27.547807799504376 0
6 23 102 17.249806190325028 -0.297519646814415 0
6 23 102 11.452453749640803 45.335699664105277 0
15 14 102 27.667286506633403 78.593468661179628 0
15 14 102 5.606245835468634 95.836162316905671 0
6 23 102 -24.387617361091845 74.171255888628281 0
15 14 102 -61.385844586200221 73.809065055986679 0
6 23 102 -31.439906028416935 28.715065721031539 0
6 23 102 -76.072220433800013 39.848641553576741 0
15 14 102 -95.628349322553817 8.439123523424655 0
10 16 88 57.165734312375776 -74.619560575809231 0
10 16 88 -91.558776743864470 -21.283571156344550 0
10 16 88 -67.055158217582303 -0.702689758347004 0
10 16 88 31.478467777494355 -55.536470208524342 0
2 28 97 -10.687373489474439 -42.965001310706882 0
8 19 84 -59.286423196823336 -34.829611040191828 0
15 14 102 -46.331196606574956 -65.180263487796992 0
15 14 102 -33.385473458687514 -90.007833892052261 0
7 14 72 -37.153165648982529 -10.352705387700780 0
13 12 115 -72.313401065700972 -66.142059435060517 0
13 12 115 -8.527306004859216 -97.628300468150584 0
13 12 115 95.061224489795919 23.819395426849606 115
2 28 97 64.910967510706541 50.105551556928290 115
11 36 109 65.366306460765642 -13.892828629140162 115
11 36 109 5.550264447458446 26.182614198884455 115
11 36 109 0.751933897131849 -45.657319152489151 115
11 36 109 -59.064108116175341 -5.581876324464548 115
2 28 97 -38.998581103266247 72.132590913760794 115
10 16 88 -85.414588689006706 39.247267918771207 115
10 16 88 4.584736927663602 78.173649547380066 115
8 19 84 -41.326680502793280 -81.074690740206009 115
5 18 77 39.819805900389760 -82.936017857474241 115
7 14 72 67.996492638830617 -67.767816762955079 115
10 16 88 -66.742773441783598 -57.011810203649162 115
13 12 115 11.374141858486851 -92.467240088394675 115
13 12 115 -12.623748619108573 -92.785442265217370 115
13 12 115 27.675370602164985 94.011030533830564 115
13 12 115 98.000000000000000 0.000000000000000 230
2 28 97 75.142857142857139 32.826072265931600 230
5 18 77 54.650157204294473 74.009190764025391 230
2 28 97 20.179270559258626 43.550071047508808 230
7 14 72 24.710126526163037 85.304967098237597 230
3 19 71 -8.026697085814860 81.145594573655742 230
10 16 88 -42.939152504552979 83.619550239108207 230
1 14 87 -68.249085108553757 67.513423715920254 230
10 16 88 -42.805152544819308 51.619830802669526 230
1 14 87 -84.827026959301591 44.948587266408268 230
9 28 84 -81.943343389362312 3.047699816755571 230
9 28 84 -64.790860391961431 -50.260764117444168 230
1 14 87 -43.566764607420254 -14.018002659069866 230
9 28 84 -9.906651555376229 -39.137652125645140 230
8 19 84 -29.850751157324428 -81.696233998959130 230
8 19 84 7.060895073755095 -90.725651062736503 230
14 20 71 23.173094782732104 -4.356473563002847 230
1 14 87 -10.051778987768202 2.862097135848881 230
1 14 87 -19.323120142562278 29.282586025939885 230
4 23 63 45.621135065047937 -74.079093105792367 230
9 28 84 72.137334009282966 -30.514300055098907 230
1 14 87 92.571428571428569 25.426966241470851 345
8 19 84 74.123689831103604 52.789000803409294 345
8 19 84 90.688810168896367 -7.519289205096182 345
9 28 84 48.571956349657562 13.341454414652119 345
8 19 84 36.600733876246487 58.791315057915895 345
14 20 71 5.721072378576771 34.970179363131429 345
8 19 84 1.672907327027172 73.759512429264603 345
1 14 87 29.764821787506570 91.075526460937965 345
4 23 63 60.129862083792631 -36.331624964835193 345
5 18 77 21.157668418495710 -23.597100202811646 345
5 18 77 -6.793869930393280 -0.909845985287034 345
5 18 77 -31.113973009521381 25.633186739339287 345
5 18 77 -33.261225781966658 61.569092259184295 345
14 20 71 -70.786490212274956 55.581227077382010 345
3 19 71 -88.573649430288754 20.873634724223503 345
5 18 77 -90.585332542517108 -16.071637382718343 345
5 18 77 -58.226877232643197 -0.294110011203720 345
5 18 77 -60.742365374944171 -36.206118022535300 345
1 14 87 81.297015382703435 51.056784954249537 432
1 14 87 63.106710260380261 72.343231335850746 432
5 18 77 89.756103347829779 20.195096231850453 432
8 19 84 54.584064053861908 31.681072546625806 432
8 19 84 31.751033580842279 62.056271631045931 432
8 19 84 16.861854765234444 27.094687653816649 432
5 18 77 63.343893194623874 -4.267020496325134 432
5 18 77 27.572886472520395 -8.321040487300472 432
5 18 77 -7.603075920973090 -0.662602677176777 432
7 14 72 -0.517637628629977 55.147374586294411 432
7 14 72 5.789486995784285 82.427773758082708 432
11 36 109 -50.506334807580913 54.084287406829546 432
7 14 72 -20.197994250338056 93.851164234991302 432
2 28 97 -81.983600960658407 -1.639869971531255 432
7 14 72 -85.586508652580747 -43.485049576397188 432
7 14 72 -58.484520046758256 -36.450690073935817 432
7 14 72 -40.526353995152746 5.090410412009408 432
7 14 72 -34.368118365843465 -22.223983850611653 432
14 20 71 -30.683520270780889 -56.023743271025594 432
4 23 63 -0.855146570564308 -86.995797164822008 432
14 20 71 7.727326592595698 -44.860999735575497 432
4 23 63 42.140301980762146 -70.643690148591958 432
3 19 71 77.410364794070233 -47.839684598134340 432