8 13 67 97.000000000000000 0.000000000000000 0
10 23 62 80.835051546391753 32.166666620776674 0
10 23 62 62.411822484083586 -9.982884158771661 0
10 23 62 35.120855282046620 27.046875618701144 0
8 13 67 54.895531503900045 57.129464940780203 0
1 31 96 15.683915736877307 77.427480826632433 0
15 27 71 -42.020280410562826 71.577203313748370 0
15 27 71 -77.162506916887978 30.576911654076756 0
15 27 71 -79.643117779484669 -23.366082049910119 0
15 27 71 -24.084099523878528 20.642996583888117 0
15 27 71 -26.564710386475230 -33.299997120098752 0
15 27 71 -5.084894268170729 -82.844093635463992 0
8 13 67 -42.902219168165097 -69.811444733254362 0
3 21 86 20.586686092409856 -42.285864362106246 0
8 13 67 33.832211411417703 -73.599696114600576 0
8 13 67 59.672942127892149 -76.473132391718025 0
7 17 86 77.078015250364544 -52.038250980068213 0
6 14 116 -69.020014339523414 -62.965951662118229 0
6 14 116 -86.688504876906492 -41.244431408452655 116
6 14 116 -94.902252575547124 -14.476272175082173 116
6 14 116 -67.613472817581012 -20.747037624468668 116
6 14 116 -59.399725118940381 -47.515196857839122 116
9 15 115 -75.570088027014961 7.140096943446416 116
9 15 115 -39.227065749087735 -26.680998674374123 116
13 31 113 -19.439366484262209 -68.207459609599795 116
6 14 116 17.106749521678033 -94.463533285615398 116
9 15 115 26.545884500957261 -67.042688461960751 116
9 15 115 16.048300780944082 -38.939294787151397 116
6 14 116 52.198207866401958 -80.568896576382940 116
9 15 115 73.192472497569796 -60.562876167603605 116
9 15 115 88.428198666894033 -34.719644014999915 116
6 14 116 44.547355564229861 -44.306219088767392 116
13 31 113 39.816434224016803 0.444405300985167 116
5 40 97 17.383250890892668 67.807245840428294 116
9 15 115 64.424199451618549 39.309015044339532 116
9 15 115 91.350000383314097 26.080211463262977 116
9 15 115 85.657614348700406 -3.374783719777461 116
4 28 90 -39.672294056969875 30.811775973126476 116
7 17 86 -85.008640462309700 37.716455914491242 116
7 17 86 -14.436764374569737 -6.446351216101679 116
11 19 49 -40.764519362543382 77.799083236704206 116
12 16 55 -93.235081510017494 -11.967438147757214 232
10 23 62 -83.118214123381307 25.697518964673133 232
10 23 62 -54.277976530734257 -10.138785191861599 232
10 23 62 -37.662945549752841 32.755745292817082 232
10 23 62 -8.822707957105791 -3.080558863717640 232
11 19 49 -79.127932637399383 -43.998491060294910 232
11 19 49 -26.158077241821655 -41.336080971807213 232
12 16 55 -51.496329466939393 -65.480914252994225 232
11 19 49 -24.422069410515626 -87.661636567588431 232
10 23 62 9.710098114224976 -63.187259352569399 232
3 21 86 52.904378271417542 -71.569034922337494 232
12 16 55 38.899049465112654 -37.322126083330048 232
10 23 62 77.847740539312866 -35.322260186196679 232
7 17 86 92.984403314812511 1.703155949490487 232
12 16 55 60.065717352894239 -0.612036167938452 232
3 21 86 73.030039286686872 34.042348212641500 232
2 29 74 39.215540497607357 70.874123511197780 232
7 17 86 -3.184178004552508 53.034171971532572 232
12 16 55 20.430045069342768 29.982741026441285 232
3 21 86 -21.382243592162705 86.393284802497334 232
12 16 55 81.070886757994657 -47.576373551085283 318
7 17 86 58.871936353111231 -71.993715767664199 318
2 29 74 13.549297712418387 -79.858728586800410 318
2 29 74 40.350741347900012 -28.422529086311435 318
2 29 74 79.757161728533163 14.134891333455791 318
2 29 74 23.198144335163562 26.983142245409333 318
3 21 86 60.500408943255735 60.277902420365912 318
4 28 90 7.177114258481446 81.685304865200223 318
2 29 74 -47.507665905454843 65.605043100478824 318
2 29 74 -79.190922311207743 17.023449224533191 318
12 16 55 -34.527592555762297 22.517716705857850 318
12 16 55 -42.168516740389570 -8.556650183988495 318
7 17 86 -68.959532211924326 -27.824278216623572 318
14 16 49 -71.770338092019713 -60.704353799024858 318
7 17 86 -41.415933130901166 -47.757921879131949 318
14 16 49 -46.519222621914963 -80.360934567699672 318
3 21 86 -9.627209872314097 -26.937809641467002 318
7 17 86 51.946930855100092 77.139590190351996 408
7 17 86 76.201793665268127 53.313100099280497 408
7 17 86 90.271747991559408 22.360937246644855 408
7 17 86 43.440016558297998 44.221017785904323 408
3 21 86 55.071565716755359 8.044961281990158 408
3 21 86 14.643233015254637 19.426960885608491 408
4 28 90 72.866414573578680 -37.609648059924211 408
3 21 86 26.251905817878125 -22.507079620591909 408
3 21 86 -14.176426883622590 -11.125080016973579 408
4 28 90 4.897773771427911 67.448060666089489 408
14 16 49 -21.926350404197180 25.054177651271146 408
14 16 49 -36.795873685300009 53.389619722866598 408
14 16 49 -65.604291686033420 67.320701959901214 408
14 16 49 -39.135411566184608 85.303982672859917 408
4 28 90 -78.057635839952155 25.119822592475000 408
1 31 96 -71.536678045683672 -33.518706630599567 408
14 16 49 -53.834365199494009 -77.057518280616250 504