6 10 93 100.000000000000000 0.000000000000000 0
6 10 93 98.000000000000000 19.899748742132399 0
6 10 93 81.766312060385914 8.217823563497323 0
6 10 93 83.766312060385914 -11.681925178635078 0
6 10 93 65.532624120771828 -3.464101615137756 0
6 10 93 63.532624120771821 16.435647126994645 0
8 14 89 86.755771184755062 41.102751320786574 0
3 25 76 55.477998216795427 64.398693417314334 0
7 12 89 31.687072664465337 92.735804444437179 0
6 10 93 21.598832422188572 73.185167400747076 0
8 14 89 5.732903074016871 91.192729310090158 0
13 15 85 -1.253144694182740 63.046768026445335 0
3 25 76 28.977616530069191 21.999049899263081 0
8 14 89 -7.858558636879579 34.809053766158151 0
7 12 89 -26.349172109683295 53.087380095430468 0
8 14 89 -25.423928981194408 79.070911902195775 0
7 12 89 -51.012836730304620 83.676104645993661 0
13 15 85 -69.877376865817340 64.359554087583120 0
3 25 76 -53.444267206402195 27.891034691785919 0
3 25 76 -84.215951518197485 -11.518398755235523 0
7 12 89 -85.153494637908850 -48.506518643906290 0
8 14 89 -59.964939788310900 -42.061621081586480 0
8 14 89 -66.428687231630278 -69.305335383953249 0
7 12 89 -41.879675119067187 -60.741107205230385 0
7 12 89 -45.325349092739160 -84.492472026376134 0
8 14 89 -45.748157744206360 -17.939367697824277 0
3 25 76 -8.965105075065630 -77.641730827408210 0
5 11 75 -85.753349298026862 43.769422972611480 0
5 11 75 -95.974459505223123 24.287921333047130 0
6 10 93 98.000000000000000 19.899748742132399 93
6 10 93 100.000000000000000 0.000000000000000 93
6 10 93 81.766312060385914 8.217823563497323 93
6 10 93 83.766312060385914 -11.681925178635078 93
8 14 89 86.755771184755062 41.102751320786574 93
8 14 89 64.176011190593613 24.545141632003997 93
8 14 89 61.126580571241270 52.378592242694658 93
7 12 89 63.268619889259611 -3.691642601795420 93
7 12 89 43.101031926713048 9.318676217239993 93
7 12 89 39.611070513122101 33.063573970897437 93
13 15 85 32.947123783464399 59.228279472475023 93
10 14 72 53.783591739670626 79.398594371107407 93
3 25 76 64.168575356803970 -40.680696119781487 93
7 12 89 38.325777368273151 -14.201462895913631 93
3 25 76 31.830327495583379 -78.815165111315409 93
3 25 76 -17.987890287877452 -83.074880698026192 93
13 15 85 -57.314006277887302 -75.763478565719879 93
13 15 85 -78.081432926659502 -54.113675093450951 93
13 15 85 -48.948439808347970 -46.953457780518775 93
13 15 85 4.261027072577434 -49.833555870521955 93
12 12 84 17.649197530973076 -26.386660729012448 93
11 19 72 -88.372716815440100 -21.708590987395542 93
13 15 85 -54.634539714842013 -17.497248454582614 93
11 19 72 -21.832273828903247 -26.442154979984522 93
13 15 85 3.283889450776870 -3.525385091790241 93
12 12 84 20.467304801834850 17.300806035562477 93
1 21 114 0.520949028866227 43.590402673361268 93
12 12 84 10.958235479655125 74.896361396009880 93
1 21 114 -87.104304424073291 18.271293079537767 93
10 14 72 -52.776808526902030 11.443187527505751 93
10 14 72 -25.238098351487416 6.381622366953541 93
10 14 72 -32.933182821353867 33.303466193140864 93
1 21 114 -69.026331573708944 56.181541003041133 93
12 12 84 -36.155899773590605 59.102964162011617 93
11 19 72 -18.491253520128986 84.577662840113092 93
5 11 75 8.457332124641267 97.759989332295078 93
5 11 75 -98.305708598431565 -11.704172630316858 207
5 11 75 -98.463229435189405 10.295263434864161 207
5 11 75 -93.758368571444066 31.786291429187692 207
5 11 75 -79.332398515432146 -0.568037551468678 207
11 19 72 -73.386679522734354 53.808877228831697 207
5 11 75 -73.255553282762037 23.809163798380553 207
5 11 75 -58.769114907181688 7.251896415430156 207
11 19 72 -59.129900988381777 -22.745934062849642 207
2 37 105 -10.799596365503966 5.541548240456097 207
10 14 72 -31.641766036329720 -41.005245026239635 207
4 20 104 -58.585805254954956 -61.742138491394570 207
12 12 84 -83.597214604594825 -41.781442052022825 207
11 19 72 -28.411757932691149 -86.450980394522773 207
2 37 105 21.491633248976541 -61.041306083948605 207
12 12 84 69.889706679168938 -68.698099684778228 207
11 19 72 72.442584775698862 -37.803394419567205 207
11 19 72 90.884742407217061 -4.578602141898465 207
11 19 72 52.890149443535812 -5.219621271241033 207
15 19 60 71.332307075053990 28.005171006427702 207
1 21 114 59.476968242486812 66.207931916668528 207
12 12 84 86.130240042520938 46.750205884228180 321
2 37 105 72.998566934589093 -0.457411736092588 321
9 12 36 86.130240042520938 46.750205884228166 426
2 37 105 39.390455161711657 61.460491717469878 426
2 37 105 72.858779271944627 -4.538533133298930 426
4 20 104 66.053204671641851 -61.130795452097558 426
4 20 104 30.540019167442075 -42.723903934399758 426
4 20 104 17.453677678416206 8.850817762498615 426
15 19 60 -10.506965587081606 36.039095166180743 426
1 21 114 30.191973715747643 -83.722426643926198 426
4 20 104 -16.064685251080402 74.641060817380435 426
9 12 36 6.001567468331718 97.816057924673402 426
1 21 114 -56.626360841920828 68.661890869685308 426
4 20 104 -82.211151897191158 36.624124613933944 426
9 12 36 -50.212884715894617 36.291112010027142 426
1 21 114 -88.917826590884246 -3.823625812424460 426
9 12 36 62.208045563744328 -75.724230383273692 540