5 14 119 96.000000000000000 0.000000000000000 0
6 39 109 59.625000000000000 38.546846498773412 0
6 39 109 -11.742346630506560 70.022262856958790 0
6 39 109 -3.317183476134101 -7.521380504842341 0
3 29 103 -71.631261512564379 37.814843304165791 0
8 32 98 -62.942183476134119 -46.068227003615718 0
8 32 98 63.304783141880094 -32.357731604680076 0
3 29 103 17.235867241393702 -72.340915416801792 0
14 15 43 -94.998507488725124 0.532517525191103 0
14 15 43 -26.620248322816522 -75.896351763952083 0
5 14 119 91.916666666666671 27.700656831362114 119
6 39 109 68.211502258267856 -19.702562261551634 119
6 39 109 45.136380713024892 54.806086670449972 119
6 39 109 -7.852441291123306 -2.431879249144870 119
3 29 103 -22.235167877646113 64.029667346893120 119
8 32 98 -52.988822004148091 -57.237965919594942 119
3 29 103 -75.829759443470834 -0.675685406050000 119
8 32 98 9.449118485301256 -71.291562876814908 119
14 15 43 -66.027070491444164 68.303923476751052 119
5 14 119 -78.716099637648682 42.227333605244219 119
5 14 119 96.000000000000000 -0.000000000000004 238
6 39 109 59.625000000000000 38.546846498773412 238
3 29 103 6.309294914997601 80.753902677676109 238
8 32 98 -9.372692465030433 21.804133621193436 238
8 32 98 -73.156747115171456 27.057168209678800 238
8 32 98 -68.777101677729291 -36.792802078820884 238
12 22 89 -44.022193706216754 72.523395210176275 238
4 26 71 65.744097514348695 -26.164486709636773 238
8 32 98 9.278629894670434 -39.417824647343863 238
1 23 95 -31.051033089801077 -76.814593004502058 238
5 14 119 91.916666666666671 27.700656831362110 357
5 14 119 80.014033564814810 53.044834175334046 357
11 29 119 49.164606503817062 23.089653488044227 357
11 29 119 75.856775771969069 -28.403337294782933 357
11 29 119 17.916453003126804 -25.772938571703271 357
8 32 98 -11.670536757881258 27.571321071504869 357
15 20 95 51.800692298421666 72.018694472754774 357
14 15 43 91.280403051604480 26.322766168027155 476
14 15 43 78.520844964156382 53.474076954304842 476
9 20 44 56.280629493302214 26.448666396646708 476
9 20 44 79.019544184353734 -6.459414049849734 476
9 20 44 39.150853182380096 -9.697851603539313 476
9 20 44 16.411938491328577 23.210228842957136 476
9 20 44 33.541714802250695 59.356746843143156 476
13 29 75 -10.765854108650334 80.281357644918145 476
9 20 44 -58.336704723840711 68.533414346313009 476
7 17 58 -34.057173710220226 40.613808801845849 476
9 20 44 -69.542320938268091 30.135052854512843 476
9 20 44 -89.897286796445457 -4.298584259687487 476
9 20 44 -49.899399381764596 -4.709683228933837 476
4 26 71 -70.331007489344856 -45.929831107176057 476
13 29 75 -15.676162921506766 -39.777761108756096 476
7 17 58 -41.508095941333607 -77.839700581925086 476
8 32 98 48.887873238978479 -60.778086924232589 476
7 17 58 4.343182686805596 -81.193045743959857 476