2 10 112 100.000000000000000 0.000000000000000 0
2 10 112 98.000000000000000 19.899748742132399 0
2 10 112 81.766312060385914 8.217823563497323 0
2 10 112 83.766312060385914 -11.681925178635078 0
2 10 112 65.532624120771828 -3.464101615137756 0
2 10 112 63.532624120771821 16.435647126994645 0
14 24 92 61.297085244103947 -37.199249612800891 0
2 10 112 45.833351794767474 -6.919339642527328 0
2 10 112 43.833351794767466 12.980409099605071 0
6 25 100 47.888377627005610 47.744712134469452 0
6 25 100 13.391786778550731 83.938430095385002 0
5 17 100 -28.351722644733535 88.573019724271020 0
5 17 100 -58.292953603152114 72.463311822057605 0
5 17 100 -80.442919170745881 46.668369966057789 0
5 17 100 -91.841119845128603 14.635870510247255 0
5 17 100 -90.964105518821214 -19.352816517519095 0
5 17 100 -58.401061232494129 20.780988896704169 0
5 17 100 -29.370921833079095 54.588299142596739 0
5 17 100 -57.524046906186740 -13.207698131062173 0
5 17 100 2.707547034145506 43.320121156138505 0
7 18 75 -23.409340967849435 20.019731436409501 0
5 17 100 -23.570265004033988 -14.979898610986407 0
14 24 92 -67.500799916434659 -52.975328175766990 0
15 10 72 58.515020830114523 81.092492483899292 0
15 10 72 78.123571061056595 30.114253320090285 0
15 10 72 98.000000000000000 19.899748742132399 112
15 10 72 100.000000000000000 0.000000000000000 112
15 10 72 81.766312060385914 8.217823563497323 112
15 10 72 83.766312060385914 -11.681925178635078 112
15 10 72 65.532624120771828 -3.464101615137756 112
15 10 72 63.532624120771821 16.435647126994645 112
7 18 75 78.566312060385911 40.057421550909162 112
8 20 76 40.784241580620311 35.993537908132836 112
15 10 72 58.853054295617234 59.941773898918584 112
11 25 80 30.813321244003212 -7.887901763336874 112
7 18 75 4.161343241631002 25.856313571458923 112
8 20 76 11.421313347404549 63.156351561563902 112