14 15 98 95.000000000000000 0.000000000000000 0
14 15 98 90.263157894736835 29.623678483095365 0
14 15 98 66.976720827465385 10.709613644674024 0
2 35 80 63.941406534260388 -39.198169988156891 0
12 18 83 72.084330237012907 57.165105915070846 0
7 31 80 26.256518094499217 74.509028027167531 0
7 31 80 -35.614801884898171 70.516564626330563 0
12 18 83 34.497415914353468 4.870542454741116 0
12 18 83 7.864180184837618 29.091829674375834 0
12 18 83 -78.833476426014713 47.426606399667513 0
7 31 80 -78.984334923429458 -1.573161372371565 0
7 31 80 -1.215038720208625 -28.679727051990792 0
12 18 83 -24.914771249747670 14.207598325424723 0
12 18 83 -48.840538209094163 -40.204127185367092 0
11 26 62 -26.830310872457300 -79.599839311943967 0
14 15 98 90.263157894736835 29.623678483095365 98
14 15 98 95.000000000000000 0.000000000000000 98
14 15 98 66.976720827465385 10.709613644674024 98
2 35 80 63.941406534260388 -39.198169988156891 98
9 18 75 72.084330237012907 57.165105915070846 98
9 18 75 34.497415914353468 4.870542454741116 98
9 18 75 40.219576818469299 40.412867569840273 98
7 31 80 -1.215038720208625 -28.679727051990792 98
2 35 80 -67.027656910621786 -33.649564767942778 98
11 26 62 -26.830310872457300 -79.599839311943967 98
2 35 80 -65.610130428953653 36.336081036563229 98
2 35 80 -4.019105355936592 69.600861667960515 98
14 15 98 -21.636383799921251 12.538820534445307 98
14 15 98 45.476509172902745 76.684938348273121 98
14 15 98 95.000000000000000 0.000000000000000 196
5 16 103 88.947368421052630 30.403382229112751 196
4 20 100 60.890794415994080 7.846151567999388 196
4 20 100 57.369808313359002 47.690883426364934 196
4 20 100 24.623751368352828 24.719254085928224 196
4 20 100 21.102765265717753 64.563985944293776 196
2 35 80 -33.846385233669423 66.928485763642115 196
4 20 100 -81.163372525790237 38.890962449389164 196
4 20 100 -89.999918966936605 -0.120772285091221 196
5 16 103 -56.387936658336606 12.772429229131713 196
2 35 80 -49.952798186664296 -37.819951549503358 196
11 26 62 -9.484014381256536 -83.462886789375546 196
10 24 57 9.041800008371069 -37.021588344983755 196
1 27 110 74.178502390904058 -37.236404002570410 196
13 20 75 39.409907297571095 -68.861469935084500 196
9 18 75 -5.983833520627609 2.198691320671746 196
5 16 103 55.416787553368749 -75.927463129389452 306
13 20 75 76.781791426001178 -46.952704985059725 306
13 20 75 89.544494205439463 -9.043426203160983 306
9 18 75 87.345299372730736 28.892882817192952 306
13 20 75 36.824722901976294 -45.099957035019067 306
9 18 75 56.680324222404138 10.033951271905124 306
9 18 75 55.680497991116454 46.020064531150410 306
6 24 70 16.237002710039803 -83.986275674079394 306
9 18 75 -1.169491003519404 -45.763063137718405 306
9 18 75 -25.531891926836828 -88.386212129699985 306
6 24 70 -42.938385640396035 -50.162999593338995 306
6 24 70 -19.787386793472358 -8.115035880577132 306
15 26 112 16.000749628271386 26.802141718115749 306
6 24 70 26.046232776008679 75.782630367459845 306
5 16 103 -82.589180257664495 -44.889055507629038 306
15 26 112 -83.949541649339949 -2.911092040066215 306
6 24 70 -47.365738518357631 31.171533276559991 306
10 24 57 -21.787306678756547 71.788571876473725 306
5 16 103 -85.500264813462891 39.060270311759481 418
10 24 57 -85.994898958627829 -0.936671284598077 418
10 24 57 -47.241698441605827 27.386277885421023 418
10 24 57 -42.089905208784899 -20.336452825281825 418
5 16 103 -76.975589777495529 -39.906557888168564 418
3 25 110 -48.058096101330044 -68.971632453511234 418
10 24 57 -3.416834926712461 -48.768716804041688 418
5 16 103 -11.690809799656384 -87.903628836674301 418
1 27 110 3.901877412338692 1.703418574781153 418
5 16 103 32.238622035671078 -30.638951532433360 418
3 25 110 67.219534970861247 -52.024360815882808 418
1 27 110 82.963388410199826 -2.464991581795225 418
3 25 110 70.189706103370142 47.941684963323155 418
15 26 112 29.477252839039686 78.658067387034919 418