4 10 98 100.000000000000000 0.000000000000000 0
4 10 98 98.000000000000000 19.899748742132399 0
4 10 98 81.766312060385914 8.217823563497323 0
4 10 98 83.766312060385914 -11.681925178635078 0
4 10 98 65.532624120771828 -3.464101615137756 0
4 10 98 63.532624120771821 16.435647126994645 0
13 16 97 84.144800066126621 41.900508610655038 0
10 24 99 61.297085244103947 -37.199249612800891 0
4 10 98 45.833351794767474 -6.919339642527328 0
4 10 98 43.833351794767466 12.980409099605071 0
4 10 98 50.690664049928237 31.768098383687398 0
13 16 97 56.045060641777823 57.210787650688829 0
1 33 97 9.168207315516618 42.943320383223508 0
1 33 97 5.944473905077984 -22.977901866507437 0
4 10 98 -19.978851549935001 11.329257697546769 0
1 33 97 -56.274683621209306 34.385982839115684 0
13 16 97 -28.249601014600238 74.580444458756006 0
1 33 97 -70.929636941916613 -29.966424599673193 0
5 17 86 32.688381252548169 87.065893041351487 0
5 17 86 -0.865874938282417 92.995969055606139 0
15 10 73 -97.507780073825487 22.186320674561660 0
15 10 73 -99.985000929480520 1.731932196068982 0
9 15 58 -57.094214811785619 -75.929247559986266 0
9 15 58 -32.508382064534487 -58.738062954957030 0
9 15 58 -29.913295849056787 -88.625610989786480 0
7 11 109 -60.767028421479210 78.156050673144549 0
7 11 109 -76.527076327918678 62.806103116663031 109
3 12 109 -59.288034496085054 78.031589536488553 109
3 12 109 -55.119696615621208 54.396341297591412 109
7 11 109 -37.880654783787591 69.621827717416920 109
7 11 109 -32.977013216150667 48.175282555639853 109
7 11 109 -48.332461942169203 32.420594541508450 109
14 25 112 -2.012900817913284 66.538935334684723 109
7 11 109 16.023840130257696 97.694608589624536 109
7 11 109 -16.509613623246075 33.586768215666581 109
14 25 112 -31.238628015201527 0.737778352330302 109
3 12 109 -64.784475158962238 16.347907737042071 109
10 24 99 -84.936459619294027 -13.483242463889606 109
7 11 109 -97.093001104933620 19.337764514993953 109
13 16 97 -77.748151534129093 -52.832044566021679 109
7 11 109 -63.627684695113444 -75.845354111766312 109
7 11 109 -45.306470991880744 -88.024562971149535 109
3 12 109 -43.284897841616733 -65.113577789404687 109
3 12 109 -23.990208388691524 -79.386452724580735 109
10 24 99 -13.452659807773152 -44.963203750888766 109
3 12 109 -0.012164010913704 -78.360105893671474 109
3 12 109 -47.266937623070859 -32.610284426702059 109
10 24 99 31.684555757955472 -61.292066876438753 109
3 12 109 17.759485831627742 -94.489844325341608 109
10 24 99 75.373514548743287 -41.410545813480702 109
13 16 97 93.813734909300905 -5.914654881513989 109
13 16 97 61.886847265021018 -3.752747078315961 109
13 16 97 79.722558165370273 22.815794783802918 109
11 19 89 44.959518603646515 26.881637922689187 109
12 20 74 69.372204868068877 57.295791689560353 109
10 24 99 17.291141745644701 -6.034329662110606 109
5 17 86 40.332563608400108 83.799071073457370 109
15 10 73 -14.042752894653187 -99.009096002032607 109
15 10 73 60.147805948911660 -79.888931896302552 109
15 10 73 39.376041467269943 56.816019626418836 109
15 10 73 15.978849893223266 27.940335753373155 109
15 10 73 9.670584868742207 99.531300545589431 221
15 10 73 29.283651899716318 95.616252443903278 221
12 20 74 50.553799291062411 74.460146234337842 221
9 15 58 78.541491973308268 53.443746487374476 221
9 15 58 91.290562675252303 26.287509703960737 221
9 15 58 15.554788079086659 74.723232121446159 221
9 15 58 61.398036398658590 28.824608993140171 221
8 21 82 27.389143463660826 40.631183489405352 221
9 15 58 -6.066125633414188 53.925730102295084 221
2 34 81 36.805069893577006 -13.556825603625608 221
12 20 74 -6.901813246153967 18.156079753813660 221
9 15 58 -33.237477706026034 41.208905555806602 221
8 21 82 65.030810030323181 -60.761778667185332 221
6 17 76 87.889129732644079 -30.405605977162494 221
8 21 82 23.484649404316023 -66.919419224900025 221
2 34 81 -25.234811025196016 -41.396602463084506 221
12 20 74 -45.791134370435934 8.537730120078601 221
12 20 74 -68.234724144955820 41.647929123302163 221
6 17 76 -73.999455316399803 -56.330103966495123 221
6 17 76 -89.300994972100980 -25.967908983836093 221
6 17 76 -82.773626926983397 7.399642116051021 221
6 17 76 -45.438796457809360 70.791464956868921 221
6 17 76 -14.665064043295589 85.247515360762236 221
3 12 109 97.947550738617821 -3.205823498867073 221
3 12 109 95.789539658955363 20.696958518715178 330
14 25 112 70.408770833488958 47.619376200421122 330
3 12 109 73.930889348971931 10.787397144675390 330
3 12 109 50.590325039778719 16.374709354353307 330
14 25 112 21.186636726122938 38.834075185858502 330
13 16 97 40.087933952718430 75.217326320850461 330
1 33 97 69.109720189270419 -33.953594439480909 330
13 16 97 30.786525687280214 -3.419469871014437 330
1 33 97 -18.212489712914390 -3.730097962938247 330
13 16 97 -19.307033838765733 45.257675748025228 330
10 24 99 -2.670691905270698 81.633933486718405 330
11 19 89 44.150687906121860 -79.572085290108021 330
10 24 99 10.256014282249446 -53.111716813248741 330
10 24 99 -37.556747653729559 -57.347256454592852 330
5 17 86 -15.241623883843761 -91.742535943712838 330
14 25 112 -72.807004387485932 -23.311695636468180 330
14 25 112 -80.917495904020058 26.026118739122360 330
11 19 89 -51.575176670009256 58.813742958778775 330
5 17 86 92.254975333098542 11.748171189141701 442
5 17 86 81.867047457033649 44.122404067183375 442
11 19 89 87.785426665767076 -23.973294832150827 442
11 19 89 58.248597346962356 -0.065645140225899 442
11 19 89 52.312380028378513 -37.599114523518267 442
11 19 89 22.775550709573800 -13.691464831593336 442
11 19 89 28.711768028157636 23.842004551699031 442
11 19 89 48.075772796170206 56.538110120166763 442
2 34 81 -4.177649631563938 65.402637439137052 442
2 34 81 -66.151528912197492 37.416242764055021 442
11 19 89 -90.485020648733368 -9.667524926179162 442
11 19 89 -18.431563940676607 14.355346356568582 442
8 21 82 -46.638573657432161 -14.005975947563467 442
8 21 82 -73.815103883540459 -46.028408785644693 442
8 21 82 -45.131485288267569 -76.708207094644635 442
6 17 76 -10.523901706660638 -92.402637910768249 442
8 21 82 -9.536059775948925 -54.415479971276014 442
6 17 76 20.269124280631004 -77.987730677421865 442