13 11 92 99.000000000000000 0.000000000000000 0
13 11 92 96.555555555555557 21.863775779997951 0
13 11 92 78.843192529652626 8.814936902970350 0
13 11 92 81.287636974097069 -13.048838877027592 0
13 11 92 76.398748085208183 30.678712682968296 0
13 11 92 84.861216147439819 50.986017632067515 0
13 11 92 63.043340148006621 48.161077478124973 0
13 11 92 61.130829503749695 -4.233901974057249 0
13 11 92 58.686385059305252 17.629873805940697 0
11 14 82 88.602132246115488 -36.954866546124379 0
13 11 92 65.228357091938193 -28.085445198484816 0
4 13 93 42.752554813721368 -19.668895314446619 0
4 13 93 75.687743968967254 -60.666015304188733 0
15 12 82 54.031384436062119 -48.175935569393232 0
15 12 82 43.970973885323005 35.306317848242827 0
4 13 93 42.310992521169361 60.251146207457140 0
15 12 82 30.923484271693248 -41.693270222981994 0
4 13 93 16.790416398630367 -21.071524601056630 0
14 25 80 7.991500657867554 43.936352974174618 0
4 13 93 23.788548673488535 78.497216302398428 0
8 16 64 52.445436588451486 -78.009462125095538 0
3 18 72 19.540525094054289 -69.449859357099413 0
3 18 72 -5.005456264291372 -43.115569939009028 0
3 18 72 -11.150586682768022 -7.643928136860751 0
11 14 82 -24.017223176800272 21.655383550113019 0
15 12 82 -28.864318259738099 47.199574068838800 0
12 29 79 -69.484101903826215 41.628831146438586 0
11 14 82 -38.432907675917782 71.374811328989409 0
15 12 82 -12.640041807898937 74.650184638154187 0
11 14 82 2.844244683552320 95.536468937920390 0
12 29 79 -79.503293992014378 -15.499233672002344 0
15 12 82 -40.676078349317827 -2.329293450591310 0
15 12 82 -39.956570347308507 -26.318505781033600 0
14 25 80 -55.874350307181786 -64.055108912172926 0
3 18 72 -21.224311742534006 -89.518314277335080 0
10 17 106 28.312912360421070 6.627430014786128 0