14 12 79 98.000000000000000 0.000000000000000 0
15 26 77 77.632653061224488 32.080697914408788 0
15 26 77 64.686836799343425 -18.282044676852227 0
15 26 77 27.544330441995392 18.110732374292983 0
12 14 71 65.489926973131418 70.193087017554035 0
14 12 79 45.942157718535107 53.050020863302073 0
11 16 55 36.997238984259440 79.582801132945974 0
1 36 109 -12.936823090620827 65.071100863783712 0
15 26 77 -71.359370907439825 44.315236473412057 0
15 26 77 -83.772245033692300 -6.181501598722988 0
14 12 79 -38.838032001767537 24.659130150378335 0
12 14 71 -44.136549697364046 -0.795254741609359 0
15 26 77 -44.958931265456798 -40.786799955022424 0
14 12 79 -78.464284809154961 -58.714189165718835 0
11 16 55 -44.527658568747043 -82.784585656902863 0
11 16 55 -15.067366005677265 -70.290940788477329 0
6 19 98 -0.007499780681442 -38.696630710787232 0
14 12 79 24.544662742691475 -19.770687790396629 0
14 12 79 -0.346249940243570 -7.698481599438706 0
14 12 79 -10.250030755150698 14.162788390437854 0
11 16 55 16.918259021063253 -69.331883100561370 0
11 16 55 46.413830328394198 -81.742010950594036 0
12 14 71 71.024857866772081 -64.586914812559542 0
7 12 72 48.036707621914417 -52.440106658980653 0
12 14 71 1.686013872623362 -95.177167152740594 0
14 12 79 24.725202560416498 94.829659697514330 109
15 26 77 -11.456312182049285 83.215100259432660 109
15 26 77 -58.245507422861849 60.526530257841024 109
15 26 77 -82.713861950604894 14.642986075806910 109
14 12 79 -22.759292573581781 46.935041904068456 109
14 12 79 -37.981719053670659 28.380319269162563 109
14 12 79 -45.784983879239107 5.684305124338668 109
12 14 71 47.959978352597595 83.161532431878442 109
7 12 72 25.069243746183773 70.832125747908250 109
12 14 71 45.874619617578475 55.239296150622607 109
7 12 72 21.164413346394618 47.151916721193928 109
12 14 71 72.938934066023975 62.417240385267014 109
13 24 58 82.119206928408857 25.542823912973390 109
7 12 72 46.309862543435983 29.242939413658654 109
12 14 71 95.474279926689078 -10.033039045085779 109
7 12 72 69.539836867144373 -8.187866101637383 109
7 12 72 49.827276791450117 5.502092819489625 109
7 12 72 27.508393409543402 14.326346022160562 109
12 14 71 4.784408543397934 26.960447169578682 109
9 22 99 -81.439779090929662 -33.340101703812714 109
8 13 102 -70.527011926589296 -66.595349602706733 109
13 24 58 -38.104469204930410 -48.769000468287629 109
9 22 99 -13.252052014639617 -4.195388408019872 109
11 16 55 0.806579224094108 -39.499140158978300 109
13 24 58 -1.189448439095798 -79.449307537448448 109
12 14 71 -38.197898053454004 -88.073381814813573 109
8 13 102 -85.682730572399095 -45.469436786237686 211
6 19 98 -61.814040432715814 -66.783414148893087 211
6 19 98 -89.954307714760347 -13.755817807684366 211
2 16 95 -59.983062911419751 -31.831339513522604 211
6 19 98 -55.808180503043772 2.918773534872400 211
6 19 98 -26.583302432302634 -21.369217360842171 211
6 19 98 -24.555167313037071 -59.315055972447553 211
9 22 99 -80.433300405505165 35.699918569623698 211
2 16 95 -42.435806859224385 35.263473612784466 211
12 14 71 -23.974931992869855 11.616146085793179 211
4 31 95 20.614170298891203 -37.873718801001303 211
4 31 95 77.774723409824503 -13.859740204105417 211
2 16 95 62.877396300609433 -58.436299571120799 211
2 16 95 39.917811989017636 -80.726599888498939 211
4 31 95 63.827776324944828 46.551208033871831 211
6 19 98 3.562777210878265 -84.876378233825577 211
8 13 102 -68.555773926990256 68.622925187370171 211
6 19 98 -36.576321978433853 69.769508402829345 211
9 22 99 -5.289280321537085 43.271942017223168 211
2 16 95 22.587734720546464 69.095807574948012 211
2 16 95 5.648895407008073 6.880235383273369 211
12 14 71 -15.080542059222825 94.808107518291976 211
8 13 102 -27.816537853113104 -91.148426233862295 211
8 13 102 -94.682478778529699 -21.076722049533057 313
9 22 99 -73.259727034159368 -48.754614088109221 313
8 13 102 -69.681710689389874 -13.937983018510280 313
9 22 99 -36.390570067980974 -24.740758408454212 313
9 22 99 -34.028539489675708 -68.677312797108215 313
4 31 95 -73.111606982714193 29.928129316833960 313
9 22 99 -21.773427418761816 16.760315562858604 313
9 22 99 6.858985600122651 -16.649038287762565 313
1 36 109 53.501627041796731 -51.123144503057375 313
9 22 99 87.889098814170040 -4.416594800641668 313
9 22 99 79.041136226127719 38.684606551995870 313
9 22 99 46.138382215136573 9.471445502698145 313
6 19 98 55.407302074240057 72.187470359155228 313
8 13 102 4.503661877020043 -51.569697648080918 313
8 13 102 -0.072969426000784 -77.163729099108920 313
8 13 102 94.073433102676418 -23.647181317786391 422
4 31 95 59.960138345809987 -51.437163700493123 422
13 24 58 85.122524180050249 12.253810722251334 422
13 24 58 16.005447076252636 -84.497489098134011 422
13 24 58 38.885343964721173 -0.635066875708150 422
13 24 58 7.018624675036776 -36.530919027627547 422
4 31 95 -14.056169706052039 14.271177797157428 422
13 24 58 30.429006230451360 46.614169648535977 422
4 31 95 -75.309690869628113 23.863161172004279 422
13 24 58 -80.251487968038660 -30.914376573299144 422
3 18 119 -59.438445674282903 70.221586252557131 422
10 15 106 -28.855107171993549 57.825643123678802 422
3 18 119 -0.616563075546280 74.901492365019720 422
10 15 106 28.376044791578977 90.663113127590663 422
10 15 106 -29.864712920462537 90.183695434254389 422
10 15 106 55.232487631775435 77.294063873015318 422
5 16 116 70.269290813662082 50.185125308969617 422