1 10 101 100.000000000000000 0.000000000000000 0
1 10 101 98.000000000000000 19.899748742132399 0
1 10 101 81.766312060385914 8.217823563497323 0
1 10 101 83.766312060385914 -11.681925178635078 0
15 25 101 70.291971924572152 41.283508471686559 0
2 27 108 47.310008688948507 -5.362277681367427 0
1 10 101 37.093487714911049 30.199256301112186 0
15 25 101 25.334023956246902 63.164617092534819 0
10 11 83 56.391898693261226 81.369243340275460 0
2 27 108 -1.168424218110999 18.425146367396877 0
15 25 101 -24.638321802015394 64.827343593401579 0
1 10 101 1.162417378901135 88.477330014503792 0
1 10 101 18.970258482580434 97.581219031078533 0
7 18 108 91.999957048081257 -0.088899669310326 108
7 18 108 84.990596590012146 35.222130703207220 108
7 18 108 57.915027482642600 11.496331295978470 108
2 27 108 61.684942804866381 -33.345476634381150 108
2 27 108 44.271494109586335 54.378192229225064 108
7 18 108 26.242843723427164 -5.617194814162903 108
2 27 108 -3.116307580597372 28.486180894224020 108
2 27 108 -1.845546306691055 82.471226654922788 108
1 10 101 33.203693468351787 94.326638549562077 108
15 25 101 -51.646788483793529 67.510067688532871 108
7 18 108 -83.499579070121683 38.624089570014434 108
2 27 108 -82.755218798738653 -6.369753650879542 108
7 18 108 -47.606082718119993 21.728969323415058 108
7 18 108 -38.251482270110010 -13.034394300637366 108
2 27 108 -57.110583521893545 -53.891881986188679 108
1 10 101 -45.531098629012504 -89.033246922905917 108
15 25 101 -11.854051696273828 -79.501378801172564 108
7 18 108 27.867698300819246 -63.033756715138502 108
9 19 99 1.128313052793647 -37.460229845391495 108
10 11 83 94.723509359516186 28.782925053191665 216
3 16 74 79.092157566977534 50.797939046780193 216
3 16 74 69.053494461665764 20.413317228201436 216
3 16 74 93.999269226395967 0.370654695809442 216
5 15 71 64.896085267108134 -10.306642875760414 216
5 15 71 40.825830697211600 7.599301526598688 216
15 25 101 38.223837710146462 47.514582215769138 216
3 16 74 32.676671119654692 88.137592232474361 216
5 15 71 6.380065751624951 71.721485930488200 216
13 22 66 -7.697776788165886 37.504321386580479 216
3 16 74 -24.619335015207202 71.528737137168335 216
10 11 83 58.401790498254847 79.938919598640751 216
14 14 120 75.335758516851371 59.502298179907775 317
7 18 108 87.064230481186286 29.729106456785278 317
2 27 108 42.386247694929125 35.102918339509600 317
7 18 108 68.827132033898010 -1.309711823296137 317
7 18 108 33.667867609669656 -9.044446799181870 317
10 11 83 53.389184950615117 71.475096879534362 317
7 18 108 24.834719505357761 76.538939603751203 317
13 22 66 78.295135695995498 -40.173022370063883 317
15 25 101 32.816908502933231 -52.036025842043998 317
15 25 101 -7.280901070506467 -22.166883447054357 317
15 25 101 -9.098395130315463 27.800072787466860 317
15 25 101 -18.163104576443263 76.971518186776422 317
15 25 101 -63.686981188127163 56.293591350553712 317
15 25 101 -84.317697111757838 10.748300040930353 317
8 18 100 -86.176675692423458 -32.211497428757831 317
8 18 100 -52.861677267378624 -18.569251281613997 317
15 25 101 -54.720655848044245 -61.529048751302170 317
10 11 83 -50.406537327745056 22.832721504250561 317
10 11 83 98.042757018841684 -13.733819430310366 317
10 11 83 59.677417350273821 78.991175826172110 437
3 16 74 74.953004887706470 56.727833188862853 437
3 16 74 42.970338688857126 57.780953700950619 437
5 15 71 35.213211400543550 87.794733473463467 437
5 15 71 58.087850437502908 30.716939982923556 437
5 15 71 28.088132548523490 30.586837785984457 437
3 16 74 10.998009639620488 56.450474401096976 437
10 11 83 92.230506091220917 35.979629600056484 437
3 16 74 93.566932167857672 9.012724598894685 437
10 11 83 9.585012472098446 83.413475699256921 437
12 11 83 -6.129469217792442 98.810068348868853 437
5 15 71 -14.759486237411309 74.284106466791954 437
3 16 74 -44.579148935647581 82.756869685684407 437
3 16 74 -36.182988838598156 51.878001577790378 437
15 25 101 79.691489753130156 -29.567997242402985 437
5 15 71 53.904259733734641 1.010079347317103 437
4 16 69 22.920053142816645 0.020664403365739 437
4 16 69 -1.351289382262120 20.874966885834510 437
6 15 38 94.702818174293569 7.508410607225230 538