14 16 93 94.000000000000000 0.000000000000000 0
2 27 90 73.808510638297875 37.964506546987671 0
2 27 90 52.624237934488889 -11.706678158137427 0
2 27 90 20.199866495685981 31.475032516620960 0
14 16 93 42.982348926666887 67.943628517592074 0
6 25 84 56.428678476276019 -63.567320577644800 0
2 27 90 8.649037029692288 -43.046456481903164 0
14 16 93 -6.002415571490111 -2.619547910070642 0
4 20 85 -26.578922939367466 26.920380061061728 0
4 20 85 -13.145590952379973 64.597237569715219 0
4 20 85 -52.180894072051942 73.329082183273599 0
15 21 83 -5.837023274755367 -88.808384510078582 0
4 20 85 -45.319497568357882 -77.756949143800668 0
6 25 84 -73.508050863232114 -42.679813241021556 0
4 20 85 -54.156713739136713 -2.053150179558984 0
4 20 85 -87.866774716837654 19.478960466629076 0
1 18 100 85.872340425531917 33.014256766457073 93
6 25 84 56.000750394431762 63.944631950309557 93
6 25 84 46.932837253764902 14.773777256971947 93
4 20 85 18.075596561191986 88.166165896884877 93
4 20 85 13.771435138624682 48.398412698489530 93
15 21 83 88.805863153828497 -5.875259100966211 93
15 21 83 54.815240449585929 -30.545840127318826 93
6 25 84 10.238896611488677 -19.190243708471904 93
6 25 84 41.041363611710963 -74.435250203726241 93
6 25 84 -8.184732176080271 -65.672174631120342 93
9 20 73 -52.576478275802103 -73.045971361288025 93
5 25 81 -42.399444831217558 -29.211875154478790 93
5 25 81 -84.948710018802629 -2.952400064588616 93
15 21 83 -78.172015837046175 42.545692378578153 93
5 25 81 -37.759481164170680 20.572366701438682 93
5 25 81 -26.131370953280083 69.201442910260312 93
1 18 100 91.966941573641677 -2.466101699114521 193
8 26 73 72.725429683139879 -42.035840391297953 193
8 26 73 74.873688267751959 38.077956946027200 193
3 21 65 46.748241668805328 75.733756680062911 193
8 26 73 22.953262637011072 35.202300095374625 193
9 20 73 45.913268186947178 -4.657932532482721 193
8 26 73 20.737518578012768 -43.157044621311975 193
12 26 71 -12.312960617914339 -3.011486648858906 193
3 21 65 -23.453025469492452 42.649207116157783 193
12 26 71 -1.098912365964210 83.992811547250469 193
13 29 71 -72.908431404489278 35.289667469910825 193
9 20 73 -89.340816183926037 -10.872836041711409 193
1 18 100 85.872340425531917 33.014256766457073 293
12 26 71 83.288510615254992 -10.909812074117397 293
13 29 71 39.959062752234288 22.965827372035800 293
3 21 65 69.341049900304441 -55.792641080374473 293
9 20 73 40.182825681418578 -26.969075020617421 293
9 20 73 3.874835859897935 -10.184264175083490 293
7 36 109 -23.053496106611892 38.916295266754283 293
9 20 73 -78.878682807676569 43.337667202168944 293
1 18 100 23.154753502057957 66.859052254976888 293
10 19 120 60.126420214828244 68.306760954900312 293
1 18 100 -91.688697486190222 7.561927881558603 293
13 29 71 -52.822714509529135 -18.865999908146943 293
1 18 100 -66.152687875777403 -63.936076567224333 293
13 29 71 -19.203865410451783 -66.128807540083770 293
10 19 120 26.989098859668214 86.905630098072791 413
11 34 111 -23.912553854386285 72.140070475160158 413
7 36 109 60.185993398843735 43.053991668535652 413
11 34 111 -0.562684933264347 8.274715067345944 413
11 34 111 -67.546639598714307 19.985813110524713 413
11 34 111 -59.316073431889734 -47.514244523328628 413
11 34 111 57.633346844541656 -26.899449959227095 413
7 36 109 5.594451331904166 -73.717751442993006 413