12 10 78 100.000000000000000 0.000000000000000 0
12 10 78 98.000000000000000 19.899748742132399 0
12 10 78 81.766312060385914 8.217823563497323 0
12 10 78 83.766312060385914 -11.681925178635078 0
12 10 78 65.532624120771828 -3.464101615137756 0
12 10 78 63.532624120771821 16.435647126994645 0
5 23 81 33.241890668198366 3.340935717225158 0
12 10 78 50.406551227264572 31.525584515676357 0
12 10 78 70.037856794133177 35.348128399039091 0
2 20 68 62.805199122432384 64.463221787245629 0
12 10 78 86.730581729026738 46.364159183672136 0
5 23 81 22.580435954492255 49.265576308977373 0
12 10 78 36.631827033677418 79.124551655425478 0
3 30 101 -22.772389151125868 76.690405477802017 0
5 23 81 -69.702864248579388 52.062565395340563 0
5 23 81 -86.507714195317632 9.242044400523000 0
5 23 81 -41.021630237151591 16.098877937270892 0
5 23 81 -57.826480183889842 -26.721643057546675 0
1 11 99 12.096354544693320 98.258222082068414 0
4 11 57 -91.743827297206622 -24.352346791820800 0
15 25 113 -44.042347511669433 -72.699873628922802 0
5 23 81 -12.822101928585596 -36.240358194239171 0
6 12 86 -78.355933428823562 -58.858709606121764 0
6 12 86 21.551644661336617 -29.649034702571420 0
5 23 81 23.395377661209494 -64.600438803482447 0
5 23 81 68.170077318873297 -54.054052191661242 0
6 12 86 -1.131855921723847 -3.250387774442594 0
6 12 86 2.703671357495469 20.441145111598459 0
4 11 57 51.523622790357237 -83.700224822037114 0
4 11 57 56.147931270822255 -22.250467418882383 0
7 13 54 7.166505355403956 -96.734901669412821 0
4 11 57 -16.828941856231523 -96.267447806860162 0
1 11 99 -78.053232436380512 -60.899038631429619 113
1 11 99 -62.676669645925436 -76.633120007575897 113
13 22 98 -48.113599767525002 -47.020335678559718 113
8 17 95 -35.657054785341707 -83.977533720441144 113
13 22 98 -5.757956365704921 -58.936688812713435 113
13 22 98 -16.615913531971529 -16.297449066025649 113
1 11 99 12.649124696787975 -31.547286359231265 113
14 13 94 28.066160540841828 -49.940627702857732 113
14 13 94 24.938177246202521 -75.751782665556661 113
1 11 99 5.573874935685691 -89.930068740640365 113
3 30 101 69.714027027017408 -39.242253193162668 113
13 22 98 87.471293372453346 9.631865642241905 113
1 11 99 48.909138082886315 -74.571512964949164 113
8 17 95 79.740878237291327 47.858043607584690 113
13 22 98 46.941333219102120 26.758521181714951 113
13 22 98 48.160169354517706 70.741636561085315 113
8 17 95 19.034860164068551 -0.485354490235352 113
13 22 98 3.801578408516566 35.416555305149728 113
13 22 98 5.020414543932155 79.399670684520089 113
14 13 94 -27.180815090430155 93.113926407492045 113
8 17 95 -30.500590580060091 63.298174015535665 113
6 12 86 -89.129688584098318 -40.741853331698778 113
8 17 95 -72.765653126156423 -16.799874642976736 113
8 17 95 -48.148621759280154 6.652241821901860 113
8 17 95 -55.184361211500338 39.916312083378770 113
8 17 95 -87.855328470807663 30.503135236996407 113
1 11 99 -27.788531398570985 25.873758944745155 113
1 11 99 -98.788661526230968 -6.465319315840000 113
1 11 99 -77.679549654704417 56.588639362578206 113
1 11 99 98.489895508824205 -10.036955846315514 214
1 11 99 93.841422478035923 -31.540250907352888 214
1 11 99 98.274669995966860 11.961991355280649 214
1 11 99 79.330635619300665 0.776126992805573 214
3 30 101 68.932907389386287 40.598697994471372 214
3 30 101 40.439567865874984 -12.204044385048169 214
1 11 99 30.092148343452987 27.468753716762095 214
1 11 99 28.896702929087262 49.436250393927480 214
1 11 99 39.228635836425717 68.859204916817575 214
1 11 99 58.113137114753428 80.145285346658554 214
6 12 86 35.122919647203453 91.489783667118218 214
3 30 101 -3.382203157840316 74.716128198840039 214
14 13 94 -44.876719933610694 85.994651042958878 214
3 30 101 -64.281650679040780 47.622152261083045 214
3 30 101 -79.312623945955878 -10.464591860526014 214
3 30 101 -21.492541280058482 5.561575507525266 214
3 30 101 -36.523514546973580 -52.525168614083789 214
14 13 94 -79.405276769431424 -55.711776323951419 214
4 11 57 98.274669995966875 11.961991355280666 315
4 11 57 93.206374359851893 33.370222934393837 315
11 21 64 87.151930952685035 -18.042752872508629 315
7 13 54 74.320408544699376 13.442990451944770 315
11 21 64 63.693704567478946 45.739633661116329 315
7 13 54 48.392460563975987 15.377289681356386 315
7 13 54 31.412298869038075 35.066731238032474 315
7 13 54 33.309498983915063 60.997420232428880 315
4 11 57 52.317934066719431 75.649361936613076 315
5 23 81 66.034011752231351 -56.643704786199962 315
4 11 57 55.756615753518261 -24.234213406580373 315
7 13 54 37.764158299131140 -8.351157190849433 315
4 11 57 24.666639977744058 11.759909757995667 315
4 11 57 8.806351897537866 27.006262174651575 315
4 11 57 11.737001514295459 48.810190555193429 315
4 11 57 11.406111788125031 70.807702050567514 315
15 25 113 24.843686870332171 -81.288321563979196 315
11 21 64 17.752563206780383 -35.838173432337030 315
11 21 64 -6.133845358865191 -1.291979925163862 315
11 21 64 -21.290268566619030 37.877942662804841 315
4 11 57 -10.410312509102072 67.971572490170303 315
11 21 64 -40.322139133279094 79.341824378548822 315
11 21 64 -72.217275870399988 52.016007784705515 315
11 21 64 -88.029686356367534 13.106270255093918 315
4 11 57 -97.445095678859076 -17.477223124341016 315
3 30 101 -26.412203630178976 -61.342552864838723 315
2 20 68 -44.825033627895451 -14.856343173413114 315
2 20 68 -76.025445267195963 -39.887010634313981 315
7 13 54 -48.803868726610808 17.902913094964390 315
6 12 86 -9.431473683745313 90.950734236282244 315
7 13 54 15.317175912796534 94.486882302694227 315
6 12 86 61.505349842043657 -76.296080769642558 428
8 17 95 34.333715836392827 -86.430295364911416 428
6 12 86 44.565215220172902 -59.295144354465421 428
6 12 86 67.758525354775628 -53.125025635985622 428
6 12 86 88.768197199881456 -41.523573616476675 428
5 23 81 86.750678959494138 -6.581770283653334 428
5 23 81 77.980813884859842 38.574507979426649 428
2 20 68 12.694853538930783 -56.417637394123886 428
2 20 68 48.535399436609183 -27.542386406728657 428
8 17 95 50.092948517766580 9.424815825247002 428
2 20 68 35.242801179027609 43.313945705161942 428
7 13 54 57.186133540160888 67.961261276818846 428
15 25 113 8.142290766858949 7.389548209867215 428
2 20 68 -4.069178446460942 50.700978798709933 428
2 20 68 -18.089815901577424 88.163249490062682 428
2 20 68 -54.507087148437265 71.616879648534436 428
2 20 68 -80.157526365976167 40.923965678900622 428
2 20 68 21.363780928141495 81.574342357768771 428
2 20 68 -40.751463543333550 34.056490683100193 428
7 13 54 -64.961071026877221 11.631172279725259 428
9 14 105 -91.831677625697239 8.991001639132044 428
15 25 113 -80.176402374307500 -28.226662968072187 428