15 11 72 99.000000000000000 0.000000000000000 0
15 11 72 96.555555555555557 21.863775779997951 0
15 11 72 78.843192529652626 8.814936902970350 0
15 11 72 81.287636974097069 -13.048838877027592 0
15 11 72 76.398748085208183 30.678712682968296 0
15 11 72 84.861216147439819 50.986017632067515 0
15 11 72 63.043340148006621 48.161077478124973 0
11 30 72 40.813144234862193 -6.505488244391174 0
12 21 68 46.775008996028198 75.717227454665036 0
11 30 72 7.386359764106295 43.320710486252857 0
2 15 53 12.927309433443057 87.978272855485201 0
12 21 68 -23.016756819515582 85.972256603576966 0
12 21 68 -59.879458936796709 65.844137153101769 0
12 21 68 -83.407056198060985 31.052584053078331 0
12 21 68 -41.512888745693317 28.072863684826011 0
12 21 68 -65.040486006957579 -6.718689415197424 0
7 27 75 -17.522167283018142 -13.501711282337954 0
11 30 72 -54.745784026539738 -56.668855692542103 0
11 30 72 0.532969079672704 -79.998224630051084 0
2 15 53 45.400434619876762 -83.449389071018942 0
2 15 53 69.158573368781148 -65.131342144891462 0
2 15 53 86.020012280355559 -40.318202927306643 0
6 12 96 23.165944582728489 -44.618167820061686 0
6 12 96 -97.921577098062798 -3.919788084596226 0
6 12 96 48.451001952526454 -47.805162934208241 0
6 12 96 -95.937877605002626 19.998090925074173 96
3 18 96 -80.007101626282946 45.418759223052675 96
3 18 96 -91.490345554338148 -9.670401767651438 96
8 30 88 -47.678336315064939 9.938469857657314 96
3 18 96 -65.534785073173694 -34.616521307744527 96
8 30 88 -38.314194203596195 69.203238839879944 96
8 30 88 -18.152775868807268 -42.294099295452369 96
3 18 96 -57.546573946039182 -69.719063708378769 96
3 18 96 -17.648081820521128 -90.291445929590651 96
3 18 96 15.581021368339240 -76.441294260238081 96
6 12 96 43.300093062980174 -87.915311184896879 96
3 18 96 63.942607761823645 -66.146374901558829 96
3 18 96 34.313296664266105 -45.698785217584977 96
6 12 96 62.759678669027444 -36.169705994533544 96
8 30 88 43.866522777135934 1.340941299863893 96
5 18 77 87.350314573402756 -18.985392629768338 96
5 18 77 90.437819926764078 16.881964544868396 96
13 26 118 16.098201238608784 82.442997985767448 96
14 27 78 61.722361740268539 55.471976897963032 96
9 23 120 60.754302336704484 62.272905405001815 214
4 27 119 81.304394235182528 16.691179648245878 214
13 26 118 75.880178216750267 -36.030522530130185 214
4 27 119 32.265446705049669 -5.918146417271351 214
4 27 119 13.885284717600101 44.857533246472336 214
5 18 77 28.397655364305834 87.453203193224368 214
10 34 104 -44.839166030212560 61.363256022761966 214
10 34 104 -75.994427616547000 0.920310400571488 214
5 18 77 -25.444658575270132 13.115426220995936 214
10 34 104 -20.706593031703829 -38.668265564206770 214
14 27 78 24.901290880222991 -79.176547742993463 214
5 18 77 -66.157613725338166 -63.930979549581025 214
9 23 120 84.016488245949091 22.588264714632182 334
4 27 119 78.450847438593186 -27.101006183656263 334
9 23 120 52.159333160742349 -69.630481573996633 334
9 23 120 9.362195581669702 -86.494793449609233 334
9 23 120 16.155841869581927 -40.999229159068371 334
13 26 118 -30.033135149777713 -57.357053033443208 334
4 27 119 -19.060410149769286 -5.505348084867123 334
13 26 118 37.653444577998400 6.730516392638360 334
4 27 119 49.185841109384612 58.460622039571568 334
5 18 77 -73.954305171426341 -54.724407229421331 334
4 27 119 -72.894358870830473 -9.736892140900910 334
13 26 118 -72.006575057577990 43.255671864824713 334
13 26 118 -32.747065056614375 77.353925111644244 334
5 18 77 -11.457006104764988 38.847647833429228 334
5 18 77 49.389845339717198 -77.618574950322397 454
11 30 72 71.842862259724313 -35.193794088308813 454
7 27 75 80.251469723458939 21.182577917353512 454
1 34 86 8.646995801878077 -45.307273343345884 454
5 18 77 37.271484055659243 -1.894848022832591 454
14 27 78 30.689530781941816 42.621192806317978 454
1 34 86 -59.317227396695579 -47.512803895041898 454
1 34 86 -73.594015710807298 18.971580101758768 454
14 27 78 -42.366883898681323 71.372593820847356 454