15 13 102 97.000000000000000 0.000000000000000 0
9 17 104 88.443298969072160 28.753832222285070 0
9 17 104 72.197729258507948 58.621565058561728 0
9 17 104 46.302422581492671 80.654111259655437 0
9 17 104 54.454298724127831 29.618622572123783 0
9 17 104 28.558992047112564 51.651168773217485 0
9 17 104 12.313422336548335 81.518901609494137 0
9 17 104 -5.430008197831768 52.515959123056184 0
9 17 104 -21.675577908395997 82.383691959332836 0
10 22 97 -57.388515293875955 66.712504917478299 0
9 17 104 -84.552486005963289 38.728246929229591 0
15 13 102 -55.370419129608607 31.770734958419709 0
9 17 104 -72.308085866447769 7.009566861745189 0
15 13 102 -96.387421230231951 -10.884164119758156 0
10 22 97 63.029617505578805 -8.426927861487954 0
15 13 102 32.671400861019052 8.990841288491481 0
9 17 104 4.800803010353954 20.091732038629615 0
9 17 104 -29.085273069061301 17.310752365909625 0
9 17 104 -44.729844749077941 -12.876121883485947 0
9 17 104 -73.757532843211251 -30.579040397383906 0
9 17 104 83.019098642238774 -41.914547124241111 0
9 17 104 62.405644541036366 -68.953140098314719 0
10 22 97 34.385468980899255 -41.826220597953181 0
9 17 104 7.243739371492680 -13.820390601149604 0
9 17 104 -19.141225474239985 -35.264122321385514 0
10 22 97 24.154237966985054 -84.620167739341298 0
10 22 97 -48.820672930022099 -60.564920702453819 0
2 13 87 90.517632096196081 34.864857373832649 104
6 17 80 72.197729258507934 58.621565058561742 104
13 29 84 52.476773765567458 17.063365934376137 104
13 29 84 27.478203248752635 69.399505189348289 104
11 24 79 81.573477790498572 -27.235412997842271 104
13 29 84 29.322519577073429 -36.114453811967422 104
13 29 84 -5.153696146882830 10.526628394122429 104
13 29 84 -30.152266663697663 62.862767649094579 104
2 13 87 -4.761032879757945 96.318488339722649 104
2 13 87 73.467534603460862 -63.336572051929679 104
2 13 87 96.782357659131875 6.494247141884614 104
6 17 80 47.505147479481089 -78.368353543975431 104
6 17 80 13.518309138041783 -79.314302566318446 104
6 17 80 -11.834470948425597 -56.659578072579322 104
13 29 84 -48.139663120134003 -28.411869822611095 104
13 29 84 -78.174986358529736 21.205459387707002 104
2 13 87 -88.736803468858128 -39.176264627057648 104
2 13 87 -73.777989578802391 62.974663585525619 104
8 20 75 -40.045336136992361 -80.600068571157507 104
2 13 87 -69.040027037254305 -64.842280033476626 104
2 13 87 96.526874467212380 9.568829896649980 191
6 17 80 90.848409757377539 -19.888852268434924 191
13 29 84 54.544268201915109 8.360206227751213 191
13 29 84 55.753797296083377 -49.627180671214674 191
2 13 87 87.771135247781800 34.050190780418781 191
2 13 87 24.774724541403394 -21.267049302332683 191
13 29 84 -3.436658213092961 9.847543465037830 191
8 20 75 63.599340461997919 56.516261572481007 191
6 17 80 28.121109498825071 46.014112853111051 191
13 29 84 -1.767635070811828 80.980710457839507 191
2 13 87 39.540014473116450 88.575319674646067 191
8 20 75 -50.350153006621767 74.598003272271157 191
4 16 73 -78.337221224076842 51.954593356988603 191
6 17 80 -48.603898186071042 37.639234433175560 191
6 17 80 -90.530343925328594 21.289829232798454 191
6 17 80 -92.132569326698601 -12.672397928611403 191
6 17 80 -61.919305135134792 2.921147751918381 191
13 29 84 -57.422364265292750 -42.858515012382803 191
2 13 87 90.517632096196081 34.864857373832649 278
11 24 79 62.519353562868268 59.053623344220547 278
11 24 79 85.979973574647147 -1.855840538132682 278
1 18 73 81.032279853710079 -43.563397729171818 278
8 20 75 48.206358535969244 -24.420281743484232 278
8 20 75 45.543763995210455 15.491002253795555 278
8 20 75 20.334215724035083 46.547059246969674 278
14 26 74 5.542306601654047 -7.222064610709807 278
8 20 75 -17.212957657918601 32.755403399120624 278
11 24 79 -11.952378781062510 76.439797750883997 278
4 16 73 29.344338665185958 81.401294062632275 278
7 13 72 -48.125191422062272 84.219747984601952 278
11 24 79 -67.811861392611931 52.891884580426776 278
1 18 73 -90.331900089048091 17.439834468888542 278
14 26 74 -80.083559854024529 -25.350018562258903 278
4 16 73 -56.455985798583953 14.537691987009300 278
7 13 72 -43.635390760402942 -11.474465610294477 278
14 26 74 -33.895551937031868 -49.238675382177078 278
11 24 79 -0.004476107141450 -85.999999883514334 278
7 13 72 -66.536827061081198 -70.582226124172180 278
7 13 72 36.805396486813514 -89.746101806420853 278
1 18 73 32.237643537974940 -59.084470522381558 278
7 13 72 58.544589082396058 -75.484001495030199 278
7 13 72 96.526874467212380 9.568829896649980 365
4 16 73 92.042720607338921 -19.082389347231810 365
4 16 73 68.404800748748329 2.487236165485111 365
4 16 73 61.543917033913814 -28.768615681033467 365
4 16 73 37.905997175323222 -7.198990168316538 365
1 18 73 44.074561774096736 26.236751348670314 365
4 16 73 77.351558725250214 33.211095325914485 365
7 13 72 96.526874467212380 9.568829896649962 438
4 16 73 92.042720607338921 -19.082389347231825 438
4 16 73 68.404800748748329 2.487236165485093 438
1 18 73 60.002236759871508 -30.458126458302047 438
1 18 73 35.118532198359574 -4.442722419629298 438
1 18 73 47.552305181228107 29.341908544915643 438
1 18 73 82.662646851720112 37.295769731868376 438
1 18 73 62.744735425707233 67.283714049969035 438
14 26 74 18.974030216855908 62.797583699674320 438
7 13 72 53.518301645468725 80.899884975101287 512
14 26 74 70.440142922506183 45.762279937268218 512
1 18 73 29.347032081083146 61.489843047124744 512
7 13 72 95.667851392220101 16.020680697026862 512
1 18 73 68.109631912630775 1.824042393724785 512