11 11 56 99.000000000000000 0.000000000000000 0
11 11 56 96.555555555555557 21.863775779997951 0
11 11 56 78.843192529652626 8.814936902970350 0
11 11 56 81.287636974097069 -13.048838877027592 0
11 11 56 76.398748085208183 30.678712682968296 0
11 11 56 84.861216147439819 50.986017632067515 0
11 11 56 63.043340148006621 48.161077478124973 0
11 11 56 61.130829503749695 -4.233901974057249 0
11 11 56 58.686385059305252 17.629873805940697 0
10 23 58 43.004411673530228 75.628173167236682 0
11 11 56 42.031369059010231 41.642099724275845 0
10 23 58 27.936397126109341 3.123384151020523 0
7 24 93 7.127713785067971 45.265983710282022 0
11 11 56 9.312878736224146 80.197703595455721 0
10 23 58 -24.529241767444624 83.470451647958939 0
4 25 85 -41.407906764164835 38.535936318109293 0
10 23 58 -85.015423250328283 18.476412248256992 0
10 23 58 -82.553479652403354 -27.457658262864015 0
1 13 68 -76.370394587217390 53.422992616212753 0
1 13 68 -58.863118029511291 72.645252304709189 0
1 13 68 -56.129380118136595 -3.008384985255870 0
10 23 58 -36.948484654394747 -33.473007897890248 0
3 18 73 3.912613881959723 -30.100971954675735 0
3 18 73 -9.178503728107703 -63.636365790433537 0
3 18 73 -39.457474935348984 -83.109010773359032 0
5 16 86 -67.050598564314086 -63.243977967027007 0
13 33 80 52.242393243171080 -47.326774944441013 0
1 13 68 18.170639676206388 -78.231719676183047 0
2 21 118 30.942127058512099 83.448096282029653 93
2 21 118 65.764799875077728 59.966583172555168 93
2 21 118 85.941707386803415 23.130562713454687 93
2 21 118 86.979469357521481 -18.856614496881011 93
2 21 118 68.646977074146875 -56.644439608681395 93
2 21 118 50.098626274812723 1.238245878563589 93
2 21 118 31.766133991438124 -36.549579233236784 93
14 29 110 14.412312865156334 36.259482796008108 93
6 15 99 -4.296591190677521 76.083808390167306 93
9 37 98 -49.898728916126636 51.094910157768751 93
9 37 98 -23.249534914668942 -17.940011867773300 93
7 24 93 -85.978803937063944 1.909259948754176 93
8 13 89 -90.539276328044892 -34.808611606812612 93
8 13 89 -0.240463982060856 96.999701943219037 211
5 16 86 -28.291428017339996 89.641480915587678 211
4 25 85 -1.040779459515393 59.008130573551441 211
3 18 73 -44.037878266895838 59.507624465769268 211
4 25 85 -30.581142340214644 18.667493978715633 211
5 16 86 -68.011986185812844 35.398660375785617 211
13 33 80 26.413951679516479 7.917644785261324 211
13 33 80 59.000369569383921 -49.476826804839824 211
4 25 85 84.185066983850703 2.770001004528186 211
4 25 85 1.229254265049697 -44.329183024106683 211
4 25 85 -46.297476297118990 -28.798249952619265 211
5 16 86 -71.445602009675241 3.583408021386134 211
8 13 89 -94.727429180774081 20.873767288188095 211
6 15 99 27.119434348078030 91.046890559976205 211
5 16 86 39.787786497162301 62.753554704570398 211
8 13 89 58.653766961919160 40.729141406972360 211
6 15 99 -93.176337569053786 -18.524851341312733 211
1 13 68 -85.666986868249438 -45.499091869126119 211
6 15 99 -67.523239242998756 -66.825235967654862 211
5 16 86 -36.575760283402346 -68.628994833284580 211
1 13 68 53.277363288828340 81.058759927537793 310
13 33 80 67.377439045669945 37.273056054568833 310
3 18 73 91.688902603391099 -7.559440414862770 310
1 13 68 31.790065746785636 66.419905999045781 310
1 13 68 60.696355730991726 -8.239174452651184 310
13 33 80 15.007906542360516 -2.894493850607325 310
4 25 85 -3.409953153157748 52.103528334160423 310
9 37 98 -63.353457089595182 36.267609168469086 310
13 33 80 -69.342456005000045 -33.475719487333407 310
5 16 86 -51.046626977644479 -78.931881228089452 310
4 25 85 -10.407595605717773 -84.360428837861207 310
6 15 99 -33.290108686307164 78.696315050012544 310
6 15 99 -6.397185135443880 91.991827935472173 310
15 31 96 42.664129312184428 -66.488886816017654 310
6 15 99 83.498568738328913 -45.309921856592986 310
6 15 99 -9.135363949803752 -44.380666124537228 310
6 15 99 23.602800450989733 92.021235651727466 409
9 37 98 53.607110366829417 49.550759006483133 409
9 37 98 69.363783383306583 -22.752264826907261 409
9 37 98 -19.241591800675906 62.553320004613681 409
15 31 96 -75.263043767542356 24.009878026449943 409
15 31 96 -69.416605897522857 -37.713854558610095 409
15 31 96 -20.814610733787948 -76.208608306416934 409
15 31 96 1.505423651385165 -18.365578777832496 409