13 13 104 97.000000000000000 0.000000000000000 0
1 15 104 90.979381443298962 27.345057180315223 0
1 15 104 69.695649803919792 6.202617219353049 0
1 15 104 62.027625519428859 35.206089486867114 0
7 39 100 54.426318638685480 -45.593594280778937 0
7 39 100 10.549798953309015 18.895560003478593 0
13 13 104 45.250728840240221 57.623398375666170 0
13 13 104 69.023287253837509 68.152665514081207 0
6 14 96 28.331140051826210 -91.724296145371483 0
10 38 113 -18.764667836764552 -69.511777714110394 0
13 13 104 -69.722456478449544 -67.437223123514727 0
13 13 104 -62.077811133784657 -42.586480729085267 0
13 13 104 -88.014498570541036 -40.773128913246659 0
10 38 113 -71.606692905742960 7.515419555994171 0
13 13 104 -28.293549608722884 -19.409877429030988 0
6 14 96 -35.572381456374572 45.005796966336668 0
6 14 96 -15.831824560782243 64.863047870021262 0
6 14 96 11.271919531338220 71.890640358835981 0
6 14 96 -3.048372066990209 95.951588979762050 0
8 16 73 37.914881825180800 85.680221940917534 0
12 15 70 -31.360856995595608 89.674392378771103 0
12 15 70 -57.760161628456430 75.423893619028888 0
15 14 114 -70.575288624383958 -65.077865942153480 113
10 38 113 -70.802234913972740 -13.078361181226747 113
7 39 100 -17.634076519312288 -68.775281499322404 113
10 38 113 -43.084068873183128 57.686766327562609 113
10 38 113 9.850089128233300 3.152603487366001 113
15 14 114 29.690532437457776 -44.913567665467149 113
9 30 115 72.350614307529995 -34.137788582786605 113
9 30 115 75.736936787329711 25.766575365617047 113
9 30 115 22.153557511402031 76.871450419443775 113
15 14 114 65.624304866013674 70.067471845732342 113
3 21 88 44.289150727852700 -76.723634374157768 113
15 14 114 58.696198643098533 -75.965493909076358 228
10 38 113 67.617357729826892 -24.736469708440985 228
7 39 100 5.882346315432716 -70.755904360168515 228
10 38 113 52.125797954590539 49.667909031860837 228
15 14 114 15.966119719786970 -18.724014965974511 228
10 38 113 -18.085665171626562 20.575806225843934 228
9 30 115 -79.544582588460997 -8.524047209366444 228
3 21 88 -78.219283039334940 42.458730089492889 228
5 20 79 -48.058145409833337 70.231122440427697 228
12 15 70 -13.197375955751607 73.349896730010471 228
14 14 86 13.555228653548355 84.543562198411024 228
14 14 86 -80.361817643717657 -52.516457087258559 343
4 30 90 -79.544582588460997 -8.524047209366447 343
3 21 88 -78.219283039334940 42.458730089492882 343
3 21 88 -45.832933643315471 -46.793156493477937 343
14 14 86 -49.018045297294428 23.163971362501016 343
14 14 86 -35.800403547690308 -13.261852613664743 343
3 21 88 -6.419460249844690 -32.281846591812595 343
3 21 88 -13.559033929549230 -73.670570752773031 343
12 15 70 16.443814522858116 -93.566024623993940 343
12 15 70 44.800425863906199 -83.773037681658906 343
8 16 73 21.849152548502133 -62.934634355069271 343
8 16 73 52.501164790729717 -53.744740693969021 343
5 20 79 83.045416386282085 -34.690903955201733 343
5 20 79 46.587747751992154 -18.233735372717295 343
5 20 79 79.068908135931792 5.110947536090684 343
7 39 100 30.433637289401105 38.511702462957267 343
12 15 70 84.143660249023114 44.100390473293629 343
12 15 70 -20.215495307717426 19.785641287165259 343
12 15 70 84.143660249023114 44.100390473293629 443
11 15 68 93.699876623773449 15.663113377921878 443
11 15 68 64.294364057349014 21.605825781013138 443
4 30 90 70.592855862826752 -22.951205100502406 443
11 15 68 37.688181182248016 7.745413347875274 443
11 15 68 38.987803345771447 37.717249832016165 443
11 15 68 58.837099537445546 60.211814524296656 443
2 36 92 5.152566858002977 -31.528417641015800 443
4 30 90 -5.819127006127076 33.553238251807102 443
4 30 90 -64.080482074679679 47.892502723042753 443
2 36 92 -71.865085526274910 -17.646798075038795 443