9 11 67 99.000000000000000 0.000000000000000 0
9 11 67 96.555555555555557 21.863775779997951 0
9 11 67 78.843192529652626 8.814936902970350 0
9 11 67 81.287636974097069 -13.048838877027592 0
9 11 67 76.398748085208183 30.678712682968296 0
9 11 67 84.861216147439819 50.986017632067515 0
9 11 67 63.043340148006621 48.161077478124973 0
9 11 67 61.130829503749695 -4.233901974057249 0
13 13 56 55.393019700238511 19.070122113184230 0
13 13 56 40.370437178223895 40.290914142919156 0
8 20 56 44.532153734396381 73.027439849018151 0
8 20 56 8.140943982754614 89.631049481023325 0
13 13 56 15.440924203826523 57.448596361785206 0
7 14 36 88.602132246115488 -36.954866546124379 0
12 29 72 21.143477606198495 -5.239729107022390 0
12 29 72 -26.485335577723035 54.960878385402125 0
13 13 56 -64.788763472529411 72.190138715067164 0
8 20 56 -73.237505234271524 40.290001369855069 0
13 13 56 -95.658504859413867 16.076394124973778 0
13 13 56 -96.492421258900578 -9.910229038466850 0
13 13 56 -73.570387241044543 2.360889756665522 0
5 16 75 -47.518339699592019 15.100231140657778 0
8 20 56 -50.072433978086885 -20.809051815376858 0
13 13 56 -17.118914765259376 -22.559929163967546 0
8 20 56 -27.552252590351070 -53.867204066576221 0
8 20 56 -67.078745375513719 -60.003682544048878 0
12 29 72 14.039008509689729 -79.774095043847780 0
13 13 56 56.034773565549813 -79.177674577228899 0
7 14 36 -27.163443913620867 -92.076855478190467 0
8 20 56 55.877021752391400 -46.178051634452032 0
2 12 99 -90.326698761692455 -38.014306396598471 0
2 12 99 -96.857595758626672 -14.919991416165839 99
4 20 104 -88.568561439024307 15.987805497371287 99
4 20 104 -64.885130460597480 -16.247192518606518 99
5 16 75 -79.135735291613429 50.730024638823977 99
10 32 92 -37.038704085376544 27.668368938915570 99
14 17 93 -28.132135604521661 -20.515373525694233 99
8 20 56 -47.289901993420273 -52.169440989266548 99
3 24 91 -17.191311546626821 -84.264220208264049 99
11 15 73 -81.882217070035310 -46.842928280167627 99
2 12 99 -85.528034463956715 47.843027921863730 203
14 17 93 -90.963233398073740 19.356915295768641 203
14 17 93 -91.841779237026685 -14.631732179658492 203
14 17 93 -80.445021942900325 -46.664745200271753 203
14 17 93 -58.401997554354743 -20.778357352486100 203
14 17 93 -47.005240260228383 -52.811370373099336 203
10 32 92 -43.994409662024218 33.318634274888360 203
5 16 75 -40.007881708158180 -85.060974607783692 203
3 24 91 -7.117489621208200 -62.296482336557915 203
14 17 93 23.006234818954262 -90.109450999632315 203
10 32 92 56.211757687351692 -54.076226733181542 203
10 32 92 77.754054581247374 6.189264590919130 203
10 32 92 14.791459676077658 -5.287304705150941 203
10 32 92 36.333756569973346 54.978186618949721 203
11 15 73 -26.979773449548926 -26.831772281875992 203
7 14 36 -56.559959880896812 77.569136505902549 203
7 14 36 13.689917241536072 95.018872682851239 203
7 14 36 -28.574812540536442 76.657254749137493 203
2 12 99 80.318107338274459 56.151595111781312 203
2 12 99 -94.591751886100724 25.620313720139343 302
14 17 93 -92.940269082101395 -3.332624033188825 302
2 12 99 -72.212756859278187 16.949640067564687 302
3 24 91 -53.261884629452425 -13.658601334528615 302
2 12 99 -84.729233215128261 -31.145910246638703 302
3 24 91 -39.688389524051281 32.382252595689174 302
10 32 92 2.056184202782568 -4.945894483491346 302
5 16 75 -79.927491819344624 49.473185176099179 302
8 20 56 -64.740542355657439 -56.134952599728337 302
7 14 36 -26.709190654723731 -40.842317833278500 302
2 12 99 -56.215585587040835 64.364306786993126 302
3 24 91 -22.595209477003014 77.235604709875602 302
3 24 91 16.363249008787342 49.195659766795742 302
3 24 91 63.561882055984015 57.930019415681002 302
10 32 92 65.681402542481038 1.970144211144312 302
3 24 91 38.834995566033754 -47.175256717680782 302
7 14 36 1.021374437045630 -50.934253540417217 302
7 14 36 -20.982095830570199 -68.250352875491103 302
7 14 36 -13.062838732470935 -95.107109325483435 302
7 14 36 -44.496590238464520 -83.451292081379250 302
2 12 99 -97.406685197925412 -10.767436034277480 401
3 24 91 -83.070564977197805 22.254914836259353 401
11 15 73 -93.648115058892444 15.969675823774242 500
12 29 72 -77.108913815746774 -24.803536242958124 500
11 15 73 -63.669177425675322 17.093641296410674 500
11 15 73 -39.938051130817868 -1.259386921775157 500
12 29 72 -54.317483504837789 60.088359818700951 500
11 15 73 -26.834237971171088 25.727463221897928 500
12 29 72 3.823536507665260 -5.833602412912485 500