3 10 111 100.000000000000000 0.000000000000000 0
3 10 111 98.000000000000000 19.899748742132399 0
3 10 111 81.766312060385914 8.217823563497323 0
3 10 111 83.766312060385914 -11.681925178635078 0
3 10 111 65.532624120771828 -3.464101615137756 0
3 10 111 63.532624120771821 16.435647126994645 0
7 14 108 86.755771184755062 41.102751320786574 0
13 28 108 45.708076343874495 49.995824369510878 0
13 28 108 -0.245773524692495 81.999631678285979 0
3 10 111 37.413163848305253 87.079438361284247 0
13 28 108 -52.822347802626581 62.720009348041003 0
3 10 111 -17.689373775773021 48.239880342109004 0
3 10 111 -29.907933861753740 32.406157172074771 0
3 10 111 -48.473977033848826 24.969622970452235 0
12 18 108 -86.486126048147128 31.371165123151012 0
3 10 111 -99.773627718802771 6.724820579744080 0
7 14 108 -94.536840425808393 -16.696880017094202 0
7 14 108 -73.719291991260931 2.028228184870096 0
7 14 108 -67.911646817021222 -25.362851704943125 0
12 18 108 38.147089591237773 4.621476117150801 0
9 22 69 3.079954923952045 23.864554515017602 0
13 28 108 -26.941431543965798 -16.119396697236546 0
10 30 88 58.735721188830851 -42.882398261920606 0
7 14 108 20.109623083611641 -21.810508333250681 0
12 18 108 4.467657947731519 -49.726971696074969 0
12 18 108 -29.355331893851545 -62.056017002836107 0
12 18 108 -65.245872595525256 -64.861206504724279 0
9 22 69 23.889966292233844 -84.695156358294369 0
7 14 108 -10.473205457638858 -95.426998105578505 0
7 14 108 93.200000000000003 23.016515809305290 111
7 14 108 82.594382577564019 48.930235709947162 111
12 18 108 91.564440326220890 -8.941659115954565 111
13 28 108 66.727216674746444 -47.660030999165748 111
12 18 108 38.158667403149344 -83.713297044232036 111
7 14 108 65.455251548271789 26.788641648977830 111
12 18 108 51.270383897062814 55.472949723562536 111
12 18 108 32.374906557549281 86.115419208118311 111
13 28 108 34.648420071541111 -1.758497163244954 111
10 30 88 3.939413295108917 47.444723288317377 111
13 28 108 6.611970607236454 -50.234857396202749 111
13 28 108 -51.767014522045891 63.593837810548052 111
1 14 100 -6.468913856276501 -10.323825567243160 111
11 17 83 -15.501147569353069 90.235663839737242 111
1 14 100 -22.744905236482033 12.459767314290605 111
15 21 92 -57.656272101646529 14.949037007573056 111
1 14 100 -84.553484209136442 37.344125327218023 111
11 17 83 -92.994855457407780 0.978191420855175 111
11 17 83 -87.131738324793744 -32.512461864639995 111
9 22 69 -62.062560337089401 -62.387808139131948 111
1 14 100 -34.061330632491732 -39.761912907553651 111
1 14 100 -53.726095313538593 -19.829601700895939 111
8 19 54 -28.778954907669245 -86.329437357267309 111
1 14 100 95.877145200213747 -4.855206304280955 219
1 14 100 90.398074923325979 -32.313898714898855 219
15 21 92 67.117582861340225 -58.448524967283220 219
15 21 92 84.409893678950269 28.212937619260938 219
15 21 92 61.679725947728372 -12.307488939134693 219
2 33 81 15.985796807962281 -41.083604725842861 219
2 33 81 22.275941810768831 24.615969670371211 219
2 33 81 -21.619776535110624 73.902538945369670 219
10 30 88 -71.641061130743026 35.602785846912901 219
15 21 92 -88.093451157155499 -12.670590484340366 219
15 21 92 -46.286512582855615 -8.648167452793762 219
14 15 73 22.740155569708008 92.238198836845669 219
9 22 69 52.675828241580049 70.492957939524402 219
14 15 73 -81.902904981236574 -48.134334477943426 219
14 15 73 -27.617632511560092 26.278745273657950 219
9 22 69 -45.068492570770061 -51.630913145108011 219
1 14 100 93.200000000000003 23.016515809305286 319
1 14 100 82.594382577564019 48.930235709947162 319
15 21 92 88.236883776447158 -11.629804014761259 319
1 14 100 66.208701505193645 15.568710389971077 319
1 14 100 55.603084082757661 41.482430290612946 319
15 21 92 31.217997048331931 16.375309182778178 319
10 30 88 18.992202749089206 65.888236320573256 319
15 21 92 -28.572693938994469 84.288796177597348 319
10 30 88 -64.172311860899896 47.769387586899285 319
9 22 69 -87.986472705217892 1.542926081815949 319
9 22 69 -77.735129494478429 -41.246207613266343 319
9 22 69 -45.804324313978192 -10.973717122311690 319
9 22 69 -35.552981103238736 -53.762850817393975 319
11 17 83 -22.045951911402859 -90.349189284243792 319
11 17 83 11.901693133090440 -92.235295308063868 319
9 22 69 46.684611805574896 -74.595891445593551 319
11 17 83 74.175062915132585 -46.932285429872842 319
11 17 83 51.554369702972060 -21.549136716576548 319
11 17 83 11.279568120866552 -58.240987542363371 319
11 17 83 17.715535076286280 -24.855686445192696 319
11 17 83 -3.753267765613362 1.508882668214833 319
14 15 73 94.814207436874284 -5.938524068939397 419
14 15 73 88.234829987963494 -35.208163499324684 419
6 20 58 60.671609748455275 -13.638071009296638 419
6 20 58 58.441753970079326 -53.575869436446368 419
6 20 58 24.969533850133438 -31.675858472022409 419
6 20 58 27.199389628509387 8.261939955127321 419
6 20 58 62.901465526831231 26.299727417853092 419
5 15 72 74.088133817218434 59.463841344820082 419
6 20 58 39.102827664163911 58.449763745695975 419
5 15 72 88.234829987963494 -35.208163499324684 492
5 15 72 94.814207436874284 -5.938524068939394 492
5 15 72 66.176267406094553 -14.875435772288846 492
6 20 58 71.074905344684652 19.780059410244696 492
5 15 72 78.115404556277340 54.064624025411725 492
5 15 72 57.361579537223960 75.727466569235816 492
6 20 58 40.207063596872800 45.219720293048219 492
5 15 72 27.433643597191345 77.805602842270943 492
6 20 58 1.303337279245685 54.520262137648871 492
6 20 58 35.372829446362822 1.742271947518910 492
8 19 54 -1.084614463396115 15.593437370211007 492
5 15 72 -0.198235308087256 89.488037013453749 492
2 33 81 46.302478026652395 -58.567912192166588 492
8 19 54 6.777530238062113 -24.777699077875461 492
8 19 54 -28.518784972161040 -10.700407698474038 492
8 19 54 -37.572837510432009 26.205203428212766 492
11 17 83 -32.121726461390651 87.276541459544532 492
5 15 72 -60.770547673822094 73.020137875956621 492
5 15 72 -80.510175023794417 50.429274411178966 492
8 19 54 -89.285498159577884 17.581234837064596 492