12 13 112 97.000000000000000 0.000000000000000 0
16 16 116 89.711340206185568 28.069118946095067 0
12 13 112 71.575422248941891 5.439746885692533 0
16 16 116 57.844279924987688 30.982959887962117 0
14 34 110 64.024379799716101 -40.949710514992702 0
12 13 112 45.758958871836256 2.355882637940430 0
14 34 110 5.628619692762776 -75.791283406169100 0
12 13 112 -39.607905030647530 -88.544982122552867 0
12 13 112 -39.466232872313121 -62.545368106195745 0
14 34 110 -70.833198402771586 -27.543747095004985 0
12 13 112 -62.872898685679189 -73.864731847210535 0
12 13 112 -25.658511693890432 -40.514779465423167 0
14 34 110 -64.521015654739060 40.162651043985107 0
14 34 110 -6.556274667871101 75.716677571585450 0
14 34 110 -7.642714397662438 2.895254487353515 0
3 15 117 37.587890602509859 54.449503979843357 0
16 16 116 67.799829669907339 61.394915255488726 0
3 15 117 61.823851595192515 72.130516246146556 117
3 15 117 81.233550529401811 49.255560786444448 117
3 15 117 51.718408523757603 43.883746159462518 117
3 15 117 32.308709589548307 66.758701619164611 117
3 15 117 18.208627238342018 93.238650215965208 117
3 15 117 71.128107457966891 21.008790699760414 117
16 16 116 40.737191820596564 14.893870690288505 117
14 34 110 70.658461620496880 -27.988958562704155 117
13 27 103 3.425166005931274 36.267048498133349 117
8 25 76 -20.329629438138380 82.524044654503129 117
20 22 102 16.366837027594613 -14.262360329224403 117
20 22 102 -26.120241714869415 -2.823473148573427 117
13 27 103 -50.465556858314145 39.700703863643525 117
2 16 102 -90.725166771443043 24.595611687734994 117
6 31 101 -76.383632136672986 -20.162855492449935 117
15 13 92 62.406819246360833 -74.258931527137179 117
2 16 102 35.471641092050191 -63.512016723550651 117
20 22 102 -1.443428352504547 -54.496605035574262 117
11 22 96 -44.683711345471863 -62.637730675687081 117
5 17 86 5.792735293561756 -92.819417245631982 117
15 13 92 81.653136861344890 52.361868193395097 234
7 32 90 39.243380454881382 67.408879908165176 234
7 32 90 67.088786806101211 9.783943074052750 234
1 18 90 84.134497925316921 -37.220777246785744 234
7 32 90 42.731848307718693 -65.253269191712690 234
15 13 92 24.679030399637711 24.830954788822837 234
19 16 88 -0.095390110247170 39.905041441067986 234
7 32 90 -6.440877713341163 -7.673680558151169 234
15 13 92 -5.746797150972338 68.349049570374277 234
7 32 90 -49.948337518754741 59.909628434105294 234
1 18 90 -87.854813259685514 27.304427976168725 234
15 13 92 -17.792840001836538 91.390161775195111 234
19 16 88 -93.797138452555473 -6.172261993154446 234
1 18 90 -61.114738109533690 3.201142288025860 234
7 32 90 -62.413505769950220 -46.781986891370821 234
18 27 87 -14.829735059461882 -81.664428964305912 234
15 13 92 92.628429472198363 28.791909514896247 326
19 16 88 77.336670270992002 53.432569013625589 326
19 16 88 93.999835896947232 -0.175645515139642 326
7 32 90 48.485631384860881 15.070901229352316 326
7 32 90 61.855798758991597 -47.516946028623657 326
1 18 90 17.599674908211455 -24.249038909494761 326
7 32 90 -15.488087080612253 13.236958563841242 326
7 32 90 -11.665666227653524 77.122708921983445 326
1 18 90 45.355065307604505 64.972800552283218 326
19 16 88 34.944382353064391 -87.263337902940904 326
1 18 90 13.642492934910557 -60.763724562049568 326
1 18 90 -15.162437090460443 -39.170299492517863 326
19 16 88 -45.643898785588590 -24.107746822786350 326
6 31 101 -78.416860887097656 9.581019184490479 326
15 13 92 -91.408574313937919 -32.457241748079724 326
15 13 92 -56.636286689584701 78.748530335588939 326
19 16 88 -51.419092840582493 50.221685288477019 326
8 25 76 -30.065275629137968 -79.505214931751254 326
19 16 88 -60.753213627888726 -52.316054198384926 326
15 13 92 -91.408574313937919 -32.457241748079724 427
19 16 88 -75.147830193309971 -56.469492801312200 427
18 27 87 -53.661495077823069 -19.222514356007476 427
18 27 87 -77.724056406824843 29.119942576672614 427
18 27 87 -34.199554230746969 -69.593466882884627 427
18 27 87 -23.826979957267852 25.787503501369144 427
5 17 86 -61.298614598890097 69.939115295067452 427
5 17 86 -27.299841852233936 69.650235179394997 427
5 17 86 4.998942156204365 59.030039720918239 427
5 17 86 20.085553663003264 28.560478627214849 427
15 13 92 -14.144838169129478 -13.023012217883856 427
5 17 86 -1.452541713269419 -40.205830516885939 427
8 25 76 44.886748778539669 72.181575101214491 427
8 25 76 17.137978925428840 -77.867383092186572 427
5 17 86 58.740273467252223 -72.101180801651395 427
5 17 86 80.730184000754448 -46.169658772881689 427
8 25 76 61.949535553948031 25.183050576960014 427
8 25 76 40.616886439748058 -33.722837540849824 427
9 15 65 94.964428142807108 2.599497549455712 427
9 15 65 14.968966031753247 -3.027818747156874 427
10 18 61 -72.311958243222193 -56.876890694116625 519