12 10 78 100.000000000000000 0.000000000000000 0
12 10 78 98.000000000000000 19.899748742132399 0
12 10 78 81.766312060385914 8.217823563497323 0
12 10 78 83.766312060385914 -11.681925178635078 0
12 10 78 65.532624120771828 -3.464101615137756 0
12 10 78 63.532624120771821 16.435647126994645 0
5 23 81 33.241890668198366 3.340935717225158 0
12 10 78 50.406551227264572 31.525584515676357 0
16 38 83 44.484136386840575 -56.614146729567217 0
18 16 68 84.144800066126621 41.900508610655038 0
18 16 68 5.371973843700964 -93.846373915152384 0
5 23 81 -16.324767605102746 -61.438791307007065 0
16 38 83 -66.718781850412469 -27.066661197810724 0
16 38 83 -20.090868474045454 32.948650966386296 0
5 23 81 34.393285004044081 60.379965549832434 0
18 16 68 -91.663852605104438 20.826380520620688 0
18 16 68 -72.395174775764943 46.374727917450898 0
18 16 68 -12.904742048897624 -22.589036800769783 0
4 11 57 68.229691569482824 63.711270209921956 0
7 13 54 22.492784456788232 94.356105511940598 0
19 15 52 -48.469421215397190 -81.705050070631529 0
4 11 57 5.165277479556519 77.750157723452688 0
4 11 57 -1.083883457492096 98.843947984637751 0
19 15 52 -25.988348852019875 91.376177004434339 0
6 12 86 -64.966538291616644 73.371308441405816 0
6 12 86 -80.851621322607002 55.380640385479111 86
17 26 86 -82.177300633556243 17.403771447077645 86
6 12 86 -96.360652832748983 -17.850058421372879 86
5 23 81 -46.173932523507460 50.641663749874503 86
6 12 86 -44.215672802344791 15.696489278075514 86
6 12 86 -52.810073932451658 -6.711908014341848 86
17 26 86 -66.993426131644398 -41.965737882792375 86
16 38 83 -5.714087613683368 -23.503812988536701 86
16 38 83 14.818329619447127 49.670088387327127 86
16 38 83 71.998923783058771 -0.393667475535803 86
17 26 86 47.258882476117890 -59.418495777961716 86
5 23 81 4.650861704075727 -83.616771871295796 86
11 21 64 -39.188356430444195 -79.858720068302645 86
4 11 57 87.133225503731552 -46.997883072707282 86
19 15 52 -36.971591212090047 87.510579036172004 86
7 13 54 -9.813994586788807 94.327099082165219 86
8 17 95 68.091176549917151 63.345020925468262 86
14 13 94 47.112640715962350 84.790324240261313 181
8 17 95 68.091176549917165 63.345020925468248 181
8 17 95 86.308940080942577 34.637650932248022 181
8 17 95 92.990903550276514 1.300713997453194 181
20 19 95 84.533249468673233 -33.691686426580887 181
8 17 95 52.338746625462051 33.214289910852436 181
8 17 95 60.087425174756859 -7.264396088921072 181
8 17 95 29.651723856553215 7.890407943764296 181
20 19 95 17.359664230050274 41.726856784304523 181
20 19 95 15.522934549911692 79.682441670880806 181
13 22 98 44.619250819694777 -43.065731009862219 181
14 13 94 70.596907489872976 -66.521249633980247 181
14 13 94 47.251588713357819 -77.966602019245144 181
14 13 94 22.453649188992696 -70.152371708719969 181
20 19 95 3.636921710695496 -44.269350884104171 181
14 13 94 7.669109590400723 -12.524407020509795 181
13 22 98 -13.819473403390202 15.102406058797042 181
1 11 99 -11.966325228769570 48.050332273399690 181
15 25 113 -28.475599237238196 80.041641588795059 181
13 22 98 -68.443804778992273 55.312255309065051 181
13 22 98 -86.666259638265956 15.263008887918339 181
13 22 98 -83.222149587973149 -28.601989755207967 181
1 11 99 -55.166822847298057 25.100970152927367 181
1 11 99 -55.983151802145620 3.116120664302763 181
13 22 98 -39.340294072086877 -25.379761258828232 181
1 11 99 -59.479941340794511 -51.521578485104556 181
1 11 99 39.630537189212660 61.826812446863833 181
17 26 86 -22.431538195170006 -80.949528066559040 181
1 11 99 -58.675250030052325 -73.506857011755429 181
7 13 54 -36.003228046870412 42.174181580876677 181
1 11 99 -64.173085857999155 75.384448339573765 294
1 11 99 -79.236935682108637 59.350720498654269 294
3 30 101 -77.861437629761852 18.373800103046321 294
3 30 101 -29.370598906689089 53.709880246901363 294
9 14 105 -93.240740769881882 -22.850913782246973 294
9 14 105 -82.681174668054609 -48.783433207500316 294
3 30 101 -42.758238015855646 -30.285889341772943 294
7 13 54 -66.630012982138751 -70.494264802181050 294
1 11 99 -98.988947582611814 1.479275662927666 399
3 30 101 -72.847411889076909 33.064400509659563 399
3 30 101 -69.333655451540452 -26.832623754469548 399
3 30 101 -19.218189046479942 6.158890715212687 399
3 30 101 -15.704432608943488 -53.738133548916423 399
1 11 99 -55.050902799335013 -65.264420182374380 399
7 13 54 -10.534736411259193 -96.426237761022747 399
2 20 68 21.221076321048805 -87.450249920646328 399
17 26 86 39.657146319687271 -45.306314140924677 399
17 26 86 82.495099937284721 -15.829039337161511 399
5 23 81 80.445818404607039 33.128089308213788 399
2 20 68 39.564893683581886 0.693593353016343 399
2 20 68 38.111885241095607 40.667194222415930 399
4 11 57 52.051468927738128 -84.211902855028228 399
4 11 57 69.364127897270691 -70.637226453556849 399
7 13 54 -43.047726080856918 -86.924641381299409 399
19 15 52 66.039872048198475 68.291546327913636 399
7 13 54 44.505324722023715 86.187447295921373 399
5 23 81 10.703648725786135 73.800086808498065 399
2 20 68 -30.940077962421284 84.514564281426033 399
7 13 54 -19.155969334421407 53.690307861465158 399
19 15 52 -94.796168193666944 -6.219846927216707 500
19 15 52 -92.009013084915011 23.650401923433318 500
19 15 52 -67.534196317265142 6.301530369641554 500
11 21 64 -71.382677155176538 53.155558525518650 500
11 21 64 -38.288775147783646 27.294513497811877 500
11 21 64 -38.298853101455173 -14.705485293079178 500
11 21 64 -74.519881944197238 -35.966648703702958 500