12 12 106 98.000000000000000 0.000000000000000 0
6 15 89 91.326530612244895 26.162278309250819 0
7 33 98 53.090676948155291 -2.855293859666512 0
7 33 98 44.804323570339911 62.622460742167284 0
4 19 100 76.494532638832894 -49.290835622522458 0
4 19 100 38.658048716197221 -52.812267770403807 0
7 33 98 -7.537078514386273 -28.937380961243772 0
7 33 98 -73.315500336064801 -23.533750454878220 0
7 33 98 -64.608643883658672 41.889415554702765 0
17 23 93 -10.630657617085291 26.977105250607842 0
6 15 89 -3.168507753717478 64.237222258162177 0
18 17 74 -21.468483169106676 90.488144142853216 0
12 12 106 -38.635344825873219 5.141793372378625 0
12 12 106 8.162355047554534 88.744599681679986 0
12 12 106 95.061224489795919 23.819395426849606 106
6 15 89 94.946749803267011 -3.180361896988405 106
7 33 98 50.804626389597658 15.673628145768708 106
8 21 87 74.533626036890524 -32.833428822663990 106
1 35 82 19.842105433647511 -44.868277143479887 106
5 33 93 -15.157329390365305 13.433005535374425 106
5 33 93 -76.058559713446073 -12.003978270396800 106
17 23 93 -63.045299151169040 42.463030547219439 106
20 15 84 -73.698613153368115 -59.945929130093539 106
8 21 87 -38.803714782445553 -51.094597722729667 106
18 17 74 69.151307552264655 62.185984464444289 106
16 25 69 -24.241874060344088 70.717131156170637 106
14 23 89 23.351530158748730 64.482720611617211 106
2 13 66 42.289398457907303 -87.296086842815285 106
20 15 84 63.575174954049203 -69.104997844179351 106
2 13 66 16.873532481848272 -92.776393101319925 106
20 15 84 -10.017230576987831 -84.973389697915835 106
2 13 66 96.993696693092843 -1.105803693387806 212
16 25 69 78.670991688026191 32.185013077867680 212
2 13 66 71.301319698170616 -5.093505331022156 212
2 13 66 49.059010753901006 8.370509405588331 212
16 25 69 29.438748550512962 40.913485776386111 212
1 35 82 6.980466406193614 -14.724860380973269 212
16 25 69 -20.508064747173044 38.607874923250449 212
15 19 62 2.795723013013852 75.929898930907953 212
9 17 53 38.285186211927794 81.971256547614075 212
1 35 82 -74.094729648270530 11.617703660779974 212
15 19 62 -80.742754416023487 -41.971509495295976 212
9 17 53 -46.094314479119831 -32.199835639769475 212
15 19 62 -52.679157687986525 -67.592487983365345 212
9 17 53 -24.317211882805356 -89.764543146204176 212
9 17 53 9.572077888728153 -92.506082637262949 212
9 17 53 42.181991774104908 -82.883530149055218 212
16 25 69 68.580469793640034 -50.216721944822574 212
3 15 77 -5.186521186953774 -64.112707471156313 212
10 18 116 -32.822870685497449 85.945675632710646 212
20 15 84 -1.087529208649254 94.993774955100790 328