11 10 116 100.000000000000000 0.000000000000000 0
11 10 116 98.000000000000000 19.899748742132399 0
11 10 116 81.766312060385914 8.217823563497323 0
11 10 116 83.766312060385914 -11.681925178635078 0
11 10 116 65.532624120771828 -3.464101615137756 0
11 10 116 63.532624120771821 16.435647126994645 0
6 11 115 79.578877851682122 29.982519135072650 0
12 25 113 48.412825403674148 48.001319728009371 0
6 11 115 84.244147417450947 51.482176338821532 0
12 25 113 13.612346031754598 83.902944140904708 0
6 11 115 49.567592250801418 85.697455029063093 0
12 25 113 30.843418901310478 1.189825892043176 0
6 11 115 15.376334540781667 33.697814162378904 0
6 11 115 0.866679461395782 50.234739797975493 0
11 10 116 -15.095157790617369 63.880975599112936 0
11 10 116 -21.372418236632242 82.870341078056597 0
11 10 116 -39.160128257145679 92.013500938090061 0
11 10 116 -56.687381187522320 82.380463789059462 0
6 11 115 -71.971251292314918 67.978959887736266 0
6 11 115 -85.207079689908113 50.405888254425669 0
11 10 116 -39.581299835674272 72.017936067313343 0
11 10 116 -53.618727070126411 57.771861638283383 0
11 10 116 -65.951194123093089 42.026695510627199 0
11 10 116 -94.829174076156278 31.740002268967277 0
12 25 113 -69.831741929260374 7.242484311808127 0
13 15 101 -91.210119259505106 -26.565280812874086 0
14 23 96 -55.115060402975196 -38.445799578636880 0
12 25 113 -18.388575242109020 -7.540051120968418 0
16 11 108 -5.219847044105228 25.964942501581341 0
14 23 96 -12.253772064357562 -55.146397231232442 0
17 15 96 -44.666499407859533 -74.981091737470749 0
3 16 89 -6.755788060073249 -93.756916159221930 0
12 25 113 30.578636134599304 -76.811687625730571 0
16 11 108 -70.155438170884764 -69.851374324712936 0
3 16 89 -27.591755023565728 41.081083985391011 0
8 14 80 68.412859268781062 -67.347462362511905 0
16 11 108 52.381058613996508 -48.164621911597195 0
8 14 80 29.634694746630583 -37.791438657967177 0
8 14 80 84.935947130095258 -44.742428243376153 0
16 11 108 96.799999999999997 20.754758490524534 116
14 23 96 86.228568156158630 -11.560018760309440 116
13 15 101 70.917009194765342 23.218655196179718 116
13 15 101 50.461423689502965 1.273974254391121 116
3 16 89 79.603295826024095 -49.993152467457932 116
13 15 101 54.272637351607386 -32.122569341760510 116
17 15 96 27.677004874922922 -18.241923349403866 116
17 15 96 22.167951179670627 11.247910956384070 116
2 11 79 89.423252211703755 41.481156925078153 116
14 23 96 60.812740769535736 59.850659776749808 116
9 13 66 96.945713047934646 -3.244799165975319 224
1 23 64 81.865835922214458 29.444607464815356 224
1 23 64 62.042950300496834 -12.065068583406232 224
1 23 64 36.005959150733297 25.856891965425312 224
9 13 66 56.775877164777405 55.261151957642198 224
20 25 61 22.640972193341383 71.958704550493422 224
1 23 64 -8.909898081019957 35.784921434396452 224
1 23 64 -24.849348411493438 78.935053799921931 224
1 23 64 -65.452060825712351 57.315161464199406 224
9 13 66 -91.431161973113348 32.393558314058566 224
20 25 61 14.292267847686844 -16.950999947118163 224
9 13 66 -19.066660866585327 1.247403143156207 224
9 13 66 -39.678379870332762 17.095338015263579 224
9 13 66 -65.333621941299526 21.315356294856350 224
15 13 61 -86.898904798570555 6.791631728275899 224
20 25 61 -79.357680723007718 -30.452561637162315 224
2 11 79 57.897984185364400 79.234905852982607 224
16 11 108 74.672303188622976 65.000362587499211 303
16 11 108 87.183626992141654 46.904319465216730 303
17 15 96 61.550032837763638 42.554738941920590 303
16 11 108 52.765744400169496 67.025870436911788 303
14 23 96 85.376494521821115 12.952378839757436 303
14 23 96 24.066076699733959 48.795975377296742 303
19 17 87 45.424656879676903 14.914691000385496 303
17 15 96 13.532891873207731 12.284990490413216 303
8 14 80 34.646717126443079 84.250876987098010 303
14 23 96 -2.284831559870817 86.500479536533376 303
17 15 96 -40.282004591127382 86.036969415015960 303
17 15 96 -65.102236424587232 69.185972657158956 303
14 23 96 -33.080829094124894 48.725535893086374 303
3 16 89 -70.772586719453471 38.708979243544306 303
3 16 89 -92.725509030071464 15.426599596610217 303
3 16 89 -50.589541363798190 13.876647895651054 303
3 16 89 -72.542463674416183 -9.405731751283035 303
3 16 89 -85.725153371589997 -38.564207231802044 303
18 23 80 -35.688482628216555 -22.164418245054968 303
3 16 89 -17.467091410172028 12.317184126049682 303
2 11 79 97.172176872277873 -18.935892952347004 303
3 16 89 70.494692752043562 -23.096643006681703 303
3 16 89 76.579003706311283 -54.512899311527761 303
3 16 89 46.329572177377727 -44.073939010024510 303
19 17 87 30.011350598122014 -15.390918867607269 303
2 11 79 -75.804991877127208 -63.675766242022398 303
2 11 79 -59.870711402477305 -78.844771013436741 303
2 11 79 -54.701108157630074 -57.460776945656399 303
19 17 87 -32.258096362569120 -74.203274416665764 303
18 23 80 0.242861189994755 -50.886161427137210 303
19 17 87 -2.576604179963727 -90.786670384136812 303
2 11 79 -3.621806983355352 -10.862723102853277 303
16 11 108 87.183626992141654 46.904319465216730 411
16 11 108 74.672303188622976 65.000362587499211 411
19 17 87 59.748367423843490 41.309095392840000 411
19 17 87 85.373494777325050 18.962891059265772 411
19 17 87 53.208550469551085 7.943981962726358 411
20 25 61 81.859959993469928 -22.889887502290232 411
19 17 87 27.583423116069529 30.290186296300579 411
19 17 87 34.123240070361931 63.655299726414221 411
19 17 87 39.862234923898868 -23.327024758450406 411
19 17 87 14.237107570417312 -0.980820424876179 411
18 23 80 -12.391272676216854 28.867619491485669 411
18 23 80 -4.467314506913649 74.179989622953443 411
8 14 80 -38.879278572982116 87.774721290611069 411
8 14 80 -38.548752963117643 59.776672201054424 411
8 14 80 -63.916673488085948 71.628617536689958 411
18 23 80 -78.453469516433586 37.603897681410956 411
8 14 80 -95.871764359098648 4.960322436441388 411
18 23 80 -60.124706915655963 -4.586817665977215 411
2 11 79 -46.307256542299150 26.478887946157553 411
2 11 79 54.995354221401271 82.319566410802977 411
15 13 61 -91.781868619513261 -21.728116124840561 411
18 23 80 -69.118505142609763 -49.699028800578489 411
18 23 80 -25.553285165680947 -34.931780974331282 411
5 15 79 -48.554900392257721 -81.654281258841110 411
5 15 79 72.225918107481874 -61.712371154666570 411
18 23 80 34.245453998624825 -62.930708577477617 411
20 25 61 -8.653674677286032 -84.463584810058421 411
15 13 61 12.054218979779876 -34.583767149196682 411
15 13 61 94.010591690244368 23.895787286677869 519