19 10 67 100.000000000000000 0.000000000000000 0
19 10 67 98.000000000000000 19.899748742132399 0
19 10 67 81.766312060385914 8.217823563497323 0
19 10 67 83.766312060385914 -11.681925178635078 0
19 10 67 65.532624120771828 -3.464101615137756 0
19 10 67 63.532624120771821 16.435647126994645 0
8 19 65 80.277628055073677 42.854433071168344 0
9 20 70 41.715433717832504 37.027155156322962 0
8 19 65 52.077254496540441 74.625461902105229 0
8 19 65 15.165868819093756 65.594979779273501 0
16 12 54 27.800489728274155 93.903394685115572 0
9 20 70 2.596951336637215 28.675847702270421 0
5 25 104 30.673121587753002 -6.597004925240778 0
13 19 70 -13.325650605146913 -6.925707704811055 0
9 20 70 -37.125330104314855 23.970493610834289 0
13 19 70 -22.434399049222108 60.097720804939726 0
3 15 71 -7.713194291896287 90.745496099288374 0
12 13 43 -35.707653434892158 90.188488656666337 0
13 19 70 -59.532243434546949 68.825227872124344 0
9 20 70 -82.050379442253927 36.982904609862047 0
3 15 71 -94.896853002899590 4.425753059770436 0
13 19 70 -86.421604805836893 -28.500986347559067 0
16 12 54 -68.155889328008996 8.156820164257054 0
13 19 70 -50.173849310926535 -17.094837936233006 0
9 20 70 -58.074584519246493 -55.286177048236055 0
6 28 77 81.601235495292272 8.077027029907256 104
6 28 77 57.387795437830192 58.571673484592836 104
7 18 75 83.845085717904809 -37.868213596064905 104
6 28 77 38.886253046799652 -28.136648210600551 104
6 28 77 14.672812989337579 22.357998244085028 104
2 17 81 24.821016338127585 89.626542653069038 104
20 11 102 18.569629112626433 62.333317161074852 104
2 17 81 -6.121998370688544 75.536480881380854 104
6 28 77 -37.335525129140706 43.121735050210255 104
2 17 81 -82.335363886807016 43.242199916598537 104
2 17 81 -92.375621746756622 10.758462106646292 104
6 28 77 -52.818844142330477 -10.695240267395590 104
14 13 84 -92.919280286707775 -19.236611412049044 104
14 13 84 -34.889036677163205 84.048678428067603 104
9 20 70 -71.216134807378268 -55.029647855472660 104
18 18 80 -43.525110037211491 -81.052851869928872 104
6 28 77 2.465886749801420 -81.962914800153087 104
18 18 80 48.318993379478627 -78.289685647560887 104
18 18 80 -6.289834500467325 -36.803891943279915 104
14 13 84 -38.534445482019258 -50.457210557847375 104
20 11 102 -67.959878346154582 67.270213056899863 104
20 11 102 -9.789955024509496 -8.015888255681517 104
20 11 102 -53.139722016366548 83.529455547269606 206
20 11 102 -70.274794630998656 69.731293115580200 206
5 25 104 -17.140777460116457 83.253791193331040 206
5 25 104 -77.682873959725100 34.501754931560576 206
15 13 103 -48.743505073821737 59.129238125862202 206
15 13 103 -39.683742999371077 34.758749596611381 206
15 13 103 -48.413047773396400 10.267950545494674 206
5 25 104 -83.640410097581395 -15.142053979180108 206
6 28 77 -32.060817206097511 -27.329982316218558 206
4 14 96 -67.113300167346267 -50.467039999756580 206
15 13 103 -59.721227979808710 -76.435429799169142 206
6 28 77 1.298873838321704 33.564966896593972 206
4 14 96 5.349653465276546 -8.239233662845590 206
1 22 95 -24.723010046516624 -76.788617417571729 206
14 13 84 3.906968524549821 -96.921285572098029 206
4 14 96 10.777068298915944 -70.809952226398224 206
4 14 96 30.236705137396889 -90.942575853596821 206
1 22 95 44.354157652749890 -57.826151915062127 206
4 14 96 80.031657382882599 -53.018240413549108 206
4 14 96 91.925867270225751 -27.670108901427156 206
1 22 95 87.628957455717170 8.072534622044643 206
4 14 96 65.014624083137448 -19.938033492754943 206
14 13 84 52.847742429663136 4.165223358350266 206
4 14 96 32.773365506167707 -13.890783706708007 206
1 22 95 56.324344551969929 38.992127293141429 206
3 15 71 10.999866146223100 -41.810808081799138 206
16 12 54 17.430786977162597 96.437376910390810 206
4 14 96 41.486763048129617 86.572793022914226 206
12 13 43 18.991230674115833 71.486124126840252 206
16 12 54 17.430786977162597 96.437376910390810 310
3 15 71 41.988926475603293 85.216958719649114 310
17 19 63 66.718759283001120 61.883819854118180 310
17 19 63 29.646996659876958 53.536100643774887 310
17 19 63 55.412214871255706 25.604872054254571 310
17 19 63 18.340452248131541 17.257152843911278 310
17 19 63 -7.424765963247200 45.188381433431601 310
17 19 63 -10.534728082339150 83.060906245197359 310
12 13 43 88.895588752094213 38.814614521060768 310
17 19 63 90.740469343038001 6.867839791752655 310
8 19 65 57.935556677711602 -12.311255729681804 310
8 19 65 80.106886149663637 -43.172755198213011 310
16 12 54 49.127819730772970 -42.033701286424474 310
16 12 54 26.936309232057923 -12.527259903562593 310
12 13 43 2.037642851601504 -10.278613093872476 310
12 13 43 -13.024579166287188 10.914061769953214 310
12 13 43 -33.610589895034067 26.795376648637504 310
3 15 71 -44.523863880790792 83.920352389183947 310
10 21 111 -68.383304419068224 56.962476041066239 310
13 19 70 -88.240614415954866 22.239468687331073 310
12 13 43 -96.613941124838050 -8.645598899227707 310
13 19 70 -64.633121833240523 -7.537809461571111 310
3 15 71 -85.529666940102402 -34.358219648532959 310
13 19 70 -52.825934337966316 -43.656922455267960 310
13 19 70 -42.795311036192274 -80.309161079639978 310
13 19 70 -16.068852932803917 -53.296267172325507 310
2 17 81 -26.700104422716247 -18.889181112153430 310
13 19 70 -6.038229631029886 -89.948505796697532 310
7 18 75 20.915958075554986 -52.236194214471098 310
4 14 96 -91.085024868783947 30.323559234578820 421
1 22 95 -87.826158978669525 -5.528634465531770 421
2 17 81 -61.013700004249642 22.792595093670837 421
7 18 75 -72.632252074992607 56.467299904588430 421
14 13 84 -43.147909869072826 46.892668596584038 421
14 13 84 -31.033680851291901 23.887333230526998 421
6 28 77 -38.836748413836148 -16.363283368655303 421
2 17 81 -75.457396022344184 -42.515303725283104 421
13 19 70 -55.249298929760982 -72.308470926786384 421
6 28 77 -9.030970139358146 -63.772307630420656 421
6 28 77 17.123560102724440 -14.255234334273723 421
14 13 84 30.529049956010770 -53.001754717315052 421
7 18 75 42.479427780589383 -81.605748666584091 421
13 19 70 70.540333338934261 -57.489663178975405 421
7 18 75 88.498493414852362 -25.139941593037435 421
13 19 70 90.229141465740824 11.819561343608740 421
15 13 103 57.649972232773180 -28.200781490649206 421