11 11 56 99.000000000000000 0.000000000000000 0
10 23 58 81.888888888888886 29.380433566290510 0
17 17 55 72.676906845434218 -9.544357850376954 0
17 17 55 46.055442385363200 11.605054198216166 0
17 17 55 45.323643024089492 45.597177840243006 0
10 23 58 71.526196290422590 -49.527802739713152 0
17 17 55 41.497376513704722 -23.103004106281741 0
17 17 55 14.875912053633705 -1.953592057688618 0
17 17 55 14.144112692360006 32.038531584338216 0
10 23 58 15.294823247371633 72.021976473674414 0
1 13 68 53.679733934730230 -80.792859614551162 0
10 23 58 24.716182527142809 -59.412665745924961 0
10 23 58 -11.945274312176469 -31.628901018683084 0
10 23 58 -22.130563282055380 13.229318836768856 0
1 13 68 49.429034011546435 83.461192159502403 0
13 33 80 -76.976128359222415 1.917201821539720 0
3 18 73 -75.277899660648785 52.888919658859486 0
16 28 82 -59.425285979383780 -56.503410395023543 0
1 13 68 -47.876711756957249 38.391509494744341 0
1 13 68 -24.215601937215482 49.168887751914298 0
7 24 93 -15.646679653390834 -84.564658196105569 0
2 21 118 -27.306409506764236 83.028109665124589 0
8 13 89 -60.528689409106548 75.797610505977786 118
7 24 93 -75.152548482442342 41.810219523391098 118
8 13 89 -41.778917756471273 57.785224129541291 118
8 13 89 -39.508747543395131 31.884522841667597 118
16 28 82 -81.410862079828803 -9.811805920374354 118
4 25 85 -28.673893948816634 -4.538079311172197 118
8 13 89 -49.907655036108125 -36.052003060648808 118
16 28 82 -1.907895199095989 48.230039137649634 118
5 16 86 10.911482184428461 6.138905112788983 118
5 16 86 6.527069196205948 -25.559311284174203 118
5 16 86 -19.300405220037458 -44.452208501866686 118
1 13 68 -43.028162199658880 -61.125347040127167 118
5 16 86 -72.019307664042543 -60.408768598540235 118
19 17 97 -32.720465961615723 87.053840278615780 118
1 13 68 -2.798798256569054 89.220358625818861 118
6 15 99 24.331516613441661 82.296052519494879 118
7 24 93 58.332458257598731 63.192755230528604 118
16 28 82 80.402212851514804 16.108512301876537 118
4 25 85 47.526956834687653 -25.463323618949353 118
16 28 82 17.242926731100177 -68.959042036800639 118
3 18 73 63.195053610617066 -66.860939263154506 118
1 13 68 41.851176516899969 30.066219761456239 118
6 15 99 91.534384801273873 -25.425506859300224 118
6 15 99 -2.866029950085935 94.956757907613976 217
6 15 99 -32.333319789136119 89.328362972873620 217
6 15 99 -58.576234247552222 74.791876439730345 217
6 15 99 -78.977751384882779 52.796920233926961 217
6 15 99 -91.503370877183471 25.536897190391237 217
9 37 98 -32.273021857648857 29.934981563115954 217
15 31 96 -75.779738538466546 -22.325573386626598 217
9 37 98 -10.318636535332331 -40.733292542873450 217
9 37 98 39.904691420898281 13.613899923719575 217
19 17 97 3.505030787857400 -92.933926846852714 217
19 17 97 92.936561227824541 3.434470431787187 217
19 17 97 -57.631264678204239 -66.762415044685241 217
15 31 96 60.048502814365762 -51.333978121251299 217
19 17 97 -33.769668367655576 86.652233083392389 316
19 17 97 -62.658434689593562 68.723508075839220 316
7 24 93 -79.995983601892121 31.569646934449668 316
15 31 96 -75.502327589570129 -23.246473464963156 316
9 37 98 -19.075835424229382 34.689830584752251 316
15 31 96 -14.297118759864283 -33.142048845510629 316
9 37 98 45.686936878132407 -1.112171087115776 316
15 31 96 38.879427118633643 -68.770561630154333 316
16 28 82 51.754511666340214 63.604013412509239 316
3 18 73 81.335026121675909 -42.995505878943881 316
2 21 118 -10.521480072093727 -85.004796097265526 316
2 21 118 -50.793686746738764 -73.082155049465911 316
18 20 120 30.477253662729247 -84.682566146625817 434
20 27 115 64.491672668711118 -52.247719150139169 434
2 21 118 16.900578860837516 -45.995696263890693 434
2 21 118 88.365781155171248 -10.606069999598397 434
2 21 118 83.390075992308994 31.098154704048440 434
18 20 120 50.912278730188454 6.074312373171360 434
18 20 120 45.056861586363738 45.643417620470089 434
20 27 115 5.910403582009451 19.632750083605018 434
20 27 115 7.286780383714980 73.615206371733734 434