17 10 116 100.000000000000000 0.000000000000000 0
17 10 116 98.000000000000000 19.899748742132399 0
17 10 116 81.766312060385914 8.217823563497323 0
17 10 116 83.766312060385914 -11.681925178635078 0
17 10 116 65.532624120771828 -3.464101615137756 0
17 10 116 63.532624120771821 16.435647126994645 0
2 11 112 79.578877851682122 29.982519135072650 0
5 29 108 59.160451104693607 -41.940008505725331 0
8 22 104 50.554632592044165 45.685805004863838 0
2 11 112 82.999178838820569 51.715018787836478 0
3 20 116 35.192076760680493 6.596268318837048 0
17 10 116 21.134177679181242 33.098635636010485 0
2 11 112 18.605099251561978 53.945788014859517 0
2 11 112 30.896719992872342 72.191775506683271 0
2 11 112 47.090916369349500 87.082981089848616 0
17 10 116 64.950382060072997 76.035832804346569 0
5 29 108 2.435469078739615 -29.845529841673816 0
2 11 112 4.391468817051955 10.106617347478885 0
5 29 108 -37.756110143321450 -71.662236546492039 0
2 11 112 2.202582440233879 -69.844851883598551 0
5 29 108 -75.989050681077273 -28.047534233666060 0
3 20 116 -87.863929828904745 19.491788912803880 0
3 20 116 -36.103620448035102 0.415642945368717 0
3 20 116 -14.927695305600398 34.350583557693383 0
3 20 116 -5.644117377888779 73.258361454408401 0
3 20 116 -45.395329294074507 77.712702168194724 0
13 11 106 -74.000223871620307 65.764480283433215 0
13 11 106 -69.252158696056327 44.282956196707040 0
13 11 106 -57.490129799323824 25.691165636558466 0
14 18 100 24.179978936801898 -88.765582398899497 0
13 11 106 -4.392420238813452 -93.727235888341824 0
13 11 106 96.799999999999997 20.754758490524534 116
5 29 108 66.261059704467641 46.588324361807381 116
11 15 101 43.689544479569264 84.357712766336533 116
5 29 108 9.207974919428864 57.026021258689248 116
13 11 106 20.192483864196504 95.488217805978636 116
8 22 104 -36.223505298994723 80.198863232926811 116
13 11 106 -29.724180592064762 47.845211532478999 116
13 11 106 -68.141403967674989 71.817470474210722 116
11 15 101 -55.912866977736776 48.872691480162572 116
8 22 104 -84.323665649203363 25.169811510644266 116
8 22 104 -85.968490044041062 -18.799434022002156 116
8 22 104 -47.067594230114970 1.760729033627241 116
8 22 104 -48.712418624952669 -42.208516499019176 116
8 22 104 -30.844674085328119 -82.417268096982497 116
8 22 104 -4.956746016846026 -46.838971618355288 116
14 18 100 91.669783940372170 -7.787856722197951 116
14 18 100 8.076431565307562 -91.644810290440901 116
14 18 100 56.655867932905934 0.580278423824709 116
8 22 104 37.247007820881237 -34.395372380011054 116
8 22 104 17.118021753212780 6.643175377503209 116
14 18 100 39.635724638006351 -74.323984075981443 116
11 15 101 70.767855434056088 -63.379102528077325 116
9 12 89 -81.132108290968731 -52.453696924917580 116
9 12 89 -63.467863892694297 -72.839821318609893 116
9 12 89 -5.717977081059304 95.212615200531246 116
9 12 89 50.058011895568136 84.250788987778378 224
12 18 69 68.930681287444870 60.930790059285265 224
6 33 82 18.727863250811247 51.948749022825112 224
6 33 82 69.628673757574688 9.935566689722094 224
6 33 82 7.793785309898183 -13.139237115801407 224
6 33 82 -43.107025196865266 28.873945217301610 224
6 33 82 -70.384432045328850 -31.225498004939578 224
15 17 56 -90.950762107680887 14.348903447700422 224
18 16 48 -24.853292212176964 74.347027718092150 224
1 28 95 64.341409269072130 -50.834860610311104 224
12 18 69 34.060777602484805 -85.462643471367471 224
12 18 69 5.107569092995956 -64.068445262365515 224
12 18 69 -30.887787630135197 -63.490263306112183 224
11 15 101 93.106476636820332 -18.872837843769744 319
4 28 98 64.341409269072130 -50.834860610311097 319
14 18 100 34.060777602484805 -85.462643471367471 319
14 18 100 18.394777708015187 -53.050046424748722 319
11 15 101 31.694969418316198 -22.848971932783364 319
14 18 100 59.508613566324826 -5.089433672796268 319
14 18 100 90.040372925281659 13.984414141600066 319
4 28 98 52.345756418254098 40.349464613543510 319
4 28 98 -10.990733596688997 -17.659486590788710 319
4 28 98 -3.598456679787354 37.850460643773161 319
8 22 104 -10.527087682194896 87.368074403247448 319
6 33 82 -64.447686229537041 42.136631802496304 319
4 28 98 -80.265415926946929 -16.776859243440516 319
1 28 95 -50.779237228094466 -64.385317165739778 319
12 18 69 28.758459478576825 79.841735035481662 319
15 17 56 -48.672100039634437 79.246619345760223 423
20 24 59 -72.664064800266203 45.999279197643034 423
18 16 48 -93.267309722059281 11.713621865565990 423
15 17 56 -60.634614371352413 6.803714112058339 423
15 17 56 -82.290615697813649 -19.407306595810127 423
20 24 59 -42.700247327447791 -30.065764847299207 423
18 16 48 -76.248309736145174 -51.849417172429298 423
19 20 63 -28.713816546092762 48.091091425479007 423
20 24 59 -12.453941338606086 7.205685004153560 423
20 24 59 4.700928074208903 -37.624109278547152 423
19 20 63 -24.806700668904654 -70.263040724882501 423
6 33 82 60.905843058531381 -47.111339201189601 423
20 24 59 85.901456501601729 4.115795294159646 423
20 24 59 17.383004970669436 -83.918438581305850 423
19 20 63 41.935810015117710 2.377425648337542 423
19 20 63 58.695790012307185 38.696884213875229 423
18 16 48 33.592327794007439 -87.792684851187659 505
20 24 59 61.983547687880176 -59.615768182791072 505
19 20 63 86.915270817694250 -23.360986680507889 505
18 16 48 50.982724522614561 -21.158234594603762 505
16 25 66 82.262582496047997 21.397839168497775 505
19 20 63 18.200787143187476 -55.248860914929693 505
18 16 48 19.039157399755673 -19.258624248398842 505
19 20 63 36.925334490239955 11.983729521569181 505
19 20 63 47.896971719627224 50.449599802985198 505
6 33 82 -4.787974483698122 44.679292744195848 505
10 18 64 18.274990545739190 90.166649713478563 505
10 18 64 -36.965696947835397 84.246882726667053 505
19 20 63 -57.262829010279290 52.121714555282921 505
16 25 66 -49.543799089966512 7.788695516542546 505
10 18 64 -87.145585829077021 28.647881359390141 505