10 11 109 99.000000000000000 0.000000000000000 0
10 11 109 96.555555555555557 21.863775779997951 0
10 11 109 78.843192529652626 8.814936902970350 0
10 11 109 81.287636974097069 -13.048838877027592 0
10 11 109 76.398748085208183 30.678712682968296 0
10 11 109 84.861216147439819 50.986017632067515 0
19 29 103 39.401332151886066 15.473739343407232 0
19 29 103 52.663932331475195 -40.989553480128691 0
19 29 103 -2.866013724821059 -24.243655744120971 0
19 29 103 -16.128613904410187 32.219637079414944 0
19 29 103 -74.126998351007785 32.652536126152441 0
12 22 98 54.602908146663715 64.155482197119852 0
8 27 95 -79.730423636883160 -23.066415991287936 0
13 15 88 -70.227574585165996 -63.977244141061178 0
13 15 88 -45.356949506304971 -47.200712670380796 0
13 15 88 -43.263359604737168 -77.127571532012993 0
13 15 88 -42.121695001988328 -4.369262986970899 0
9 26 80 2.518165061126759 83.962246544056455 0
5 21 64 -44.014989187787450 77.354254742702764 0
13 15 88 91.666666666666671 24.944382578492913 109
2 15 86 94.874391331390981 -4.883632817696629 109
2 15 86 67.438709921455342 7.252403832400971 109
2 15 86 64.230985256731017 37.080419228590500 109
6 17 84 69.721739008073143 -24.666051302358561 109
9 26 80 29.734652641178435 -8.853621891085188 109
2 15 86 34.691225547547603 31.845670302070296 109
15 32 78 -12.302966968235239 31.106840288101875 109
2 15 86 24.671009081556971 60.122785819298890 109
6 17 84 51.641783994593382 77.344205638533509 109
4 16 42 74.502756395488078 -57.317879317666325 109
9 26 80 32.645041751194853 -60.772112192983400 109
9 26 80 -13.772884331393211 -37.333337946206093 109
9 26 80 -56.017524895515841 -7.011887723499308 109
9 26 80 -68.997773395155320 43.341991460607325 109
16 15 77 -38.156586908165018 70.357194885247438 109
6 17 84 -7.606760963958486 79.881276719140175 109
16 15 77 22.532303022912899 90.634733000507225 109
2 15 86 94.874391331390981 -4.883632817696629 197
12 22 98 79.183729280267968 -38.391887388734020 197
17 30 91 51.051389674939294 5.341068929475888 197
17 30 91 28.561986031066844 -50.284704986425517 197
17 30 91 -8.366645463337335 -2.995423156918950 197
17 30 91 14.122758180535113 52.630350758982452 197
6 17 84 8.187439509161393 -92.638900221687777 197
6 17 84 55.762294196517544 74.428264429187294 197
6 17 84 -15.046158969081624 -67.815526120816969 197
17 30 91 -54.162880613051883 -41.760160304383902 197
14 33 94 -67.056604026198045 19.906296514094702 197
16 15 77 -41.859928300061476 -85.280398701657759 197
16 15 77 91.562574021988951 24.933004586765080 197
7 18 76 -33.536095481892488 58.342939277623600 197
6 17 84 -16.053293093213341 88.663750952748572 197
16 15 77 -64.504081356587363 69.743985320189140 197
16 15 77 94.874391331390981 -4.883632817696636 295
7 18 76 87.838288772597579 27.357540560177522 295
7 18 76 62.545827685671469 1.739355375306818 295
7 18 76 53.006059060182352 36.452361793249551 295
15 32 78 21.228818746541819 75.055561117258165 295
7 18 76 18.838638893014473 25.112723389834304 295
7 18 76 -14.089712038084823 39.663452064315585 295
15 32 78 20.213465738852623 -24.868371547591423 295
5 21 64 75.319380899643917 -35.109475519170878 295
5 21 64 -31.767452710198029 74.426902478932305 295
11 27 72 -69.718207855134082 45.037445458954721 295
11 27 72 -37.847068784310750 1.445812152456114 295
11 27 72 -72.950993310499996 -39.587277943947896 295
4 16 42 -93.977016986530629 -2.078527919786872 295
14 33 94 -23.365050951508213 -73.369437738294181 295
12 22 98 50.032677037103014 -69.888529672039382 295
5 21 64 11.171851509239765 -88.296034644005942 393
5 21 64 50.419129142508304 -73.341062281037836 393
4 16 42 -25.768332776915603 -90.399076465958089 393
4 16 42 19.948473533413988 -52.352037845586601 393
3 26 64 52.979598726605850 -26.410858834761235 393
14 33 94 71.014316951801419 29.765194235366423 393
3 26 64 15.539784967561005 9.675985661371094 393
5 21 64 -56.047712166910351 -69.135041482993046 393
3 26 64 -79.127728946465453 -28.192242049448510 393
3 26 64 -80.561352023124002 23.787991933038263 393
3 26 64 -29.810801680180845 35.118554138347996 393
15 32 78 23.684432856888840 74.317209583295877 393
9 26 80 -27.265764786930774 -31.978622050866829 393
12 22 98 84.810745308887348 -23.476317431638254 487
14 33 94 71.014316951801405 29.765194235366415 487
14 33 94 29.835894168578790 -21.813265387679451 487
8 27 95 11.264645190345277 35.240294636112765 487