13 11 33 99.000000000000000 0.000000000000000 0
13 11 33 96.555555555555557 21.863775779997951 0
11 12 36 77.703840372202279 8.687553459251848 0
11 12 36 76.237727613116675 32.642730631997750 0
11 12 36 56.224992008904437 19.395451151444171 0
11 12 36 81.564338256186545 -14.999923318314666 0
16 19 41 78.600578389985046 -45.857922726174763 0
3 27 92 42.625905923780515 -17.190468340594840 0
16 19 41 25.861675393604997 25.645971459313031 0
20 23 83 42.421297591923931 -67.190049693147529 0
18 18 52 7.636239308964022 -45.487521724012630 0
18 18 52 -1.914809626089625 -10.777617312732403 0
18 18 52 -11.103023150147772 24.030093503066944 0
18 18 52 5.020163528184795 56.217713038155885 0
16 19 41 24.601710477904358 87.611391049117415 0
16 19 41 47.219756183948817 57.075772364714048 0
10 12 71 78.215483538803227 56.561101845322703 0
5 36 120 -63.070770851055883 38.705010841667502 0
4 14 81 -95.993987489840123 1.074414166147172 0
4 14 81 -70.601418348119026 -10.724629540141645 0
19 17 104 -39.658541712603089 -8.843569860269142 0
4 14 81 -56.463667294907452 -34.893286829230235 0
10 12 71 -82.443569652721067 -33.871194133595083 0
10 12 71 -79.244363188189539 -57.657010873772414 0
20 23 83 -46.720448148660495 -70.587399518414799 0
10 12 71 -11.792258582211131 -68.346512727392522 0
4 14 81 -17.784711796763645 -93.646522697181055 0
10 12 71 -22.363740535484943 -45.452746263470601 0
4 14 81 -23.940073550244975 69.830378771256861 0
14 13 95 -45.999111757119607 85.399541670643771 0
14 13 95 -7.215500579841867 91.026809106519963 0
2 12 110 -97.839189975175557 5.611853971862097 120
6 24 111 -81.780313661476214 -26.607899154772937 120
2 12 110 -74.019167750797848 8.545544690079026 120
2 12 110 -53.648543708943862 -4.144517411638223 120
2 12 110 -45.780928534882030 -26.818304732526460 120
6 24 111 -49.989962959926721 -62.571402908891386 120
17 32 104 -41.450690101131201 38.130917149846439 120
1 15 108 -26.752513736671855 -6.511703870421276 120
5 36 120 21.034204575517386 11.304848909268696 120
17 32 104 68.404531982731257 -37.480928540038832 120
2 12 110 68.794855323560228 6.517340149644905 120
2 12 110 24.413838087165637 -36.576024906138485 120
14 13 95 96.962311341814853 -2.703734316267699 120
14 13 95 -0.300383602451401 -32.806774811429619 120
1 15 108 -11.192556463015608 -58.601358940187900 120
19 17 104 -19.155850420383608 -89.594679984382992 120
6 24 111 21.358906392618344 -83.305444706281762 120
3 27 92 82.999975579040424 -0.063670076902859 240
3 27 92 65.472886565237545 51.012754530759629 240
3 27 92 30.002949827422633 10.295637886583952 240
3 27 92 12.475860813619754 61.372062494246450 240
15 22 94 73.649822137722396 -48.163302410464503 240
15 22 94 30.679599444263914 -38.699689903890402 240
15 22 94 -8.905301920956319 -19.489391001848684 240
14 13 95 -9.656704062074482 15.502542280299688 240
15 22 94 -32.529790716449611 41.994463820675847 240
15 22 94 -76.504491036697246 43.486352470814438 240
15 22 94 -55.809154347211120 4.657200544603000 240
12 31 97 -62.841576282930461 -47.874171431750462 240
8 15 95 -38.446563153865441 -86.872675690667180 240
8 15 95 -89.585603703602516 -10.447483128851662 240
19 17 104 -17.253031901065157 -62.896974803381781 240
19 17 104 -27.093788603587214 80.613757975656924 240
1 15 108 -58.561819853415741 74.803163405407403 344
1 15 108 -78.967575308128772 52.812139229111047 344
1 15 108 -91.498447906629508 25.554530531352082 344
6 24 111 -85.026285086838072 -12.904683038794008 344
17 32 104 -42.347153937499712 23.351237365156248 344
7 23 98 -20.573581369539021 73.857786817952473 344
1 15 108 0.648075643105471 42.335710845109617 344
19 17 104 4.972516576154119 10.629257075938682 344
17 32 104 -14.568252747883569 -34.305788648136726 344
19 17 104 -61.950133096792356 -46.794079748270988 344
5 36 120 50.210572108952547 54.358977625519017 344
1 15 108 36.514160283854963 5.232525452404307 344
7 23 98 40.404281336741299 -32.567831135780018 344
7 23 98 37.550163638596175 -78.479202408757004 344
1 15 108 -0.444205364148434 -79.133361474489988 344
15 22 94 87.442825804932113 9.886971995929791 344
1 15 108 77.803106169794816 -25.835231258572147 344
1 15 108 76.870322696143290 -55.820726335213507 344
15 22 94 87.442825804932113 9.886971995929791 464
12 31 97 68.378191210677073 -39.565426406852801 464
7 23 98 42.490113867570685 7.824524547725561 464
12 31 97 6.763135961106634 -32.667240660413128 464
12 31 97 -7.755038948118191 27.608978508552298 464
12 31 97 -68.698358243278534 39.006865737689864 464
12 31 97 43.962165917522555 61.804456585124726 464
7 23 98 7.692588797832334 -86.659241155155897 464
7 23 98 -34.257344988340193 -67.785898702486293 464
12 31 97 -64.169609811436345 -22.827513353889017 464
7 23 98 -30.098280254852128 76.769730820829409 464
8 15 95 45.549787233879982 -83.367960770000039 464