3 10 111 100.000000000000000 0.000000000000000 0
3 10 111 98.000000000000000 19.899748742132399 0
3 10 111 81.766312060385914 8.217823563497323 0
3 10 111 83.766312060385914 -11.681925178635078 0
3 10 111 65.532624120771828 -3.464101615137756 0
3 10 111 63.532624120771821 16.435647126994645 0
7 14 108 86.755771184755062 41.102751320786574 0
13 28 108 45.708076343874495 49.995824369510878 0
13 28 108 -0.245773524692495 81.999631678285979 0
3 10 111 37.413163848305253 87.079438361284247 0
13 28 108 -52.822347802626581 62.720009348041003 0
3 10 111 -17.689373775773021 48.239880342109004 0
3 10 111 -29.907933861753740 32.406157172074771 0
12 18 108 -86.486126048147128 31.371165123151012 0
7 14 108 -95.996522783851461 0.817076134449266 0
12 18 108 -87.007589608084402 -29.894470234328626 0
7 14 108 -68.315374612367194 5.030629968012239 0
7 14 108 -56.467505931355490 -20.339194779460932 0
12 18 108 -58.793632630595965 -52.254538026543216 0
13 28 108 -21.468290783672302 -79.139828726297424 0
7 14 108 -30.123374442938690 -38.041294362513838 0
12 18 108 38.147089591237773 4.621476117150801 0
9 22 69 3.079954923952045 23.864554515017602 0
12 18 108 -31.907883590476267 4.477673484581413 0
10 30 88 58.735721188830851 -42.882398261920606 0
12 18 108 24.454760605818638 -76.480251489559478 0
7 14 108 7.887640189858588 -49.102696428468292 0
7 14 108 20.109623083611641 -21.810508333250681 0
17 10 79 56.081330994660270 -82.794228747342999 0
17 10 79 95.942367626123058 -28.196845467070460 0
17 10 79 -59.452164074612959 -80.246792961386191 0
17 10 79 98.000000000000000 19.899748742132399 111
17 10 79 100.000000000000000 0.000000000000000 111
17 10 79 81.766312060385914 8.217823563497323 111
20 30 78 73.760954008286376 -30.972918231698195 111
2 33 81 41.421256640867369 23.093189212649524 111
2 33 81 10.919216401925119 -35.435654456621336 111
2 33 81 -24.517228950320334 20.244309092193252 111
2 33 81 -72.977439741311429 -24.562029411334457 111
11 17 83 -74.248440957685474 25.421813537242191 111
18 19 74 51.835277330230866 -74.793743214911061 111
11 17 83 17.319551817338695 -85.024319558337908 111
16 25 62 -24.522544370621425 -81.385777735369118 111
18 19 74 -67.690433093860008 60.819448103099901 111
18 19 74 -31.311064483419379 71.798589212753569 111
6 20 58 6.718351932312361 63.152001037127675 111
18 19 74 43.863679747535457 75.035797631634551 111
14 15 73 73.658414788898241 58.656732828814199 111
19 14 92 -62.567926980641694 -72.809714416038531 111
7 14 108 -38.897483075789786 -87.766655458486326 203
7 14 108 -62.567926980641694 -72.809714416038531 203
12 18 108 -79.773074599588469 -45.828556260572881 203
7 14 108 -37.779614122549845 -59.788979196806153 203
7 14 108 -14.109170217697933 -74.745920239253948 203
7 14 108 4.226943034610212 -95.906897314959366 203
7 14 108 31.720943377225311 -90.607845969644728 203
1 14 100 13.384830124917180 -69.446868893939310 203
15 21 92 -88.652871917449460 -7.852916705804240 203
15 21 92 -82.382643845167536 33.676401130172422 203
1 14 100 -57.831545990657403 8.731590163996145 203
1 14 100 -55.534408992130807 -19.174021486888705 203
15 21 92 46.795831558232585 -59.020700699295794 203
1 14 100 80.988193287803455 -51.545247578970731 203
1 14 100 64.565544769863422 -28.867138847063607 203
15 21 92 88.921720618209761 -3.731970296913978 203
1 14 100 53.930111043488793 -2.965641796663348 203
1 14 100 65.689307444935594 22.445405013576504 203
15 21 92 -6.432996021730848 -40.598060134802765 203
1 14 100 26.978005411584554 -30.171891940159249 203
15 21 92 19.640521296628648 4.050342453035618 203
15 21 92 36.895042675379159 42.342397660222424 203
19 14 92 71.063858703515081 49.924746322437997 203
10 30 88 -32.606724359012290 44.783058561991950 203
11 17 83 8.491218709996641 67.585669717219346 203
11 17 83 37.677473801599916 85.025925269471500 203
11 17 83 -28.770595883448589 -2.060127904333861 203
14 15 73 -31.119393302954453 89.758472360307209 203
14 15 73 -62.773099430832659 -71.305946370879880 311
18 19 74 -80.556657250574077 -42.327591150613941 311
14 15 73 -46.749500303063883 -45.943685608231611 311
14 15 73 -32.796937749089579 -72.501659894261678 311
18 19 74 -56.090230466323277 -13.251931907685407 311
14 15 73 -24.498910279904845 -25.821279101521348 311
18 19 74 -4.651562369069495 -53.427125962399565 311
20 30 78 -72.993712642075181 32.740157524455398 311
14 15 73 -58.063011338688824 75.191001551271370 311
14 15 73 -94.767574505656086 -6.641296734442875 311
14 15 73 -33.143391698108495 11.836762569021726 311
5 15 72 -6.451145361940920 -1.857177168298173 311
5 15 72 13.223185095982888 -24.504930280525695 311
5 15 72 29.166817071131440 -49.917537377024487 311
9 22 69 64.932360689314933 -59.395189496395311 311
5 15 72 47.947966150975823 -26.523768137317500 311
5 15 72 89.534123898818351 -31.759103540103961 311
16 25 62 72.996628452893432 4.662198528548291 311
8 19 54 31.987139893870726 -83.800361627307055 311
8 19 54 -29.924085384466199 56.106954649663315 311
9 22 69 4.308922116359707 33.543683666749573 311
9 22 69 47.079817461242442 43.870857113394557 311
9 22 69 -4.044432702660593 87.907010892838628 311
4 18 119 -5.088273764757538 -90.424548617996493 311
4 18 119 -40.255366123268885 -82.725482762457034 430
15 21 92 -1.760578469623425 -88.982584607620268 430
15 21 92 -18.404871718146424 -50.421367014588128 430
9 22 69 39.922710231452818 -78.423065534161907 430
9 22 69 72.898774799063958 -49.292683359656522 430
10 30 88 79.969069012910865 2.224410305743923 430
10 30 88 26.709722981575084 -25.406044998402585 430
10 30 88 29.410719785721611 34.533129305753384 430
2 33 81 -29.845041283523585 2.352893002160741 430
10 30 88 -22.335098815782906 64.903678481890935 430
16 25 62 -76.833308900791877 36.354403355790268 430
6 20 58 -89.746286428636495 -6.753078725228811 430
6 20 58 23.784843269061053 84.215616294825168 430
8 19 54 -68.958649222506139 -59.377644761369183 430