9 10 107 100.000000000000000 0.000000000000000 0
9 10 107 98.000000000000000 19.899748742132399 0
9 10 107 81.766312060385914 8.217823563497323 0
9 10 107 83.766312060385914 -11.681925178635078 0
9 10 107 65.532624120771828 -3.464101615137756 0
9 10 107 63.532624120771821 16.435647126994645 0
6 16 99 84.144800066126621 41.900508610655038 0
4 37 104 31.979469682948057 51.269516349675648 0
4 37 104 22.387858073164487 -22.106235685496472 0
4 37 104 -36.361601406190509 22.888219649395907 0
6 16 99 -16.745045405713956 72.124291087724202 0
6 16 99 -47.446737426134170 81.146824384047704 0
17 14 95 -71.838227510742485 63.680994559717732 0
17 14 95 -87.157664468829807 40.243527732281159 0
6 16 99 -87.832991129661735 10.251129797118161 0
16 31 89 -70.302446624738735 -36.035621245869500 0
20 11 40 96.799999999999997 20.754758490524534 107
12 19 67 79.105682430202961 44.981007183608924 107
5 15 55 60.369033001464544 73.352435913663328 107
20 11 40 75.513632603182543 15.196830544994208 107
20 11 40 49.485545600820302 49.739945532510845 107
20 11 40 35.278133422181149 66.537250053958800 107
20 11 40 39.035211474863239 88.214066344781003 107
14 24 67 83.925020915340070 -18.777403024905489 107
20 11 40 56.902181332559664 3.465936222683138 107
5 15 55 42.069634281434425 24.819988483932200 107
5 15 55 20.200058542466330 45.355851187932196 107
5 15 55 10.274621857317264 73.666374083299161 107
5 15 55 -11.501620888330963 94.301180888370155 107
5 15 55 -40.333899847390697 86.012653273228679 107
5 15 55 -65.143961647153844 69.146686550507596 107
5 15 55 -18.739684893179472 65.187431053254159 107
5 15 55 -43.549746692942605 48.321464330533090 107
2 15 57 -72.382025652002312 40.032936715391592 107
12 19 67 -90.314740041690058 11.146646634838042 107
2 15 57 -56.489390201503426 14.588406096070942 107
2 15 57 -66.931369678485481 -13.535695038050404 107
14 24 67 -27.961458579048838 -12.004019843368198 107
14 24 67 -55.991213701997289 -50.969810323577185 107
12 19 67 5.887109994156594 14.515301519461008 107
17 14 95 -25.056062113231373 25.983522825861019 107
2 15 57 10.371225314668330 -19.187705910030381 107
2 15 57 -6.070647600629428 -44.280828773420623 107
12 19 67 -20.407100983494594 -75.110459072873354 107
17 14 95 77.775071681849923 -56.276444671666198 107
12 19 67 47.901173784334588 -42.256807571911118 107
18 25 72 23.435590595902163 -78.827769266264923 107
17 14 95 -89.869181465723813 -33.756928513725953 107
11 13 118 59.770464254800011 -76.396934511573662 202
4 37 104 67.804711368586212 -27.046647042151381 202
8 22 115 25.701382779367471 -68.378350632836771 202
8 22 115 82.714555608652006 30.038346999514047 202
11 13 118 5.348799572660077 -96.852415267413505 202
4 37 104 -33.202516739649454 -65.012251784977408 202
8 22 115 -82.021892970557573 -31.881171144209834 202
8 22 115 -87.203561961627017 11.812653436238481 202
11 13 118 -57.580832688352174 -6.828535109620544 202
11 13 118 -32.902662900119353 -15.013150916312590 202
4 37 104 -33.965536814847937 37.243199605578198 202
6 16 99 67.881552935962304 65.023801572979011 202
6 16 99 46.418311488289305 41.289243086272499 202
19 17 93 35.743037170668401 72.514849857695594 202
19 17 93 8.328983900191890 92.626281514429508 202
13 23 78 21.587638375589997 11.215372820371043 202
15 19 74 11.871520358658731 -29.781266475814395 202
11 13 118 -44.731145260097819 86.070463247969272 202
11 13 118 17.993311160013164 47.035490238762677 202
11 13 118 -65.986570522727206 71.096923355720179 320
19 17 93 -81.241020519343977 45.264738870068967 320
7 29 90 -80.996668727930157 -0.734612127548750 320
7 29 90 -35.331104923794484 42.387300771773653 320
19 17 93 -35.086753132380665 -3.612050225844051 320
19 17 93 -49.603598029874540 -34.357150879803640 320
7 29 90 -3.693682434325041 -37.234588978098941 320
10 27 81 3.294229236126583 82.934601064572860 320
19 17 93 10.580822370070941 39.542141345165902 320
10 27 81 53.619762688581211 63.355513171469404 320
7 29 90 44.206424136717771 8.152351511035484 320
7 29 90 67.321373823443153 -45.042564608647936 320
13 23 78 -45.510404431988896 -74.147171816845486 320
15 19 74 90.941715079330010 -3.256448745176613 320
11 13 118 -78.432825604643739 -42.656285620375549 320
11 13 118 -4.655461979536036 13.699238272602212 320
3 17 79 -81.241020519343977 45.264738870068967 438
10 27 81 -82.989826385334567 1.299506264712740 438
3 17 79 -82.618410238867767 -42.698926094249146 438
3 17 79 -51.370632831558495 -29.298313902888186 438
3 17 79 -50.428130140955787 30.892342183036110 438
13 23 78 -50.430901572509327 70.892342087025710 438
13 23 78 -12.794012258235263 44.444949725110646 438
13 23 78 -23.941670872624265 -0.183849355942819 438
15 19 74 -54.487311090509252 -65.163147885916516 438
18 25 72 -13.877613638621234 -48.226428225187647 438
12 19 67 -77.911951446591317 47.018377489913419 519