3 11 78 99.000000000000000 0.000000000000000 0
3 11 78 96.555555555555557 21.863775779997951 0
3 11 78 78.843192529652626 8.814936902970350 0
3 11 78 81.287636974097069 -13.048838877027592 0
3 11 78 76.398748085208183 30.678712682968296 0
3 11 78 84.861216147439819 50.986017632067515 0
3 11 78 63.043340148006621 48.161077478124973 0
3 11 78 61.130829503749695 -4.233901974057249 0
3 11 78 58.686385059305252 17.629873805940697 0
18 23 79 43.004411673530228 75.628173167236682 0
18 23 79 27.936397126109341 3.123384151020523 0
17 20 80 14.064502650216191 43.824373618718788 0
18 23 79 -2.301665691093568 83.588032074951286 0
17 20 80 -44.934414491905301 77.980115377380983 0
16 28 76 56.217199703948303 -42.923128409726701 0
16 28 76 -32.367104627422947 31.654499107653006 0
5 31 76 -2.760549989395663 -41.302930548579411 0
10 21 76 -35.735431563416093 -81.510606248367480 0
10 21 76 -69.135867611125178 -56.046693119728040 0
10 21 76 -87.139804420603639 -18.101228840577267 0
2 23 75 -83.018934880455177 25.705373792280227 0
8 13 113 -58.154713345845835 -0.328651779610676 0
12 12 94 -54.893779968897682 -25.115065669302460 0
12 12 94 -34.562899101188584 -12.361427633705695 0
17 20 80 -89.415043520176837 10.244510348712703 113
16 28 76 -64.160116439228844 51.063484590307745 113
10 21 76 -48.815504787227482 4.528090606273786 113
10 21 76 -75.146986896245224 -28.192744498327048 113
10 21 76 -58.745457887527124 -66.857843052141448 113
16 28 76 -11.871874610433771 -81.136049899130143 113
1 17 72 -35.662947308095845 85.890361445857124 113
1 17 72 -2.407941673232003 92.968821746316181 113
16 28 76 -8.226064860803220 48.346524152240562 113
4 39 119 7.249956206407177 -16.841609521973954 113
16 28 76 66.778584716566996 -47.588030251863600 113
5 31 76 71.373501977797247 11.232771641365026 113
1 17 72 32.962394406962616 -77.277511098530823 113
12 12 94 -42.170425455515030 -29.436286031910328 113
13 21 89 31.854414923603834 76.534378633412729 113
1 17 72 65.500272843930688 58.872095519240339 113
11 15 58 34.070895125925936 40.602676537454144 113
19 30 70 75.628126462610254 -26.084219132560424 232
19 30 70 36.222177163629269 -71.329894725329950 232
2 23 75 82.892819249464566 26.415535521272268 232
5 31 76 30.196484306129932 14.621626773961662 232
1 17 72 55.401700122180465 55.471315826221478 232
19 30 70 11.691929246916942 72.747192939467141 232
5 31 76 -30.242412645044340 28.446956257389441 232
5 31 76 -10.519487859431671 -32.135293682941963 232
1 17 72 -54.522643580682541 -12.959207362439887 232
2 23 75 -40.845358348995845 -76.815732121370260 232
8 13 113 -53.160176457168532 -42.987559617337141 232
17 20 80 -79.303089358437092 14.516773185226953 232
1 17 72 -83.132101094186453 -41.689972027646689 232
15 17 70 -77.458132360414325 51.470746363701934 232
11 15 58 -33.279639195467020 74.346577768698310 232
12 12 94 -97.266794390410269 -11.965396316614520 232
12 12 94 32.399939389430472 -29.504178970575818 232
11 15 58 -79.840078256240346 -51.483608110129737 345
13 21 89 -87.493410778205288 -16.306534591881597 345
2 23 75 -46.722075332724017 -32.850361416169939 345
5 31 76 -71.672096106966308 33.228160340798048 345
11 15 58 -36.386255657377731 3.716985105538804 345
15 17 70 -10.727249277638144 -15.404086820597643 345
19 30 70 -2.214549394134600 -61.626742961211185 345
15 17 70 38.844628885451208 -84.499081691764971 345
15 17 70 66.620332554327447 -64.890147868153434 345
15 17 70 85.491757759473472 -36.608186996838654 345
15 17 70 -44.809533103317243 -81.492979716431492 345
19 30 70 41.375932860663028 -20.397264953429261 345
4 39 119 5.068419342244457 38.322041393250565 345
2 23 75 86.713681191208153 7.052481426385491 345
17 20 80 -32.242876760241920 84.026167937279226 345
7 18 91 41.657376255252032 82.028428020585423 345
2 23 75 69.677152781193399 52.096970932159124 345
12 12 94 53.128428562601755 21.256417650205851 345
7 18 91 41.657376255252032 82.028428020585423 464
13 21 89 3.274648122519245 88.939736224444019 464
13 21 89 19.260287906975641 50.100846942158860 464
13 21 89 -22.367996758482668 55.676321434215005 464
7 18 91 -58.080273299161341 71.349014383484828 464
7 18 91 -55.699633291145091 35.427815166974355 464
20 19 93 69.959164045683522 58.195492660764899 464
7 18 91 50.485643028808035 26.734691984283238 464
7 18 91 18.048451877602890 11.119679008938668 464
7 18 91 -17.470521375962068 16.985046773413188 464
20 19 93 -49.754296333122909 -1.091398521926116 464
20 19 93 -85.073214303960100 12.929087681100993 464
12 12 94 -96.717819015235278 -15.800743176705115 464
12 12 94 -82.147699644310421 53.439268737026708 464
12 12 94 -32.530837281901391 87.072446553336931 464
17 20 80 87.823638445278334 19.672532379768242 464
20 19 93 61.081950262342701 -8.715530483460753 464
20 19 93 26.681563896875545 -24.859056055856069 464
17 20 80 -12.088672969270259 -20.631913599899654 464
20 19 93 -46.517262185328434 -38.953273936728444 464
11 15 58 -80.480504182732631 -37.372706625362028 464