1 12 114 98.000000000000000 0.000000000000000 0
8 18 107 87.591836734693871 28.136633370798521 0
1 12 114 74.039267399437293 1.372331317259682 0
9 20 98 50.011233588513477 22.506511953875389 0
8 18 107 66.029961881653719 56.965187840661116 0
8 18 107 40.673954599841785 82.520478774726030 0
9 20 98 20.979093361615881 50.022595138910184 0
9 20 98 2.803427688287112 85.654675871466040 0
11 29 98 -43.120952583768457 68.568093514902344 0
9 20 98 48.160804413695317 -17.450664020772543 0
9 20 98 14.482089543574048 4.130442639847826 0
9 20 98 -19.101778883487015 25.858852187577078 0
11 29 98 -67.043810711642180 15.731582852353611 0
9 20 98 -84.886581439632451 -29.904318943802163 0
11 29 98 -36.001772350487883 -33.262211187143123 0
6 14 93 -69.499547689686011 -60.223276583833410 0
6 14 93 -51.060541211512884 -81.294656227745961 0
9 20 98 -17.175486940540182 -78.501253812547901 0
14 21 96 11.417833429594509 -49.117210009646286 0
6 14 93 16.415595906388717 -83.758549045912588 0
4 18 95 47.980200095214151 -78.497773209328756 0
2 12 92 74.233343337474679 -63.979768184486275 0
2 12 92 55.187560385376926 -49.376407210327528 0
6 14 93 86.721408634157498 -41.175202300747401 0
1 12 114 95.061224489795919 23.819395426849606 114
11 29 98 79.743503706198709 -14.211742210562115 114
11 29 98 57.039205848721025 39.159737615267474 114
11 29 98 22.170297410722782 -7.188501017311591 114
17 33 97 37.460112216282198 -67.273620333259501 114
14 21 96 7.056442371817027 40.472503859452630 114
4 18 95 26.076923263126744 74.519843060384645 114
2 12 92 80.979761286851243 -55.193099767313200 114
2 12 92 0.312254319352803 -41.876048526696174 114
15 17 88 -21.222996071755443 -22.453561801452359 114
17 33 97 -43.752041415291060 22.183218054501822 114
14 21 96 -88.656693771989197 -7.809651043403505 114
4 18 95 -58.501887344118472 71.003726502036997 114
6 14 93 -82.232458079587147 49.536076128302120 114
6 14 93 -26.887139800322462 66.053197465454701 114
2 12 92 -94.341250973528958 26.527879009631040 114
2 12 92 -3.734020229457387 77.882527714341350 114
2 12 92 -19.405607670003889 96.059473197378537 114
12 13 45 -87.535698045225686 -41.791166144713792 114
6 14 93 -62.674248170245654 -31.259864700264675 114
2 12 92 -67.542368943764856 -56.800056558088116 114
6 14 93 -42.320241417664427 -50.487823747336670 114
6 14 93 -51.217932861033994 -77.036478835280164 114
6 14 93 -27.531176027673794 -91.967572255296815 114
6 14 93 0.190120395243324 -95.908349416309960 114
2 12 92 -10.587024180232284 -72.247133158490556 114
1 12 114 98.000000000000000 0.000000000000000 228
11 29 98 73.897959183673464 33.167629226221919 228
12 13 45 74.609921037169599 -8.826335939253536 228
15 17 88 45.221465417700429 -2.799838092038200 228
15 17 88 28.352063538367833 26.720041315465661 228
15 17 88 36.365012966206002 59.762326972891188 228
12 13 45 62.925994737148699 73.709163437252911 228
10 30 83 -10.225003409128078 53.567944506002135 228
10 30 83 -68.840854456306772 40.754591860618461 228
10 30 83 -77.814752499744230 -18.570522162921264 228
10 30 83 -1.257244572135519 -9.780491190475686 228
10 30 83 57.346726912317564 -48.208846379900585 228
18 21 76 -59.514574102061886 -66.174129910790555 228
7 15 69 -42.429298480422531 84.998556637505402 228
7 15 69 19.763635359117977 87.119122500636692 228
7 15 69 12.562077520753958 -52.606024892847415 228
18 21 76 -17.893288538427562 -71.801614964560628 228
7 15 69 -37.192149532443310 -37.930380844250379 228
12 13 45 -9.258948574768501 96.557091253256971 228
12 13 45 -40.011323075875168 8.850703063408963 228
1 12 114 95.061224489795919 23.819395426849606 342
11 29 98 79.743503706198709 -14.211742210562115 342
11 29 98 57.039205848721025 39.159737615267474 342
17 33 97 17.964844161109426 -8.977506372166111 342
17 33 97 -3.277029993773141 53.510754784535422 342
17 33 97 -67.288767211674894 37.432897391639699 342
17 33 97 -71.559803381334916 -28.428762548248365 342
2 12 92 80.979761286851243 -55.193099767313200 342
2 12 92 4.001080230711987 97.918289185358049 342
2 12 92 -55.404524328295260 80.835256441452202 342
20 18 91 -52.332736057038495 -75.665611322346052 342
14 21 96 -22.367938591155578 -50.703421658203666 342
20 18 91 -19.125626026477743 -89.568411163321670 342
14 21 96 14.781004823647589 -70.298216966237689 342
20 18 91 53.516454527702891 -74.833074871906135 342
12 13 45 -26.192014299316988 93.396886387846862 342
12 13 45 27.007411494796507 88.135205736505782 342
12 13 45 50.151423808498215 -44.016252059377116 342
12 13 45 -37.444616728146158 2.428230818217072 342
1 12 114 51.545041240668141 83.349317474696946 342
1 12 114 98.000000000000000 0.000000000000000 456
20 18 91 87.591836734693871 28.136633370798521 456
5 21 90 65.220567706332915 -3.809044303351674 456
14 21 96 49.203533666341372 35.016908622001651 456