19 10 100 100.000000000000000 0.000000000000000 0
19 10 100 98.000000000000000 19.899748742132399 0
19 10 100 81.766312060385914 8.217823563497323 0
19 10 100 83.766312060385914 -11.681925178635078 0
12 21 101 53.570593196141445 -4.666330957793120 0
12 21 101 66.607907553316423 35.258954693685936 0
12 21 101 25.512938747197737 26.586957298383524 0
12 21 101 38.550253104372707 66.512242949862582 0
3 32 99 -14.226695802266200 61.654911984607423 0
12 21 101 -67.128832417812447 58.435604371147335 0
12 21 101 -86.451771195891027 21.144532557928716 0
12 21 101 -86.521973654117076 -20.855408770778645 0
12 21 101 -50.113856276887546 0.083764781343159 0
12 21 101 -50.184058735113581 -41.916176547364188 0
11 11 95 73.291737121677500 66.553146204269865 0
11 11 95 -83.783650602713422 -52.738030790715342 0
11 11 95 17.533302908511374 90.642883315685538 0
15 12 93 -68.584979334421462 -70.000718637003871 0
4 20 61 -38.629031741578231 -81.254216040692654 0
3 32 99 2.313547965526155 -49.196375082084664 0
11 11 95 42.836339609922746 -34.812239468679820 0
2 19 71 -5.410801600749776 1.215274601078584 0
15 12 93 -8.438541293834636 -91.862433917636125 0
17 18 66 38.742095473983177 -83.444892224058705 0
6 17 63 67.690567648745770 -63.772933532891308 0
15 12 93 88.018414460471050 -43.090123182287826 0
7 10 54 -49.730653029567165 84.093027351143533 0
7 10 54 13.312368143852057 -95.163636521771764 0
7 10 54 66.941787293227350 -36.783318345208663 0
7 10 54 -41.757011177626318 29.936120467066750 0
7 10 54 23.730630523212067 -13.067320642239915 0
14 11 78 73.291737121677500 66.553146204269865 101
14 11 78 86.180075368473567 48.723655543115967 101
14 11 78 94.812607424233903 28.488058435388439 101
14 11 78 98.763035409661697 6.845643627147904 101
14 11 78 97.836276461279027 -15.134827656507344 101
14 11 78 79.264009416670575 -3.341995222195777 101
14 11 78 72.971800240314792 31.129864929980251 101
9 35 79 30.680323596971611 49.224919594875800 101
9 35 79 36.593770289747169 -20.524855660759989 101
9 35 79 -26.768030336276432 9.228836907189198 101
5 21 83 -23.021399002490377 65.103363783474180 101
5 21 83 -64.819235060037784 60.987431215223097 101
2 19 71 -86.736838941297265 27.526728292179179 101
18 24 68 -84.606203232931790 -15.420453122649892 101
9 35 79 -44.328128447099047 -58.532825958610402 101
1 13 60 2.222589334999835 87.879251314296297 101
15 12 93 -89.747047906683704 39.363274660975804 184
10 24 91 -85.926009684333565 3.566631425843553 184
10 24 91 -53.747498041949825 39.183248172538832 184
5 21 83 -79.043461402711173 -40.903926577751783 184
10 24 91 -41.884871213317993 -15.522059523952674 184
10 24 91 -40.121950913345330 -63.489674766071438 184
15 12 93 -23.135223468370725 -95.230044812908432 184
9 35 79 18.145266283850940 -72.759593864680397 184
10 24 91 71.559000330981974 -47.700204104705080 184
9 35 79 74.152547176244084 11.242764218593933 184
8 25 62 19.166462362580098 -12.768284839382503 184
1 13 60 -60.923403294037961 75.480718935844834 184
1 13 60 -35.271563249978378 71.240070122988300 184
1 13 60 -23.092472880405762 94.211133610989549 184
1 13 60 -9.288493532637819 72.178200211952628 184
1 13 60 -17.713081882858063 47.580917615508497 184
1 13 60 -21.084983846896868 21.800493314405315 184
4 20 61 11.105825558268132 31.503897558924578 184
4 20 61 42.535139875249691 56.246536900037285 184
1 13 60 38.560155252037319 89.006260605301122 184
15 12 93 78.999411526609208 57.992180321569592 184
15 12 93 -11.056415644036161 -34.112549759899011 184
15 12 93 17.275711375924743 75.892433975189917 184
15 12 93 35.707832319208791 91.263085149819844 277
18 24 68 58.293093014463160 63.229070108670314 277
18 24 68 10.356877590120643 65.702782054517485 277
2 19 71 85.838950726483688 30.210503772302527 277
18 24 68 44.872485411601048 17.143418419993935 277
2 19 71 2.338514853811954 23.457002868556479 277
6 17 63 92.860156308513439 -5.098173237391197 277
18 24 68 59.292197667012019 -28.639459367134631 277
18 24 68 12.408620705092375 -18.347219025218891 277
2 19 71 -26.870501722568015 -0.850060932749518 277
2 19 71 -33.316528177718169 36.599221342609304 277
18 24 68 -76.190638979371414 39.887172523445287 277
17 18 66 -91.994842938544977 0.974100976510798 277
17 18 66 -47.657477551949974 70.706950247444354 277
8 25 62 -75.632352837181699 -38.791071193150287 277
1 13 60 -61.400361462490082 5.971870800275626 277
12 21 101 -47.556157246428121 -75.229062920875208 277
17 18 66 -32.634265293774959 -39.196617256538943 277
17 18 66 -9.485265292796502 -66.766959999325067 277
8 25 62 31.787264423838547 -78.832542902338048 277
16 13 104 -19.856872962100521 -94.945798201747721 378
20 15 106 -45.390353611830257 -83.454872829529904 378
16 13 104 -68.912073436658901 -68.265116528579455 378
20 15 106 -20.338660896895483 -66.949943501705320 378
12 21 101 11.936606454622545 -82.896953170857543 378
3 32 99 -74.345846681842417 -23.594386645131973 378
17 18 66 -25.518359859805088 -34.358982812372560 378
3 32 99 24.392908157966122 -31.381513272946542 378
3 32 99 -19.422803094856381 15.268068155071475 378
3 32 99 -5.740678806070441 77.788460627817628 378
18 24 68 -59.497389424949510 62.097187147373326 378
17 18 66 49.985246123140570 -74.335351721638077 378
17 18 66 30.488464922914819 18.245537694497497 378
17 18 66 62.244260089348202 1.287664203180069 378
17 18 66 89.182463649745031 -22.593985424486455 378
6 17 63 -87.325757005097174 31.987687685838154 378
6 17 63 90.312281681843046 22.196661402549644 378
8 25 62 64.516240106067457 55.341257327388689 378
17 18 66 -69.208881888177586 -60.614607709596584 484
8 25 62 -82.667667992905280 -19.775152808885814 484
8 25 62 -34.931945054974392 -34.651333622290146 484
8 25 62 -45.916656028241029 14.127105516675705 484
8 25 62 1.819066909689859 -0.749075296728627 484
8 25 62 12.803777882956496 -49.527514435694478 484
17 18 66 -37.455613844602354 -77.577212714514431 484