12 11 87 99.000000000000000 0.000000000000000 0
12 11 87 96.555555555555557 21.863775779997951 0
12 11 87 78.843192529652626 8.814936902970350 0
12 11 87 81.287636974097069 -13.048838877027592 0
12 11 87 76.398748085208183 30.678712682968296 0
10 14 85 88.602132246115488 -36.954866546124379 0
10 14 85 61.831797560166606 -28.748211880410565 0
17 26 69 42.512672248529960 15.821597741268057 0
10 14 85 61.714232765649328 50.911483373846039 0
17 26 69 24.072185119055277 64.442050581895529 0
17 26 69 21.959683956055144 -31.944233898612275 0
10 14 85 4.313955470478192 3.953234900918671 0
10 14 85 1.012529931186464 31.757921365766865 0
10 14 85 -14.769648308868078 54.886320575378178 0
15 16 82 -12.657506148225558 84.811875799855414 0
8 31 77 -59.662455584854584 51.782153234345635 0
17 26 69 -83.999660099091912 0.238962836076865 0
10 14 85 -87.446375972139933 -39.612262360778494 0
4 16 81 -58.205326832630462 -32.906962574729214 0
14 19 63 66.835168814402280 -61.758078091455772 0
4 16 81 33.471808716825450 -72.335705566434171 0
16 22 63 -4.526481754857240 -71.975259690291523 0
4 16 81 -27.422078497593198 -41.647192659997316 0
4 16 81 -35.244441376348625 -10.618002548215966 0
4 16 81 -40.242774685427847 -84.950097619825527 0
15 16 82 -64.647318119441167 -64.251830547982109 0
13 13 49 -20.582154395547004 14.402335988514814 0
18 12 104 95.333333333333329 22.705848487901886 87
7 14 57 95.943711225802957 -3.286985886755772 87
15 16 82 69.747121957773501 11.332819540204051 87
8 31 77 64.378720413133479 -35.359580964112567 87
8 31 77 22.753003399834896 10.589300231502914 87
8 31 77 33.139565090421321 71.713103583778391 87
8 31 77 -24.988482233866886 50.146228189662743 87
8 31 77 -77.209310745245361 16.724901621359066 87
8 31 77 3.772963515608097 -48.434068750563505 87
3 16 75 -89.533779168512496 -28.630445120606112 87
3 16 75 23.878893545786241 -90.916436594429982 87
3 16 75 -32.055724612994339 3.680605572994132 87
3 16 75 -50.872142067056060 -22.202640633663982 87
16 22 63 -64.863314189602875 -57.533181283889945 87
14 19 63 -33.926797128876331 -84.439164115806292 87
7 14 57 -7.271074472426328 91.511593680793681 87
7 14 57 76.447090172606678 40.575090757061083 87
18 12 104 -54.399058002574705 81.515289905836156 87
7 14 57 -72.535561600385194 62.885549240797161 87
18 12 104 -72.580469269567104 65.848883670183994 191
5 16 97 -84.761957927476388 40.637550225139321 191
6 13 97 -56.418903489984366 46.775242393484355 191
6 13 97 -62.891158057385368 21.593703107436788 191
6 13 97 -86.943270784336349 11.719703240612667 191
5 16 97 -92.496769876609463 -16.743582722749366 191
20 34 76 -42.664131292808470 -20.831140890686413 191
20 34 76 -10.090320456490531 38.859284200778447 191
20 34 76 25.316198617251128 -19.195676027274143 191
1 16 91 -7.792243804481338 -56.663409350853058 191
1 16 91 -36.660802989174698 -70.469433057911402 191
1 16 91 -68.145088084270441 -64.747563428958642 191
20 34 76 68.167359030873143 33.603737333160410 191
14 19 63 -43.770021209376324 79.782111048346835 191
1 16 91 -9.967541059689204 88.859133452748409 191
14 19 63 89.790975389883357 -14.784476268483807 191
16 22 63 27.658407052390878 83.540484313440842 191
14 19 63 70.216618349136539 -47.355084897144181 191
15 16 82 41.024739190296280 -66.663999708071998 191
14 19 63 11.683076691736991 -85.744535387675953 191
13 13 49 -19.310545592023423 -93.706656821790716 191
18 12 104 -86.408866136385569 46.233189950772370 295
5 16 97 -92.097320293158418 18.817109098354852 295
5 16 97 -62.669204275794257 31.386356795355471 295
6 13 97 -67.882964037405060 2.858883911340524 295
6 13 97 -90.404068480453944 -10.133415910680363 295
20 34 76 -56.573713177819386 -42.760200307821094 295
6 13 97 -41.990184352221071 -87.440404951409562 295
20 34 76 -16.504937788523740 12.180615474274614 295
20 34 76 11.040816688764323 -49.990369802435971 295
20 34 76 72.852071494447500 -21.646608948468341 295
1 16 91 57.227318161374484 -69.142578075128171 295
14 19 63 86.019821324793071 29.691587011318116 295
14 19 63 48.273322833578952 25.309595266372668 295
15 16 82 63.757000342700401 56.698378785227405 295
16 22 63 25.871697099951842 59.648598811765417 295
14 19 63 -0.551673129956022 90.998327769018289 295
15 16 82 -35.334576153427250 87.106071706039245 295
7 14 57 -33.205208434513317 57.181737241967241 295
7 14 57 -58.834338432226716 68.457715938306961 295
13 13 49 34.801157173510234 -90.542141897486815 295
13 13 49 28.855392513006059 -0.125498247616541 295
18 12 104 -17.009889984408158 -86.447987046787489 295
18 12 104 -95.054890356956832 23.844660182668033 399
5 16 97 -93.909144915310762 -4.131888342533362 399
6 13 97 -71.808989110386847 14.645308290566270 399
17 26 69 -65.114864499009272 53.066509412958965 399
17 26 69 -32.881900826073220 12.261656112656745 399
13 13 49 -64.656744264085958 -10.351599391356356 399
15 16 82 -81.790941756401608 -33.748592281348103 399
14 19 63 -46.942406371324658 -37.001219145136730 399
6 13 97 -69.282548333410986 -59.912309409762500 399
16 22 63 -38.846656460685828 -77.193990054647202 399
11 20 112 -31.389215776911833 84.348782640358650 399
15 16 82 -17.246837997554213 51.242995370669206 399
17 26 69 17.004643100631732 26.935876195814060 399
11 20 112 -9.330656070814193 -47.314135286173219 399
7 14 57 -3.020080972047417 -80.723365177369828 399
17 26 69 33.434505275269366 -64.259369868303992 399
3 16 75 74.791838855877984 -56.940151392109783 399
16 22 63 57.843578924407339 -22.929028427771975 399
16 22 63 87.475071366469280 9.597493914095860 399
7 14 57 84.544373806344026 45.478004108504692 399
7 14 57 59.720469759417966 32.525251973571820 399
3 16 75 59.858302116010371 62.524935342592173 399
18 12 104 90.149440604057503 -33.527674621287062 399
3 16 75 3.309130826689863 93.941735417075677 511
17 26 69 40.154061864062029 73.781104056642306 511
16 22 63 76.861315548368395 42.852516520901567 511
3 16 75 40.509463869390736 31.782607781006337 511
3 16 75 93.593315969002305 8.734483724095909 511