16 10 85 100.000000000000000 0.000000000000000 0
16 10 85 98.000000000000000 19.899748742132399 0
16 10 85 81.766312060385914 8.217823563497323 0
16 10 85 83.766312060385914 -11.681925178635078 0
16 10 85 65.532624120771828 -3.464101615137756 0
16 10 85 63.532624120771821 16.435647126994645 0
8 27 84 60.012280859995641 -40.049970612377699 0
16 10 85 95.512185170558482 -29.621318065625442 0
8 27 84 28.703804031440306 3.947521119263250 0
16 10 85 51.945289692447083 32.736986975183818 0
11 18 76 78.887107637136907 40.361844077791694 0
17 16 52 47.417291382339471 -81.164034386927284 0
18 27 83 9.896412268505379 -60.159662686610972 0
18 27 83 -21.412064560049963 -16.162170954970012 0
18 27 83 -13.769634462873412 37.294290415099837 0
18 27 83 -66.255498479899245 49.992088585895964 0
18 27 83 -82.989023672927402 -1.349796212135089 0
18 27 83 32.900251074196689 64.459006205197397 0
16 10 85 -50.569328435264865 16.481730943357814 0
11 18 76 -31.547367690855580 78.633765511848452 0
16 10 85 -4.117311034837819 73.013090121145325 0
19 13 71 5.718122988512188 93.804055408315833 0
20 15 65 -15.304261563449796 -93.759157302087104 0
18 27 83 -48.161384575339667 -67.597936623733091 0
19 13 71 -78.078997914387060 -41.047297985552397 0
5 11 118 24.762660668117864 -95.853067956303036 0
5 11 118 45.320024681468091 -88.017585531932895 118
5 11 118 63.639362784622364 -75.835555673887043 118
5 11 118 78.816016305819971 -59.908560103550485 118
5 11 118 43.929746406316987 -66.061558425062145 118
5 11 118 59.106399927514595 -50.134562854725587 118
4 21 109 84.350253092977084 -28.390752070889366 118
4 21 109 87.977468045167356 13.452327544390002 118
4 21 109 14.634990032594441 -78.938563084696412 118
4 21 109 29.763275241118492 -37.368160321568027 118
13 33 91 -38.019470783923182 -66.959090804090309 118
4 21 109 -81.724471631781739 -35.243591424627851 118
9 13 91 59.524280704903063 -5.159929980688032 118
4 21 109 48.186497471210373 26.894003808252712 118
9 13 91 76.639684811474666 45.506261333330741 118
4 21 109 53.923719172344718 70.804184273403663 118
6 21 105 15.449581741063810 87.648790202866962 118
3 29 106 -0.036004808021740 40.107265098693233 118
3 29 106 -54.568731267124981 59.860283727161665 118
6 21 105 -41.174035614701538 11.687862899690799 118
9 13 91 -28.434400792761195 92.738799062510083 118
9 13 91 -89.718837491155497 36.871807648061264 118
9 13 91 -96.289867385650723 11.715862702071821 118
9 13 91 -74.249071268862252 -2.075558781523082 118
9 13 91 -50.166092501957905 -22.591765204737726 118
9 13 91 -4.199554369577155 -35.778756397181709 118
17 16 52 6.310730971419459 -8.750365730128820 118
12 12 48 34.007724581109677 -4.642258503585246 118
12 12 48 -21.092822150697859 -14.498867820525447 118
2 12 71 63.828514959518230 -74.363436432581281 236
7 18 72 78.399934780084777 -48.139902643009719 236
14 21 72 88.385562553728249 -10.439939274774993 236
14 21 72 83.331469641556652 31.254858300403832 236
7 18 72 64.627680290897047 65.477194046611345 236
7 18 72 51.782413782278695 -23.901347076900734 236
7 18 72 44.572165993262459 35.581101555160643 236
14 21 72 34.655010871351237 -58.939213300841274 236
19 13 71 33.640388117147083 64.589656025648736 236
14 21 72 6.512552899559285 44.093789212864181 236
14 21 72 7.298622814835046 86.086432545813565 236
2 12 71 -24.506406861050223 94.886437506951808 236
2 12 71 40.131205488920159 89.406299252379654 236
2 12 71 60.587652578548720 7.344216623434361 236
2 12 71 36.597394379213341 6.660468475925386 236
19 13 71 21.027256039273226 -27.789826497297707 236
14 21 72 3.983140054871445 1.629522752987558 236
1 30 74 -50.593317482803045 61.970285025036773 236
1 30 74 -79.449940757723880 9.365196933015696 236
10 14 69 -22.498603736175678 24.514392116506706 236
17 16 52 -86.816085324554422 -36.041189338306900 236
20 15 65 -56.542841702405795 -29.368055097634212 236
17 16 52 -64.787169959703704 -59.251680238937254 236
1 30 74 -19.058170952526815 -54.265835295337922 236
10 14 69 -28.541164682468054 -11.299885638453857 236
2 12 71 -45.843359542195735 -86.616317087976967 236
2 12 71 -24.506406861050245 94.886437506951808 310
20 15 65 -48.168678594102474 81.882711255173120 310
17 16 52 3.477445867532563 93.935655478834988 310
20 15 65 -15.508491431097358 69.429856473446620 310
20 15 65 -40.525657291884272 52.872640152643243 310
17 16 52 -70.581284616497939 60.466010031948230 310
20 15 65 -88.304821877497346 35.032248474562209 310
20 15 65 -94.825854161531510 5.749554985906059 310
17 16 52 -90.624380040321611 -24.964409512491141 310
17 16 52 -65.707383070810636 -4.885981734864208 310
12 12 48 -61.323026249977843 34.040933834919755 310
12 12 48 11.388757185701197 67.076557332638473 310
12 12 48 -46.315532441911316 15.311942148209946 310
12 12 48 -1.111183426569324 46.588719850617338 310
2 12 71 -21.417901048751922 33.796643419758304 310
10 14 69 -21.425367694828992 7.796644491889161 310
10 14 69 33.226892921067829 90.066495362103950 310
1 30 74 58.791170918762234 54.254937305289417 310
10 14 69 92.439234917786450 25.903433127952177 310
15 30 74 78.423318412327021 -15.804528755985405 310
10 14 69 44.775254413302804 12.546975421351835 310
13 33 91 16.047582260922056 -24.651423102043335 310
10 14 69 -30.569992666600310 -18.667970263018127 310
11 18 76 -56.381925470613005 -37.582095273737849 310
8 27 84 75.079940953553987 -35.383646878337004 401
10 14 69 95.999921949423680 -0.122416112346265 401
15 30 74 71.296331505263538 36.288195241587367 401
9 13 91 58.531893536790832 77.349967285046631 401
11 18 76 31.213867768913676 62.696453435269852 401
11 18 76 24.126227776372733 27.401052044491845 401
11 18 76 -2.896666468539163 51.186829026299854 401
15 30 74 -49.448761962979070 62.887359145766609 401
11 18 76 -24.124454617307258 22.111392480806323 401
10 14 69 -87.165128885477372 40.227357685760559 401
11 18 76 -91.603092504539177 8.536594379776840 401
15 30 74 -51.264719377720979 -17.479086535424905 401
15 30 74 -30.738667989946457 -73.858880916270607 401
15 30 74 29.258343717522060 -74.457701568792316 401
15 30 74 8.752789759091549 -18.070448959200721 401
9 13 91 49.577668495763831 -4.567513125242051 401
8 27 84 72.746932111230180 39.961029371176963 492
8 27 84 32.765962094688341 76.258715751115602 492
18 27 83 21.321728599331980 23.485336858877105 492
15 30 74 78.221375428403832 -16.775470964736012 492
15 30 74 20.602355963592412 -33.510123513076636 492
18 27 83 -26.554822055386165 -1.491370238060387 492
18 27 83 -24.247009576858037 52.459292422966776 492