11 11 83 99.000000000000000 0.000000000000000 0
11 11 83 96.555555555555557 21.863775779997951 0
11 11 83 78.843192529652626 8.814936902970350 0
11 11 83 81.287636974097069 -13.048838877027592 0
11 11 83 76.398748085208183 30.678712682968296 0
11 11 83 84.861216147439819 50.986017632067515 0
11 11 83 63.043340148006621 48.161077478124973 0
17 18 83 48.398268067833115 23.130658708825038 0
9 22 79 48.509520136136835 -16.869186578091995 0
17 18 83 16.294421523291803 6.841305221207948 0
17 18 83 18.239350864061414 42.788728631786540 0
17 18 83 42.895825834861903 69.019592933488255 0
13 28 78 47.475691903896639 -66.858497427374800 0
9 22 79 8.605766813793558 -35.408077342902544 0
9 22 79 -22.208457699877378 -3.999741385372394 0
9 22 79 -21.663099866847411 39.996878767020590 0
9 22 79 -55.051527474789495 68.653691253220302 0
9 22 79 -81.406911900364321 33.420273709925283 0
13 28 78 -11.493060400320655 -81.190575577677620 0
13 28 78 -80.308856243676431 -16.567667573696468 0
8 17 75 -17.384119208118371 78.761428609914717 0
8 17 75 14.760865311895792 89.838430469987230 0
8 17 75 -32.774882958732690 -41.541060718195858 0
18 16 68 -72.472570896340926 -59.864233626388625 0
3 14 57 88.602132246115488 -36.954866546124379 0
3 14 57 92.888888888888886 24.241582476968254 83
3 14 57 81.943013331181007 50.013423860058701 83
16 17 59 61.958311390995334 26.315076061911689 83
7 24 54 85.021660994264579 -12.935113520041018 83
7 24 54 46.771005616419281 64.398481152705884 83
7 24 54 37.447974862978455 -6.551980442791647 83
7 24 54 10.385662161291293 33.091824006782836 83
3 14 57 9.362673156178346 71.078051688607445 83
13 28 78 -31.916918463167534 63.332387369775283 83
16 17 59 -75.887051263133827 53.760166020823419 83
16 17 59 -90.138728946506120 22.891254747354949 83
16 17 59 -92.342728209001862 -11.037234568423891 83
16 17 59 -61.857794918260623 4.018290738222050 83
3 14 57 -4.679024327801544 95.302641092112168 83
3 14 57 -73.868411829257298 61.314417014461114 161
3 14 57 -53.034255862221670 80.021045388950071 161
3 14 57 -47.250918454277269 52.624822867845616 161
7 24 54 -82.493675367863545 24.306244553643879 161
7 24 54 -15.577317737235184 73.619655985005465 161
7 24 54 -35.113846937326656 16.615220051479717 161
2 14 52 -95.312776377848451 -11.466239974213615 161
2 14 52 -63.524422219391177 -8.620453352298206 161
12 28 98 -64.519478393737458 -50.608664355029617 161
7 24 54 -23.601602802097222 -82.698031084010921 161
7 24 54 -14.756723970702051 -35.519984086938877 161
2 14 52 9.778171179871098 -64.537890971316017 161
16 17 59 30.011186324256151 -88.024591424276323 161
7 24 54 60.740303685077002 -60.881980160344831 161
2 14 52 89.141059594930368 -35.635256338253996 161
7 24 54 85.971023564912571 2.232287436968484 161
15 15 41 85.586533794487593 41.230392103944780 161
15 15 41 55.591404408802312 -22.223360988900307 161
2 14 52 48.139136289471288 5.802764320845998 161
7 24 54 46.669592276870986 43.774338430896137 161
14 23 98 11.694722093702154 12.377547899529912 161
2 14 52 -42.235879460107704 -86.209805046939138 259
7 24 54 -4.237178867689884 -85.895554688488986 259
7 24 54 -34.859689934026996 -48.932575696096322 259
7 24 54 12.462444406104140 -40.894192681174616 259
7 24 54 51.421180014643731 -68.933752588275681 259
15 15 41 -71.332702692510850 -62.742693013464553 259
12 28 98 58.889143856679325 -17.472801216832408 259
15 15 41 94.798707810889056 6.181019121931499 259
18 16 68 70.201347244466859 25.048182479612436 259
8 17 75 37.339494473060753 22.031788534778826 259
18 16 68 52.192957301586262 51.499985663235989 259
12 28 98 -78.270819434501917 -20.306122274601790 259
18 16 68 -91.468584063825958 21.667905513888602 259
18 16 68 -59.541519289282007 19.508615148496531 259
18 16 68 -35.763471628595269 -8.942787266441393 259
18 16 68 -4.077067465806547 -4.473806260394767 259
15 15 41 5.478999327619436 25.016558054743516 259
12 28 98 11.254912090623439 67.626871732938469 259
4 15 99 94.798707810889056 6.181019121931499 357
4 15 99 91.999318468602780 -23.688085640519873 357
4 15 99 80.025481855209293 -51.194943635495576 357
14 23 98 58.637169304566704 -5.495587099730946 357
4 15 99 75.059742128459177 28.772460726837011 357
14 23 98 42.126186239313164 -48.430275152853106 357
4 15 99 22.148417797310024 -16.105535895162205 357
14 23 98 37.648749612811393 35.437116681509032 357
20 16 97 68.648181303980948 59.102180273743741 357
15 15 41 47.836182946477273 82.077400063057283 357
12 28 98 5.427727327532224 74.969454367149922 357
6 19 119 -3.838111960582854 28.891865212694118 357
12 28 98 -45.244397346837900 51.129660303754775 357
12 28 98 -81.558278607567871 8.499834737824948 357
15 15 41 -88.747594871972552 -33.894902337080552 357
15 15 41 -38.558550021966418 8.652614201789198 357
14 23 98 -50.786721253294402 -32.170931888741841 357
6 19 119 -8.837791702001166 -30.100349965552599 357
5 16 92 -24.797740908730983 -61.249668117297176 357
5 16 92 -51.780390016835128 -78.452477396857518 357
12 28 98 -42.714124587174211 2.478693455839369 476
12 28 98 -60.198075633710005 55.679365028690214 476
20 16 97 -31.118070277731466 88.699863033660691 476
14 23 98 -9.203733585896988 56.439022261031766 476
14 23 98 7.097468790229911 13.424248042252518 476
14 23 98 -4.352719400190525 -31.127892090449933 476
14 23 98 -47.011186473985617 -48.339957245855899 476
20 16 97 -85.094889049735741 -39.935696533466952 476
15 15 41 -91.359068855857259 26.048426781491667 476
5 16 92 -93.874831916115781 -4.849322913666374 476