14 11 100 99.000000000000000 0.000000000000000 0
14 11 100 96.555555555555557 21.863775779997951 0
14 11 100 78.843192529652626 8.814936902970350 0
14 11 100 81.287636974097069 -13.048838877027592 0
14 11 100 76.398748085208183 30.678712682968296 0
14 11 100 84.861216147439819 50.986017632067515 0
14 11 100 63.043340148006621 48.161077478124973 0
14 11 100 61.130829503749695 -4.233901974057249 0
14 11 100 58.686385059305252 17.629873805940697 0
15 24 103 29.759999310757337 37.334294820682643 0
2 15 90 59.649623878065348 73.938639230143650 0
13 37 88 16.634863545235113 -22.236929869906099 0
6 14 86 88.602132246115488 -36.954866546124379 0
8 11 81 65.228357091938193 -28.085445198484816 0
10 16 90 -8.160580452291963 24.605208819157813 0
13 37 88 -56.611093851193843 46.088871248614048 0
2 15 90 -5.467609029245631 55.488018032612729 0
10 16 90 18.120058319291260 75.603234885899866 0
2 15 90 -29.331242102474192 90.358609090257943 0
2 15 90 58.426379692228295 -53.179928724826546 0
10 16 90 34.026746054393996 -72.302111611188280 0
20 22 88 -87.912498198796129 -3.923348116936054 0
2 15 90 -50.950602733475094 -5.602122554042012 0
10 16 90 -64.208645006744518 -33.623976794620042 0
8 11 81 -91.023988547240762 -36.776333183920997 0
8 11 81 -81.290170940308698 -56.505823668851974 0
20 22 88 -50.824847415555183 -69.189043391465816 0
2 15 90 -33.349517319148170 -36.575965676818711 0
4 17 76 1.067636210628397 -73.944390000071778 0
19 13 65 -23.537816234216521 -91.107481504357253 0
8 11 81 15.852799844410686 -97.722508855908174 0
16 20 79 68.227725760029202 58.693930159891714 103
16 20 79 86.923118124921658 23.331770945235110 103
16 20 79 88.448511847854249 -16.639133147492618 103
16 20 79 53.069996629854352 2.025289184038301 103
16 20 79 34.374604264961910 37.387448398694886 103
16 20 79 32.849210542029297 77.358352491422622 103
7 31 80 2.247070250531060 -2.220903727486640 103
16 20 79 -4.083977036143281 48.384608227772674 103
16 20 79 -5.609370759075894 88.355512320500395 103
12 22 67 -45.530606576604619 75.305802331337318 103
4 17 76 -76.959224594492838 52.213769733801158 103
7 31 80 -78.885466299754398 4.252435381086251 103
4 17 76 -82.126255112078027 -43.638036404791144 103
4 17 76 -49.589599602032067 -33.770612819042114 103
11 20 75 -56.320379446984596 -70.153254321258260 103
4 17 76 -36.294734595311233 26.389046975459490 103
11 20 75 -19.295915218835788 -55.014263317280168 103
8 11 81 -28.843806299020869 -84.507275640895443 103
12 22 67 53.526220162502220 -39.972232886772716 103
4 17 76 17.702199257266507 -55.387794056617814 103
11 20 75 1.984866051565291 -88.883546576914512 103
8 11 81 -11.708533373176110 -98.305189314955399 184
6 14 86 13.085663627673403 -95.103971564931953 184
6 14 86 -35.057232426719928 -89.369963939675699 184
6 14 86 -59.353652597362924 -75.452925214013760 184
6 14 86 -78.600890515799662 -55.117148058687462 184
20 22 88 43.799917407880820 -76.325403602357838 184
1 34 109 -6.165873467036522 -51.038653272510629 184
17 25 89 48.798094294419556 -29.591922801000123 184
17 25 89 12.598067576998531 4.898047707221608 184
17 25 89 -83.400207148865135 -16.413575098874279 184
20 22 88 87.928102454943371 -3.556514961725938 184
20 22 88 78.658880050238210 39.456058967441706 184
20 22 88 49.724937632973493 72.604618154748920 184
20 22 88 8.359760807465399 87.602022803368911 184
13 37 88 -60.312133061705808 41.127200312531528 184
10 16 90 -42.400565957149936 -16.585103961199913 184
10 16 90 -8.827729519527370 53.711165979447657 184
10 16 90 21.913903505318558 44.825672241579042 184
19 13 65 75.323388281424926 -61.117813915467380 184
19 13 65 -26.155464020332857 93.407128753008323 184
19 13 65 56.683063263338823 12.215216899902181 184
19 13 65 -27.010559228698263 -93.163456838789429 293
3 17 66 2.988695278402641 -92.951964479148330 293
19 13 65 -15.909362709681025 -69.652535209764338 293
3 17 66 12.609106996418134 -60.341418970434887 293
3 17 66 36.040461979224759 -84.978212667458521 293
12 22 67 65.209572863804823 -59.090706603662561 293
3 17 66 88.698266273364922 -27.957424060511279 293
3 17 66 55.344700599835420 -21.358965387339570 293
3 17 66 77.735916273388625 4.226840456143748 293
12 22 67 40.126833719047859 14.549481078619229 293
12 22 67 73.678337690597772 43.015189944675448 293
18 22 60 -53.281178245325641 -70.036533643448095 293
18 22 60 -80.527322018056182 -35.487327436710189 293
18 22 60 -87.641635286272674 7.933710629205265 293
3 17 66 -80.653999835489955 46.302616670516436 293
3 17 66 -58.621391318997304 72.197870327489483 293
3 17 66 -47.211748072863095 40.169444812082958 293
18 22 60 -19.852064603938025 67.962388529512893 293
11 20 75 -12.806571158718057 26.557545550540461 293
11 20 75 -45.292331547900645 3.219264295559075 293
11 20 75 -31.294220437673179 -34.251429390917117 293
11 20 75 7.295833660546901 -23.724904575174385 293
4 17 76 10.541563230765007 92.400624698384931 293
11 20 75 44.677717794422527 78.127469770125927 293
4 17 76 16.582556722594518 54.051300549337483 293
10 16 90 42.423236135299007 83.882471564735511 369
17 25 89 67.602844978381540 51.525288459444013 369
17 25 89 17.603611964402759 51.248344396762050 369
13 37 88 72.269873134760388 -10.298807556491134 369
13 37 88 -1.683609070346243 -7.675361399434571 369
15 24 103 -31.089084180681354 45.769170907766537 369
15 24 103 -78.090043727979292 36.027004740365001 369
10 16 90 -93.997584937188336 -0.673814496776238 369
10 16 90 -63.285550402768322 69.504957450664406 472
15 24 103 -25.346842195008733 82.179909897378963 472
13 37 88 -38.556985177911521 22.627478189082915 472
13 37 88 -53.290673232895728 -49.890922484804094 472
1 34 109 25.234665534936042 53.798382881280325 472
15 24 103 79.396179351259363 33.049155880637194 472
1 34 109 42.750094258930375 -11.907094490204273 472
5 26 111 8.669747001326993 -61.288568048626644 472