13 12 115 98.000000000000000 0.000000000000000 0
15 14 102 92.571428571428569 25.426966241470851 0
6 23 102 63.130254527808823 3.016761625419454 0
2 28 97 61.711596371080560 53.997026523067333 0
6 23 102 76.780686449185978 -40.911198813916307 0
15 14 102 42.278225948579149 -27.547807799504376 0
6 23 102 17.249806190325028 -0.297519646814415 0
6 23 102 11.452453749640803 45.335699664105277 0
15 14 102 27.667286506633403 78.593468661179628 0
15 14 102 5.606245835468634 95.836162316905671 0
6 23 102 -24.387617361091845 74.171255888628281 0
15 14 102 -61.385844586200221 73.809065055986679 0
20 19 98 -78.687632006646226 45.708386201950134 0
2 28 97 -81.991576223547611 -1.175341813338967 0
20 19 98 -45.096937128976563 27.941416352386664 0
15 14 102 -40.138382056838395 -4.683922444269118 0
20 19 98 -50.459564537625816 -36.028350851855159 0
15 14 102 -82.677580846482059 -43.169739030793018 0
10 16 88 57.165734312375776 -74.619560575809231 0
10 16 88 31.478467777494355 -55.536470208524342 0
15 14 102 8.500957578729114 -36.248286647969984 0
19 15 95 -16.194439342255279 -21.045083994744758 0
19 15 95 -19.846664148535893 -50.821941685985259 0
20 19 98 -45.051178310380600 -73.641504912860796 0
13 12 115 95.061224489795919 23.819395426849606 115
2 28 97 64.910967510706541 50.105551556928290 115
11 36 109 65.366306460765642 -13.892828629140162 115
11 36 109 5.550264447458446 26.182614198884455 115
11 36 109 0.751933897131849 -45.657319152489151 115
11 36 109 -59.064108116175341 -5.581876324464548 115
20 19 98 -41.326680502793280 -81.074690740206009 115
20 19 98 -78.620441059668835 45.823861116051091 115
2 28 97 -38.998581103266247 72.132590913760794 115
20 19 98 7.126307730365845 81.160028539415265 115
19 15 95 40.809884912581765 85.787838843403833 115
10 16 88 -70.664456956658228 -61.988180510647318 115
5 18 77 39.819805900389760 -82.936017857474241 115
7 14 72 67.996492638830617 -67.767816762955079 115
13 12 115 11.374141858486851 -92.467240088394675 115
13 12 115 -12.623748619108573 -92.785442265217370 115
13 12 115 98.000000000000000 0.000000000000000 230
2 28 97 75.142857142857139 32.826072265931600 230
5 18 77 54.650157204294473 74.009190764025391 230
2 28 97 20.179270559258626 43.550071047508808 230
7 14 72 24.710126526163037 85.304967098237597 230
3 19 71 -8.026697085814860 81.145594573655742 230
10 16 88 -42.939152504552979 83.619550239108207 230
1 14 87 -68.249085108553757 67.513423715920254 230
10 16 88 -42.805152544819308 51.619830802669526 230
1 14 87 -84.827026959301591 44.948587266408268 230
9 28 84 -81.943343389362312 3.047699816755571 230
9 28 84 -64.790860391961431 -50.260764117444168 230
1 14 87 -43.566764607420254 -14.018002659069866 230
9 28 84 -9.906651555376229 -39.137652125645140 230
8 19 84 -29.850751157324428 -81.696233998959130 230
8 19 84 7.060895073755095 -90.725651062736503 230
14 20 71 23.173094782732104 -4.356473563002847 230
1 14 87 -10.051778987768202 2.862097135848881 230
1 14 87 -19.323120142562278 29.282586025939885 230
4 23 63 45.621135065047937 -74.079093105792367 230
9 28 84 72.137334009282966 -30.514300055098907 230
13 12 115 -44.713399081333186 23.684931569704986 230
13 12 115 32.389700996341496 -35.000464326336150 230
1 14 87 92.571428571428569 25.426966241470851 345
8 19 84 74.123689831103604 52.789000803409294 345
8 19 84 90.688810168896367 -7.519289205096182 345
9 28 84 48.571956349657562 13.341454414652119 345
9 28 84 28.958934053292325 65.794570207732335 345
14 20 71 2.247607174360382 25.913434110990458 345
16 22 69 -16.587612352149542 86.422515101417972 345
18 19 78 -55.118198696598554 72.408453736026445 345
4 23 63 -78.495625770853707 37.515819794349255 345
18 19 78 -36.532024520562956 39.264010317889714 345
18 19 78 -52.297006923563536 4.688508443974968 345
18 19 78 -89.508024255978526 -3.014749898227500 345
4 23 63 60.129862083792631 -36.331624964835193 345
11 36 109 1.461895032916971 -30.081053621560404 345
7 14 72 -48.498531942694640 -28.092150301994632 345
18 19 78 -79.409009772053082 -39.648203276983153 345
16 22 69 -2.010113325820896 -87.977039302407519 345
18 19 78 36.083936002767054 -72.816452052861152 345
18 19 78 -42.332553985514195 -80.554049389608750 345
16 22 69 -2.010113325820896 -87.977039302407519 454
16 22 69 -44.350550168450752 -76.006767460244831 454
16 22 69 -75.603349468967906 -45.034803753020931 454
14 20 71 -89.830687324364916 -5.517935740128152 454
14 20 71 -83.349616458330985 33.953518760934337 454
3 19 71 -53.551224069369809 8.792918389848174 454
14 20 71 -37.740224852691483 -26.858341107821715 454
3 19 71 -4.371141900822771 -47.045076924969216 454
14 20 71 31.415784216761324 -62.546558114022652 454
7 14 72 64.265425876473415 -71.315882080470004 454
3 19 71 62.034833538067069 -38.391355389569142 454
14 20 71 26.251615314283793 -22.881316912856555 454
3 19 71 90.099344577768662 -12.771378416463424 454
14 20 71 86.154016867319285 26.028549280082096 454
3 19 71 67.956049329436837 60.522519441404192 454
3 19 71 47.243153556450309 28.663832263533902 454
7 14 72 34.978696820535482 59.300135907623755 454
7 14 72 57.875910862116960 -5.654474625277196 454
4 23 63 5.953204826331707 36.354094538916769 454
7 14 72 -30.872321672201519 32.765139523062224 454
3 19 71 -24.607141766014696 65.164946941365088 454
3 19 71 9.998470751410228 80.863723399861570 454
5 18 77 -61.460212888009480 68.459055148026636 454