3 12 54 98.000000000000000 0.000000000000000 0
2 17 53 88.836734693877546 27.514261191782229 0
3 12 54 74.132513018557262 2.518544260214910 0
2 17 53 54.988819185027580 24.302000974154453 0
2 17 53 69.130877987420774 55.221285778781692 0
15 26 57 41.190421726043752 -16.423964055098182 0
2 17 53 21.096951860849060 21.592512225279417 0
3 12 54 36.170574587852336 46.367215006220512 0
20 23 61 31.582268610299231 81.065160885715315 0
9 15 94 -3.800409009602692 94.923953201284931 0
15 26 57 -9.473919285171252 54.318395931952715 0
15 26 57 -61.386122517403294 57.338852118597138 0
15 26 57 -83.376285924624938 10.217384470361786 0
15 26 57 -73.414992821049253 -40.819588791232164 0
20 23 61 -37.631702835734401 -7.344879564311822 0
15 26 57 -23.154650937677083 -54.157430961783803 0
3 12 54 -33.820302877501469 83.494646650218669 0
3 12 54 12.699697682561315 -41.569115545557167 0
20 23 61 20.907996975647173 -75.592986911336908 0
6 14 50 -11.971231517336131 -92.562263080525597 0
3 12 54 -37.758017097331496 -89.239359312532429 0
4 16 73 59.787963556566638 -72.535504504750364 0
6 14 50 81.079724478648842 -51.401150555861996 0
9 15 94 0.208236168963595 -17.632461868522292 0
3 12 54 23.198024796338469 95.214765900822684 94
2 17 53 -5.703338408727774 92.824953169907559 94
2 17 53 -38.686406606214902 84.571637940261112 94
2 17 53 -66.498763040864191 65.014725363066745 94
3 12 54 15.101278296654620 72.621786988783271 94
12 22 80 -13.730519286406366 54.601591425765676 94
20 23 61 29.003285143272638 40.501167355336193 94
15 26 57 77.377063571872412 32.692354350741020 94
15 26 57 43.113750256097291 -6.423184257656381 94
20 23 61 -5.712652464325888 10.321643236733415 94
20 23 61 -48.806765970947772 26.411931645534228 94
20 23 61 -86.996597313966447 0.769451617428750 94
9 15 94 -84.753951918260384 38.732638705980506 94
20 23 61 -75.228515433605040 -43.699776494346601 94
6 14 50 64.933943172659951 70.707729591960231 94
4 16 73 -50.344369498935961 -12.557745994789128 94
19 17 42 -35.268453294449003 -41.912758353759237 94
19 17 42 -48.329068346350319 -73.304163777315040 94
7 27 62 -4.329196575623470 -73.197936852316815 94
13 20 93 89.229086979996680 -11.754575139756682 94
6 14 50 67.640570887976395 -38.021207450439022 94
19 17 42 38.725811065414192 -49.198714525075246 94
19 17 42 38.519338814812386 -83.198087595908945 94
6 14 50 66.295504060220793 -69.432745454873427 94
4 16 73 10.231618566907496 -32.552964501178913 94
10 14 97 -71.214364094522892 64.377902626698926 188
8 22 98 -82.641210484196591 30.239549098931924 188
10 14 97 -95.946266203056581 -3.211541949313883 188
10 14 97 -67.952359694100977 -2.627420071746213 188
8 22 98 -41.079409543841358 44.683118692155290 188
10 14 97 -42.348353086981490 8.705489778004717 188
8 22 98 -41.726424335345939 -27.289137663155017 188
9 15 94 -81.419496669214681 -28.310804227529214 188
7 27 62 -34.066441854520122 -75.686706490457098 188
9 15 94 -71.488931433439888 -56.619528573532889 188
9 15 94 3.258520456527151 -94.944099576721428 188
1 22 89 37.030511670259976 -79.829450739928930 188
13 20 93 6.149609299068861 -51.362454608602341 188
13 20 93 43.994772544719979 -38.410867103202932 188
13 20 93 83.653584817835167 -33.197556342677643 188
13 20 93 59.309319124839902 -1.458672810504460 188
9 15 94 94.999959480403945 -0.087742359258499 188
9 15 94 90.290479936982351 29.540298453965974 188
1 22 89 54.892060048382803 40.308393428955753 188
13 20 93 41.202437279567874 80.014743405345470 188
1 22 89 17.533742458935620 -5.794707200491898 188
13 20 93 13.116483382478521 35.972359038968321 188
13 20 93 1.615199435973654 74.283199118270545 188
10 14 97 -27.399880774250416 92.006774389481038 188
10 14 97 69.394355776064359 -64.062980155324695 188
10 14 97 -95.946266203056581 -3.211541949313883 286
10 14 97 -90.938532781876546 -30.760091928984256 286
8 22 98 -82.641210484196591 30.239549098931935 286
10 14 97 -67.952359694100977 -2.627420071746213 286
10 14 97 -62.944626272920942 -30.175970051416588 286
8 22 98 -32.816991626039702 -10.469990487232486 286
9 15 94 -39.256467052600257 -46.905318895670398 286
4 16 73 -67.429580534054253 -59.838828734887109 286
7 27 62 -34.343569852725295 38.506223728627546 286
13 20 93 3.497693012528984 10.630807592491974 286
9 15 94 1.496284621146035 -24.311922187118860 286
1 22 89 -4.943190805414522 -60.747250595556778 286
18 17 72 -39.458516685649244 -78.904681013465577 286
6 14 50 -95.946266203056581 -3.211541949313872 384
6 14 50 -92.791904061823786 24.610212119794660 384
6 14 50 -70.274739330749114 7.967577338196916 384
19 17 42 -65.093588347490453 38.531537724388329 384
7 27 62 -29.538600636814287 12.611606225758418 384
4 16 73 -58.161213018862519 -19.478050369895882 384
18 17 72 -91.146027867146628 -18.477056151923346 457
7 27 62 -79.470777155157336 23.945679743020936 457
19 17 42 -57.424707317495589 -14.132802431468907 457
4 16 73 -67.631612114550535 65.283727243371914 457
7 27 62 -29.731983659653025 44.970722468579879 457
7 27 62 -14.056370513517081 -6.703982682902987 457
5 19 73 -70.230739734204334 -47.778092350597333 457
19 17 42 -40.319531054635966 83.805342404492606 530
19 17 42 -67.747317406108607 63.712643833669112 530
19 17 42 -86.120195800422991 35.104299954518467 530