19 11 120 99.000000000000000 0.000000000000000 0
19 11 120 96.555555555555557 21.863775779997951 0
19 11 120 78.843192529652626 8.814936902970350 0
19 11 120 81.287636974097069 -13.048838877027592 0
19 11 120 76.398748085208183 30.678712682968296 0
19 11 120 84.861216147439819 50.986017632067515 0
19 11 120 63.043340148006621 48.161077478124973 0
17 13 112 58.866765831498270 -4.487031987884347 0
15 18 112 46.862977440273298 24.094589104326175 0
15 18 112 35.905944001432836 58.386620514263555 0
3 30 104 59.038268178441811 -47.486689974256670 0
7 22 90 24.149636774036964 -8.927859614304420 0
15 18 112 11.186962762610634 28.913507729826954 0
11 33 92 3.340526173540631 -76.927504085885232 0
17 13 112 -2.740667126202872 -31.331242308726850 0
15 18 112 -15.414722635653408 -3.040460825293653 0
15 18 112 -24.701828184417923 31.740995017239843 0
15 18 112 -4.308756891126528 61.407856044769105 0
6 33 108 -74.343764851992319 20.050053058076220 0
6 33 108 -62.561280180830686 -44.889711762670096 0
20 18 94 17.015179228918893 90.412851275732734 0
20 18 94 -60.650541289717665 69.177394004575319 0
4 14 71 -35.639990928547263 89.139166737260169 0
14 12 73 63.050248667180220 71.161076440567626 0
14 12 73 95.333333333333329 22.705848487901886 120
4 14 71 95.943711225802957 -3.286985886755772 120
13 19 72 66.435025151886578 11.485875927769319 120
13 19 72 84.337525353419920 -34.178674890364775 120
4 14 71 54.828839279503555 -19.405813075839667 120
5 13 89 78.450714317867011 41.144318467230839 120
16 34 70 32.837180097304802 52.475933352568269 120
20 18 94 64.618544141031464 -65.486210404126808 120
13 19 72 33.874698414670405 -44.899419737446600 120
13 19 72 23.764868636431000 -8.268949608672337 120
16 34 70 -9.463455202425315 -75.408507581251669 120
14 12 73 33.386745026508976 -92.137534460907290 120
13 19 72 -11.490971889619038 -22.447303137969303 120
13 19 72 -6.141865966801943 15.174327154011440 120
16 34 70 -34.769669949035695 59.777565143587950 120
14 12 73 -80.593504410131274 55.755601036076648 120
14 12 73 2.360707818459008 86.931479167962692 120
4 14 71 -90.595424715722643 31.756401253571401 120
4 14 71 -64.357234205848044 21.981056821402944 120
16 34 70 -71.605549445619729 -25.468515633835199 120
8 16 48 85.636445346307795 -38.760794992477109 214
2 25 60 54.396953825011423 -65.314404342071256 214
18 19 52 55.289464393998742 -21.323457263334184 214
8 16 48 87.131984030108356 -6.795761533316515 214
18 19 52 60.810556453248097 16.273318429180907 214
2 25 60 18.784858352462969 3.241023959607817 214
18 19 52 34.986034846415983 44.149725726002018 214
18 19 52 70.590709435098148 57.427795895798965 214
9 26 89 6.834583510135978 -83.721493466391166 214
2 25 60 -11.856342534184510 -36.269946772887664 214
9 26 89 -54.966362262233559 -63.519280692219013 214
8 16 48 -50.213909219012635 -21.789025599876471 214
1 29 82 -80.132216553425366 11.824883518874152 214
1 29 82 -26.187717690772448 33.131949071343783 214
18 19 52 6.008629991543333 68.732443392623082 214
18 19 52 -27.440734319724072 86.764083006704553 214
8 16 48 35.952844727410053 86.852708397647234 214
20 18 94 -19.722779616604001 -89.861070348593501 303
12 23 93 20.918285164035918 -84.447766967493436 303
11 33 92 -55.429758025780828 -53.446626883306536 303
11 33 92 61.698479853020210 -46.068401142501770 303
12 23 93 5.932208483005468 -40.957336920064883 303
11 33 92 -76.458763045967871 9.113591689369095 303
11 33 92 74.710730300304732 18.636168543859196 303
20 18 94 28.912809269286342 -7.003073748828392 303
12 23 93 20.624344565696195 33.150398739330598 303
12 23 93 -25.361986393019556 32.029075879730769 303
12 23 93 -3.339914995919346 72.415068146617330 303
12 23 93 42.646415962796411 73.536391006217158 303
20 18 94 -69.997142186954193 59.702596975837807 303
20 18 94 -29.086391935398872 -9.777105898664235 303
7 22 90 -54.097972744381025 -69.407559710367337 397
7 22 90 -80.937516508727100 -34.541546308750114 397
7 22 90 -37.322891292064853 -28.730826283650803 397
7 22 90 -10.483347527718784 -63.596839685268023 397
9 26 89 -82.921483596348082 13.417434858443553 397
9 26 89 35.902240034781400 -75.940958385346576 397
9 26 89 73.725448068383287 -40.256158623446908 397
3 30 104 20.777141914549006 -22.022210190925897 397
12 23 93 64.539567426217147 7.875115999482801 397
9 26 89 -31.209010042421699 18.878211262441873 397
12 23 93 16.321045791497053 30.790129345797162 397
1 29 82 79.446711892106975 -15.786702300751358 501
1 29 82 48.524749598285702 -64.856369590223537 501