20 11 86 99.000000000000000 0.000000000000000 0
20 11 86 96.555555555555557 21.863775779997951 0
17 26 87 62.669479718877326 7.006660838297714 0
17 26 87 71.396223017109961 -44.255839602148541 0
17 26 87 31.664916580299749 -77.803168688445197 0
11 17 88 33.269507769765745 -24.372339295413557 0
17 26 87 10.947861271700546 12.380131337394433 0
14 30 82 50.864151611052165 61.748182814459412 0
10 34 88 -11.729884674939740 75.089345485978328 0
11 17 88 -62.363948334664286 68.990854090316375 0
11 17 88 -82.993744529702070 41.964727676210970 0
17 26 87 -43.764202602488396 24.356688597966489 0
17 26 87 -83.495730064546308 -9.190378718443434 0
16 35 108 -28.030387090918808 -34.579268588185094 0
11 17 88 -76.937255978863035 -52.246135191446491 0
15 16 63 -71.974176006489955 -60.462533755928590 108
10 34 88 -23.397753428814447 -72.308679523860775 108
14 30 82 40.515713879836497 -68.981714452507077 108
13 13 74 80.734309065614397 -53.767753716310771 108
13 13 74 92.116044467123473 -30.391353239547097 108
13 13 74 64.613626176932016 -33.368646304403171 108
13 13 74 9.726198206848718 -38.964957055632240 108
3 23 67 74.787657412618827 1.163789005248375 108
6 20 66 35.332829816872085 -18.149087686601497 108
6 20 66 37.070242387305242 21.813161969293766 108
6 20 66 70.393807785988372 43.938712564017706 108
15 16 63 54.789746574833451 76.381173532916648 108
3 23 67 16.836303645596026 85.355368194117062 108
6 20 66 -55.154249226394590 -28.633458005724492 108
5 13 73 -22.320916543181522 -25.321017075918764 108
5 13 73 1.265073513116550 -14.380218518948229 108
3 23 67 -86.999609363818365 0.260711608884286 108
5 13 73 -87.380571045588923 -35.737272615194463 108
3 23 67 -42.660968213527838 12.511625899081722 108
5 13 73 -6.725231596262711 10.361548278494261 108
5 13 73 6.030531919565363 33.017463557473164 108
6 20 66 -15.997294241401111 57.589294474648241 108
15 16 63 -38.314842770078045 85.836896632533254 108
3 23 67 -65.208189348169100 57.592465148952662 108
18 12 107 23.574334518615991 50.827993879884801 108
8 21 93 35.862083969807458 81.454962607213062 215
8 21 93 69.222899972884704 55.939164449819941 215
8 21 93 87.167834704384035 17.965761685750582 215
8 21 93 45.309435876812103 21.411693721053169 215
9 14 95 23.436204637124735 48.734976011714458 215
8 21 93 -4.495736281402767 69.825416417829487 215
9 14 95 -32.986307674741113 90.154886201399606 215
8 21 93 -44.525238676833688 57.111686124395156 215
16 35 108 -10.049399640515624 12.961881287309158 215
9 14 95 -79.385001293841739 53.981678091522362 215
2 20 97 -64.419537893165540 21.261764803825177 215
8 21 93 -88.165105127635215 -12.161999746465689 215
4 19 98 -75.881628661079432 -50.229258721805252 215
12 34 100 -23.078808078087405 -54.796767723477153 215
9 14 95 1.565573340260343 -95.987233422556073 215
9 14 95 20.355650381657252 -75.228307516373718 215
2 20 97 54.188237763518330 -71.858436443359977 215
2 20 97 79.974842464611044 -41.279832518563424 215
2 20 97 40.599692302928325 -34.237279732468181 215
18 12 107 -47.304168072387455 -15.692651148024808 215
18 12 107 96.286577993508757 -13.749353335750490 215
18 12 107 70.724832069704320 -10.645908387069634 215
14 30 82 -68.676106462789519 41.031602468239043 323
14 30 82 -77.888936659011065 -18.256876680543215 323
14 30 82 -21.937192466310869 3.408817903167680 323
7 36 82 -8.443999509716761 68.014806354983193 323
7 36 82 -28.685105901431807 -62.245318785026726 323
7 36 82 35.360055679994765 -29.348247821049373 323
14 30 82 76.942673813517459 21.904906902944266 323
6 20 66 29.471568365266073 -85.037795468200187 323
15 16 63 66.282829661800719 66.652730566907081 323
15 16 63 30.946072509626134 22.464074579820704 323
11 17 88 88.064644609981528 -23.760197559901325 323
18 12 107 -54.532336575394822 81.426189077150454 323
18 12 107 -76.669937134335669 -61.038682323728253 323
18 12 107 44.698055085752131 48.817442329786637 323
18 12 107 -72.688094743640661 65.730060722165149 430
19 15 101 -50.190850692383833 80.659026195304591 430
19 15 101 -85.285710731103023 41.849104471787882 430
12 34 100 -75.745600482995698 -6.213212331025087 430
12 34 100 -24.756619092086630 38.777050801318651 430
12 34 100 -11.288398991985041 -27.875833962472466 430
11 17 88 -73.362259025732882 -57.157492515341104 430
10 34 88 39.700582398924034 17.114429169871265 430
4 19 98 41.105705654863158 -35.866941411075572 430
4 19 98 76.874685375571474 -48.695818592635831 430
4 19 98 47.880061973955620 -73.258225107439515 430
2 20 97 12.269107445417355 -89.159794764752590 430
2 20 97 89.235411852033423 -11.706462813248539 430
19 15 101 92.130253032295741 23.173615950152470 430
19 15 101 80.310313980401276 50.746955262058478 430
3 23 67 -37.200179471994019 -78.645703298091462 430
1 19 43 -44.777615588108716 79.220989278369672 537