9 11 117 99.000000000000000 0.000000000000000 0
9 11 117 96.555555555555557 21.863775779997951 0
9 11 117 78.843192529652626 8.814936902970350 0
9 11 117 81.287636974097069 -13.048838877027592 0
9 11 117 76.398748085208183 30.678712682968296 0
9 11 117 84.861216147439819 50.986017632067515 0
9 11 117 63.043340148006621 48.161077478124973 0
9 11 117 61.130829503749695 -4.233901974057249 0
20 19 104 47.509911406458045 22.495680704818845 0
3 27 108 56.635310956622114 -41.967048052703170 0
12 24 106 25.290130001937658 -82.197380277506980 0
10 36 109 -5.330583696187787 -30.599203055657050 0
10 36 109 -73.596811722525587 -7.714227393532090 0
10 36 109 -45.318300263180326 58.500014198769478 0
3 27 108 17.673877427437112 57.507265593291237 0
19 13 94 9.082893705258712 96.573811366948604 0
19 13 94 -50.029417712343133 -50.674417565001498 0
19 13 94 -70.832404531186299 -66.270434345418153 0
2 11 71 93.469393011437475 -32.626255839023941 0
2 11 71 -92.483590787107644 35.324006498737070 0
17 15 70 59.649623878065348 73.938639230143650 0
17 15 70 -47.753809627310012 -82.125353369581518 0
17 15 70 -11.898044356003467 19.976170996165585 0
19 13 94 94.111111111111114 23.496782022908963 117
11 17 95 78.844068126404551 49.321525942319326 117
19 13 94 68.206575556546298 21.270790625286892 117
19 13 94 50.291978865563898 40.114018199124736 117
11 17 95 51.909248955109057 70.070393771904946 117
11 17 95 92.774429529504090 -6.473424555448037 117
11 17 95 84.247697487011962 -39.386869235024484 117
11 17 95 60.007184289691054 -15.545780335175305 117
8 28 98 10.910548223371705 51.520284922913277 117
20 19 104 36.145970376378330 11.410526358864434 117
5 29 96 17.347714749515085 -32.755360764424559 117
5 29 96 -24.797668729167448 7.091428961158023 117
5 29 96 -80.484268463339106 -9.125926250039431 117
5 29 96 -53.749602884293374 -60.596866171286138 117
8 28 98 -44.342577647623145 60.635770729166254 117
11 17 95 -84.136161568936188 39.624567082125523 117
15 13 93 -11.840864364785965 85.628542357784099 117
7 24 73 -7.076148242800564 -85.708390056317768 117
15 13 93 29.301028612031971 -92.468641832119957 117
13 17 66 54.126880893800305 -75.625926537850475 117
3 27 108 82.143434466042322 11.893534971698303 221
3 27 108 72.075552657467910 -41.159624744652021 221
10 36 109 21.186552970968577 -4.020565643653363 221
10 36 109 3.841912287338344 -73.900201014451909 221
10 36 109 -48.003306809151695 -23.939483877515766 221
12 24 106 -82.168688655074988 25.383195321025912 221
12 24 106 -26.687655741666497 32.146548426162283 221
4 28 104 55.740348005729906 60.141612916516650 221
15 13 93 52.208888441376608 -81.751036493220639 221
15 13 93 -95.984476532935133 -13.999295150057542 221
15 13 93 8.581610155896531 43.330415514383517 221
20 19 104 11.225061116843678 75.221043714797943 221
13 17 66 -48.901901267697198 -79.105019135351924 221
15 13 93 52.208888441376608 -81.751036493220639 330
8 28 98 68.979408351988297 -44.337808058243553 330
5 29 96 80.171937659862294 11.552506735040460 330
5 29 96 14.922955900383393 -62.418182732109656 330
15 13 93 44.858335700188782 -11.184017111707595 330
15 13 93 38.240982198442524 13.959781977390428 330
8 28 98 42.916630263869834 54.692303568476163 330
8 28 98 -6.100180248281674 81.772781540916625 330
1 18 86 0.759212502794743 36.287083447048921 330
15 13 93 -28.233675662959786 47.260343482610416 330
8 28 98 -69.113843892283953 44.127956925661138 330
8 28 98 -81.321707228670121 -10.525204673281323 330
8 28 98 -40.420270482943572 -48.775335027769394 330
1 18 86 -39.598968038721964 8.845211803592996 330
1 18 86 -11.185202790008443 -13.260397086256653 330
6 13 58 -52.457109965495462 81.591982535466784 330
6 13 58 -81.327949707586853 -51.525204198055185 330
6 13 58 19.563609926809725 -17.198736394396803 330
6 13 58 52.208888441376622 -81.751036493220624 428
13 17 66 71.836926975129671 -59.063151988104110 428
13 17 66 88.265328834745787 -29.295592257098914 428
13 17 66 92.896445443700998 4.387530504222671 428
18 15 68 63.722674947458430 -8.761276096855870 428
16 31 68 57.508186337770709 36.817009646687204 428
16 31 68 17.766592020088986 -10.770863609939930 428
16 31 68 -3.574917973383357 47.440303284381301 428
16 31 68 9.261413350860991 -72.184721458185479 428
14 21 82 -47.507573152290767 75.259753475411685 428
18 15 68 -16.503316857958076 93.555547845575873 428
18 15 68 13.492820782636240 94.036927785459156 428
16 31 68 -73.087650339449084 29.986586465592026 428
6 13 58 -96.738599641982873 -7.116413373895028 428
7 24 73 -63.943633273777507 -24.247968496191397 428
18 15 68 -25.080181776986400 -27.508664396848999 428
18 15 68 -38.893531380054256 -54.139311642896651 428
18 15 68 -64.530600505078155 -69.719449212210549 428
18 15 68 -35.923466260001689 2.878959831949809 428
6 13 58 -42.609835335665451 -87.140128142363181 428
6 13 58 -19.795563867084603 94.958599669456873 510
16 31 68 -48.952053519961950 62.005616327706804 510
18 15 68 -87.523541666194248 36.940894063435422 510
18 15 68 -94.678699258269120 7.806657848415572 510
7 24 73 -81.056669926412283 -28.737018990157093 510