12 12 85 98.000000000000000 0.000000000000000 0
6 15 81 91.326530612244895 26.162278309250819 0
6 15 81 78.614717174874443 53.335975134185944 0
6 15 81 61.437512128429326 28.740373356787195 0
6 15 81 48.725698691058874 55.914070181722302 0
18 20 76 26.438013938517201 28.927793884846484 0
18 20 76 15.683137893779119 67.454831679910868 0
2 31 87 58.577031702566416 -17.170601929447521 0
12 12 85 18.331385084607245 -2.028345548631890 0
12 12 85 -0.911457528313520 12.314353227203878 0
12 12 85 -4.770222441142007 36.002112372963609 0
12 12 85 -14.823978099463130 57.794817509379698 0
12 12 85 -12.960156333565241 81.722336570598003 0
16 15 49 -39.556632215947317 86.372871017075028 0
16 15 49 -64.517775791197721 69.731317261017963 0
16 15 49 -83.045013747381304 46.135947933225026 0
18 20 76 -48.909691666388923 38.404209032633844 0
18 20 76 -78.453650328444539 11.438406493589142 0
10 18 43 64.257839127693472 -65.840186137642917 0
10 18 43 29.467418379827699 -56.586720614582319 0
10 18 43 -41.899377373006473 1.056444795560726 0
10 18 43 -66.965344865223443 -24.783394090916925 0
10 18 43 5.931606911057369 -29.345839966069889 0
2 31 87 -14.797312375068348 -77.601801180608234 0
16 15 49 -60.583823726255723 -73.175134456357341 0
1 16 91 -28.062091196987911 -30.000430631355059 0
8 28 118 -37.319142875872103 -73.015625553782968 91
8 28 118 -75.483760442989166 -32.034386358808632 91
8 28 118 -78.443578374589563 23.887339989827787 91
8 28 118 -20.910657438016329 -19.473477617454570 91
19 29 114 18.354771141742255 -60.792070507918275 91
5 33 110 37.477436730132766 -1.814755709814882 91
4 22 114 67.668838136748917 -47.787348426612759 91
15 28 112 61.474502692253992 54.266799414928258 91
4 22 114 22.162925935987673 85.163400084519438 91
7 18 108 90.749365959588033 -15.117955481240330 91
1 16 91 -66.656420614539996 66.279118814733252 91
15 28 112 -22.763112389398838 63.216849549505916 91
9 15 96 17.619384599995882 48.443429603483722 91
9 15 96 -33.611856995024588 21.607899304613820 91
9 15 96 -3.641814910973287 22.948263986405468 91
1 16 91 92.089442349444582 18.855625361369544 91
9 15 96 -94.784819298988992 6.390464025249237 209
11 38 93 -62.541330682479270 -35.673266691806859 209
13 15 93 -66.783247766295744 17.156707181497545 209
11 38 93 -14.093470239282837 22.882730596912957 209
11 38 93 12.393580735083020 -48.352345950258282 209
13 15 93 -31.237560178558539 -78.440940842242753 209
11 38 93 71.990158472866867 -1.190412975195795 209
13 15 93 65.118716466080230 -53.743084503362354 209
2 31 87 47.330031889658699 63.252415616511371 209
13 15 93 13.188366773143706 94.080109384805880 209
1 16 91 -86.700721289779224 36.317832091577600 305
20 17 91 -67.963236205333487 63.482269371046016 305
20 17 91 -92.917821543333332 3.908764464796700 305
20 17 91 -40.603824159922759 83.667971551783609 305
1 16 91 -54.853149704923183 33.198187216360211 305
20 17 91 -59.092008456601135 0.471560801721573 305
11 38 93 -48.242526192505835 -53.447719002454996 305
11 38 93 -4.736689423360289 8.867946500020896 305
13 15 93 3.803928312413976 -43.439393794543676 305
16 15 49 0.899588468760664 -73.298476333573035 305
14 38 101 56.797736906611185 -44.249486802531145 305
17 19 100 90.989890578457391 1.356396888949448 305
16 15 49 27.003893190825693 -88.082429626842512 305
16 15 49 57.801526093979120 8.741006753080541 305
7 18 108 76.975081879984913 35.599427379039255 305
7 18 108 91.955401758366634 2.864277824754915 413
5 33 110 62.727011685289966 44.657832516071544 413
5 33 110 5.099832017114686 76.830929406048526 413
5 33 110 -56.274163010573417 52.556812854846996 413
5 33 110 -76.303875010085136 -10.330472324405385 413
5 33 110 -4.565163908964536 11.542432304730042 413
15 28 112 72.283924175948783 -38.717364395393531 413
7 18 108 27.527355922437771 -28.094295245246254 413
19 29 114 -47.802048923280225 -65.390856537717298 413