6 10 55 100.000000000000000 0.000000000000000 0
6 10 55 98.000000000000000 19.899748742132399 0
6 10 55 81.766312060385914 8.217823563497323 0
6 10 55 83.766312060385914 -11.681925178635078 0
6 10 55 65.532624120771828 -3.464101615137756 0
6 10 55 63.532624120771821 16.435647126994645 0
3 15 42 78.963536422653917 36.105089049215621 0
5 26 68 60.439522766225650 -39.102007257758231 0
5 26 68 30.085929362926734 3.119543726392130 0
20 11 80 63.469556570464029 -75.977729557737291 0
9 15 62 37.622028608257537 -73.166093336076713 0
9 15 62 15.738626988840995 -93.687222290481671 0
9 15 62 8.908508809698176 -64.475076089646933 0
9 15 62 15.564883672468685 -35.222850983062699 0
9 15 62 -6.658260590918989 -15.070137541725330 0
2 14 64 -8.440941334104959 13.875018346054475 0
9 15 62 8.076641503799127 37.711323789494671 0
9 15 62 37.524782845495395 43.439060822519117 0
2 14 64 61.722073849175956 59.423150039086941 0
20 11 80 78.681801402521273 -60.084724581662194 80
20 11 80 63.469556570464029 -75.977729557737291 80
15 21 80 84.286530858764849 -28.579375706870842 80
20 11 80 57.311932934739119 -54.857036596549626 80
15 21 80 31.541838165397845 -73.828125536807363 80
20 11 80 52.645294446805920 -33.357676484608142 80
20 11 80 57.038115677622301 -11.800702633111989 80
15 21 80 20.645425139165834 -33.266219970602002 80
10 16 79 75.950217776267380 7.469284243127042 80
8 17 75 33.055409768752746 2.650242570876340 80
15 21 80 51.943326465679874 35.623665245053509 80
2 14 64 86.377441733700138 41.891974882323680 80
14 29 119 -17.728876705134962 -65.319503077991996 80
20 11 80 -10.513023852851004 -25.975742866057679 80
8 17 75 -63.662235587068949 -67.794688287922170 80
20 11 80 -85.376878969299682 -50.117746731687305 80
14 29 119 -56.632098519651123 -22.301607587271462 80
15 21 80 -87.328801564742378 17.166258103204949 80
15 21 80 -46.411851582461935 26.642713355437252 80
15 21 80 -9.825317916588274 6.016866601524502 80
15 21 80 10.551099201964519 42.742901310035421 80
10 16 79 36.410878220297022 69.205551009621630 80
2 14 64 66.363216084842577 67.515149741250355 80
11 13 99 -82.610925593828355 50.837338369853263 80
10 16 79 -56.005832988739414 62.377227774637106 80
15 21 80 -20.129340339662512 71.425834031996899 80
7 15 72 7.320562686714403 94.717524048878545 80
16 13 111 -76.945580028039970 -59.062489908134552 199
18 16 115 -88.254877956100415 -32.358561725667315 199
18 16 115 -56.794021925801992 -38.207881159655791 199
14 29 119 -64.836345452494541 6.067631624410382 199
4 22 94 -22.353674026639332 -22.149785488479758 199
16 13 111 -33.408705452596493 -55.358011580385060 199
18 16 115 -53.560263554834471 -76.212620328863821 199
19 30 100 8.750096144785338 -63.821784254116054 199
16 13 111 -26.963174672408144 -87.770944730796572 199
16 13 111 45.919215340528623 -85.442528418289214 199
1 17 90 67.196361005926704 -64.293460534965547 199
1 17 90 85.814822838756299 -35.844332622506293 199
1 17 90 92.963526872811201 -2.604356229110824 199
19 30 100 27.319106862432509 -6.767495712693467 199
16 13 111 -93.925555410089984 -24.227877350401872 318
18 16 115 -93.878789965044817 4.772084942558955 318
19 30 100 -52.064002536109946 -14.398818851289445 318
16 13 111 -80.608159933029953 -46.558282131945376 318
19 30 100 -67.002012134082008 43.711901925955218 318
19 30 100 -9.207646909777900 27.593237331152462 318
19 30 100 5.730362688194163 -30.517483446092200 318
19 30 100 62.501120518975767 -49.936058453510995 318
19 30 100 79.641654231243407 7.563525058533827 318
11 13 99 24.145648526209712 -69.374622397695219 318
11 13 99 19.665242236015423 -94.985673908220676 318
11 13 99 -0.274375844634285 -78.300002486374098 318
11 13 99 -31.442637600166364 -52.131554084487647 318
4 22 94 -31.852471705191419 82.033042405301416 318
4 22 94 11.619979378476589 75.239957923411595 318
4 22 94 40.694425090712990 42.214564564267206 318
13 16 93 49.317690663919677 80.023530211919109 318
13 16 93 76.984081089396327 53.486692468847906 318
1 17 90 -57.936637108115605 -66.205217078633325 318
7 15 72 31.495652509619365 6.376280802327379 318
2 14 64 -36.640635614426756 -88.732540940574907 318
16 13 111 -90.984637047089791 33.627307674111172 433
18 16 115 -74.417163182744588 57.428963283632100 433
18 16 115 -93.878789965044831 4.772084942558873 433
1 17 90 -49.313703359956222 78.848961064342774 433
1 17 90 -64.431135964640632 19.666233923701729 433
1 17 90 -66.908233227836263 -14.243410562029304 433
12 24 89 -28.459318987544776 -0.006803039774914 433
15 21 80 -41.982901806206293 -42.926643530471097 433
8 17 75 -46.245395529159609 -80.686822916456336 433
13 16 93 -15.481309676309642 -68.746512131620108 433
13 16 93 4.297892251088115 -93.901693926137654 433
12 24 89 40.106139043484710 -76.075604572192987 433
13 16 93 75.046757084264542 -56.603747677476164 433
13 16 93 49.588758008592976 -37.215857563719432 433
12 24 89 10.732243131815826 -27.720003119237035 433
13 16 93 44.117148732844036 -5.687116835083629 433
13 16 93 74.157643791050205 -16.712934567020376 433
10 16 79 93.595912194082260 8.706619352977622 433
8 17 75 -79.639012133784391 -48.027364557665877 433
2 14 64 -45.926000359165741 48.034622382838748 433
12 24 89 -11.257414062029980 63.593835864183177 433
7 15 72 0.292539233125908 26.343351587066486 433
12 24 89 38.548816433325840 33.923407970858321 433
10 16 79 78.438713913901097 36.889226405826250 433