13 13 104 97.000000000000000 0.000000000000000 0
1 15 104 90.979381443298962 27.345057180315223 0
1 15 104 69.695649803919792 6.202617219353049 0
1 15 104 62.027625519428859 35.206089486867114 0
7 39 100 54.426318638685480 -45.593594280778937 0
7 39 100 10.549798953309015 18.895560003478593 0
13 13 104 45.250728840240221 57.623398375666170 0
13 13 104 69.023287253837509 68.152665514081207 0
18 37 98 -63.496683189884699 36.016263324828891 0
13 13 104 -20.121129242824388 60.887156348314413 0
7 39 100 -43.528973910296742 -37.313748172005461 0
13 13 104 -86.673795414013313 -8.287477701749767 0
6 14 96 28.331140051826210 -91.724296145371483 0
6 14 96 8.467445730778074 -71.990222872983935 0
13 13 104 -16.671429390926850 -81.840956734749028 0
6 14 96 4.675983385326361 71.569066538294791 0
6 14 96 31.160686325294808 80.655347965899111 0
13 13 104 93.515463917525778 25.765442132630543 104
18 37 98 70.574534875243089 -18.661056431592936 104
20 34 99 53.382151896494165 50.225966784046349 104
20 34 99 3.347706496543815 4.176490418734796 104
18 37 98 13.745585989021915 -66.058003258232105 104
20 34 99 -50.935904449956382 -36.778235591934639 104
20 34 99 -70.517901437358972 28.341234568573864 104
20 34 99 -19.612333217916802 73.425856384174352 104
6 14 96 25.650143694186468 89.404222501563169 104
13 13 104 -96.385653444615926 -10.899807798965952 104
15 14 114 -88.676580630747623 -36.775862296328484 208
10 38 113 -70.972959687518426 12.117714025090848 208
10 38 113 -41.101019308187894 -57.765525581940267 208
10 38 113 4.483671300590643 3.045953450409691 208
15 14 114 10.093870339649147 -48.650522897037312 208
9 30 115 52.508173030173353 -60.356373027488786 208
15 14 114 11.619848859433425 -76.608909645152039 208
9 30 115 79.704140834159944 -6.873858733520478 208
15 14 114 88.934770422492150 36.147013844833936 208
15 14 114 74.721787729234336 60.271506025212652 208
12 15 70 59.946632146664498 35.317653065982981 208
16 21 44 40.091811823662923 65.347406810250078 208
20 34 99 -14.439169385070564 72.514839294254102 208
15 14 114 89.053750246392795 -35.852887848164968 323
9 30 115 79.680987491815955 7.137242627868915 323
9 30 115 45.511406988477191 -42.182527933497767 323
9 30 115 19.884023025183126 12.069082099734409 323
6 14 96 52.428186752147653 41.681197986859502 323
2 36 92 -12.924296663523709 -72.862627977264381 323
2 36 92 -68.745425183922023 -27.387342263932428 323
2 36 92 -59.486881652923017 44.014894197431971 323
14 14 86 -9.493448266797879 44.825214052222819 323
5 20 79 19.809298029288435 62.069026261453118 323
6 14 96 12.242090995158787 95.216233952337404 323
8 16 73 -17.619132755663280 92.333992445568569 323
8 16 73 51.908315351867572 78.367893919200526 323
8 16 73 -17.135083502357819 -21.033396126908915 323
14 14 86 -23.944091620263240 8.183677793151908 323
14 14 86 89.053750246392795 -35.852887848164968 438
3 21 88 88.995912831996648 -0.852935636290503 438
3 21 88 79.477399273590180 40.054250769504179 438
3 21 88 55.437601646962392 -26.108425146660423 438
14 14 86 64.077903491742660 71.484419869667505 438
3 21 88 38.216799974503182 47.900456571048160 438
14 14 86 38.510302845748654 82.899225921763488 438
3 21 88 4.829303465113206 73.381333259958851 438
14 14 86 55.379764232566245 8.891527065214042 438
3 21 88 20.393439695480826 9.869839584675606 438
3 21 88 -12.994056813909149 35.350716273586301 438
19 20 92 -35.968000884634151 69.309483828301822 438
4 30 90 -63.385745010418475 27.497197272158783 438
4 30 90 -73.473533545471781 -31.648694575644544 438
19 20 92 -28.999044712742915 -8.800941008445085 438
4 30 90 -19.518058161395512 -57.893821286680648 438
16 21 44 -72.770823751025546 51.238727644206548 530
16 21 44 -88.165147711862460 12.161691039714597 530
16 21 44 -46.626279327339589 18.368333717788332 530
16 21 44 -31.231955366502667 57.445370322280269 530
16 21 44 -5.087410942816717 24.574976395862052 530