16 13 66 97.000000000000000 0.000000000000000 0
14 21 66 83.371134020618555 31.148900656621240 0
16 13 66 71.005252988274179 -0.522616299374183 0
9 20 48 44.268605914905649 18.820385103565698 0
9 20 48 52.378062621562641 57.989718923824327 0
8 31 93 40.286032633967565 -32.023878191932624 0
16 13 66 14.846286586725363 3.876251627495947 0
14 21 66 7.562551775196726 37.086900630418576 0
14 21 66 16.644975880473282 78.093114456763146 0
15 26 73 14.326380847479832 -82.769286645548448 0
16 13 66 52.400826966001610 -74.323189750071677 0
16 13 66 75.015792709636145 -61.494966006535051 0
20 21 68 -10.563647026072083 -42.900921837673408 0
20 21 68 -18.694089333318942 -1.695389346410415 0
20 21 68 -34.437160162434466 37.242454981048851 0
9 20 48 -24.339902023468021 76.979658934964334 0
15 26 73 -51.119487802591912 -66.654316940470224 0
20 21 68 -83.001413728174612 -32.121103952454497 0
20 21 68 -88.489505700249836 9.518790938215492 0
9 20 48 -74.031780563900369 47.885106683694218 0
18 16 72 -55.543555748558468 -7.320579055363492 0
4 15 76 87.695605989192515 -36.530544619377125 0
17 14 91 80.303239929326310 -52.605984990807386 93
17 14 91 61.708185409698977 -73.539784154172054 93
13 30 90 79.535033428692714 -8.612691652249698 93
10 26 92 69.918466403744830 46.555429927650813 93
17 14 91 43.450433036143153 16.564711202493122 93
13 30 90 13.982840985494008 49.239793738525364 93
13 30 90 20.870098007671228 -21.199404966192255 93
17 14 91 50.600867051431734 81.581568099928859 185
13 30 90 68.470564717208603 41.373684478259221 185
13 30 90 11.747623838986172 60.931495657572796 185
10 26 92 83.034491316027413 -12.699340608416094 185
13 30 90 52.974439588545778 -59.947549993969851 185
10 26 92 31.216950255664777 -8.347049435064708 185
8 31 93 -7.272128359640199 -50.389775647156071 185
12 17 80 17.897029130347732 -91.261691570491308 185
10 26 92 -64.142055470632883 -54.238332570261178 185
5 30 87 -79.998244127141334 -0.530034502930718 185
5 30 87 -57.867254317515012 55.239305550957461 185
1 16 87 -36.520360229947677 14.492402443921430 185
4 15 76 -0.502734814697533 17.631048629209261 185
12 17 80 17.897029130347732 -91.261691570491308 278
12 17 80 49.503325347789733 -78.730050041333513 278
12 17 80 22.847457323698023 -57.624015362071631 278
12 17 80 54.453753541140017 -45.092373832913843 278
7 25 78 -17.624211710695327 -68.850947515181247 278
7 25 78 -65.442597413746029 -54.242662579766133 278
7 25 78 -28.882258702429674 -20.134868260669180 278
7 25 78 24.495110572786079 -15.656346392128000 278
4 15 76 -91.863293141451720 -24.210232820187986 278
4 15 76 -66.872063069174786 -7.613895288234707 278
4 15 76 64.483793448151900 -14.704904384739173 278
4 15 76 94.307059482259945 -11.453319685116778 278
15 26 73 -77.693879660817544 31.932132143820304 278
15 26 73 79.603497673667860 26.819454843794926 278
15 26 73 -25.706952726796278 30.766187052173862 278
15 26 73 26.093389991186935 35.318603366559515 278
18 16 72 57.883111793029890 62.766983788023943 278
1 16 87 -15.067817243459704 -92.784486222200414 358
2 23 84 22.913361009807836 -83.928409297652109 358
3 22 84 -11.514919575957197 -54.950943985657780 358
3 22 84 -52.679642186993789 -70.490107809892748 358
2 23 84 -79.824235878639428 -34.599008170630178 358
2 23 84 -86.309222452710884 10.941577564888338 358
3 22 84 29.659284688414861 -39.436921193494371 358
2 23 84 74.275640837198438 -45.300432428658993 358
3 22 84 55.988348599766525 -4.183830640296634 358
3 22 84 82.338935669537221 31.053174923150927 358
3 22 84 38.647500163412687 36.254949948482320 358
1 16 87 67.076856040213954 65.853590515327355 358
1 16 87 -51.885256933624476 -7.388468750949221 358
3 22 84 -14.059622570217833 -11.024590999426376 358
3 22 84 -5.152493868188561 32.064422197506858 358
5 30 87 -43.601812222404504 67.073705510596156 358
1 16 87 13.796622385548794 65.002712881790202 358
1 16 87 40.153733238040601 83.149412513113219 358
1 16 87 -45.319997115409883 -82.353493316672612 445
20 21 68 -70.081146286247389 -54.860121538377882 445
18 16 72 -33.140689888718320 -52.761864847156787 445
9 20 48 -10.024366455452103 -89.439991486844434 445
9 20 48 -88.168268245615110 -18.065339038314665 445
9 20 48 -48.218611261244412 -20.071556083183317 445
9 20 48 -87.288572947646998 21.924986494027966 445
9 20 48 2.839405291799473 -51.564889157812871 445
9 20 48 29.208320206050182 -81.642793443933058 445
18 16 72 -51.822534822279017 15.747597102873714 445
8 31 93 64.830040115244316 -45.144943223530731 445
11 27 102 82.378699678622866 10.136559537597634 445
11 27 102 29.220839831410572 0.636983943702134 445
18 16 72 49.912425185793708 38.331257985289369 445