14 10 52 100.000000000000000 0.000000000000000 0
14 10 52 98.000000000000000 19.899748742132399 0
14 10 52 81.766312060385914 8.217823563497323 0
14 10 52 83.766312060385914 -11.681925178635078 0
14 10 52 65.532624120771828 -3.464101615137756 0
14 10 52 63.532624120771821 16.435647126994645 0
8 15 51 78.963536422653917 36.105089049215621 0
17 24 76 61.297085244103947 -37.199249612800891 0
16 28 63 28.049711414944348 2.783398291810343 0
8 15 51 49.243957304707727 40.197352121421133 0
8 15 51 67.647750643179748 63.889131091241296 0
16 28 63 11.046227087949170 -50.572777740038390 0
8 15 51 -11.545664129986868 -13.985806682065519 0
7 18 63 47.266079468205774 -78.929827896082827 0
8 15 51 17.459414299316872 -93.091844401854360 0
11 14 33 -12.131783324020148 15.008269683467942 0
1 34 96 4.480892970242301 60.128936890036741 0
20 11 96 45.792136542288254 77.972175232083615 0
20 11 96 36.040656144321567 92.206676031005344 96
4 17 92 8.044188922603968 92.651449122922287 96
4 17 92 -25.795243564340559 89.351023550132581 96
4 17 92 -56.186959371856517 74.108201951911809 96
18 23 92 57.175771777600247 65.573860048313236 96
18 23 92 82.621403920276691 27.252589129154103 96
4 17 92 -27.790430738685242 55.409614797116291 96
18 23 92 -61.901444158545736 34.518497941617696 96
18 23 92 -86.903641232725136 -4.093548643145141 96
18 23 92 12.941201246902859 52.952339935238179 96
18 23 92 -40.963529461122640 -6.440063167428050 96
18 23 92 -65.965726535302053 -45.052109752190887 96
20 11 96 49.038513946912175 32.561967721503102 96
1 34 96 41.025398469009197 -11.718840540517043 96
5 15 96 -6.692194561214017 -22.855775280471015 96
20 11 96 -1.620653585014896 2.644802597818984 96
1 34 96 -15.265517113885078 -71.099926640069654 96
20 11 96 -59.659191947871534 -78.462102591123710 96
5 15 96 -13.575400024006601 25.733415323130465 96
17 24 76 42.622982747430768 -74.694587097809304 96
2 17 69 91.987439874788492 -13.686157433047912 96
2 17 69 76.934269703881029 -52.250532486573704 96
20 11 96 -75.874078495507973 -63.593429003769671 192
20 11 96 -88.045012870901431 -45.266717448505148 192
1 34 96 -75.975859258780787 -1.915413764682267 192
1 34 96 -47.097198418274488 59.647748500255098 192
5 15 96 -56.105361206452599 -46.705628177569615 192
5 15 96 -53.348937083974171 -76.578728553275837 192
1 34 96 -12.082486287100686 -25.188507463238523 192
10 26 78 7.902566950860972 83.627444272721618 192
1 34 96 30.319396289197350 27.972383744357249 192
13 19 88 40.903275787489207 -23.960086780023140 192
13 19 88 28.106507519365081 -59.740566400787472 192
13 19 88 -5.349893022356966 -77.759147443473950 192
10 26 78 83.474930503869061 -9.377418481342914 192
13 19 88 67.244686656947749 -51.348589356950768 192
11 14 33 47.900239603370814 83.195955706630755 192
11 14 33 69.868885163157103 65.835696138626531 192
8 15 51 85.500235700404232 41.409053299674966 192
11 14 33 -55.618722148767333 -78.246774671792181 288
7 18 63 -75.228439071189655 -52.959248058410957 288
16 28 63 -81.664353799834288 -7.411701454827408 288
7 18 63 -83.533671706834397 38.550300792274157 288
16 28 63 -32.901610890342695 -34.947040638190082 288
16 28 63 -33.436679110475353 21.050403071320478 288
7 18 63 3.325764184093970 -6.599601684801626 288
16 28 63 21.323933810618591 -48.932400908274275 288
7 18 63 4.828817159760298 -91.873187192116092 288
17 24 76 73.187096450675909 -45.162472398214227 288
3 27 107 47.983324319859889 -0.825468999496557 288
6 19 66 88.597201204526911 20.773443111929581 288
6 19 66 58.489908218105839 43.958587257045451 288
15 15 112 -27.577690047590941 -85.642754573116633 288
15 15 112 -56.184025720261232 -76.605190776245863 400
15 15 112 -77.270264488858786 -55.265778071260399 400
3 27 107 -81.891323207334850 -13.520768593235406 400
15 15 112 -90.934442055456486 27.494131156718236 400
3 27 107 -60.681790929475063 56.627910517619128 400
1 34 96 -26.015659040199104 -37.993409519001112 400
13 19 88 -26.250354459134780 87.131618203553316 400
13 19 88 -43.618669474338660 11.997929967509691 400
10 26 78 -9.824015609763833 41.711922802091486 400
17 24 76 6.942453466723727 -85.719323024988796 400
2 17 69 47.532430386697591 -79.935399301772080 400
2 17 69 73.087209712966896 -57.508779993778305 400
13 19 88 26.168513784174820 -47.256891943871054 400
7 18 63 10.502787665230397 91.398530903177459 400
13 19 88 31.017162791846026 60.606317387996484 400
17 24 76 34.039827087776544 17.712687318321720 400
12 22 81 58.075024232612748 -21.508598971253974 400
17 24 76 79.996737353590362 31.567736896722248 400
15 15 112 91.523098104631742 -5.690054339968809 400
15 15 112 66.267066964540504 68.071108672601369 400
6 19 66 -76.473855091209984 -49.322910371232325 512
16 28 63 -36.211870695339464 -73.571056950026318 512
16 28 63 -41.585946640900787 -17.829516715374211 512