5 13 101 97.000000000000000 0.000000000000000 0
6 17 100 88.443298969072160 28.753832222285070 0
6 17 100 72.197729258507948 58.621565058561728 0
6 17 100 46.302422581492671 80.654111259655437 0
6 17 100 54.454298724127831 29.618622572123783 0
6 17 100 28.558992047112564 51.651168773217485 0
6 17 100 12.313422336548335 81.518901609494137 0
2 19 102 -7.440281938295275 51.422536921678017 0
9 29 103 -54.716806035046218 59.724962430487381 0
5 13 101 -28.663978304238206 92.668097788689721 0
5 13 101 -89.809874238646501 36.649508717559883 0
5 13 101 -96.318586080961907 11.477367963271526 0
5 13 101 -71.264516798952940 18.426728539057958 0
2 19 102 -39.546869497392265 14.185166367663909 0
5 13 101 -63.944285039700816 -6.521501999215428 0
9 29 103 -31.445184149419919 -33.126171539041401 0
9 29 103 13.445721402158586 8.204775937765973 0
2 19 102 16.099506223724084 -39.721807772329925 0
9 29 103 62.681294573668154 -51.303560408309288 0
2 19 102 22.276756175861387 -77.216361817268506 0
1 13 97 -2.909198336046739 -96.956364231759125 0
1 13 97 73.287995275740769 -10.664934690691176 0
7 20 91 -79.654117504489463 -41.895364476048975 0
7 20 91 -33.122260455395910 -83.683426449476343 0
1 13 97 -28.663978304238206 92.668097788689721 103
13 28 97 -54.754323895556652 61.040675084245869 103
13 28 97 -81.166676758777754 11.660642518149920 103
19 15 94 -89.996919504058994 -30.422926877273376 103
1 13 97 -62.552952914098185 -24.870567215911823 103
19 15 94 -69.221347729147553 -52.064914249635997 103
13 28 97 -26.812299222713690 -44.960506830368708 103
12 19 85 -8.273309598490730 68.005968324013509 103
19 15 94 -19.787093563624683 36.014832382877813 103
13 28 97 5.176966400779317 1.003466941158146 103
19 15 94 15.968116519814695 -40.620457418618926 103
7 20 91 10.475404920828758 -75.186772224949749 103
20 15 90 -22.206257616156879 -87.713101847731892 103
17 34 90 64.954326252012223 -39.458022012604197 103
17 34 90 70.529215167109186 28.313067794070232 103
20 15 90 -36.603611130690425 11.171226829001988 103
3 18 113 51.059469947639315 76.530585576396305 103
20 15 90 24.074389279854053 57.535706757274497 103
20 15 90 19.844171098658435 87.235963559859258 103
20 15 90 22.119671627809041 92.388961067207049 216
20 15 90 49.826234639608572 80.884772000906764 216
20 15 90 72.563976468510845 61.314511488532666 216
17 34 90 74.985827039699529 12.374398699422404 216
20 15 90 88.416677148572631 -34.748974114426382 216
17 34 90 14.758780921873541 43.945000783026394 216
17 34 90 -52.315349232429398 55.128071204141996 216
17 34 90 -28.463107232274378 -8.551364656785992 216
7 20 91 53.500319390155489 -37.167229867282835 216
17 34 90 14.570617134531393 -74.590194505168711 216
14 15 61 63.418528016334051 -70.732526494120464 216
12 19 85 -89.355823307004329 17.220245094870805 216
12 19 85 -37.792617286128092 -82.781145671368023 216
12 19 85 -11.783145821785055 89.820115221404222 216
12 19 85 26.498634256270137 -9.026352128119916 216
15 17 80 -55.797872331060276 -51.607265727303570 216
12 19 85 -79.108459827094038 -24.173408714667620 216
15 17 80 89.036191681126184 -26.861805057027667 307
10 20 75 68.900345792483989 -57.902869960617096 307
15 17 80 55.199539018410327 -23.533000980076924 307
16 31 73 76.512743543476631 19.475687826636232 307
10 20 75 29.633502715722795 -50.279548192187562 307
10 20 75 20.246614412007656 -11.396565693752905 307
10 20 75 26.255751875009025 28.149486788773764 307
15 17 80 32.392055229374776 -87.176572300229452 307
10 20 75 -2.313545822100572 -74.349988356878313 307
10 20 75 -11.700434125815713 -35.467005858443656 307
10 20 75 -16.572522519799509 4.235169833591264 307
15 17 80 -37.749479924709703 -84.993980759898164 307
16 31 73 -64.727060587568587 -45.292467670609710 307
16 31 73 -77.488423534632958 15.379994087038572 307
16 31 73 -28.788326403091894 53.750562748168235 307
4 21 66 20.983558420664487 68.809097905703624 307
14 15 61 69.360503108398149 64.916258429994954 307
14 15 61 94.888640431154073 4.598468998172446 387
14 15 61 88.723418595135016 33.958135885122566 387
14 15 61 91.591283166005368 -25.219770974467998 387
4 21 66 60.712102235913967 -6.713658873686802 387
4 21 66 64.190615905308618 -48.569362698277246 387
4 21 66 26.203256265238487 -30.653991991089214 387
4 21 66 22.724742595843836 11.201711833501228 387
3 18 113 55.736497647870571 31.967646158375416 387
12 19 85 59.601548924648831 68.765219157526801 500
16 31 73 76.008533928306946 21.533758846736720 500
16 31 73 17.443061198523765 41.882847375145637 500
16 31 73 29.102969953954737 -19.010884057695826 500