3 10 82 100.000000000000000 0.000000000000000 0
3 10 82 98.000000000000000 19.899748742132399 0
3 10 82 81.766312060385914 8.217823563497323 0
3 10 82 83.766312060385914 -11.681925178635078 0
3 10 82 65.532624120771828 -3.464101615137756 0
3 10 82 63.532624120771821 16.435647126994645 0
16 19 81 80.277628055073677 42.854433071168344 0
19 23 77 33.241890668198366 3.340935717225158 0
16 19 81 42.307107696160038 44.350956934434421 0
9 28 75 -4.250118907251355 37.914758444751058 0
19 23 77 22.455839934678323 81.363484114592723 0
7 27 71 60.012280859995641 -40.049970612377699 0
16 19 81 14.387182160829955 -34.189051854077995 0
16 19 81 -13.334848564472443 -8.198880395132392 0
16 19 81 -44.466642363580576 13.591287453000685 0
19 23 77 -77.502924918911731 39.525898206284090 0
16 19 81 -43.358316807216568 63.982916358519276 0
19 23 77 -86.824726577213454 -5.519678866756983 0
16 19 81 -78.154010834627826 -46.614918110631443 0
19 23 77 -46.115425169745563 -73.772403793109504 0
16 19 81 -43.127632856499069 -31.878811238962207 0
8 16 74 -16.252407695165932 86.124950845197560 0
8 16 74 47.417291382339471 -81.164034386927284 0
1 15 68 59.652963578247991 73.593413803135377 0
1 15 68 -15.343900173510885 -51.476367163113927 0
16 19 81 -5.375260909395408 -83.982154820420973 0
1 15 68 92.000000000000000 23.685438564654024 82
1 15 68 80.026954837319693 51.192641067497142 82
10 26 68 82.426738540366685 -16.181247590900721 82
10 26 68 49.374819010283744 23.963124559836949 82
7 27 71 55.421777057260186 -61.785326962114148 82
20 19 90 37.468909142394999 -19.433295917176004 82
7 27 71 5.680866501724957 -82.805360670608636 82
7 27 71 -7.212726970424704 -30.367251938743227 82
8 16 74 10.139819213965682 8.975970360893067 82
8 16 74 58.544816861443408 73.542534758193185 82
9 28 75 -49.855702683128719 -65.103063752572140 82
9 28 75 -80.017951445170098 -17.920029199708395 82
8 16 74 -39.161518182218330 -1.587489255475340 82
8 16 74 -18.640059359143937 22.965916369261571 82
9 28 75 -72.860703518922733 37.620710821668958 82
8 16 74 -31.387665715527735 52.317211607848293 82
8 16 74 0.405104773257499 48.681314930627288 82
19 23 77 20.496959588647478 82.107612513178822 82
10 26 68 82.370811017852262 -16.463580784910317 172
10 26 68 76.278983149227031 35.178355983757086 172
12 18 60 44.072841151552502 5.198956096073786 172
13 17 55 33.410215134436896 38.535248727665696 172
12 18 60 49.131936332481459 69.805481898701629 172
5 33 90 30.113843139023743 -43.853529819384349 172
14 15 59 11.429453148946916 0.360648570570117 172
14 15 59 76.444404172400482 -56.402598084899225 262
20 19 90 49.104282766338628 -76.614420405061210 262
13 17 55 16.349427520042770 -91.551604135410258 262
13 17 55 -17.649712941072263 -91.309844119337683 262
11 23 64 -0.392684406130383 -55.223905498536887 262
11 23 64 41.108192940723896 -35.382605656002426 262
11 23 64 3.174684559557733 -9.362441515551723 262
11 23 64 44.675561906412007 10.478858326982746 262
11 23 64 86.585409015150901 -8.483333406098389 262
12 18 60 86.063247841244845 32.513341431118178 262
11 23 64 59.347924280872959 63.614651484950940 262
11 23 64 16.511921426700297 46.849304501446206 262
12 18 60 26.469637517334704 88.109921630318723 262
13 17 55 -49.289844480938648 -78.863877859542782 262
5 33 90 -49.802068769708754 -28.866501665606421 262
13 17 55 -92.931413253775133 -3.571054557979856 262
13 17 55 -88.004492607452789 30.070072845019642 262
13 17 55 -55.283546679585193 20.832124069151448 262
5 33 90 -35.785529050599401 66.873706454423129 262
14 15 59 -80.742852494398278 50.055886477694514 352
14 15 59 -92.325729797630117 22.382127185211719 352
20 19 90 -58.387963112460383 24.438335448735472 352
5 33 90 -72.629151199362099 -25.573548757655807 352
20 19 90 -28.170375226211434 1.397124926351438 352
20 19 90 -21.694825988346189 -36.047063702432908 352
20 19 90 -48.606479700887014 61.157847731296016 352
20 19 90 -18.388891814638058 38.116637208911989 352
20 19 90 8.520396930847408 11.285867946513093 352
17 22 101 18.596446856181039 -28.456719008819650 352
17 22 101 2.268556567861575 -69.315010685450019 352
6 18 112 39.890211168508301 -82.902177612725083 352
15 17 104 68.564389463351674 -62.832511469125834 352
17 22 101 83.780303658871190 -26.923237524995635 352
17 22 101 86.341922021549138 17.002132267004900 352
4 30 114 54.764753063354085 58.316565587402778 352
15 17 104 89.196390516945030 26.324967592546791 466
15 17 104 73.773503305531477 56.625702733200015 466
2 31 104 41.480177316935546 21.113154294735693 466
2 31 104 71.789771240433382 -32.973151885226933 466
2 31 104 9.794859129973553 -32.178877111385205 466
2 31 104 -20.514734793524283 21.907429068577418 466
2 31 104 -78.989325467710188 1.298638577953987 466
2 31 104 11.170583393437704 75.199460474698313 466
17 22 101 -71.585197232285509 -51.181632811144098 466
17 22 101 -64.041357898172222 52.147023660865337 466
6 18 112 -37.362181576562030 81.950069659562089 466
6 18 112 -39.347144733622898 -27.502359784011841 466
18 18 116 -33.371915718739473 -63.003016654268414 466
18 18 116 -11.145502448359270 -91.322383757617814 466
17 22 101 28.063183834055813 -83.405381799353862 466