3 10 68 100.000000000000000 0.000000000000000 0
3 10 68 98.000000000000000 19.899748742132399 0
3 10 68 81.766312060385914 8.217823563497323 0
3 10 68 83.766312060385914 -11.681925178635078 0
3 10 68 65.532624120771828 -3.464101615137756 0
20 20 76 57.128731068325393 25.334762625714571 0
1 18 78 68.276672569860722 61.662760097063682 0
1 18 78 32.964006305484332 54.661645807125723 0
20 20 76 17.492301967890434 19.953918066893593 0
9 23 80 7.364595083608741 86.687731192219388 0
9 23 80 -37.869008373457831 78.325846339576700 0
9 23 80 -72.515900016779284 48.067080676451212 0
1 18 78 -91.265102362842597 11.605218253004224 0
1 18 78 -55.272623529581367 10.869373542999462 0
12 25 86 -79.610543280999153 -29.785254716120203 0
13 18 80 -61.234540406573061 -68.660986456617195 0
13 18 80 -38.116313820199352 -41.064834560001529 0
13 18 80 -25.776458524222928 -74.883882022553792 0
17 31 80 58.311699061811481 -43.823217577865165 0
13 18 80 16.645730103584246 -18.036650711140847 0
13 18 80 0.387224710346868 -50.156130818671720 0
18 16 91 7.118088624731570 -83.483228966665848 0
18 16 91 -34.474388187350883 39.473863715879418 0
18 16 91 -21.277029563507739 10.322024574005827 0
18 16 91 -3.897417808959934 48.910435258500321 0
18 16 91 39.054283233739639 -85.502999719886091 91
6 26 88 -2.916970428951110 -83.949337600225448 91
8 31 87 64.318551497334738 -45.870730681826942 91
6 26 88 83.641334490963317 7.754170785505742 91
8 31 87 -53.658023510495440 -57.981173780349764 91
6 26 88 -83.472361446302557 -9.400259282478352 91
8 31 87 26.801091203250984 3.489579012114902 91
12 25 86 -74.559658741767706 40.814915022711283 91
12 25 86 56.526598241913980 50.948974618194811 91
8 31 87 1.260330702391506 59.984442079811039 91
12 25 86 -35.933005812888325 9.066187748820528 91
14 18 94 -7.981823378172312 -40.241818057213571 91
14 18 94 -50.836627066720730 76.678793342613034 91
16 17 118 -76.501778595871372 52.881734764172350 185
16 17 118 -52.381914530020808 76.844876408057260 185
4 23 119 -85.867221242476887 13.993581246254553 185
16 17 118 -49.963941503633620 31.627483366725990 185
16 17 118 -49.366224022710142 -2.367262312760992 185
16 17 118 -75.140477033068137 -24.541298520859240 185
4 23 119 -18.244449937017599 55.997010542183780 185
10 33 120 0.326660941592472 3.166017358879241 185
10 33 120 -34.120750552818365 -53.131192530552518 185
4 23 119 10.997908307548919 -86.302062622273098 185
19 24 114 53.868795495170389 -67.038443238932018 185
10 33 120 75.648456517599072 -14.363531129388821 185
10 33 120 58.982853783362522 49.497706609200364 185
14 18 94 17.611605450919633 -45.839005272441383 185
14 18 94 -83.199763964893208 -39.265751949836101 305
7 21 95 -88.997254473399295 -0.699068091824898 305
7 21 95 -79.408030138398132 40.191600484917920 305
7 21 95 -48.790284540709365 11.441754319847568 305
8 31 87 -31.535849731714414 60.495647941273219 305
15 25 92 19.900897409838080 82.637487148890855 305
15 25 92 17.088496435194603 32.716645802236606 305
15 25 92 -8.287739734162136 -10.365213928710848 305
7 21 95 -44.200072087556542 -39.110724620631792 305
7 21 95 61.923213295506983 63.925860613363255 305
8 31 87 77.681844380378266 14.371188317696426 305
15 25 92 39.124869919866171 -26.241121644326405 305
11 30 103 -0.124947116826749 -64.769706650606224 305
7 21 95 -50.396905615333601 -73.356335134732277 408
8 31 87 -74.197953621620556 -27.123120734234185 408
15 25 92 -80.054784506730314 28.569765094956100 408
17 31 80 -26.436966819168852 12.410259334462630 408
15 25 92 -16.156760781855134 -42.638059112428913 408
17 31 80 -74.197953621620556 -27.123120734234185 503