4 12 59 98.000000000000000 0.000000000000000 0
6 18 63 87.591836734693871 28.136633370798521 0
4 12 59 74.039267399437293 1.372331317259682 0
16 24 63 45.823620030509687 23.730266006142038 0
12 21 50 83.729292274538452 -30.172928515557054 0
19 14 68 52.850584975752824 -13.695506521934274 0
4 12 59 27.639432716684802 -7.339580014328197 0
4 12 59 12.151742065093554 10.994307687973603 0
16 24 63 3.235964702127120 45.872795528102444 0
4 12 59 36.907842667543250 58.608753846270886 0
4 12 59 60.811628987569250 56.461895777711653 0
6 18 63 65.470319054874523 -64.634644911633373 0
4 12 59 49.189847765242547 -39.436505008309773 0
19 14 68 41.960724007348162 -86.344065463580975 0
16 24 63 17.781336150852301 -57.029270514867100 0
4 12 59 8.773425666149194 -22.174463834875660 0
4 12 59 -6.714264985442055 -3.840576132573859 0
16 24 63 -35.593088100766899 17.653924919411029 0
4 12 59 -31.953389931646107 53.469460616056679 0
6 18 63 -19.885846421916249 80.935337511593389 0
15 12 54 -49.676112756983741 84.476528227404316 0
6 18 63 -68.654153687717866 61.242200984478146 0
15 12 54 -89.578909751374042 39.744420083266846 0
16 24 63 -85.910072143505658 3.931857614112381 0
6 18 63 -83.779068464431631 -38.014045920318416 0
15 12 54 -72.582699780790719 -65.846425055059768 0
6 18 63 -48.998599042858487 -47.304844961036920 0
19 14 68 -20.022643797243617 -60.884020841926194 0
10 16 71 -19.220951761356627 -30.894734590339688 0
10 16 71 13.935603670057798 84.415210163876623 0
19 14 68 43.925682282088353 83.643727925437048 0
19 14 68 -50.320502511441568 -79.277529728190089 0
18 13 97 16.586398316968516 -95.571394208051942 0
10 16 71 -12.315637213000871 -93.189726257982684 0
3 13 100 -9.395407151239224 -96.543908790054914 97
9 26 102 25.881072854094896 -79.913516177934710 97
3 13 100 64.209289341091008 -72.706032502895226 97
3 13 100 -12.009045718787066 -70.675609784549607 97
3 13 100 2.217368412723745 -48.913046953882130 97
9 26 102 76.100393817524179 -35.563043469558778 97
3 13 100 96.964787360876301 -2.613429176397062 97
9 26 102 61.900931459655709 14.460703578692986 97
9 26 102 -50.823903012603836 -66.879973703384778 97
3 13 100 -22.306288982265617 -40.276483518511348 97
3 13 100 -2.564976948344038 -23.356654938429841 97
3 13 100 21.958680446645324 -31.993218373800623 97
9 26 102 -80.454247931452926 -24.147753307177485 97
9 26 102 -79.252919606729364 27.838368016270149 97
9 26 102 -34.151851420143210 -0.481573275126390 97
18 13 97 4.793606826205409 1.580290440524205 97
18 13 97 29.317264221194772 -7.056272994846575 97
5 15 69 -67.294433741214036 67.055642472869891 97
18 13 97 -46.238109690281739 48.599445208478443 97
18 13 97 -23.020966030502770 36.896272976934327 97
14 22 98 11.963034956659753 35.838126044692928 97
14 22 98 48.388665908662340 60.519564611934328 97
18 13 97 81.204279191102316 48.348470786918064 97
18 13 97 -46.095319792900177 85.347650777219783 97
7 17 96 -22.444896933715263 66.890741540249905 97
6 18 63 11.393201865037435 75.834066966837668 97
18 13 97 64.209289341091008 -72.706032502895226 199
7 17 96 36.992827975768208 -85.326025797263171 199
7 17 96 80.097509628062099 -47.258744708069614 199
7 17 96 46.130892166606785 -48.765030944865096 199
7 17 96 61.809718750898689 -18.595934224218965 199
7 17 96 92.876976309383252 -4.781973612041657 199
7 17 96 14.105458211248827 -60.183068428207235 199
18 13 97 21.817122843798401 -31.191169066573746 199
14 22 98 81.741092188403911 32.594383685642136 199
1 20 86 44.128117830249863 13.905773252203108 199
14 22 98 44.423168420854665 55.904736872142401 199
2 29 75 -1.064693753688196 32.842768292036482 199
2 29 75 -50.313333783338855 63.478881871109969 199
10 16 71 -43.864311280599843 18.943389185397304 199
11 26 88 -83.791666410296912 5.912414074261033 199
11 26 88 -71.216673326359796 -44.544196483117226 199
1 20 86 10.370598361400958 80.489741902566877 199
2 29 75 -19.747083258288356 -25.156538083385641 199
10 16 71 -35.839021014023110 -67.180930277271784 199
8 14 111 80.275573212994161 52.648194131662436 297
17 25 106 83.869949104322018 13.814182467248440 297
17 25 106 77.126148144582913 -35.728941663304951 297
17 25 106 42.703350481673887 42.192187292143821 297
8 14 111 50.838305205741520 -6.920100769877695 297
17 25 106 12.885385424955565 2.056306089953615 297
8 14 111 3.766413333337709 39.975224165134698 297
17 25 106 8.522405038168380 78.684144879920609 297
8 14 111 -28.220849406449478 91.758289319159061 297
17 25 106 -55.766167165618029 64.149314880646585 297
8 14 111 -86.939180228293893 40.713375458591401 297
17 25 106 -84.981724436611231 1.762529937298684 297
8 14 111 47.212878970788708 83.587942068755680 297
9 26 102 -69.693202313542415 -46.891977472523450 297
8 14 111 -48.796313908118819 -12.784499480574619 297
14 22 98 -18.786582457338081 -32.669569715603252 297
14 22 98 -30.785253652191667 -75.001967350958040 297
1 20 86 8.600586019297275 -89.588112604991679 297
9 26 102 27.543693391009519 -47.669635973513508 297
1 20 86 -30.036963749745304 15.571924511803768 297
19 14 68 42.423025199069755 -86.117866514208842 297
19 14 68 -53.497200956309172 79.712291962032268 408
20 19 68 -73.588145196376729 53.533026129268798 408
10 16 71 -91.086624328937816 23.221258974460330 408
16 24 63 -15.804515021340993 84.535302122487309 408
2 29 75 -78.496703640369532 -19.981679548926721 408
20 19 68 -53.729430263603781 21.135010121820734 408
20 19 68 -31.598655025165790 -9.755583711023263 408
16 24 63 -36.615514439872683 -52.461919559619162 408
5 15 69 -28.530413414985706 -90.614653949402708 408
20 19 68 0.867556006035496 -73.533688112521517 408
20 19 68 2.936218644129202 -35.590037327577853 408
20 19 68 34.762052817168914 -56.353377116498571 408
5 15 69 66.900847456897580 -67.448325476240854 408
20 19 68 65.118248474648411 -33.495087915317683 408
9 26 102 -10.848518812853428 34.781527375424574 408
16 24 63 -35.056469714871440 78.530528656887967 510
12 21 50 -71.814043454659796 52.571315017718888 510
12 21 50 -87.926009402418714 13.784660698246334 510
12 21 50 -84.456927428719894 -28.071825898931881 510
12 21 50 -49.942687709250116 -4.139269483308938 510
16 24 63 -44.521147596232375 -48.811485712223970 510
2 29 75 -2.388431704276549 -80.964778725035785 510
12 21 50 -3.208497455724981 -30.971504255730402 510
20 19 68 32.822532844811775 -48.342884611988865 510
5 15 69 41.611005064146163 -81.187408600775612 510