3 10 92 100.000000000000000 0.000000000000000 0
3 10 92 98.000000000000000 19.899748742132399 0
3 10 92 81.766312060385914 8.217823563497323 0
3 10 92 83.766312060385914 -11.681925178635078 0
3 10 92 65.532624120771828 -3.464101615137756 0
2 26 92 60.439522766225650 -39.102007257758231 0
3 10 92 63.532624120771821 16.435647126994645 0
2 26 92 30.085929362926727 3.119543726392132 0
17 12 92 51.244507554484322 34.683994757761951 0
4 16 90 84.144800066126621 41.900508610655038 0
14 27 87 17.751397853883262 54.664275100727714 0
17 12 92 56.601666373329095 58.078456696213834 0
14 27 87 7.763157867393225 -44.950133542736666 0
2 26 92 -21.756013675090095 -0.931745209615670 0
2 26 92 -34.982311830989296 49.358065260212683 0
2 26 92 -80.457117382486445 24.138190953358489 0
2 26 92 -79.249610389147549 -27.847787222117237 0
17 12 92 -12.133844870161528 79.721654599089632 0
12 19 94 25.803367806639162 -87.265034291148353 0
3 10 92 54.593532320297939 -83.782732282926801 0
17 12 92 -4.728081329563764 -81.895619644890004 0
2 26 92 -40.035777374304686 -67.846897282618542 0
3 10 92 -75.793991799945886 -63.681552028036869 0
20 11 74 -70.487224158496588 59.769654985899180 0
20 11 74 7.728445419913658 91.318612149791676 0
17 12 92 30.728114172699549 91.442051455218845 0
20 11 74 52.473519869626884 83.949566481857829 0
20 11 74 55.351933889936376 -82.080225478760184 94
20 11 74 72.112327006631091 -67.829287875435526 94
20 11 74 85.311617555097101 -50.228755809126390 94
20 11 74 94.297988718126206 -30.147791357181386 94
20 11 74 72.414177788735017 -32.405847868134771 94
7 23 72 80.054043475970971 0.724688684734318 94
7 23 72 40.050577706182139 -21.984840733669159 94
20 11 74 47.690443393418093 11.145695819199929 94
1 13 64 60.882250377885946 31.195040658484459 94
8 12 56 92.059523263544349 33.601252602975038 94
13 34 81 4.076734079850844 22.229213307418995 94
7 23 72 43.948040362743718 62.963461002641594 94
20 11 74 75.479751023812966 50.245315588053337 94
13 34 81 -58.776851026892025 48.179682267139775 94
7 23 72 -9.890996281686252 77.491338751048062 94
20 11 74 22.097479669909067 89.012510839607799 94
13 34 81 -49.823823832758322 -19.228353634087192 94
20 11 74 -83.522519922929149 10.594420915278704 94
1 13 64 -79.340748831030723 -55.803634065634988 94
20 11 74 -91.848185247590152 -35.320371769659694 94
1 13 64 -96.287593528110690 -11.734535890495938 94
8 12 56 -56.019110377124221 -64.809253412757627 94
5 17 54 -27.019133332182953 -64.845741669494998 94
19 20 113 6.132772587639667 -48.415551960205867 94
5 17 54 0.387835329983558 -84.966826847760672 94
6 22 95 -9.196553817347397 -87.518131823552039 207
6 22 95 -50.416517970654276 -72.126102873472192 207
6 22 95 -79.032352631297584 -38.702548205024293 207
6 22 95 -87.890099134116497 4.396643514679681 207
6 22 95 -35.778787873322074 -30.632285772635885 207
6 22 95 5.441176279984802 -46.024314722715737 207
12 19 94 -79.375686989013815 44.502812439463909 207
12 19 94 30.749359618174349 -78.281032722546172 207
12 19 94 -50.093405837025045 20.284059157432988 207
12 19 94 -15.341836349143218 4.911082278216633 207
12 19 94 20.444889862833577 -7.868206709399717 207
4 16 90 41.949649990985492 -35.482429346125294 207
14 27 87 81.093897868251204 -17.685579677625569 207
4 16 90 90.832246788071529 24.197168087006997 207
15 22 81 52.876019215056296 22.373767849681556 207
7 23 72 -40.862094789341917 61.257012386861348 207
4 16 90 -8.653424649455300 39.266069528039296 207
4 16 90 22.731420350131433 45.510387293169209 207
7 23 72 55.006277470533362 67.404075832509506 207
4 16 90 23.888882302140491 90.913812494881540 207
1 13 64 64.283095837955017 -53.981542746515061 207
5 17 54 -9.070200213509040 92.556639243691535 207
16 12 113 -43.193581589129572 -87.967690145321001 302
10 27 113 -62.808604579180660 -54.259369613147243 302
11 21 113 -87.986540346716481 -13.392860703211703 302
19 20 113 -85.682088469442803 27.542325891517898 302
16 12 113 -61.618077421369698 6.449119111177085 302
16 12 113 -53.925244300848334 -16.284563357349871 302
10 27 113 -40.092723653685269 38.970791041999369 302
16 12 113 -33.371920239228103 -28.676531321237722 302
10 27 113 -9.030307610741392 -59.147597837602000 302
16 12 113 -36.428788961313629 0.143280401088648 302
16 12 113 -15.875464899693398 -12.248687562799201 302
10 27 113 22.975515735291662 -15.654756220359680 302
10 27 113 44.638509785580055 -65.119033115682527 302
16 12 113 81.944645350317685 -53.750117194389986 302
16 12 113 14.692043961077719 -90.103211801841368 302
10 27 113 81.678683196645622 -14.751024075026116 302
11 21 113 82.559328874123992 33.240896736614033 302
16 12 113 55.583688523973834 14.232613602691831 302
16 12 113 49.839927861618776 37.535171690884269 302
19 20 113 58.592392668876194 68.314943616577949 302
14 27 87 14.104476823168362 53.154952069574421 302
8 12 56 32.866219210922296 87.345550522593015 302
1 13 64 -20.223779219389204 73.687142334536659 302
8 12 56 -39.394616082805534 89.733294956155262 302
1 13 64 -0.350508057524348 90.451780515153359 302
8 12 56 -43.193581589129579 -87.967690145321001 415
5 17 54 -63.852477053142735 -67.615539443073885 415
5 17 54 -83.888465621285604 -40.146299153301584 415
5 17 54 -50.081411423612366 -36.529244208241423 415
8 12 56 -96.957262834555934 -14.257951593087970 415
8 12 56 -35.485692277595746 -61.588473697804822 415
1 13 64 -72.012495991609285 -12.597046071684181 415
8 12 56 -47.508134159468767 -7.643638032814851 415
1 13 64 -25.448126431867241 -19.406123274385227 415
7 23 72 -3.316374141919113 -47.799529913539601 415
1 13 64 -18.868801470980429 -80.266775010317787 415
8 12 56 -1.238984221561648 -97.992167636493889 415
7 23 72 29.061735865365105 -80.474566139322150 415
13 34 81 13.700670903463141 6.601023189562493 415
13 34 81 65.900503837199764 -36.978529833500794 415
11 21 113 87.986653661775165 13.392116240640526 415
8 12 56 86.345574879823801 46.351285836239121 415
9 13 64 63.268106369153145 36.737210366439399 415