18 13 85 97.000000000000000 0.000000000000000 0
9 33 80 68.154639175257728 35.832180493104588 0
9 33 80 62.028389619942153 -29.882879168939368 0
9 33 80 8.180603319059841 8.280138406909018 0
9 33 80 14.306852874375426 73.995198068952959 0
12 34 79 12.468960393050430 -74.970160908967912 0
9 33 80 -41.460902652481408 -35.213779384863138 0
12 34 79 -50.457830593639542 56.833153456266828 0
4 18 75 -89.937640943734507 -19.370615412936452 0
4 18 75 -89.273706567751134 22.230729085099036 0
18 13 85 -56.934624912520292 -78.533104395984651 0
18 13 85 -37.758977782944257 10.637019433263276 0
18 13 85 93.515463917525778 25.765442132630543 85
1 25 76 66.699478520539031 52.689463511105814 85
6 26 74 83.162061241458076 -11.835183567312200 85
1 25 76 37.957077198309470 11.776453768092566 85
6 26 74 15.954794398670991 57.786230463972458 85
16 32 101 -41.449874522332301 66.075017231045109 85
12 34 79 -75.406384407021946 9.480358150430671 85
1 25 76 -69.310718075428511 -49.203905941179769 85
12 34 79 -16.081602189018497 -23.754716917732818 85
4 18 75 -33.362689041519353 -72.799227693112385 85
2 14 86 -6.336067745991478 95.790679324860236 85
5 14 102 -6.336067745991478 95.790679324860236 186
16 32 101 32.385777607927821 70.958871247574393 186
16 32 101 74.581391466074194 22.838915188427727 186
16 32 101 66.565733226087772 -40.657141562993765 186
5 14 102 -13.560616620763192 68.738768236065880 186
5 14 102 -33.375984407191197 88.521366636897639 186
5 14 102 28.637579593745610 25.111831957708791 186
15 22 90 -6.457717212181703 33.446434507739376 186
8 33 99 -59.192612590168650 49.246671103235073 186
8 33 99 -75.586750300087090 -14.684794144702352 186
5 14 102 -34.972165438642023 8.968017454185359 186
5 14 102 -28.728077476036241 -18.326878873063105 186
5 14 102 -39.114681905488354 -44.329156627638497 186
5 14 102 -62.445651034517383 -59.810302563915130 186
13 15 97 36.420790517974233 -4.597712433783292 186
15 22 90 6.396021364350915 -26.219766852168931 186
15 22 90 -10.893744897695376 -66.680414185149232 186
2 14 86 -40.623975784148932 -86.980989828173819 186
2 14 86 -33.706822527153378 89.887986489424634 288
7 18 89 -59.142592654357507 70.470942480718520 288
2 14 86 -82.677750163179638 48.789236804390058 288
2 14 86 -93.239136544597912 22.857458660529723 288
17 39 89 -40.592466525876333 16.573884855858878 288
7 18 89 -91.549050223267372 -9.097879050507718 288
17 39 89 -35.854009625773813 -61.282052786724755 288
2 14 86 4.274095926291039 -95.904807512516612 288
15 22 90 8.594289733739600 -19.504682308832301 288
17 39 89 69.419906427530492 -14.895522535074477 288
3 24 66 27.145158762539758 -61.605753853933948 288
17 39 89 41.202642254045529 57.821641893716084 288
14 15 73 2.018913986559326 94.978544873644367 288
2 14 86 -13.514976265206059 70.489807592067180 288
12 34 79 49.874402013079944 -57.345828303702163 378
12 34 79 -15.977746716085445 -74.301491303180597 378
12 34 79 -69.038846135143643 -31.774796999004757 378
12 34 79 2.264292752941074 -8.794026110193030 378
1 25 76 84.462105999744836 -9.547389700220080 378
1 25 76 -80.920618279881097 26.016408998971627 378
6 26 74 73.699299962740284 40.304009540020104 378
6 26 74 35.852934857173523 75.964248578704911 378
14 15 73 48.498562404267389 7.963279391970360 378
14 15 73 33.035897277064166 35.061139903785687 378
19 14 57 -45.368756433280907 9.983158572428238 378
4 18 75 -25.574414796187366 35.126428828185048 378
1 25 76 -15.139526799883726 76.841091867751828 378
19 14 57 5.279543441759930 43.613669902350679 378
13 15 97 -55.136123990836595 77.362832363267913 378
19 14 57 -76.601735678334421 57.863408913289817 475
10 22 65 -84.981047925149070 22.852166058024274 475
10 22 65 -85.421674255442241 -21.145627618898349 475
10 22 65 -64.506882021874844 -59.857014391096385 475
10 22 65 -41.439233778210166 -22.388579615854521 475
10 22 65 -44.851020363570534 40.896026174610938 475
1 25 76 -8.484445359523839 11.122342786843044 475
1 25 76 3.055802748090386 -37.527658997480728 475
3 24 66 18.881417669513528 -83.901680953300229 475
7 18 89 -21.610831401275977 -72.749202969051780 475
7 18 89 58.777621180919283 -70.775640218314862 475
3 24 66 79.007210421960750 -33.968525156974607 475
20 34 78 72.231690065744331 23.634359526889071 475
13 15 97 24.337481796446355 33.985437454192578 475
3 24 66 38.053201343218092 70.494053386795443 475
13 15 97 29.718955966101731 -0.730932167919065 475
13 15 97 7.478365314149855 94.705195486985403 475
7 18 89 -3.366792537691900 63.538184864074594 475
13 15 97 -22.240550437531656 90.608117681468812 475