11 10 79 100.000000000000000 0.000000000000000 0
11 10 79 98.000000000000000 19.899748742132399 0
18 20 80 70.857505441059416 7.121447246320010 0
19 13 83 83.378378420114529 37.653851996721961 0
18 20 80 50.617952963858372 41.623048883383547 0
18 20 80 30.858465713511094 6.844281458367405 0
18 20 80 10.618913236310050 41.345883095430942 0
18 20 80 30.378400486657323 76.124650520447076 0
19 13 83 63.138825942913478 72.155453633785498 0
19 13 83 89.203832790794308 -20.308687145920384 0
18 20 80 57.888476051189478 -30.717742447497294 0
18 20 80 17.889436323641153 -30.994908235449898 0
19 13 83 -0.456891026093739 -3.564773843209499 0
13 17 84 -19.391978890584348 19.704571819357398 0
17 14 84 -22.101437751334146 50.585938898583414 0
17 14 84 -4.071531168521729 72.008414680225883 0
17 14 84 -22.117387485711042 93.417456456525898 0
1 34 75 -68.832831047120408 32.218649413632733 0
17 14 84 -40.951272685196976 71.290617668516660 0
13 17 84 -92.060645089307599 -13.184749741293672 0
17 14 84 -61.123523957478263 -15.158207639126621 0
13 17 84 -75.263258781558989 -42.745666730254946 0
16 26 86 -32.263396897246167 -42.854652646875529 0
17 14 84 -61.263549105900118 -70.404447054001395 0
9 22 63 50.505591392587419 -72.063758145721209 0
17 14 84 15.227482416925870 -64.890542193210933 0
9 22 63 -13.241680985233732 -86.924759564861247 0
14 11 61 80.308124770879232 -57.893048769130246 0
14 11 61 2.742355705481408 96.061916414241409 0
14 11 61 -30.756669949952840 -5.885344107138138 0
13 17 84 -72.334670653349121 -58.452505690273981 86
9 22 63 -85.290800525428480 -21.667472066015691 86
5 14 73 -51.905340361439514 -35.136363989210636 86
1 34 75 -40.085819479317777 11.385662257687599 86
5 14 73 -23.936484585810458 -33.816096364044668 86
2 20 66 -36.030130896018839 -65.592561222860908 86
14 11 61 -98.633131398307199 8.515009721912676 86
5 14 73 -84.643837253207693 29.234557239218283 86
15 15 54 -67.058074113915424 52.294065794447938 86
2 20 66 -34.482667410570386 65.094178220191097 86
2 20 66 -3.139013831366391 89.945242187491431 86
2 20 66 0.934923998852788 46.504013649775004 86
7 14 54 30.847324753024658 90.908979510175072 86
2 20 66 57.228940915663102 69.461128134169698 86
9 22 63 40.026166066198719 31.145797814849264 86
9 22 63 13.722847399186886 -4.126506151600488 86
3 20 64 7.910649390830745 -45.722399630544551 86
7 14 54 83.327945024397025 47.670258841452366 86
9 22 63 79.577345924837743 11.866166807239502 86
3 20 64 84.926117752211269 -29.791853308204004 86
3 20 64 47.902875666517609 -44.933832883679649 86
3 20 64 28.589681364038832 -79.962400165752456 86
15 15 54 -6.189963496660800 -83.883663146427196 86
7 14 54 49.519624650246627 -7.946288663473683 86
15 15 54 -89.618081223521926 -31.521413639210838 170
15 15 54 -75.320324133910219 -57.895153271778298 170
7 14 54 -60.649902567749628 -32.879583498712357 170
9 22 63 -38.471512843726785 -61.236576097529280 170
9 22 63 -27.603060187219494 -18.600010372165574 170
3 20 64 -72.480395344673497 -1.004209921997177 170
9 22 63 -78.062519534406206 40.623183577120713 170
3 20 64 -40.150330921149184 22.549280994866240 170
9 22 63 1.116262771174974 14.734663599712963 170
3 20 64 13.861545658855315 -25.284803714495538 170
3 20 64 3.443676243813652 -63.904332412437213 170
7 14 54 19.113768040561748 -94.077966981071611 170
7 14 54 45.446826296491480 -84.561137525322650 170
10 25 88 -43.830201171606120 72.827971722797130 170
7 14 54 -14.427538253291218 47.206039451558297 170
7 14 54 13.541500047017859 48.522434740156726 170
1 34 75 55.959715552784147 26.057017020773703 170
7 14 54 47.616772119529969 -21.212373655112117 170
7 14 54 39.226617169961550 -47.925765426323665 170
5 14 73 62.988472222660974 -62.737053164211375 170
13 17 84 83.989501252945828 -39.934492350365630 170
5 14 73 95.356839629686178 -11.093833234653893 170
20 19 99 -78.598339383034329 45.861760173693227 258
6 30 91 -79.939141062638740 -3.119892012160712 258
20 19 99 -43.987672495333975 30.174130091726017 258
10 25 88 -25.331140328700126 -9.674757063567998 258
13 17 84 -52.770828609661592 -41.471981895991121 258
4 14 90 -83.275183863825731 -46.993241763788390 258
12 33 116 -8.796374976287815 -65.267935914400638 258
6 30 91 29.394315590095729 -15.163333789817884 258
6 30 91 77.151277677594592 21.158458183778301 258
6 30 91 21.817202073737143 44.356304572324547 258
4 14 90 -53.528560100393179 -79.691236993653177 258
4 14 90 70.909549206462884 64.713490334985167 258
4 14 90 37.695163573951469 -58.373239167507826 258
4 14 90 42.887196182892431 -85.887649889667472 258
4 14 90 -53.528560100393179 -79.691236993653177 374
4 14 90 -74.246525253358428 -60.856006176896045 374
6 30 91 -78.166150766365661 -17.030938740122107 374
6 30 91 -68.022997936917108 42.105483629500910 374
4 14 90 -41.370886028775232 7.095985906227556 374
6 30 91 -25.499145084293119 -45.774399083033842 374
4 14 90 -27.391438134184401 -89.733689648434620 374
1 34 75 -4.192100676795413 37.456122924222235 374
16 26 86 22.196437217557587 -16.429358123999805 374
16 26 86 46.052375335483639 70.250827226159686 374
10 25 88 79.013894818296095 31.333758562343604 374
16 26 86 81.682197879422716 -19.596391238869263 374
10 25 88 49.738359313284725 -59.353040716164443 374
17 14 84 41.191103275009382 21.823950999985676 374
5 14 73 -53.528560100393229 -79.691236993653135 465
5 14 73 -74.246525253358470 -60.856006176895988 465
5 14 73 -47.575754303420645 -52.331337448085904 465
1 34 75 -74.903987255526005 -12.860509057731701 465
1 34 75 -5.688799900538982 -75.772392263322217 465
1 34 75 -7.093526984198917 -7.786903062902155 465
1 34 75 52.485997293907431 -40.563118323278651 465
16 26 86 -69.679969581917774 46.911638631186342 465
5 14 73 -50.183872873348044 81.838737181310677 465
16 26 86 -17.860353525334698 51.239154286654021 465
10 25 88 31.151647055236339 37.138664965708315 465
10 25 88 80.290689374912347 27.899913973009635 465