3 14 90 96.000000000000000 0.000000000000000 0
8 30 89 71.250000000000000 36.379080527138122 0
19 20 89 64.660555334131502 -13.184809745876743 0
19 20 89 30.428333001197245 7.507095776538478 0
8 30 89 14.141294400286352 54.780051825557024 0
3 14 90 -1.273375768249021 95.991554389710956 0
19 20 89 -32.987929537235154 83.736470577917288 0
19 20 89 -66.015519076625878 61.171490426861794 0
3 14 90 -88.961253909383387 36.081786303760218 0
8 30 89 -79.699078651573416 -6.932305683559626 0
3 14 90 -33.990864867322330 49.751266139461087 0
3 14 90 -53.421020808896401 29.590188785159956 0
9 21 81 -20.608527071123127 17.410687370545741 0
2 19 92 -32.680133199850431 -20.724287724147494 0
6 18 94 -56.559754627954838 -48.986695272875842 0
6 18 94 78.015281105112209 -48.760803050096712 0
8 30 89 30.017658341518349 -49.238515352363223 0
9 21 81 -19.543592913884488 -61.266913998851081 0
1 14 56 -11.440150483338819 -95.315911352295018 0
1 14 56 -49.049259712261311 -80.092843638132223 0
1 14 56 3.935063277464913 -13.802682714698067 0
16 15 36 51.543637602615490 79.801337223697217 0
16 15 36 58.157875502380094 -75.117651168348289 94
16 15 36 78.681838378002567 -53.236907399452512 94
16 15 36 91.359412938921182 -26.047219956373088 94
10 18 61 91.737063909218250 6.950619059911510 94
10 18 61 61.341267251993912 -12.339159206638634 94
10 18 61 59.833727568404711 23.629262000058830 94
13 29 66 44.124922389350786 67.926366192618971 94
10 18 61 23.882821242450859 25.508712542768500 94
17 28 80 -11.303912177944163 81.217126084794003 94
10 18 61 -56.492062295650342 72.612993999589094 94
10 18 61 -36.456990427315844 42.703198025181784 94
15 20 70 -79.430681188579285 42.317453679519488 94
13 29 66 -80.725286576001281 -6.665441262397309 94
13 29 66 -22.890097387557919 -2.296128783646896 94
4 26 73 -48.287134589690986 -51.081275102516017 94
10 18 61 -25.137584521381232 -88.499162958925297 94
10 18 61 -4.950327692166205 -58.691870869382655 94
6 18 94 10.769916060793152 -91.078194160975087 94
9 21 81 32.934332823199263 -49.431606421997344 94
6 18 94 25.360122141413008 -11.174171425020415 94
12 19 111 -26.026152827910487 -87.198849585176561 188
6 18 94 -59.062698015542637 -70.537916776190769 188
2 19 92 -81.269221071780393 -40.942810191608558 188
2 19 92 -28.766542416086430 -49.297790696208608 188
2 19 92 5.426932206177803 -65.875073141065840 188
2 19 92 39.945676487239560 -81.763946394341772 188
2 19 92 36.446472221556732 -43.925400313565532 188
8 30 89 -79.596113624359916 8.028617309224884 188
8 30 89 -20.285010022775783 -1.037417632366441 188
11 29 85 38.496903178821803 4.030785240432490 188
20 19 82 71.953408450756882 -30.388137679801098 188
20 19 82 90.965267630281161 2.513977913849402 188
12 19 111 -59.367175757870612 -68.967662295702738 299
9 21 81 -81.537553275000079 -35.673903710226682 299
9 21 81 -88.817907032527899 5.690289128087617 299
9 21 81 -39.562921004037733 -34.214367579297971 299
8 30 89 -39.038864252718469 16.782939844931761 299
11 29 85 8.008228007868063 -18.820025057220121 299
11 29 85 -9.450678415322946 -74.129939055582653 299
12 19 111 -26.026152827910487 -87.198849585176561 410
11 29 85 -60.527664534516802 -53.827519225736161 410
11 29 85 -80.998806495316103 0.439711649081858 410
11 29 85 -3.208108217315349 -44.969276533239473 410
15 20 70 -75.413471833940079 49.120344725495642 410
11 29 85 -30.639402968599811 29.213492708118128 410
15 20 70 10.213210421121907 2.156811846823821 410
20 19 82 39.672643429183225 -23.399827346222423 410
9 21 81 43.337438561486117 -63.231589504558436 410
7 19 108 13.563912887898042 -89.943706024298905 410
17 28 80 81.949896058532815 -2.866101183780451 410
18 27 73 66.344719274480980 49.873622531257062 410