8 12 47 98.000000000000000 0.000000000000000 0
2 16 61 90.081632653061220 26.857018795073568 0
8 12 47 74.292187369438807 3.733580088092849 0
8 12 47 62.184783518681833 24.455809022130698 0
5 21 101 68.428911924058895 56.859680094228906 0
2 16 61 82.210554716377573 -23.123438706980703 0
3 13 39 48.192229352882386 84.181405488380747 0
3 13 39 34.803631769645271 61.893618367310665 0
6 23 65 44.242505703123165 -14.211241776531324 0
3 13 39 37.406487324250307 21.133755786401291 0
3 13 39 20.045391193309392 40.488143948578589 0
2 16 61 19.276181473114686 86.386439505121075 0
14 30 68 -18.327631349615743 59.892038942114276 0
14 30 68 -72.434256923737991 33.959953237687408 0
6 23 65 -26.497154140094093 7.525457066113859 0
14 30 68 -75.673411584859508 -25.952548605261320 0
20 15 74 6.331430640002759 -11.613090980590043 0
3 13 39 -16.940466466181746 -27.182895252935971 0
4 13 85 48.192229352882386 84.181405488380747 101
4 13 85 68.821544504216362 68.356382379805382 101
4 13 85 44.802014901047350 58.403382950362641 101
17 33 93 73.623433276989857 22.551941657174947 101
1 28 86 13.371543109660525 32.076107303785818 101
1 28 86 30.993248385806467 -21.079094729135203 101
4 13 85 24.172699749713388 74.228406058937964 101
1 28 86 -16.493739620573422 79.447669315642571 101
1 28 86 -64.506738586526296 50.624901747357093 101
16 17 90 -11.255861679422974 -5.586751501071616 101
16 17 90 -39.652876721836314 13.111096949510880 101
16 17 90 -72.990352426385073 6.431822015161952 101
4 13 85 -96.177697157781296 -12.603593512411720 101
7 19 76 86.653113505818595 -27.789169108624321 101
20 15 74 -71.337709154329957 -25.525474025262543 101
3 13 39 61.878874999295235 -48.043479919459017 101
10 25 95 -57.145977537925440 -62.923264785251902 101
9 30 93 -4.817003278684645 -79.854846311373876 101
20 15 74 39.719312526612846 -86.298181976292270 101
20 15 74 -24.723417972374698 -39.497261472302540 101
3 13 39 -32.127255946536309 -91.525075391095683 196
6 23 65 -57.124381216795975 -65.618633562412498 196
3 13 39 -21.198872468445373 -67.933330340002300 196
14 30 68 -78.177356064094269 -16.979428695566401 196
14 30 68 -67.995238427674778 42.150297165781168 196
6 23 65 -30.027927840195602 5.170798429942517 196
20 15 74 -36.420729820319423 -33.753938069544930 196
14 30 68 8.475148918131591 -36.813361594051202 196
15 34 93 71.509414935943227 -25.737202169604593 196
14 30 68 70.262985026908666 38.250659276781192 196
7 19 76 43.712107048602753 -70.862690246925141 196
7 19 76 31.197817106723441 8.671736791881035 196
7 19 76 21.800943407347731 45.491551629519492 196
7 19 76 41.549920644517620 77.956577397039624 196
19 17 94 8.660835287659129 92.595841872732265 196
5 21 101 -14.438908536848018 62.422975995554729 196
12 18 116 9.438958875439976 -84.803684268171594 196
11 16 97 43.408996522798724 -83.376609554980391 312
13 23 98 68.554589059155035 -53.565551606703181 312
11 16 97 29.566406592849663 -54.525566176425201 312
11 16 97 41.972270867697922 -25.028201351850715 312
11 16 97 72.274449296426582 -14.743358986821882 312
10 25 95 44.990726168183166 15.860537043934649 312
10 25 95 0.972429245536837 -25.142161685771619 312
13 23 98 -2.515031638872038 22.730979182357334 312
13 23 98 25.078765187131204 59.535630746055816 312
19 17 94 3.088609971214570 92.948698153582086 312
15 34 93 -43.573379742392277 62.268455720575545 312
13 23 98 -84.118607858041486 22.204950169388823 312
13 23 98 -83.683293589585276 -23.792990018055203 312
5 21 101 68.957146775880148 56.266436785438287 312
12 18 116 -68.193738065041813 -61.754466143886859 312
19 17 94 -40.818965512241675 -83.563221901207385 312
19 17 94 -35.216639974341426 -50.027957647479028 312
19 17 94 -5.547277591810744 -66.633045295970177 312
19 17 94 -40.103623905740207 -16.381005511301073 312
12 18 116 87.988339448456543 15.407489364259984 312
19 17 94 -40.818965512241675 -83.563221901207385 428
19 17 94 -68.126349650184864 -63.307191403036967 428
19 17 94 -36.930420589965344 -49.786318277763172 428
17 33 93 -75.736872401309085 -13.889786134704426 428
17 33 93 -58.671905494287543 49.865895215762365 428
17 33 93 7.838041220472164 -72.052544431456084 428
9 30 93 65.297825862827125 -46.218978110597661 428
9 30 93 79.067416920680927 12.179637986870546 428
9 30 93 21.607936305491705 -5.094854406039122 428
10 25 95 -11.898974828586319 84.163022747692878 428
17 33 93 42.207764377394334 63.271379143227577 428
12 18 116 -4.088427604742968 41.878328683952589 428