20 11 118 99.000000000000000 0.000000000000000 0
20 11 118 96.555555555555557 21.863775779997951 0
14 24 108 64.757021118210290 7.240055062035390 0
11 20 100 83.991488223644666 -32.333108510895748 0
14 24 108 40.019195837837820 -33.894358758970554 0
14 24 108 16.764661139251189 8.096433278715880 0
14 24 108 41.502486419623651 49.230847099721828 0
6 36 88 -17.991817471161944 57.004379408193600 0
14 24 108 -75.742837994240503 40.731099820385872 0
11 20 100 -89.995534392988958 -0.896542982985828 0
14 24 108 -46.162171043612112 2.929193218257957 0
11 20 100 -68.784689510257721 -34.809668161310434 0
4 23 95 -26.046623073582325 -39.548621342585804 0
3 19 95 -53.997375487484994 -70.897551778833773 0
19 16 86 32.497110349511672 88.203955800925741 0
19 16 86 81.437209428161765 46.946575173847549 0
5 13 72 94.111111111111114 23.496782022908963 118
17 19 66 76.077815892041443 49.931612522495669 118
5 13 72 68.532661321311068 18.833853077420102 118
17 19 66 41.043318759909724 35.214819030071631 118
9 23 62 43.185790963995068 -6.730500289904008 118
17 19 66 8.075005161723951 16.317986001977232 118
17 19 66 8.194024507414269 54.317799611985265 118
17 19 66 41.162338105600043 73.214632640079657 118
1 24 59 75.857148161398015 -40.517811797032053 118
9 23 62 29.995380411599857 -50.798777649692660 118
9 23 62 -6.663192770057346 -23.011208265432288 118
9 23 62 -33.865524427998210 14.083712577877085 118
9 23 62 -33.408624567707200 60.081443418839953 118
5 13 72 -5.747069889416666 83.121373817605118 118
5 13 72 17.502429329872026 94.760136039263173 118
5 13 72 -68.323317011443322 68.854370613301086 118
5 13 72 -65.125946222836362 43.051719198375466 118
9 23 62 -85.920180061335586 13.664649948962129 118
5 13 72 96.502341925324345 -9.813154585951885 118
2 23 79 -80.878134710830352 -32.058186562823188 118
19 16 86 -93.881923999876506 4.710026123219741 197
15 26 86 -76.935133609830984 -33.719211385165217 197
19 16 86 -61.891533220304638 5.494180298292143 197
19 16 86 -38.633935410616544 -16.484994939254690 197
15 26 86 -30.822007876080246 -57.752097917234060 197
18 29 85 -21.374211863689148 25.073421092683301 197
19 16 86 -6.648457644358750 -17.448951403120283 197
18 29 85 23.718567717747007 -50.658043089844057 197
6 36 88 73.471396201370283 -8.829152859775018 197
6 36 88 46.200018864189623 57.806212961484718 197
13 17 95 23.836598364609010 9.755433326197451 197
13 17 95 68.401642060752394 -61.586120105378590 197
13 17 95 -85.485047019829906 36.623854740011609 197
16 20 92 -62.013007318086551 65.225661540278338 197
16 20 92 -22.997721950136082 74.046517941863726 197
13 17 95 -1.452879736591345 -89.159968146306923 197
13 17 95 -92.935974307808820 3.450315849063422 292
13 17 95 -87.965351555340632 -30.184382149471460 292
13 17 95 -71.237537636497848 -59.784724064668495 292
13 17 95 -61.322160016225922 -9.062347573937641 292
3 19 95 -41.680905288988697 -39.232218517310628 292
3 19 95 -39.720100397051560 -77.181595905823286 292
4 23 95 -3.293760005926437 -56.274139682985314 292
3 19 95 24.701535896995470 -87.583298204220668 292
4 23 95 59.252395315976202 -63.703639215662413 292
4 23 95 -10.699850985236417 -10.874251837240770 292
3 19 95 27.687294297825844 -27.916173002915457 292
3 19 95 65.244696875831721 -22.133309387577654 292
8 18 96 -65.869835110093646 25.640946956129891 292
8 18 96 -29.870872872835406 25.367601313297776 292
8 18 96 6.110644578406021 26.521031807956497 292
8 18 96 36.927568812051177 7.911432651129552 292
10 21 92 88.378652929016781 10.498271593571609 292
7 33 90 -1.228506875561976 76.990199187017936 292
8 18 96 37.614852521967677 43.941849293046758 292
16 20 92 75.218042143979716 49.419086758321342 292
10 21 92 -54.791579789181924 70.134747338289543 292
11 20 100 -89.920607665173776 -3.779459898701401 388
11 20 100 -79.401800685172347 -42.371618424980717 388
8 18 96 -53.487434086111776 -14.578712787579391 388
8 18 96 -41.927795993454716 -48.672330477211453 388
10 21 92 -59.696070186829409 23.923921379044405 388
8 18 96 -24.603489329993895 6.908905398844399 388
8 18 96 -13.043851237336835 -27.184712290787662 388
10 21 92 -6.835215136619194 -65.687346457411451 388
7 33 90 37.397571638035629 -34.712185858184164 388
10 21 92 87.709852190638316 -15.099067146561644 388
16 20 92 86.200811889964626 25.873152678228703 388
7 33 90 33.466223541687803 31.170622993179656 388
16 20 92 -79.401800685172347 -42.371618424980717 488
16 20 92 -89.920607665173776 -3.779459898701404 488
16 20 92 -82.677319303906316 35.559258607568310 488
16 20 92 -51.239414504538942 -13.965985099654752 488
10 21 92 -39.903914188883689 -53.367843337481297 488
7 33 90 -29.688828413542240 34.454798032534875 488
16 20 92 -11.259641984744007 -15.237908550751561 488
7 33 90 23.695588377433133 73.263354355689003 488
16 20 92 21.389784594139424 20.313535952667557 488
6 36 88 42.283649837481860 -31.642660936568355 488
18 29 85 77.708518926947193 22.855767022357611 488
2 23 79 -0.280842440577035 -72.499288270589290 488