8 12 85 98.000000000000000 0.000000000000000 0
17 16 84 90.081632653061220 26.857018795073568 0
8 12 85 74.292187369438807 3.733580088092849 0
8 12 85 62.184783518681833 24.455809022130698 0
17 16 84 82.210554716377573 -23.123438706980703 0
20 32 82 34.794929455255193 -15.656278530795017 0
13 19 86 33.149794131316561 35.317180541215478 0
17 16 84 63.689146006886560 52.415367200043356 0
16 28 67 -11.922169925664122 21.993590332632756 0
20 32 82 -71.050375505868857 32.184532627879371 0
20 32 82 -46.608271817466758 -26.964292950363522 0
12 19 81 -46.933255580113482 -77.963257504107318 0
12 19 81 -11.579285185696762 -64.031395555655990 0
4 13 78 -19.795792889458802 -94.958551925972685 0
12 19 81 8.565449864232432 64.293205405877089 0
17 16 84 -93.436686659067249 -10.275484717291192 0
4 13 78 -33.440555917675674 56.892860587163881 0
17 16 84 -20.968897617120575 83.074108441958643 0
4 13 78 4.947105015931060 96.087978255494548 0
4 13 78 30.629596839823879 92.037100114192270 0
19 15 67 -51.779075936409775 79.648774599308879 0
2 26 92 77.966563702755906 31.260437367127555 86
2 26 92 44.626022073283366 71.165428080738934 86
2 26 92 81.428762325956882 -20.624176736607531 86
2 26 92 26.737557192250080 22.339176696877416 86
2 26 92 -6.602984437222453 62.244167410488778 86
9 27 89 -59.428103665366400 57.942216860752438 86
1 28 91 -28.125775322613464 12.718724731965146 86
14 20 91 -76.108623493270159 14.001799722644737 86
9 27 89 -76.158522350324020 -32.998173789093173 86
1 28 91 -22.066834643344979 -42.952535697857222 86
4 13 78 14.024382492111785 95.342682989931433 86
4 13 78 -34.649866274033187 89.343474029514596 86
5 14 41 74.873186107615538 -60.083325491307221 86
5 14 41 54.351521968783977 -79.132244121323851 86
2 26 92 14.509086923676650 -82.679125804775325 86
7 20 54 43.533455576109866 -46.899195250270793 86
4 13 78 -24.472361449003007 -83.881907068393332 86
17 16 84 -52.110349322488631 -75.098876480659854 86
17 16 84 20.537905256566095 -19.200735627011401 86
3 14 112 80.167322349362323 52.812881263319014 178
11 18 98 89.295637264176420 22.142474242609577 178
11 18 98 54.991140080843294 33.060416951686697 178
11 18 98 52.550248581104569 68.977572305173467 178
11 18 98 22.731274568211539 89.147569549060506 178
11 18 98 62.688172929385978 -2.107120427670068 178
11 18 98 20.173031567189774 53.238581917163614 178
11 18 98 -9.645942445703255 73.408579161050653 178
18 35 96 52.024010666627902 -54.023164607033031 178
2 26 92 -17.231448153261930 30.067373557599851 178
18 35 96 -74.462959619060996 8.959221214485812 178
18 35 96 -16.941699257469047 -30.931938287513510 178
14 20 91 -64.267069173575351 63.005903055498550 178
14 20 91 26.147131219613826 8.321315253902345 178
13 19 86 -69.136545175811605 -44.777445124046437 178
17 16 84 18.226089766226018 -92.216102996350202 178
12 19 81 -16.005806450824508 -84.923827536311535 178
19 15 67 91.941123098460736 -23.912964755414365 178
5 14 41 -39.114502233888672 85.882711756551700 178
6 16 57 -49.073948308334963 -73.456570057229399 178
19 15 67 60.001320546705017 73.653523558968686 290
19 15 67 79.976810225872953 51.270945242843965 290
16 28 67 81.578776538465277 8.300796256212337 290
19 15 67 88.664622535082913 -34.111357503202186 290
6 16 57 49.748261117875380 44.398186057089006 290
16 28 67 25.582815740320672 7.628208497884270 290
16 28 67 9.055238608091742 61.133714701808962 290
6 16 57 58.103483441435955 -28.913590934880400 290
16 28 67 18.416123609268901 -47.911313681359594 290
7 20 54 -16.667123231637071 -15.152104425028924 290
16 28 67 -36.496730388326853 28.560441600241187 290
7 20 54 -50.565027601512206 74.452521674274465 290
7 20 54 -84.424997606892276 31.183646019608293 290
5 14 41 -20.725456645590974 90.749760862754883 290
6 16 57 -93.933395519056944 -3.537966401820853 290
9 27 89 -27.393696815785987 -78.349124913841877 290
6 16 57 -68.175227157453890 -64.715828064157250 290
6 16 57 -47.465357807645006 -40.321129633681693 290
17 16 84 -57.690683763556265 -9.998815917618275 290
5 14 41 -79.969489720625603 -30.089978281385378 290
3 14 112 -67.205934754470263 -68.551895187353409 379
18 35 96 -18.382871353214700 -72.712241340857858 379
2 26 92 -60.971582815463705 -29.040721376637464 379
9 27 89 -11.084903034509615 -11.143258415855946 379
2 26 92 33.235272295236548 -40.207360995164343 379
1 28 91 80.711712538883134 -14.478240882120161 379
14 20 91 83.558048368818305 33.437292844879344 379
15 20 73 37.125639334527122 5.627833389714198 379
2 26 92 41.229069109200942 51.444444614076048 379
3 14 112 77.706846988590357 -56.370612300132109 379
13 19 86 -82.156157315732230 -39.132669409492856 491
9 27 89 -82.715696823656032 6.863927372650409 491
9 27 89 -60.986801233040609 56.299290185237659 491
9 27 89 -29.038968987347225 12.763833201291405 491
15 20 73 -57.431490292502801 -69.293750964875301 491
13 19 86 -44.755310748766895 -32.411309720090927 491
20 32 82 6.199538204678433 -34.556855835086289 491
20 32 82 70.197161252199052 -34.005272416682160 491
9 27 89 37.771147208029902 15.285229844984286 491
15 20 73 88.816590086899026 14.546935255776390 491
15 20 73 38.551602736670418 -75.267344907533300 491
15 20 73 0.073129865112787 -86.194701654377610 491