18 11 91 99.000000000000000 0.000000000000000 0
18 11 91 96.555555555555557 21.863775779997951 0
4 26 90 62.669479718877326 7.006660838297714 0
4 26 90 71.396223017109961 -44.255839602148541 0
4 26 90 31.664916580299749 -77.803168688445197 0
15 27 93 57.596413228574491 59.763309674107660 0
4 26 90 10.151227255779268 83.384366551539642 0
4 26 90 12.791957010719603 31.451462277261150 0
8 11 82 41.081315842594293 -23.042485246919885 0
15 27 93 4.261068247603454 -32.437663108119317 0
8 11 82 -10.398452083301915 2.620837482575828 0
4 26 90 -38.938879516745018 26.167472102333463 0
8 11 82 -15.748470422723495 54.998096897018783 0
20 22 80 -86.193305616672049 17.740182267129306 0
4 26 90 -78.591583294531475 -29.654055966405707 0
8 11 82 -69.894590529784864 46.434291183707913 0
10 12 81 -52.619865158772789 61.619279275771461 0
9 29 74 -41.035990558029674 -69.835860980740406 0
8 11 82 -33.690317996302781 -30.516131904665976 0
5 12 66 -10.697489580603516 -97.414391732807530 0
7 18 55 -33.819197307403485 84.997364919007708 0
19 12 96 90.187546436333406 38.343271480068111 93
1 22 98 64.164098843514068 60.224317510452153 93
1 22 98 26.987614143738675 83.759588602312732 93
15 27 93 82.999999229233069 0.011311379576192 93
19 12 96 90.197994057218281 -38.318688235037691 93
1 22 98 56.310481991660126 -41.082114732459011 93
19 12 96 45.055146975539081 -8.999137413094155 93
8 11 82 -2.296185520457868 98.973367791823875 93
19 12 96 -6.184991709262137 76.304508393391018 93
15 27 93 -44.665037305431348 69.957375897788111 93
15 27 93 -78.250978386612275 27.672809426184735 93
15 27 93 -78.714571815686725 -26.325200547633003 93
1 22 98 6.565693103072160 44.785941852120338 93
8 11 82 68.015904898329097 -71.936337694251932 93
8 11 82 50.449631578693534 -85.181187321932114 93
10 12 81 35.337436543440404 -67.842745603701758 93
10 12 81 -39.421097070942949 31.311534066911747 93
11 19 71 -41.241698673344040 0.354075650530480 93
16 37 78 -13.507374627979296 -71.739464945449811 93
11 19 71 18.320188379596679 -25.663373173265164 93
5 12 66 25.247407223352091 4.552742379378593 93
5 12 66 46.887549268759976 14.930808300087033 93
10 12 81 60.351246646615024 77.212220717963035 191
16 37 78 67.128783195350124 28.683208793851499 191
20 22 80 83.418766160814641 -28.023373319558210 191
20 22 80 39.649147666342415 -23.526652642403029 191
20 22 80 11.162658842700097 10.007210160747182 191
16 37 78 4.862701205923134 68.669894499045370 191
7 18 55 -49.406134824664612 77.608207308808929 191
9 29 74 -49.057668818492566 30.609499119726294 191
5 12 66 -75.162052244323192 62.225336384572202 191
13 34 114 -70.384511536448883 -28.670900505137521 191
12 23 105 -82.710694613709364 26.980381697035124 305
12 23 105 -57.391386524336447 65.385233446201084 305
12 23 105 -36.791463325669945 24.255643559976313 305
3 30 105 -62.579436857227719 -22.047492631168193 305
3 30 105 -4.397707542135791 66.203761351323607 305
3 30 105 -2.841722224287899 -16.443436026042960 305
12 23 105 -28.629695755845667 -62.746572217187470 305
12 23 105 10.872043032334449 -86.318009014938866 305
3 30 105 55.455775887741041 -57.659838021699635 305
3 30 105 79.947914247692921 -2.886348461904618 305
7 18 55 -65.778679327670147 64.320800258606383 410
2 19 60 -84.934940332711562 32.665821751162561 410
7 18 55 -47.936966501389222 33.053032774749738 410
9 29 74 -64.694563786383227 -10.858047071161153 410
9 29 74 -9.291651652814942 6.303460063123769 410
9 29 74 -19.148385758031360 70.204312951658380 410
14 27 103 30.971671569355181 45.224724214061311 410
14 27 103 79.916652179626510 22.412690699703951 410
11 19 71 88.082761170107389 -22.856666087813903 410
11 19 71 51.239057257427767 -13.553898650389863 410
9 29 74 15.838292128189396 -45.969725467926111 410
9 29 74 -39.564620005378892 -63.131232602211028 410
11 19 71 56.674329266976692 -71.197053324827351 410
2 19 60 76.835845655571546 48.757079715598088 513
9 29 74 80.994573596952009 0.937575515851492 513
9 29 74 60.857380604797449 -53.454459364236612 513
9 29 74 9.516982559367683 -80.438964705947654 513
2 19 60 17.391745669660118 -33.089327896814915 513
2 19 60 32.998581428913155 1.557846267663496 513
2 19 60 40.141820332508985 38.880415015890826 513