16 11 49 99.000000000000000 0.000000000000000 0
16 11 49 96.555555555555557 21.863775779997951 0
16 11 49 78.843192529652626 8.814936902970350 0
16 11 49 81.287636974097069 -13.048838877027592 0
3 21 65 50.201525992172897 -5.455835253987891 0
3 21 65 60.738505518366196 35.200923869982915 0
3 21 65 20.260229518366074 23.997836256837424 0
3 21 65 30.797209044559366 64.654595380808232 0
18 13 66 68.992512986196473 68.183818841786149 0
13 29 71 -17.044474280804213 79.186399693956304 0
3 21 65 -63.957662427947902 61.890366106144981 0
18 13 66 -36.433629997511453 41.929713843047892 0
18 13 66 -88.905927534744478 38.790927408180949 0
12 26 71 -83.999939602506714 0.100731202827607 0
18 13 66 -88.998706453330968 -38.577587400378263 0
15 21 83 -55.039303277458878 -36.916582903524301 0
9 20 73 -38.000759324140787 0.375346785764346 0
18 13 66 -22.088616213349102 -28.534923043859944 0
18 13 66 -25.800499561882944 -54.268595964896249 0
18 13 66 -5.012453333006735 1.253793047813957 0
9 20 73 10.899689777784950 -27.656476781810333 0
18 13 66 -0.187558956778227 -58.738190304361297 0
9 20 73 -13.333094026641005 -89.006902000219910 0
14 16 93 -47.772226268249042 -73.195910236624258 0
14 16 93 -75.095380901220167 -56.539223264037290 93
4 20 85 -45.806262116107924 -77.471196911822759 93
4 20 85 -44.547625855314493 -37.491003881235514 93
2 27 90 -82.433961574018682 -9.676878588326517 93
2 27 90 -70.940868655265106 43.085881149588040 93
2 27 90 -2.665664268688637 -58.819419051059931 93
2 27 90 -10.250902934926167 -5.354812493298610 93
2 27 90 39.843423880553999 -25.518106393449582 93
14 16 93 39.227307310922185 -68.513692217724909 93
14 16 93 70.575756442663831 -62.089150441488535 93
4 20 85 86.810109042921425 -23.748788768189673 93
14 16 93 93.273241828816680 11.666291559149496 93
8 26 73 -31.094747237465604 78.032792428812428 93
4 20 85 -3.579597981976896 41.169306952691493 93
4 20 85 30.719056426549994 20.587705805928412 93
4 20 85 13.586440064067393 88.968582355714233 93
4 20 85 50.797465330241252 74.294128408797818 93
14 16 93 65.897232951280486 28.235966810555592 93
14 16 93 -89.710520571284775 -28.071738436176172 186
6 25 84 -84.070135529034587 12.538433400140423 186
6 25 84 -62.475806580986323 57.634829678374061 186
6 25 84 -49.011695421594027 -23.111332058176458 186
20 30 79 -29.278938707236691 -74.449605426609736 186
20 30 79 -19.505901983340394 23.304270421799057 186
19 20 77 -4.025828170974904 -24.239049979322655 186
13 29 71 28.202316622173953 -61.149030786576297 186
5 25 81 76.513257217757499 -37.023255798609611 186
15 21 83 88.697324423197685 7.333801208515169 186
15 21 83 47.585433697523492 -1.257615494230935 186
5 25 81 59.769500902963678 43.099441512893840 186
17 22 94 32.861008601431223 81.634270460981426 186
15 21 83 -9.590275458509431 88.481786920416070 186
1 18 100 67.809356652476538 62.176290902378824 280
6 25 84 82.195471534992478 21.654201881857517 280
17 22 94 37.472421214411355 36.105802832021091 280
17 22 94 45.114897349369663 -7.225393303403017 280
17 22 94 3.767742652247144 7.821626283618833 280
17 22 94 -3.874733482711164 51.152822419042934 280
15 21 83 85.642052995005272 -24.216497657603366 280
15 21 83 32.540093887065574 78.821984158725826 280
15 21 83 52.208052828832770 -49.636325211864573 280
1 18 100 16.139701133763033 -34.801433705663378 280
20 30 79 -31.644665397560434 -30.256731823236606 280
20 30 79 -79.809129929538173 5.522932182282766 280
19 20 77 -44.646474831362490 41.069910766217852 280
19 20 77 -34.600012318225261 79.787717922255609 280
1 18 100 -81.624849610967317 -42.442713461641084 280
1 18 100 -91.662729173828467 -7.870456175176642 380
5 25 81 -78.328481926509880 33.009830643134414 380
20 30 79 -43.698337376123931 -9.719001407594217 380
20 30 79 -25.236238262314529 47.369972101410809 380
5 25 81 9.393906288071420 4.641140050682184 380
5 25 81 -0.916931851856075 -44.284176676470608 380
8 26 73 41.023693573078255 -73.301136182341523 380
5 25 81 76.627634883520798 -36.785942588954086 380
19 20 77 89.782846719614469 6.248234544430275 380
5 25 81 70.793582569673333 47.045389433512447 380
9 20 73 -1.845639123925388 -89.981073655654029 380
5 25 81 -43.523456392512088 -73.011702785574712 380
10 19 120 -80.176922039655082 -43.042550717250379 380
1 18 100 52.516339067586365 -1.181934189947899 380
9 20 73 -89.846147953905955 -5.260199411128902 500
8 26 73 -69.835552728566753 -46.679712671519013 500
8 26 73 -74.805653360190476 38.211441026936185 500
9 20 73 -50.118236272975203 -0.602621341770746 500