13 10 98 100.000000000000000 0.000000000000000 0
13 10 98 98.000000000000000 19.899748742132399 0
13 10 98 81.766312060385914 8.217823563497323 0
13 10 98 83.766312060385914 -11.681925178635078 0
13 10 98 65.532624120771828 -3.464101615137756 0
19 29 98 59.160451104693607 -41.940008505725331 0
13 10 98 63.532624120771821 16.435647126994645 0
18 22 96 34.087900877670791 2.471332670976574 0
19 29 98 47.070862095229998 51.791133137151959 0
1 31 99 -9.690534276782770 32.345211150800793 0
13 10 98 11.381447801795911 67.515817788731553 0
1 31 99 -71.684626089659119 33.201120197754811 0
19 29 98 -41.396758784103675 -18.593137148799215 0
19 29 98 -29.628482042959384 -75.386690150384197 0
18 22 96 -40.094126388991434 75.757439689248841 0
18 22 96 21.365313332652647 -76.182198283723508 0
8 16 102 -85.852065594747515 -11.612757762868736 0
8 16 102 9.922367767706895 93.474844840108574 0
8 16 102 -69.206180137025257 -53.971606364067263 0
8 16 102 2.069674676981876 -43.445699862698334 0
5 11 105 -91.254616299322677 -38.387432892333308 0
5 11 105 36.750919064102249 90.436945016762891 0
5 11 105 7.432648173533531 -16.983679620938929 0
15 15 41 -74.822784664969632 -58.536748243984178 105
15 15 41 -89.345417218565586 -32.286164560697515 105
17 23 61 -51.533513709978621 -28.509929258533656 105
15 15 41 -45.784678524467921 -66.072555551297512 105
12 17 55 -17.964104814503884 -50.260671462155628 105
9 22 59 -9.606180852968940 -12.166772908014437 105
12 17 55 15.100953754556958 -42.342218215177617 105
12 17 55 5.426006140588867 -74.936625537093647 105
17 23 61 45.419278480548499 -74.203026503683688 105
17 23 61 76.908462435796082 -40.670485683868392 105
6 25 75 84.736565510533737 6.686887577866507 105
15 15 41 50.254547000582619 -13.586010574084746 105
15 15 41 45.857505024923995 16.090007047292556 105
15 15 41 63.329934572420854 40.476769967117704 105
16 38 89 -64.990739362520614 30.987155356904150 105
9 22 59 -4.993776058020519 31.590806115596287 105
15 15 41 30.544602486167481 41.887584759910155 105
14 17 85 48.118404007714567 68.630088383940375 105
8 16 102 -24.575315578258984 -88.681468028813526 105
15 15 41 5.810406175321159 -94.822144987749510 207
7 24 72 40.031000330093150 -76.115169398563921 207
14 17 85 75.093291017528031 -54.863445427322965 207
17 23 61 85.472082245238482 -16.233396337895179 207
17 23 61 41.317742353362668 -29.132786583666672 207
9 22 59 52.548723828455721 14.443182196225269 207
9 22 59 1.762776201995180 -50.589828615693648 207
9 22 59 2.369015342742465 -6.594005244557316 207
7 24 72 13.117615065401788 38.132581971572293 207
6 25 75 53.239824475439555 66.261007310667921 207
14 17 85 83.934541454611832 37.593353943701985 207
6 25 75 -37.638850743014622 -76.212314718456540 207
7 24 72 -74.160801692889720 -43.545097224232791 207
16 38 89 -53.627387100268507 14.956004348024205 207
3 25 96 -38.060687819879476 76.002526554567112 207
14 17 85 3.887891090207932 78.080200115107857 207
8 16 102 -33.097344681611204 -35.464618799616716 207
3 25 96 -73.434761226097734 -42.805792174260873 309
18 22 96 -87.979766717291511 1.886968036551153 309
18 22 96 -44.632698370449937 -5.664963222024046 309
18 22 96 -26.528180357937980 -45.767661728915456 309
19 29 98 11.055318899921147 -80.242008474495748 309
2 18 110 -35.733346255974070 -84.694065631531913 309
1 31 99 -58.030302131515583 45.613728390199050 309
1 31 99 8.366880973744038 -5.876125099472983 309
1 31 99 58.059940664870069 -42.951721096492193 309
3 25 96 84.768527193498585 6.268715773193996 309
16 38 89 45.666138271138379 55.665104108420309 309
2 18 110 -10.322510644354908 56.792575889722407 309
8 16 102 2.598997286385957 88.241496901353329 309
10 16 111 -65.192764221375199 -67.719299266724406 419
4 17 114 -83.751072981674596 -40.432137890769695 419
4 17 114 -92.686696213378440 -7.627341938637407 419
4 17 114 -89.234087184397168 26.196902190285826 419
4 17 114 -59.809097937015039 -16.291263197401623 419
4 17 114 -41.385691574621781 -44.867093859101161 419
2 18 110 -55.115289272867663 18.392568197419450 419
1 31 99 -12.797252603005894 -6.309329956532917 419
2 18 110 -7.904131876242094 -55.064405277501450 419
2 18 110 -33.597997667919572 -80.279981032959938 419
16 38 89 -20.329626765256855 62.278302598322433 419