13 10 87 100.000000000000000 0.000000000000000 0
13 10 87 98.000000000000000 19.899748742132399 0
13 10 87 81.766312060385914 8.217823563497323 0
13 10 87 83.766312060385914 -11.681925178635078 0
13 10 87 65.532624120771828 -3.464101615137756 0
13 10 87 63.532624120771821 16.435647126994645 0
1 11 84 79.578877851682122 29.982519135072650 0
20 21 90 35.336905256527359 3.551492605704194 0
13 10 87 49.796632918172662 30.972584413855262 0
19 24 91 61.297085244103947 -37.199249612800891 0
13 10 87 28.932971373531277 -26.779838239186454 0
7 14 90 7.012204599591737 -17.008452255481366 0
12 20 88 -3.984141686937431 15.164212669058788 0
12 20 88 23.079731503649857 44.618359540489486 0
12 20 88 60.389368667150094 59.040251743940523 0
19 24 91 7.296055285754569 85.689950269954139 0
1 11 84 42.263862412648820 84.189128916053704 0
1 11 84 95.013944095216786 -27.809178834892240 91
1 11 84 98.809472811213155 -6.139062043189263 91
3 12 77 85.116818207535033 -48.570847822798306 91
17 13 83 71.014239419563452 -27.928239665662392 91
17 13 83 60.303405842134453 -51.619547018288998 91
17 13 83 45.141548614609249 -30.498039368214819 91
17 13 83 55.852382192038256 -6.806732015588214 91
3 12 77 96.557868895078840 16.750461320237282 91
8 24 56 62.897338912872577 29.516381628503083 91
3 12 77 74.588792576150041 63.565022001349647 91
11 13 78 49.593339079208846 64.041786599710520 91
10 20 56 25.295943760917517 86.371958581732400 91
3 12 77 26.529218872960229 54.395732530210680 91
11 13 78 2.790651339813255 62.236677082636781 91
11 13 78 -7.702235562668106 86.025315640816927 91
8 24 56 -34.150507977319776 60.150832336210136 91
3 12 77 -68.849836632133446 69.740232260356976 91
16 15 67 -82.779388556937207 46.610866009328909 91
11 13 78 -94.643994820070290 21.248864546100030 91
3 12 77 -97.936280577181165 -3.533404407600024 91
3 12 77 -69.704547150123886 22.987815355641523 91
16 15 67 -70.940039143515961 -3.983902415651134 91
8 24 56 -35.398971569161525 12.073261582862781 91
3 12 77 -49.883500587312938 -20.884262886100743 91
11 13 78 -72.300709953001316 -31.950821712352628 91
3 12 77 -80.794718495087608 -55.463622882927041 91
3 12 77 -57.078721409088359 -51.782389092894761 91
4 11 40 -65.927094002444790 -73.012233709592707 91
19 24 91 18.931928455262678 -4.381841116884779 91
3 12 77 18.967384217042373 31.618141423235389 91
3 12 77 -14.652226905366449 -17.347353398053073 91
3 12 77 -30.649284675252879 -35.238528393198479 91
3 12 77 -34.182495653689742 -58.977029192150660 91
11 13 78 -5.503610162466499 36.733846074409612 91
9 40 118 43.838100597116018 54.573078857960141 182
9 40 118 66.392560666593241 -22.181701650972055 182
9 40 118 -11.356259150779337 -3.337046785314971 182
2 32 115 -60.324164506504403 49.446892486709352 182
14 14 105 91.471755248436764 29.136197277099846 182
14 14 105 -94.228324607995418 18.358181869952261 182
14 14 105 -95.517574995613131 -9.612120835560763 182
14 14 105 -10.018942810780075 50.646391276805261 182
14 14 105 -4.745344085052591 78.145285008735740 182
14 14 105 -29.419525228196679 91.381023934663261 182
6 12 95 -70.962393600008710 6.752301708085902 182
14 14 105 -69.206044495623516 -19.188308111722215 182
6 12 95 -89.854800868543450 -34.987955584112193 182
20 21 90 -62.572909548828605 -53.554010792994546 182
15 32 103 -14.230420095844593 -75.279657238799786 182
4 11 40 16.485642583809728 97.617742181423552 300
4 11 40 37.637099046205705 91.566635710754937 300
4 11 40 21.820958890404302 76.274490322613786 300
3 12 77 57.244123899665837 79.543134706646470 300
18 14 44 74.711335996312158 60.284461295147615 300
20 21 90 41.050225563083586 50.696466489037704 300
10 20 56 73.995960218622514 26.291988047431509 300
10 20 56 37.532501479981832 9.847652341315296 300
10 20 56 4.417263165471319 32.283806008403040 300
18 14 44 95.999279855968211 0.371842890878124 300
10 20 56 66.935508011083442 -17.271772559150349 300
18 14 44 33.592482134024522 -23.923285572125636 300
18 14 44 9.584323687409913 -9.514665652013655 300
12 20 88 -22.237555189028949 2.458973092046310 300
18 14 44 -29.411329176071096 35.693547961944034 300
11 13 78 -15.324441387321709 58.727427192919947 300
16 15 67 -6.392231569878489 85.264488593481445 300
6 12 95 65.319187776499902 73.057536970653103 390
5 23 97 77.190642263102347 40.132340412811168 390
19 24 91 85.785151736243634 -6.075174202412235 390
6 12 95 55.196082764244736 12.906629174145383 390
6 12 95 42.829566763264353 33.475277209383293 390
6 12 95 46.619768711595547 57.174103534559535 390
19 24 91 39.730600345347781 -19.602121240947309 390
12 20 88 75.573488543745157 -48.873794914334397 390
6 12 95 60.495796853471703 -77.099017912444793 390
20 21 90 30.374654832929291 -63.618780400504797 390
6 12 95 9.049457552614736 -38.434738609011823 390
6 12 95 4.030447996822108 -14.965406639846989 390
6 12 95 14.878172818152002 6.443163284384369 390
6 12 95 19.071812810839909 30.073935248324283 390
19 24 91 11.543760630504732 65.278032032223607 390
4 11 40 43.326042291951552 79.937041971249542 390
4 11 40 98.099615193743944 13.321617726063263 487
4 11 40 98.619431391996542 -8.672240305669927 487
17 13 83 77.034749406108403 1.820686052981221 487
18 14 44 78.454382143852570 28.783338795059937 487
18 14 44 53.782271080232974 15.543741532891431 487
20 21 90 50.383211275144220 -19.290815912861053 487
12 20 88 71.818457920842761 -54.241212208726850 487
16 15 67 36.854551859327792 -52.652101475783255 487
4 11 40 85.906991757743398 -26.627570393013624 487
17 13 83 18.615491596268480 -31.407415535047605 487
18 14 44 18.705319282104469 -4.407564961630396 487
4 11 40 28.945837119066077 18.398833141333412 487
4 11 40 40.818706345752950 36.920036566758874 487
16 15 67 61.679194328698578 52.439058479024517 487
17 13 83 55.289118444232685 79.700146685307985 487
19 24 91 21.009596945789575 65.774831398472415 487