17 10 42 100.000000000000000 0.000000000000000 0
17 10 42 98.000000000000000 19.899748742132399 0
17 10 42 81.766312060385914 8.217823563497323 0
17 10 42 83.766312060385914 -11.681925178635078 0
17 10 42 65.532624120771828 -3.464101615137756 0
17 10 42 63.532624120771821 16.435647126994645 0
15 18 50 78.566312060385911 40.057421550909162 0
12 20 71 40.784241580620311 35.993537908132836 0
15 18 50 58.220806640926583 69.756923385565443 0
16 25 57 15.352359806296150 73.117915201453172 0
16 25 57 -3.246898488302470 26.705981489413070 0
6 19 75 -26.368296861201170 87.095998304397256 0
15 18 50 -59.339176250091583 70.305491691336371 0
17 10 42 -33.705627109355099 59.039562592968664 0
15 18 50 -49.247392481111049 35.748930804000643 0
10 15 58 -80.842930148263008 45.273740488376603 0
15 18 50 -90.950044596134404 13.859631595434390 0
2 24 69 -81.621457634145401 -27.091283721474102 0
11 12 81 -62.767405481971366 3.576691716156302 0
15 18 50 -40.869450418532999 -16.928906642331899 0
15 18 50 -47.969471515310147 -52.221819534658025 0
19 26 78 -5.058334201794764 -42.493803577607586 0
10 15 58 -26.607091717393175 -77.374328939676616 0
2 24 69 43.087043505234234 -29.002228226763030 0
14 13 113 12.809940275553643 -7.734952425211368 0
16 25 57 32.614865771422359 -76.870103607977256 0
11 12 81 -53.249592257818080 -81.753502943236981 0
14 13 113 -2.445746533428660 -91.524572715008361 0
14 13 113 69.486829845647577 -67.679985800840868 0
11 12 81 85.273626685221700 -48.295016222685398 0
11 12 81 85.273626685221700 -48.295016222685398 113
19 26 78 83.360772468751350 -10.343191645380394 113
19 26 78 73.476507944245412 40.708755573208585 113
19 26 78 34.206357002538020 6.622757787966641 113
11 12 81 62.149082435251827 -41.871975413910661 113
11 12 81 40.860799486048961 -30.790052788541040 113
19 26 78 3.100032057260165 -35.047333985375843 113
19 26 78 -20.200138433723399 -81.534988852997401 113
19 26 78 -64.324936385176628 -54.021315784077110 113
19 26 78 -83.799135132333134 -5.805596530329083 113
11 12 81 -34.607147654331037 -30.338979899523263 113
11 12 81 -24.265071022725834 -8.681615079536378 113
19 26 78 -13.326099700138940 27.709852414968722 113
6 19 75 25.334403992310541 50.739517072668363 113
12 20 71 53.198003238176653 -72.594575909436557 113
12 20 71 -80.581959882095589 40.081763204234626 113
7 26 90 -44.856898612211133 69.059685787867181 113
6 19 75 -0.817679466920903 78.308857484462635 113
10 15 58 32.714627378949906 83.928857270438215 113
14 13 113 20.296134903722553 -70.051534403238392 113
18 14 115 41.748083798985988 -86.447079182080202 226
13 20 111 7.899533962117889 -89.652648389109771 226
13 20 111 28.274358028469674 -55.230757908411121 226
13 20 111 -11.723285607276992 -54.796587909661234 226
13 20 111 -43.889983266964606 -78.572701167934696 226
13 20 111 -48.397352522041622 -38.827467209655040 226
13 20 111 -16.230654862354001 -15.051353951381579 226
18 14 115 60.606185010630000 -65.749929168336990 226
13 20 111 60.657262212694313 -31.749967534249382 226
13 20 111 24.130849155620815 -15.445945049474314 226
18 14 115 53.601218259469128 1.509801613027552 226
1 19 106 86.366010741579856 -2.423183716746893 226
3 28 106 -81.880031713442236 -4.434005706547374 226
3 28 106 70.529338835114316 41.828367927539723 226
3 28 106 -36.543652876694239 28.438669176565934 226
3 28 106 15.131465452209742 50.018338907443933 226
20 15 87 -86.952465348583800 38.265764983903480 226
20 15 87 -66.014725876991278 59.750900911323569 226
12 20 71 -35.239583007326686 76.420951341713192 226
20 15 87 65.072380913505341 -69.214053791463954 341
20 15 87 40.244881231075752 -86.054340591841182 341
20 15 87 38.074514896148116 -56.132951754218467 341
7 26 90 78.303145377764523 -30.407522489487256 341
7 26 90 81.198785606563376 21.511792487362754 341
7 26 90 34.787519775125965 -1.940167002702260 341
7 26 90 1.102117032881644 -73.854176210793952 341
4 25 71 54.681805744101510 65.076110213843819 341
9 33 83 0.007471641472819 45.718496971655753 341
9 33 83 -22.425172249792595 -16.352240804269492 341
9 33 83 -72.051139295048245 27.159405852955516 341
6 19 75 -51.588640628639219 74.964072448667807 341
4 25 71 -76.982189177046592 -36.038070835012952 341
10 15 58 -20.643347285368890 89.049129065485133 341
10 15 58 22.127063003959073 88.318070654459476 341
10 15 58 94.729956592136546 7.157885445571598 431
16 25 57 79.581519553770988 -29.862714972231927 431
6 19 75 60.844670168580343 9.948470329347339 431
16 25 57 30.255743689197622 -21.679327204450662 431
16 25 57 20.430131150273432 27.345741262966449 431
5 18 62 58.732797242430948 46.888150792824518 431
9 33 83 -25.972049277818975 -7.451351309815514 431
5 18 62 -19.562448791976148 43.144271244036744 431
5 18 62 6.465390722453153 68.014968263041112 431
5 18 62 40.990853172444339 78.212636752173751 431
16 25 57 -82.404318177421430 -20.845343501950087 431
5 18 62 -52.036031700600759 -51.288194492975066 431
2 24 69 -54.393408341683752 66.613490592933559 431
5 18 62 -84.214893175235233 37.038517349965794 431
7 26 90 -9.986878584779866 -64.244610750654118 431
5 18 62 -52.511979579124485 -75.541326442428911 521