7 10 108 100.000000000000000 0.000000000000000 0
7 10 108 98.000000000000000 19.899748742132399 0
7 10 108 81.766312060385914 8.217823563497323 0
7 10 108 83.766312060385914 -11.681925178635078 0
7 10 108 65.532624120771828 -3.464101615137756 0
7 10 108 63.532624120771821 16.435647126994645 0
6 21 107 35.336905256527359 3.551492605704194 0
7 10 108 49.796632918172662 30.972584413855262 0
15 34 103 57.334370392917251 -46.857946268114972 0
6 21 107 6.172670785524794 -26.671800195054395 0
15 34 103 11.882218635347279 53.299635038384395 0
6 21 107 66.579678016722369 59.060532296869589 0
7 10 108 78.002819476558457 30.241929985366447 0
9 13 66 1.512996314328305 7.007383788861839 0
6 21 107 -30.553169639541835 18.310524990265083 0
15 34 103 -74.571759702983357 -14.664673702490155 0
6 21 107 -66.660960462699364 39.763437190502650 0
6 21 107 -39.817338666757308 72.065449029959723 0
7 10 108 -70.956051739063668 70.464450055352884 0
14 10 88 -97.319309716295493 22.998955548975552 0
19 12 71 -13.343205637482022 91.766217551726470 0
10 10 69 7.159599455706434 99.743371386944048 0
10 10 69 26.865087759526151 96.323761656576508 0
19 12 71 46.446101720545684 86.294609535965350 0
16 17 119 28.105787476987864 -88.651366093808122 0
8 22 97 -5.084565562291832 -68.172096938685002 0
12 23 95 -49.981933054642269 -71.209594635282528 0
14 10 88 -28.150411742162095 -95.956001994386696 0
14 10 88 -80.345316478208431 -58.284234018514120 0
14 10 88 -28.395297477193814 -46.249282849440661 0
5 12 119 55.928814459771530 -80.473397549279923 119
16 17 119 73.292850317008586 -57.246467947014644 119
5 12 119 44.375707954583859 -59.437102008482093 119
5 12 119 52.627921307608588 -36.900443543302288 119
17 23 115 84.906735898840509 -18.969612515930493 119
16 17 119 90.687419912777472 20.610479605374810 119
5 12 119 64.052657194733968 9.139236649464568 119
5 12 119 64.531163212415905 33.134466008465125 119
9 13 66 83.272889249902590 49.679788765540422 119
17 23 115 50.865371360122779 65.356292974821315 119
17 23 115 30.747150594871364 23.988948447518055 119
17 23 115 4.981089729749279 62.095510972821018 119
6 21 107 23.207525619086354 -84.753263972949213 119
17 23 115 14.213341313550941 -41.682338179810515 119
6 21 107 -4.767132761431881 -1.986726282663685 119
2 27 98 -23.649038216565494 -74.338734434103799 119
2 27 98 -69.359193574274457 -45.588400572144721 119
6 21 107 -46.748202159015690 -3.247603848191886 119
6 21 107 -29.841073486931950 35.199099522391194 119
6 21 107 -36.537871601042212 76.661768213864121 119
12 23 95 -71.360604426824295 49.766094239334308 119
6 21 107 -88.982144260190253 -1.782695391448030 119
14 10 88 -9.465932889677536 91.765083558784738 119
14 10 88 10.323413925797384 94.660209223907557 119
14 10 88 29.965717517206464 90.894587147421674 119
14 10 88 -33.034999081485793 -38.549018891196994 119
13 15 40 39.492897745878182 -13.310802680567921 119
14 10 88 92.420282448654376 -38.190200210406701 238
20 20 87 89.614448087160426 -8.321700188881351 238
10 10 69 97.872125835192449 20.519429438954948 238
4 20 81 68.292061020644368 25.521405605145130 238
4 20 81 49.644265193311128 -9.865876160795771 238
4 20 81 28.321878126795074 23.977229633230721 238
4 20 81 46.969673954128318 59.364511399171612 238
10 10 69 76.554502910363027 64.338231901002843 238
10 10 69 73.023235782463615 -33.316333097977598 238
11 19 78 48.534408126508346 -48.850080876183625 238
11 19 78 15.889213121880914 -29.400370258545919 238
4 20 81 -5.760159887056094 3.038875236994041 238
11 19 78 -6.245243942525661 42.035858369784322 238
11 19 78 11.521851060233288 75.626487050458607 238
19 12 71 -10.509875599032906 97.434811617269801 238
18 14 68 -21.429708455588894 73.839107550959753 238
11 19 78 -54.417365446589166 72.936618634622505 238
4 20 81 -79.171752728204794 42.799924882457411 238
19 12 71 -47.171753067258010 42.795266620346780 238
4 20 81 -54.176298436458389 11.571295954033154 238
4 20 81 -89.748702737220867 -6.720889597810999 238
4 20 81 -56.121003208203923 -28.381402620040035 238
19 12 71 -86.461839019522671 -38.551637733870876 238
10 10 69 98.171630685669541 -19.034992212147259 326
18 14 68 87.114767807235111 -40.336301638741176 326
9 13 66 75.369461775884531 -16.024827264900338 326
18 14 68 59.241199712891380 -37.678445041785011 326
18 14 68 48.712703576554006 -11.733295801375366 326
18 14 68 66.852106518783344 9.596543881553375 326
18 14 68 94.415148920738531 4.669202453559924 326
2 27 98 65.805334062170971 50.583179110906826 326
3 19 60 34.439667951487138 84.231284398323822 326
19 12 71 26.968331155941101 54.145089449684669 326
9 13 66 6.540960614079317 68.557671895085548 326
18 14 68 3.376950543342609 95.371642885453184 326
1 16 60 37.992446995377961 17.789226726209154 326
13 15 40 10.740778559507440 32.565781380842907 326
18 14 68 -12.710036764816460 49.626240361317478 326
13 15 40 -19.918932235231260 77.715950685502619 326
1 16 60 -50.890970371971036 79.032329679689738 326
15 34 103 11.433429192411680 -41.969957346457193 326
3 19 60 -9.981396581478926 -90.450935441725761 326
1 16 60 25.018244085645435 -90.609532958023067 326
3 19 60 54.870460919355608 -72.338103071088895 326
15 34 103 -55.896347630988529 -51.493672635729553 326
1 16 60 -92.391329017033087 -17.315955719114697 326
3 19 60 -27.925674963499969 -6.475437768864673 326
3 19 60 -39.119246453373734 29.838525899414297 326
1 16 60 -66.794844939651171 51.264240553221249 326
3 19 60 -87.945804376419829 23.378098566489438 326
5 12 119 13.636134293070814 3.977274237605970 326