6 10 93 100.000000000000000 0.000000000000000 0
6 10 93 98.000000000000000 19.899748742132399 0
6 10 93 81.766312060385914 8.217823563497323 0
6 10 93 83.766312060385914 -11.681925178635078 0
6 10 93 65.532624120771828 -3.464101615137756 0
6 10 93 63.532624120771821 16.435647126994645 0
8 14 89 86.755771184755062 41.102751320786574 0
18 25 85 55.477998216795427 64.398693417314334 0
7 12 89 31.687072664465337 92.735804444437179 0
6 10 93 21.598832422188572 73.185167400747076 0
8 14 89 5.732903074016871 91.192729310090158 0
13 15 85 -1.253144694182740 63.046768026445335 0
20 20 85 34.640690508558961 24.513776375000333 0
7 12 89 5.094791289604142 36.803603035428267 0
6 10 93 21.487126604508799 51.476412681972782 0
18 25 85 -31.901279073369089 37.342841107094351 0
1 21 114 -30.992574852223893 83.333864759960278 0
8 14 89 -63.962633633352453 71.587579220738633 0
8 14 89 -81.898490001881356 50.086298879151968 0
18 25 85 -84.264441598591333 11.158130760911082 0
7 12 89 -94.948249061689637 -24.265819584744115 0
7 12 89 -70.965009587823545 -23.369034025543151 0
8 14 89 -50.165083997932406 -7.768934812557621 0
8 14 89 -48.069967791385167 -35.690440647327051 0
18 25 85 -41.565003358503233 -74.144119765545909 0
7 12 89 -69.701139923314258 -50.115848516737685 0
20 20 85 -14.180953547115784 -38.435383916632816 0
8 14 89 -2.740098654403521 -70.452673610232765 0
7 12 89 -11.061320936491494 -95.085116845366443 0
20 20 85 13.129206251677132 -9.209450710584541 0
8 14 89 19.563634028146620 -42.595048491504954 0
8 14 89 25.256405528869667 -70.010233200723235 0
12 12 84 -16.059729275032080 3.905656716257720 0
8 14 89 -63.962633633352453 71.587579220738633 114
13 15 85 -39.130669655937055 86.566683500512639 114
13 15 85 -10.185623308563908 94.452385241538707 114
20 20 85 -79.847156379799387 41.526276236376667 114
13 15 85 -94.499292723977078 9.740825153347696 114
13 15 85 -17.828928447854732 65.442388920482557 114
20 20 85 16.571945217671573 71.890636050400786 114
20 20 85 56.528746845604402 70.032141050131898 114
18 25 85 79.104332668686936 31.104735218961551 114
18 25 85 -54.902956292989870 4.072479606005373 114
18 25 85 29.162774732901610 28.687962381767594 114
18 25 85 -6.092150942566364 -6.767505681949022 114
12 12 84 -86.047866505362975 -15.902368775477209 114
18 25 85 -63.441361410466897 -45.193082788529836 114
12 12 84 -49.067022882310681 50.277469405126496 114
5 11 75 -33.699043931322478 33.165332689859646 114
5 11 75 29.903845148306377 -7.304409235554481 114
18 25 85 28.089644236272658 -43.258667329009505 114
3 25 76 0.561189844845671 -84.998147426623618 114
19 17 116 42.579430467045441 -82.680058666537263 114
12 12 84 68.636239234291821 -69.950458638761333 114
12 12 84 -8.444607499800281 -49.110884864717789 114
12 12 84 -29.670884673838817 -60.311115100337538 114
5 11 75 -28.305736184801972 -37.351664549357864 114
12 12 84 -46.051486895947910 -77.851806957873677 114
5 11 75 83.822260821411021 -52.676641794891822 114
5 11 75 93.386012591725276 -32.864154518534747 114
12 12 84 97.464731113723786 -10.228694390269023 114
12 12 84 73.928875865120048 -5.531512499308033 114
5 11 75 71.446019413086958 -34.487946168132744 114
10 14 72 -8.732165664610914 37.906069143406498 114
9 12 36 68.636239234291821 -69.950458638761333 230
10 14 72 82.983496612978726 -48.267372933315386 230
17 20 52 88.780561962333337 -14.765223251014202 230
17 20 52 52.894813582942078 -32.434775120006762 230
15 19 60 37.677910756256622 -68.343630133265151 230
17 20 52 13.273128599425977 -37.923133623877916 230
17 20 52 28.330913201755251 -0.865568635472975 230
17 20 52 64.216661581146511 16.803983233519574 230
17 20 52 70.169136596090183 56.358604217628013 230
15 19 60 34.084358138233995 41.563714436104192 230
17 20 52 38.162607316116102 80.349896043000015 230
3 25 76 -3.763454666163454 64.003479718372375 230
2 37 105 -28.647616592116414 0.698765896805625 230
2 37 105 -13.516482139035066 -71.737749550603738 335
2 37 105 -69.259371960563783 -23.068146774898750 335
2 37 105 -53.832376089458378 49.305935591601042 335
2 37 105 1.910513732070335 0.636332815896058 335
4 20 104 -12.982455371666525 89.058721372601610 335
9 12 36 -5.595998046330969 57.922885938475275 335
15 19 60 24.783621966983592 51.752092809013092 335
17 20 52 61.030120880854575 66.146234550942339 335
15 19 60 54.237501455238501 27.742324315931853 335
15 19 60 56.858527295831919 -10.167176123178940 335
3 25 76 45.478641272087941 -52.670095953310579 335
9 12 36 82.477739163463653 -52.928466277454653 335
10 14 72 85.867472977001540 42.927579532788826 335
11 19 72 90.421645556281447 10.243340026290653 335
10 14 72 87.418848078441044 -22.619757930339599 335
10 14 72 -64.512400729454740 -71.092546389352577 440
10 14 72 -82.282031922029816 -49.453687656049127 440
10 14 72 -93.051976371237785 -23.607831188116503 440
11 19 72 -90.524025847334698 9.295200072676156 440
10 14 72 -65.283835862837805 -27.203713931721513 440
11 19 72 -40.258592088291415 -48.715040576643425 440
11 19 72 -52.981372158679079 3.417347232252817 440
11 19 72 -20.478359620084628 -16.269048474325174 440
11 19 72 -2.269422442591157 -49.622228335713146 440
16 20 74 -22.077104678895878 -83.217700120249503 440
9 12 36 -54.043495298065892 -81.751456353804059 514