5 10 93 100.000000000000000 0.000000000000000 0
5 10 93 98.000000000000000 19.899748742132399 0
5 10 93 81.766312060385914 8.217823563497323 0
5 10 93 83.766312060385914 -11.681925178635078 0
5 10 93 65.532624120771828 -3.464101615137756 0
5 10 93 63.532624120771821 16.435647126994645 0
16 11 96 79.578877851682122 29.982519135072650 0
20 38 98 17.821169422807216 1.791094918206229 0
19 16 80 54.935713881147805 41.014947223275144 0
16 11 96 79.607819262070464 51.982500098581795 0
3 28 97 64.772178742326048 -44.594276955677209 0
5 10 93 26.780004553618681 -45.365445170088400 0
16 11 96 54.963686820121680 -82.340713690977822 0
16 11 96 36.095917984793765 -71.026682615511007 0
16 11 96 15.565675145140540 -63.120411121003158 0
3 28 97 19.993592867377089 67.755332019665104 0
5 10 93 54.384819637603783 83.918361477005163 0
5 10 93 69.996666327290171 71.417551785720022 0
20 38 98 -42.844011781425877 47.570301873521252 0
3 28 97 -81.801252291995937 -5.705709724585446 0
5 10 93 -88.164664750674632 31.757698848056911 0
19 16 80 -37.803961544119119 -6.193978960555050 0
3 28 97 -46.646450082560271 -49.296303682633990 0
5 10 93 -84.397592526736204 -53.638105631080968 0
11 15 79 -15.038283043953548 92.690601621839704 0
9 13 68 -5.740589877154522 -52.073100552374882 0
10 20 68 -13.612061001829073 -84.120564450995857 0
16 11 96 -44.338747025013035 -88.227968257863594 0
8 10 79 -90.565018515799537 42.402563852117325 98
8 10 79 -80.315714478689941 59.576723707984769 98
8 10 79 -70.567107773408637 42.113486112803727 98
8 10 79 -80.816411810518233 24.939326256936283 98
13 25 80 -84.424523673640522 -9.874198827191545 98
11 15 79 -56.572833740925432 18.836136731486565 98
19 16 80 -43.429434017905891 -9.239672138801211 98
8 10 79 -56.891680025654047 -31.483051657814705 98
11 15 79 -74.977737947251796 -48.742672420062391 98
19 16 80 -54.485526011832043 62.543432956731813 98
8 10 79 -42.476496639661413 39.483007688789698 98
8 10 79 -31.848788667933583 22.540403896347613 98
11 15 79 -15.304331971296321 3.797913330441103 98
13 25 80 -12.453593021112532 -36.100373442776423 98
4 21 77 -44.972805417897447 -68.634983093005673 98
20 38 98 -0.485876001095676 62.737851880657708 98
13 25 80 62.320526998576305 57.802698160377616 98
13 25 80 38.945031486804965 13.603306653489668 98
13 25 80 37.545641160745546 -36.377106577248341 98
13 25 80 83.396185323152451 -16.433997491371720 98
11 15 79 90.372596768277631 29.288116248033010 98
11 15 79 76.820157632335750 -55.889743078163171 98
9 13 68 53.238064943545467 -70.985600272019511 98
19 16 80 24.555526984314405 -75.264854438024273 98
12 19 76 -8.829946468900861 -85.772478446555354 98
2 11 120 8.767936145743995 -6.026846600535546 98