18 10 107 100.000000000000000 0.000000000000000 0
18 10 107 98.000000000000000 19.899748742132399 0
18 10 107 81.766312060385914 8.217823563497323 0
18 10 107 83.766312060385914 -11.681925178635078 0
18 10 107 65.532624120771828 -3.464101615137756 0
18 10 107 63.532624120771821 16.435647126994645 0
1 23 105 33.241890668198366 3.340935717225158 0
18 10 107 50.406551227264572 31.525584515676357 0
12 12 109 71.754646415144691 36.841488187603630 0
20 13 93 74.893672589662643 61.643635567935263 0
1 23 105 38.902829975169084 62.455576390135150 0
19 40 91 36.778227509552131 -59.559734563340889 0
1 23 105 -21.118823818642959 -84.397839311898963 0
10 18 95 -59.553838717092241 -70.123749857366903 0
1 23 105 -79.863772266861247 -34.507649576679697 0
1 23 105 -86.296646456078179 11.040326554710688 0
10 18 95 -33.476822907437210 -45.304619202507098 0
7 17 90 -6.727788364633848 -22.732752841306194 0
1 23 105 -10.660478223048873 17.073452083020872 0
1 23 105 -7.094671228780239 62.935037538384549 0
10 18 95 -49.714701996578796 29.554141384780227 0
10 18 95 -48.013485386258537 65.513922558263062 0
20 13 93 -26.350661766855588 93.352250237735433 0
20 13 93 16.192743802643122 90.388567387098675 0
7 17 90 -49.851968192599109 -5.445589442633711 0
9 16 80 -78.844782430908467 51.181053949901298 0
3 11 72 18.765962115198722 34.105322474130453 0
5 10 60 93.676986839784121 34.994601535364176 109
5 10 60 84.839609324140554 52.936194514974368 109
5 10 60 73.720422777259373 36.312004593788529 109
14 13 54 82.334381440446592 14.985970828718617 109
5 10 60 60.277249008259929 21.503862272197836 109
5 10 60 54.174608459406628 40.550063424435301 109
5 10 60 65.293795006287809 57.174253345621132 109
11 22 66 34.467620540739595 65.761858822096130 109
16 23 80 27.277656002093373 21.339967710471779 109
4 16 65 0.177302195079612 49.385837701161584 109
11 22 66 -3.979953039757669 87.157748281808921 109
6 32 85 -26.416506913427906 9.426241643390142 109
6 32 85 -66.855261426006592 -40.179273508368908 109
11 22 66 -32.448855982534198 -81.798971542585761 109
4 16 65 -74.366210154274512 7.229435071398697 109
11 22 66 -67.401927859157468 44.585810325348582 109
4 16 65 -51.087461738115827 78.905457689291381 109
4 16 65 -19.230817836396767 -46.171966791031693 109
14 13 54 -27.847822572186232 61.558435713246297 109
3 11 72 -4.231331867603053 -98.909533567933721 109
3 11 72 0.252768940666970 -77.371361873445068 109
3 11 72 -95.271386934890430 26.913989512935235 109
19 40 91 45.265438197634104 -53.395131845292489 109
14 13 54 92.469987663518737 -29.296781077597807 109
14 13 54 64.638390461543906 -4.062701126947870 109
12 12 109 -97.645375928959410 -8.329499366240062 109
12 12 109 97.892789011157944 -4.582778591303921 109
12 12 109 93.843360986754533 -28.238689748458185 218
1 23 105 86.789859471185736 6.043202211727856 218
1 23 105 71.576738231923002 49.454732271833926 218
1 23 105 41.587811002350705 14.574017777726763 218
1 23 105 26.374689763087975 57.985547837832840 218
20 13 93 69.020742505384334 -25.265877657467737 218
20 13 93 43.312063080542167 -21.384666218922117 218
7 17 90 75.281144139094039 -54.605396593275913 218
7 17 90 50.623314895846313 -78.014613944798739 218
13 25 89 18.891727713324514 -50.499047897958661 218
13 25 89 -5.778755505237342 22.346300407832178 218
10 18 95 -14.099033555808687 64.533656015421286 218
20 13 93 -18.496319906698709 95.220198224478935 218
19 40 91 -69.409350899243023 9.074249707042046 218
10 18 95 -50.090770739734950 63.762387914706977 218
17 22 81 -70.310440722238795 -52.919201859481454 218
9 16 80 -36.256314494823251 -36.057514906888322 218
20 13 93 -18.201351696866848 -58.751529940910189 218
9 16 80 -40.826770985146446 -76.892378929575131 218
9 16 80 -8.553616353674959 -20.040008368715185 218
14 13 54 96.939297339606412 -3.431126827060815 327
15 16 79 88.662325525300020 -31.224862408755797 327
11 22 66 61.947748392464177 -4.200218680969780 327
15 16 79 58.548158489439622 -42.047844610362674 327
6 32 85 60.060521893985914 49.766793244311408 327
15 16 79 28.414966353219178 13.675813560791482 327
2 30 115 5.813869376559246 79.788463595135781 327
14 13 54 48.613079851482397 83.939075926253778 442
15 16 79 20.670604521932784 91.699106368044028 442
13 25 89 -19.345136075098488 82.769352481675995 442
9 16 80 14.899543817998843 60.223800835746005 442
16 23 80 -14.830232985147514 34.982161205264369 442
16 23 80 -57.099779245606058 53.128385576602760 442
16 23 80 51.965770417674719 48.095534444316399 442
9 16 80 87.973857321312309 33.114957768497675 442
16 23 80 86.801919703880202 -5.867430078077959 442
9 16 80 50.793832800242626 9.113146597740769 442
14 13 54 25.638294428421727 23.542245295297949 442
6 32 85 -77.967800436722058 2.241003136874788 442
14 13 54 -87.568217843897159 -41.722981960111234 442
19 40 91 -12.616787843864699 -27.978943141836560 442
2 30 115 46.918171512038896 -64.797262148696547 442
9 16 80 4.036501168025925 -81.445455699571653 442