13 12 96 98.000000000000000 0.000000000000000 0
4 15 95 91.326530612244895 26.162278309250819 0
4 15 95 78.614717174874443 53.335975134185944 0
4 15 95 61.437512128429326 28.740373356787195 0
4 15 95 48.725698691058874 55.914070181722302 0
3 21 95 25.438601834383341 28.460270444931538 0
4 15 95 19.842290214330411 64.022628300552711 0
4 15 95 40.162286941078520 86.092919033231027 0
17 24 97 63.477076088317780 -10.206259088823861 0
3 21 95 18.562210074611045 -12.972991994395340 0
3 21 95 -13.881851879627487 13.698769175604887 0
3 21 95 -15.177421852271475 55.678782258570735 0
3 21 95 -54.538441011719677 70.331774128136232 0
3 21 95 -80.718722456373854 37.489836556203947 0
4 15 95 1.361791968925310 87.654623235419706 0
4 15 95 -49.359441850746357 19.809465522271562 0
13 12 96 -25.976877218588918 86.861658389404425 0
13 12 96 -72.305680472950442 5.580265506358174 0
13 12 96 -96.148852138692789 8.319456065253542 0
2 21 100 -85.515243346397511 -24.660558700208185 0
10 13 98 -54.130055611094804 -11.585009349614726 0
17 24 97 -46.972043200423840 -47.886012893989097 0
15 20 89 72.548359901212777 -53.261012717034426 0
17 24 97 28.692365679028384 -56.817945494545064 0
17 24 97 -12.563313249173456 -81.353001153196487 0
10 13 98 -6.329503795213894 -44.881921930177541 0
10 13 98 -14.768741443240817 -20.289661604617283 0
6 12 67 -48.352756479728399 -85.240899460365171 0
10 13 98 -77.900680660602106 -57.796919923252780 100
17 24 97 -44.454428759937969 -73.619316511548789 100
10 13 98 -14.879005972497200 -95.852048393711399 100
2 21 100 -85.515243346397526 -24.660558700208206 100
10 13 98 -54.211058460897988 -37.928867132501388 100
2 21 100 -48.740697235169378 -4.371823936474041 100
2 21 100 -20.313657354205304 -35.289511489169151 100
2 21 100 5.357985422916901 -68.530551742504031 100
15 20 89 45.304329682840624 -77.765787541749262 100
15 20 89 74.528199157935489 -50.453419411127172 100
15 20 89 34.158868564760887 -39.349922375579013 100
11 30 86 -67.403023780676605 43.090978002611436 100
2 21 100 -19.449486435488531 25.728424731745633 100
2 21 100 8.977553445475539 -5.189262820949478 100
15 20 89 49.894116450405221 -2.574904034627426 100
15 20 89 88.517264344980390 -12.979347638865640 100
11 30 86 66.399109135613571 44.622396910036976 100
20 22 80 -32.609047869071233 81.735243298546692 100
15 20 89 3.250942473555153 59.870635078257379 100
18 17 74 34.715671487290940 79.337808167644923 100
1 16 74 22.305571154105639 29.326877518874767 100
6 12 67 -2.731056413667094 97.961938174299959 100
6 12 67 -79.624729772691666 -57.130573326598338 200
7 17 55 -56.139749768816408 -74.143971406276037 200
7 17 55 -25.738332240586537 -89.367433964913545 200
7 17 55 -88.219454188087695 -29.433448706461395 200
7 17 55 -92.903186485519001 4.242398005477405 200
14 20 54 -52.080097954498768 -37.367358903946418 200
5 12 45 1.953082863701209 -97.980536165748333 200
14 20 54 2.945688034636222 -65.995934636658845 200
5 12 45 24.470142455875838 -89.674994201345498 200
14 20 54 42.867242986452261 -63.492047612623580 200
14 20 54 78.147533232866508 -44.642614726492276 200
14 20 54 44.183300383339848 -23.513703563274841 200
14 20 54 79.463590629754094 -4.664270677143531 200
14 20 54 45.499357780227434 16.464640486073893 200
5 12 45 -28.205571425870371 -58.674798520986727 200
5 12 45 -14.354123585271424 -39.075375245819501 200
18 17 74 87.521704789162726 31.447594356304126 200
18 17 74 70.369500851078627 60.804057019001988 200
8 30 76 23.372138348552852 61.301970471505932 200
8 30 76 -3.740100446656200 7.776962227587262 200
6 12 67 -16.405772784224435 47.821696516097141 200
18 17 74 -21.124904680027740 76.435151290905651 200
6 12 67 -48.843396989322038 84.960711923473710 200
6 12 67 -45.774460532351341 61.157736709793454 200
6 12 67 -67.922909981535113 70.401447382296752 200
1 16 74 -81.897853815502913 46.138287142182818 200
1 16 74 -52.316998946655552 33.932836506168208 200
18 17 74 -59.004655900697514 1.617588642890819 200
6 12 67 63.074065427269289 75.004415006561800 276
1 16 74 78.532752809174994 51.658559176703889 276
6 12 67 50.672910992474328 54.456632433146112 276
8 30 76 54.222875931054503 12.606928145841387 276
20 22 80 82.297360430135456 -31.163190886563164 276
1 16 74 44.314769891254272 -32.313328250400104 276
8 30 76 1.377902971114068 -15.808012164902975 276
1 16 74 11.286009010914302 29.112244231338508 276
8 30 76 14.056144357336539 75.028759235882376 276
12 15 117 94.931270620255475 3.613012375264898 356
16 35 82 65.391508072558580 -36.728063820415400 356
20 22 80 61.838038839703955 20.161063931828750 356
20 22 80 22.385113302433417 0.681159759821483 356
15 20 89 26.272161553326864 42.500902177670334 356
1 16 74 44.041622934444348 -83.044177696574408 356
16 35 82 -3.299049578649324 -50.204238706713213 356
11 30 86 -28.850760973460687 9.562893103306479 356
19 23 83 -12.951552472194596 60.121919686432740 356
20 22 80 -57.477611301095777 66.635757661484931 356
19 23 83 -82.047267775081139 28.935200891718925 356
19 23 83 -85.333404815536383 -16.947271833182771 356
12 15 117 21.040828202760096 77.107738949834996 356
12 15 117 50.878200124550276 80.227231985693066 356
19 23 83 78.355653817994408 37.807294464886240 473
19 23 83 86.681902743070793 -7.432882135539010 473
19 23 83 43.339636072870007 7.976463077324590 473
19 23 83 35.013387147793622 53.216639677749846 473
16 35 82 47.174546774021991 -49.896617538054706 473
16 35 82 -13.188715509813605 20.958969281617787 473
16 35 82 -73.606024334839503 -14.392817014713088 473
11 30 86 -10.811991321370250 -79.266013168738439 473