7 11 90 99.000000000000000 0.000000000000000 0
7 11 90 96.555555555555557 21.863775779997951 0
7 11 90 78.843192529652626 8.814936902970350 0
7 11 90 81.287636974097069 -13.048838877027592 0
3 20 91 70.508861291028595 38.673585948178271 0
3 20 91 48.010273452886779 5.600733859351436 0
3 20 91 30.617637287428416 41.621508520871274 0
18 22 86 57.027793158687103 -35.419801709501186 0
3 20 91 17.746436066069350 -20.554574332758861 0
3 20 91 0.353799900610987 15.466200328760982 0
3 20 91 -7.165442744159053 54.753106417801284 0
3 20 91 -35.983102657325617 82.493735053956470 0
13 18 71 0.809541073942839 91.996438209582877 0
3 20 91 -45.598361816602790 43.666595173456173 0
18 22 86 -83.921243878037927 26.480650029085055 0
10 29 83 -44.040915588685337 -5.308647156185714 0
19 20 80 47.640082267613622 -76.357203730460213 0
18 22 86 8.358725174995872 -61.491976353717895 0
18 22 86 -35.237264717631092 -55.543054999222797 0
20 15 78 -71.586257606156011 -62.453244286786827 0
20 15 78 -87.491542130271057 -37.016618641726367 0
20 15 78 52.680065026225819 68.792251651495121 0
16 13 72 -96.810544940515726 -6.059569978173787 0
16 13 72 10.577037459285764 -96.421606907294731 0
16 13 72 -66.269887187698643 69.389892762065230 0
17 11 59 -16.764817906680399 -82.888414913047257 0
17 11 59 -38.057441134937939 -88.422328181202758 0
17 11 59 96.555555555555557 21.863775779997948 91
17 11 59 99.000000000000000 -0.000000000000004 91
17 11 59 78.843192529652626 8.814936902970347 91
17 11 59 76.398748085208183 30.678712682968296 91
2 27 76 74.347673982525038 -28.918209175675578 91
8 14 69 53.937911279841430 6.640778245511562 91
14 22 57 26.812249337235322 -17.027733836481477 91
9 24 72 43.732305522759212 43.244679828963157 91
16 13 72 77.539330628052966 58.280804779562615 91
16 13 72 68.665995204543634 -68.512634619970569 167
9 24 72 79.376368980251058 -33.096707502575498 167
16 13 72 96.998368178251823 -0.562646208822756 167
16 13 72 93.663342554296449 25.222574443472677 167
19 20 80 65.183945618547256 8.551523181598402 167
16 13 72 72.751363941566325 40.672142414801783 167
9 24 72 35.395517553153240 -52.323894185695515 167
16 13 72 43.344438347293064 -16.187836594855700 167
13 18 71 41.825824622317697 38.524814350996195 167
2 27 76 3.513146373207498 -12.517934733068760 167
9 24 72 -0.173805799000970 38.348619933822604 167
9 24 72 27.089273681464451 77.854625771439572 167
8 14 69 64.486947524074367 71.115635404791817 167
19 20 80 -15.567523785823699 88.643399095351782 167
9 24 72 -53.888895298370116 67.022287065731362 167
9 24 72 -81.416775677341306 27.700336429463906 167
13 18 71 -91.051054048897797 -13.179740383812259 167
13 18 71 -55.852954977079364 -5.623695007396480 167
13 18 71 -66.908277264864566 -39.884165656720604 167
4 17 61 -38.947854254031903 25.022961735935581 167
11 12 99 -47.436809810204110 85.754003259501090 247
12 26 96 -65.649935427001495 52.403110388893275 247
12 26 96 -83.917699000812036 3.717498407411910 247
12 26 96 -32.620840439151863 12.239957072904666 247
6 28 95 -12.580246493345832 62.383496978851902 247
12 26 96 18.991850580748359 18.574791378891817 247
12 26 96 -1.328367491451714 -29.290527355012312 247
6 28 95 -23.289590640990582 -78.623119804387585 247
15 21 99 -77.975212895869078 -42.905316382050984 247
11 12 99 -54.224010563884249 -19.995048208476092 247
11 12 99 -44.983972171711443 -42.145029935583061 247
15 21 99 31.816256479474291 83.118745320368674 247
12 26 96 62.304891705932405 47.349441133287016 247
6 28 95 81.946861799901015 -2.951582820780189 247
6 28 95 49.188467562940509 -48.370605344562811 247
8 14 69 18.687780748386487 -77.244609289989057 247
11 12 99 -66.857242240009924 71.652698205026667 346
6 28 95 -75.264498489118893 32.546202039276679 346
12 26 96 -81.302837098450851 -21.115129167086923 346
6 28 95 -27.926713280761653 62.464993652031282 346
6 28 95 -25.685172297761991 6.509873296325381 346
11 12 99 -78.255095348947904 -58.992711854322081 346
6 28 95 -40.242983959320412 -71.445799331030514 346
11 12 99 -44.126764988598460 -28.985304672312651 346
18 22 86 7.034960363767205 -87.718352313984013 346
11 12 99 -3.592756012269914 -55.422042236352652 346
15 21 99 29.082027392436267 -50.800513327480836 346
10 29 83 22.803033935438926 36.474750340734829 346
11 12 99 13.079179271477029 -3.355472486587470 346
15 21 99 44.950178611386519 -11.913474652717653 346
18 22 86 87.698985628340125 -7.272408112873775 346
15 21 99 70.896155279357956 -46.853525988236058 346
15 21 99 81.697234640517351 35.306682824817322 346
20 15 78 43.873201228768849 -84.262341612015234 346
8 14 69 -2.593871853846302 95.964951043627508 346
8 14 69 0.661715177163687 -26.198558649941997 346
20 15 78 26.038486480255102 91.361902463869328 346
13 18 71 54.275862533424416 74.284121764027176 346
8 14 69 -81.744705743604982 50.336895840838608 445
14 22 57 -86.765439090991492 14.688722863048547 445
4 17 61 -89.798048277652143 -24.193191718424696 445
4 17 61 -75.101180600745423 -54.852645080927672 445
4 17 61 -55.897748961126979 -26.795057635416583 445
4 17 61 -41.200881284220259 -57.454510997919556 445
14 22 57 -48.527785701326223 36.457550650777961 445
4 17 61 -34.873973465187696 -0.074263038392660 445
4 17 61 -55.135610005422663 74.893688047324360 445
14 22 57 -16.927426010743844 67.074821388481169 445
14 22 57 -4.815260800770556 24.774756921316182 445
8 14 69 -5.942177924795036 -11.207600669530754 445
13 18 71 -9.311616217750784 -43.029713823593355 445
19 20 80 -12.568991109248325 -80.889844684648779 445
18 22 86 29.380425717708569 -82.950530948549144 445
2 27 76 65.973765771935788 -50.363302412269931 445
2 27 76 82.995294215804421 0.883820135582170 445
19 20 80 37.974971317445195 -12.613236066696617 445
19 20 80 43.884343268281512 26.947847375831454 445
18 22 86 57.378630657971186 66.721006765606660 445