10 13 89 97.000000000000000 0.000000000000000 0
1 31 90 70.690721649484530 35.267858918214742 0
10 13 89 72.497018163557684 -8.695049230624180 0
1 31 90 28.522197449140720 -10.183384923566081 0
10 13 89 26.715900935067570 33.779523225272833 0
11 14 91 33.104925365862321 60.012715307493934 0
10 13 89 54.676755406535086 76.250207376662999 0
12 34 78 -20.273013007938534 32.758755643123685 0
11 14 91 7.693106495453183 71.770243181052990 0
11 14 91 -6.741098026396914 95.763028342876183 0
3 19 94 -37.194638832633601 83.051543285540120 0
11 14 91 30.425009267178513 88.118349994284500 0
13 16 84 -67.455683585342626 65.465492834272140 0
11 14 91 -86.275045298723214 42.102453119779824 0
1 31 90 -78.966509442566291 -2.300084010875999 0
18 22 92 -69.179978469611200 -54.388699000289861 0
3 19 94 -36.824015699851863 -29.207522037289348 0
11 14 91 -34.012842626360722 -62.087566227510237 0
19 21 73 78.367572544276101 -42.184399646286579 0
11 14 91 44.810941359827709 -52.131886944640179 0
18 22 92 9.614581703422623 -59.696030447838694 0
8 14 92 8.049028912773675 -95.661973289083548 0
8 14 92 35.309785431850138 -89.270482539060495 0
8 14 92 -66.956478832177154 68.795566298971707 94
18 22 92 -80.540733132895724 35.456879535792069 94
8 14 92 -95.955458641180115 2.924030943880439 94
18 22 92 -82.550228689526719 -30.487042219717512 94
8 14 92 -71.021140298998930 -64.591002706490855 94
8 14 92 -50.070979207302571 -46.014384331986520 94
8 14 92 -44.458236324421208 -73.446065238024062 94
18 22 92 -38.141167479090186 47.215996525117149 94
18 22 92 -14.771538860832251 -53.081881146699871 94
18 22 92 -49.157256267164250 4.617337064832853 94
3 19 94 -11.761680661308880 -12.192509011403372 94
3 19 94 20.528087109663282 -32.226752129042914 94
7 27 94 27.607659501999311 -77.678700984308449 94
3 19 94 69.519232083430666 -58.720323317656401 94
13 16 84 -13.259932959250222 -91.051804080494492 94
12 34 78 66.474172039276382 -5.807871008889840 94
12 34 78 47.349767466900168 59.447451760613617 94
3 19 94 -4.463533194966546 70.600113977456886 94
13 16 84 -35.324896431781411 87.109997658615029 94
2 14 84 -3.444812772213032 37.615841836021588 94
13 16 84 68.497704711742358 -64.374408340760297 188
4 27 80 79.783576742839088 -22.881889828410287 188
4 27 80 76.975355885753885 31.045041250762321 188
4 27 80 31.677374051600431 1.649585109502920 188
12 34 78 18.905897980225753 -57.998460952026242 188
12 34 78 -28.365058727222653 -9.116392133669763 188
12 34 78 -53.350360792339004 54.127063501794161 188
12 34 78 14.382687952468373 60.146540865614611 188
13 16 84 -91.449706184124764 21.747442121712936 188
9 18 72 -91.180595100829009 -12.251492850207100 188
20 19 99 -78.023446417950581 -46.833127261215374 188
16 24 57 -39.545712674707971 -66.028543536569487 188
9 18 72 -53.691825153054339 -74.707348445342646 287
19 21 73 -77.476443574675770 -43.799551265053864 287
9 18 72 -38.515134375633657 -42.062776813192926 287
9 18 72 -17.832451435241509 -71.528462387895104 287
19 21 73 -56.459564586374505 -7.436234617763546 287
19 21 73 -86.175128722935227 22.245161037527772 287
19 21 73 -45.612503997395521 33.138896639929499 287
19 21 73 -15.896939860834799 3.457500984638180 287
19 21 73 0.144112368324176 -36.918591630893829 287
6 18 70 -60.769146076367278 69.073228425701487 287
6 18 70 18.167540308188855 -71.504080572016306 287
6 18 70 54.046721549386987 -74.451003282447630 287
5 22 69 -20.777781198677140 68.242123607130367 287
19 21 73 9.036073460824230 37.256093362161437 287
17 23 99 27.684574970614534 -2.596552615732534 287
16 24 57 76.628934536830897 -39.038524456619569 287
19 21 73 88.898152426422939 4.256582569206280 287
5 22 69 75.545958393522810 45.131011183044876 287
15 34 114 63.517253966552040 41.731983520419071 386
15 34 114 4.698503803105375 75.854624526209378 386
15 34 114 71.487011342371176 -25.799364514183171 386
15 34 114 4.556804929597714 7.854772162919311 386
15 34 114 -54.261945233848955 41.977413168709610 386
15 34 114 -72.242137492769302 -23.602406031500614 386
14 19 107 51.626926682133075 -74.937710409096809 386
15 34 114 0.763979086154798 -60.039369499828823 386
14 19 107 -50.847343446874973 -72.092227517393553 386
13 16 84 54.694970027921563 76.449069671545132 500
4 27 80 73.822398757699190 37.937493876892461 500
4 27 80 81.538267128178532 -15.508416867423954 500
4 27 80 21.099111302502962 49.610323864378287 500
12 34 78 20.677573946309540 -11.388219612145274 500
12 34 78 -35.516806161242833 26.902662387724114 500
12 34 78 -68.731962948552038 -32.433274106060722 500
13 16 84 74.084507813588317 -57.857460210575873 500
19 21 73 42.998506525642718 -77.923863075211187 500
12 34 78 -11.594161575613334 -71.242501717965098 500
6 18 70 -87.494102980050741 28.439091822986828 500
16 24 57 -18.106643206292215 82.227938942677412 500