16 10 56 100.000000000000000 0.000000000000000 0
16 10 56 98.000000000000000 19.899748742132399 0
16 10 56 81.766312060385914 8.217823563497323 0
16 10 56 83.766312060385914 -11.681925178635078 0
16 10 56 65.532624120771828 -3.464101615137756 0
16 10 56 63.532624120771821 16.435647126994645 0
14 15 45 78.963536422653917 36.105089049215621 0
5 20 68 44.109596880543663 39.299286662846214 0
14 15 45 68.633747959612720 64.270590470436957 0
3 23 79 32.559984173556558 -2.120593181482183 0
16 10 56 16.803362477208577 26.874731833391785 0
16 10 56 15.062092812944108 46.798787142397344 0
9 31 84 62.755595197493662 -46.889165583236164 0
16 10 56 50.831736157246056 -86.116982060683739 0
16 10 56 33.692775560526378 -75.808925519119256 0
5 20 68 12.222100361777454 -40.006876742403989 0
5 20 68 -10.177282305849605 -6.866755196018421 0
14 15 45 -8.167783495556236 28.075510250449547 0
6 17 48 -8.448785174534081 60.074276446295471 0
6 17 48 -25.680728262325260 89.384004138976721 0
6 17 48 8.318212041436549 89.652440763230913 0
6 17 48 41.687390225569025 83.133395793634776 0
5 20 68 -56.985645141378427 69.660865970937323 0
6 17 48 -82.521644857971054 42.885640136704268 0
6 17 48 -49.886718644334998 33.348261512022859 0
9 31 84 -78.795976393854971 -4.969551791606818 0
6 17 48 -76.479718953641438 -52.913633297780819 0
6 17 48 -52.349863762966812 -76.866714278670798 0
5 20 68 -41.784948919996225 -40.057781232963265 0
18 21 84 -14.815106926247573 -70.938642989595508 0
1 12 101 -85.774646712897351 -47.399472373409893 84
2 14 94 -68.725069362451777 -67.028835892667814 84
1 12 101 -62.436824636064486 -41.800717091198244 84
1 12 101 -44.457033568697717 -57.698110373552375 84
2 14 94 -46.185133360639270 -83.640617405624113 84
8 15 91 -20.506888167779479 -70.163684378582190 84
11 21 91 -21.314916256094595 -34.172753706974177 84
4 17 90 8.809399969232512 -57.335775356933716 84
2 14 94 2.586610964546869 -87.704787474603336 84
9 31 84 -59.522308655918096 1.100397073837975 84
2 14 94 -14.532058378447704 0.163711443236661 84
11 21 91 16.531747960013575 -15.962042361363387 84
2 14 94 36.969874032088789 -44.374768430186130 84
11 21 91 70.543710940610367 -54.264029031464375 84
11 21 91 87.573381545231697 -15.871447468119385 84
11 21 91 85.100534153919568 26.055692021467571 84
8 15 91 36.501850963819578 -73.370991536093698 84
15 14 79 58.385531523184348 3.443557349132675 84
4 17 90 47.655682738112262 32.527407593718365 84
4 17 90 67.822712351667207 59.900586374524920 84
13 13 89 53.641058239649396 -23.136321756345271 84
3 23 79 28.588586500915984 67.690539437760577 84
8 15 91 2.140337906000781 94.975886169322663 84
13 13 89 -7.398603478041281 68.650829715977494 84
18 21 84 -13.116474060444844 35.135072884259003 84
8 15 91 -34.965737075862307 63.746429120605285 84
13 13 89 -60.058191836160063 76.170949799585642 84
8 15 91 -77.803671356756908 54.512280482564336 84
15 14 79 17.947332278016432 19.009319079658951 84
1 12 101 -24.057895145768974 88.444991516584892 84
1 12 101 -90.651338278757152 30.764913161925584 84
1 12 101 -2.032811413654233 97.978914454879103 185
4 17 90 -29.351079304452227 88.246893110543866 185
4 17 90 -59.108304537006681 71.799779489636848 185
8 15 91 -81.452499077617958 48.892641511894681 185
8 15 91 -52.663352083422168 40.455520240596762 185
12 30 82 -78.989816909776110 3.960078747901420 185
12 30 82 -8.051135523458683 46.350444634252767 185
9 31 84 -58.222556826166603 -53.396009931677483 185
15 14 79 -38.390612279964870 -13.001777973186437 185
12 30 82 -0.141860337110870 -34.751099222688040 185
1 12 101 -38.528032081769183 17.451330873203936 185
1 12 101 -18.681795507660151 3.955891130665081 185
17 19 117 24.895330233189735 82.620685798959585 185
3 23 79 61.322055612577678 61.713900342207602 185
3 23 79 84.219830349399771 21.817886605221897 185
3 23 79 83.572994038615846 -24.177565374153755 185
3 23 79 49.022594408796415 -54.546462051836549 185
15 14 79 18.063503482910882 -74.808117686131411 185
15 14 79 -0.237221813820600 -95.999706904818453 185
15 14 79 -25.822669204629669 -84.624959355437781 185
15 14 79 54.916524226860105 -0.772293790001357 185
15 14 79 34.714834770809780 36.002894934456776 185
20 15 116 -6.866968227417264 94.751489420291662 302
20 15 116 -36.070756797375132 87.885724119817183 302
17 19 117 -62.336445470015050 66.296059959577093 302
20 15 116 -29.199697454641210 58.683180677359488 302
20 15 116 -48.127144352250241 35.407619375036603 302
20 15 116 -78.117195926319766 36.180151953411340 302
17 19 117 4.558753278839781 62.728796091006330 302
20 15 116 -12.854945838642047 33.526688580660220 302
17 19 117 -32.038137943700477 5.455259321350610 302
17 19 117 -69.969411351697445 3.170856194102164 302
7 34 108 -48.029405578708442 -45.074725434490617 302
20 15 116 -91.745325814084850 -22.940626899103918 302
7 34 108 33.790119233518332 18.518760528663023 302
17 19 117 -0.276160378039972 -22.082823103347298 302
17 19 117 2.838849962481026 -59.954933033722810 302
19 23 118 86.977520922601684 -1.977587964766094 302
7 34 108 55.264210378333473 -52.171515707896575 302
6 17 48 84.896481973080981 37.968241315530229 302
6 17 48 65.575991786592425 65.945350868766795 302
6 17 48 84.896481973080981 37.968241315530229 420
10 20 77 89.990311334816013 1.320555134360120 420
3 23 79 77.369875862373533 -39.785704832777689 420
10 20 77 50.679362488486930 -6.071961406121828 420
12 30 82 38.098319589528266 42.319332847850774 420
12 30 82 0.701027992964804 -4.600200198009817 420
12 30 82 -21.233833760172196 51.246570880278746 420
10 20 77 14.383734936296683 86.337720763865065 420
10 20 77 85.774460508738741 27.253291992616575 502
10 20 77 89.112620788093395 -12.607173207244532 502