9 10 40 100.000000000000000 0.000000000000000 0
9 10 40 98.000000000000000 19.899748742132399 0
9 10 40 81.766312060385914 8.217823563497323 0
11 16 55 84.144800066126621 41.900508610655038 0
16 18 46 57.045707899901792 21.366653547212806 0
16 18 46 53.791280509960515 57.219250417782732 0
16 18 46 24.369234523375141 36.474535188036739 0
11 16 55 22.458894304279404 70.420825121508187 0
10 21 74 63.798860022483971 -17.044216482106549 0
11 16 55 30.819317611408390 -0.270731979592854 0
11 16 55 1.126487608806578 11.659726789314139 0
16 18 46 -10.949940609405274 43.442739256517072 0
11 16 55 -8.776730870327905 77.373214635296833 0
3 12 96 91.610452579799528 -34.806967379021998 0
11 16 55 70.674623985141622 -53.399736969782403 0
11 16 55 39.752373186107114 -45.164786725754787 0
11 16 55 13.351135971203799 -27.082345697995169 0
7 16 72 -16.341694031398013 -15.151886929088178 0
4 18 74 -32.743491072297886 14.630340217804784 0
7 16 72 -44.819919290509745 46.413352685007709 0
10 21 74 -80.724588261505843 37.477204404949333 0
10 21 74 -88.922432418199179 -3.714971444143295 0
7 16 72 -40.767163069664385 78.155677222041845 0
3 12 96 -67.778717676874805 70.781674394425707 0
7 16 72 74.669466932411012 -57.100531591479758 96
10 21 74 43.789284267326991 -77.482246891499145 96
4 18 74 46.172651433287363 -38.555141155878076 96
4 18 74 13.280616887404715 -53.187778082709222 96
10 21 74 15.663984053365079 -14.260672347088157 96
15 19 80 6.070464120577775 -90.797298777886425 96
15 19 80 -21.795973974847342 -64.962020032073752 96
6 27 80 -31.979101402711969 -20.103309442179714 96
15 19 80 -7.131383488518046 18.608328529580746 96
6 27 80 37.833246281387737 28.313073227680899 96
15 19 80 59.385969581784416 68.951480164180495 96
6 27 80 82.989832232593670 -1.299132789962414 96
6 27 80 14.060224406943014 76.798570347512239 96
8 37 84 -63.841434805349273 35.401570614795304 96
15 19 80 -89.889765718651788 -14.171450844775720 96
17 18 94 -30.863467931615325 79.418086843080644 96
17 18 94 2.883094549268996 91.954813717499178 190
18 24 98 41.459794661153296 75.346436058084421 190
17 18 94 76.134924047758687 51.647587942149016 190
17 18 94 45.043895790945442 33.499641448563573 190
17 18 94 4.192012555102368 55.978616952777017 190
17 18 94 -27.618746777611246 72.833159090615538 190
14 23 99 86.182607754968160 11.897819991632915 190
18 24 98 43.831359732058573 -8.482852001753301 190
14 23 99 3.114111538940794 14.992788555642504 190
18 24 98 -40.374877868724461 32.817148300104009 190
14 23 99 -85.062770219120608 18.257193723272191 190
18 24 98 -81.113372142832162 -28.576578864840009 190
15 19 80 -61.660784523883756 -66.924940432541121 190
18 24 98 -33.474264910154794 -34.451564998735776 190
14 23 99 -23.219438533145727 -83.844246518204613 190
14 23 99 10.082037309170406 -52.110798758409672 190
20 26 113 58.375639672275327 -60.401032216781495 190
13 19 107 87.242379802762656 -25.879860245961744 303
1 32 109 74.384367364067927 23.472662649290243 303
2 27 84 41.245530850542067 -25.341449188679373 303
19 35 99 7.459471487154850 26.644146823039826 303
19 35 99 -19.453587859752460 -37.975410871127700 303
19 35 99 -74.844670457869967 4.824448575002776 303
2 27 84 -45.242656439198612 59.301239651922728 303
13 19 107 -3.884864246221365 79.439090205606718 303
13 19 107 33.776709617230871 84.499312940598898 303
13 19 107 87.242379802762642 -25.879860245961748 412
20 26 113 58.375639672275298 -60.401032216781509 412
13 19 107 50.524788817257580 -16.091167165618611 412
12 35 109 1.420481058569791 -38.558186539360086 412
12 35 109 20.499253749416251 28.791649634241786 412
13 19 107 72.655057396008687 14.799789644301365 412
8 37 84 -49.578576635104120 12.265982065323644 412
2 27 84 -66.696404624552912 -49.402323934789933 412