13 11 92 99.000000000000000 0.000000000000000 0
13 11 92 96.555555555555557 21.863775779997951 0
13 11 92 78.843192529652626 8.814936902970350 0
13 11 92 81.287636974097069 -13.048838877027592 0
13 11 92 76.398748085208183 30.678712682968296 0
4 13 93 58.866765831498270 -4.487031987884347 0
17 20 90 45.783667440137378 25.808719141308174 0
4 13 93 65.667286417099731 52.145797498236504 0
11 14 82 88.602132246115488 -36.954866546124379 0
4 13 93 62.450749039999820 -30.238829291396563 0
17 20 90 64.077476652623034 -63.198710317794855 0
17 20 90 31.104393444100484 -40.554157248152507 0
17 20 90 17.844059587495916 -2.816065801824869 0
4 13 93 13.029700342327875 29.830862768233068 0
15 12 82 26.174155913195001 51.096405031375582 0
11 14 82 44.781125173981280 69.256269979335812 0
2 28 107 0.773500526809507 81.996351729421633 0
4 13 93 -39.707319230245929 88.500445194062962 0
14 25 80 -62.233163697959910 57.896747198291934 0
9 26 73 -83.220731802645986 11.415331718003863 0
9 26 73 -73.994412759890494 -39.759613684226785 0
9 26 73 -34.288769525654835 -6.181914308665082 0
9 26 73 -25.062450482899354 -57.356859710895726 0
19 15 69 -23.824416081979741 46.726782714376235 0
15 12 82 -54.388978432243221 -81.522015585343453 0
11 14 82 -12.176974274646490 -95.224583472518262 0
11 14 82 9.496889259331326 -77.497664972381060 0
15 12 82 40.076537520207253 89.430817621172508 107
14 25 80 61.162218741815934 59.026968400708668 107
11 14 82 23.554685090206018 69.355250573607890 107
12 29 79 80.539655795259137 8.623447360608239 107
14 25 80 72.272632423321497 -44.739988853412292 107
12 29 79 17.884594708153035 26.730726235389753 107
3 18 72 40.417945297749696 -15.856102201302429 107
14 25 80 -1.894178336486618 -23.516663118174041 107
14 25 80 -34.654661936946802 14.255690717190515 107
19 15 69 -5.002971341762319 64.309434572834803 107
16 25 74 -44.123623116648702 72.650573866005658 107
3 18 72 -78.885421952517447 47.340154239010232 107
16 25 74 -84.866717127070743 4.758184955816375 107
1 29 78 -66.624424783433255 -46.067190301522025 107
1 29 78 -18.744577716110918 -78.801274140997734 107
19 15 69 -10.206322346574000 93.854741109080550 107
8 16 64 50.343145932912464 -79.382414032186489 107
3 18 72 23.594127957084375 -58.394559512754874 107
4 13 93 20.044973537598608 -94.906264471197957 107
19 15 69 45.555634249825204 -83.364765867218466 200
19 15 69 69.279646612166900 -65.002542760212634 200
19 15 69 41.515488750371382 -53.638056928231578 200
19 15 69 65.239501112713072 -35.275833821225746 200
3 18 72 90.854828316493581 -14.470665899690896 200
3 18 72 56.589757194174503 -3.429610652006684 200
3 18 72 83.284127084416056 20.724283778560100 200
9 26 73 42.998828432060044 38.418766322293408 200
9 26 73 15.505844605379828 82.556458154851896 200
3 18 72 -0.877137287812410 41.720225416175623 200
9 26 73 16.363991303662360 -21.259017779606591 200
16 25 74 -33.771704792741808 69.414041127695825 200
16 25 74 -74.658337857056665 40.634130831378442 200
9 26 73 -83.449338773737111 -9.602492292423626 200
16 25 74 -26.141085552868915 6.924637792734796 200
16 25 74 5.581987667549605 -84.816516160941930 200
8 16 64 -46.130734942680725 -28.872204488008293 200
8 16 64 -70.537046531035955 -49.568386615447096 200
8 16 64 -14.903348448721809 -49.301012444911279 200
8 16 64 -42.644178073712403 -65.252387674566066 200
8 16 64 -73.365136868995648 58.766969397728303 274
1 29 78 -31.285615291633896 74.714190592041376 274
8 16 64 -52.126551931744615 34.831169643736928 274
1 29 78 -9.289732160869157 21.046871623252368 274
1 29 78 -58.455854812437757 -9.721494979655134 274
18 25 98 22.214353699797648 82.045856017840947 274
6 19 101 34.852748160840264 39.900026029014199 274
2 28 107 78.708704515975995 22.998691993606524 274
6 19 101 36.688279947115589 1.944383193441347 274
2 28 107 75.116655636395976 -32.885985556207686 274
18 25 98 22.559831479792649 -39.725593335304140 274
18 25 98 1.319414782278734 -84.989759057384703 274
6 19 101 44.928239246691156 -79.135664009295326 274
6 19 101 -20.838634295218313 -46.976329047988919 274
10 17 106 -40.658929708238105 -83.641206561004083 274
6 19 101 -68.109273561393223 -60.350036080679367 274
10 17 106 -89.885278070844024 23.867064882952128 274
5 17 116 92.603614763429874 8.577326666641156 381
5 17 116 89.498012400157037 -25.280541458231014 381
5 17 116 61.729039667670762 -5.662076855147664 381
5 17 116 64.834642030943598 28.195791269724502 381
7 19 108 57.302999478200078 -41.388959845987912 381
5 17 116 30.012148371119586 -17.911109734634795 381
5 17 116 33.117750734392438 15.946758390237356 381
5 17 116 38.368222737241297 49.538908421863795 381