3 11 116 99.000000000000000 0.000000000000000 0
3 11 116 96.555555555555557 21.863775779997951 0
3 11 116 78.843192529652626 8.814936902970350 0
3 11 116 81.287636974097069 -13.048838877027592 0
3 11 116 76.398748085208183 30.678712682968296 0
3 11 116 84.861216147439819 50.986017632067515 0
3 11 116 63.043340148006621 48.161077478124973 0
3 11 116 61.130829503749695 -4.233901974057249 0
3 11 116 58.686385059305252 17.629873805940697 0
19 15 112 59.649623878065348 73.938639230143650 0
8 20 116 32.295167015888829 52.104407167272186 0
16 14 109 88.602132246115488 -36.954866546124379 0
5 19 117 66.835168814402280 -61.758078091455772 0
19 15 112 55.651624401748379 -29.650005362464430 0
8 20 116 28.992439741222320 -52.327921343347072 0
8 20 116 30.163793416127660 -5.663124121910617 0
5 19 117 5.063464650019888 24.186055026489807 0
15 16 111 -3.184984115571218 58.200215209587356 0
5 19 117 15.943226942495116 87.510819804478757 0
6 36 103 -54.537066060095796 50.017081337846449 0
19 15 112 -18.003137142099149 85.601797689319142 0
15 16 111 -92.822933973699307 14.829124334034681 0
8 20 116 -87.566993682670898 -20.785129717638860 0
8 20 116 -50.465970646941400 -5.834742107203169 0
19 15 112 -58.281052387534423 -39.951079797345841 0
2 23 95 -20.428722829668772 -36.604268323311061 0
19 15 112 -44.057310214282012 -66.364810290951638 0
18 11 92 49.109032275790902 -85.961054838428595 0
19 15 112 23.123636269013780 -86.832372444684609 0
19 15 112 -1.441943245880697 -69.612259114703392 0
19 15 112 -20.531875183473570 -92.754741665589592 0
18 11 92 -81.708875371568425 -51.226589108626115 0
18 11 92 -0.662498341224527 -8.940277839788502 0
18 11 92 -17.837953039596101 4.807585845314941 0
9 11 62 49.109032275790902 -85.961054838428595 117
4 16 51 67.100857507264323 -65.829134293182136 117
13 17 57 84.872011255892545 -38.022910269726196 117
13 17 57 50.884862057812519 -37.088196737434963 117
13 17 57 68.687922321077821 -8.121818895831368 117
1 22 51 23.632397548304965 -64.986282301825057 117
13 17 57 18.639388895530214 -26.307219947712639 117
13 17 57 36.442449158795512 2.659157893890960 117
13 17 57 61.901785517446605 25.194068414615614 117
17 14 49 90.696221777660298 13.710147461539918 117
9 11 62 96.346357548154714 -12.481974946891022 117
14 37 80 15.201224815303142 52.306014676465104 117
9 11 62 49.830276063375067 85.544979907928138 117
9 11 62 63.193551529649746 53.164255052707915 117
12 13 87 85.830207655094711 45.190435424803354 117
14 37 80 -31.949383337537533 -45.195738257807633 117
1 22 51 -85.562907998472710 -20.566690906533658 117
9 11 62 -79.315632380717048 -52.969955361767120 117
4 16 51 -92.487058343596459 16.797143773516552 117
13 17 57 -60.372014967240872 9.206097143782285 117
4 16 51 -2.608759891640355 -1.058137328372549 117
4 16 51 -26.762410992957861 19.932363820380992 117
13 17 57 -38.773947570399429 50.668710204568939 117
13 17 57 -71.668738930952671 59.267122927023792 117
17 14 49 -27.833556745652196 79.674017453446453 117
12 13 87 8.643155743228288 -96.614159722052648 117
12 13 87 70.743300392965011 66.365544143860646 204
14 37 80 71.141528341591240 16.367130024001476 204
14 37 80 48.891855701486556 -54.208730349133027 204
14 37 80 -1.103795955539077 0.347981569652461 204
12 13 87 45.692113082661606 59.405801738850663 204
12 13 87 45.990671190197567 85.404087510347722 204
12 13 87 23.326216203465663 72.663503530231139 204
17 14 49 22.442453637163695 45.677971041017528 204
17 14 49 -1.011357289650451 60.972373710270539 204
7 27 73 -40.347696293201253 72.533188292199000 204
7 27 73 -76.432049098909616 32.359571544473042 204
4 16 51 -93.738711312160547 -7.003856190372822 204
17 14 49 1.708573372839979 88.839953030894080 204
12 13 87 -64.759746179114245 -5.899510312630332 204
1 22 51 -74.207381301083970 -39.600284645012131 204
6 36 103 -24.669702571731385 -69.766795648233057 204
12 13 87 -73.274919832464548 -63.559311855509378 307
20 15 94 -50.809008913758277 -80.271069590492147 307
2 23 95 -43.773168456229172 -42.928105741110869 307
20 15 94 -21.529162921118676 -73.737263758719436 307
20 15 94 -81.263119427647865 -36.722980749571796 307
2 23 95 -65.262248496888262 -2.256009175945366 307
2 23 95 -75.916633258375427 42.493114674183701 307
20 15 94 -41.163032894082235 27.124729537188976 307
20 15 94 -27.361450194277541 0.487982082207694 307
20 15 94 -10.600178647329834 -24.392929800789709 307
20 15 94 -0.278632759647595 -52.561452844933683 307
17 14 49 6.615095668236375 -80.730167909035998 307
11 16 100 -55.607541270198212 75.787870757022873 307
2 23 95 -20.422300566474252 58.965301493649136 307
7 27 73 10.142220260936078 19.394983494032296 307
1 22 51 26.331410905109397 -26.853368977019169 307
1 22 51 15.006074315308542 86.711116551705402 307
1 22 51 44.643262108246574 54.189783557405718 307
1 22 51 82.235879876908115 31.325070803922181 307
1 22 51 87.121579585089449 -12.402837199565447 307
1 22 51 63.891807138444001 -49.770974323016915 307
17 14 49 56.359330315785407 6.297002903847273 307
11 16 100 44.809578944050038 -82.632328025155800 307
16 14 109 -29.886690417461637 91.229303054943955 407
15 16 111 -55.607541270198226 75.787870757022858 407
16 14 109 -78.055879508572744 55.886310257013506 407
16 14 109 -51.850218855498625 46.024091960102666 407
15 16 111 -89.663123370756608 28.222762221307821 407
15 16 111 -59.672554967492403 17.061856933244012 407
16 14 109 -83.518839929700178 -1.141293714409912 407
10 15 106 -27.759547556853828 62.168427077432590 407
6 36 103 22.559015588043060 70.477590876096428 407
16 14 109 -14.168821284779085 36.550227308566363 407
10 15 106 72.699484093019166 61.153781670546365 407
10 15 106 88.144052397766046 35.434813769792470 407
10 15 106 58.179422714680953 33.978459432559795 407
10 15 106 31.496283379058649 20.266782832093835 407
15 16 111 74.478734314552526 7.609302423465017 407
6 36 103 60.579397780090972 -42.498665444946724 407
6 36 103 -44.787456433000401 -32.762171824158415 407
10 15 106 -44.820758502758686 -83.762160951335204 407
10 15 106 -16.141926289637833 -74.957356416783526 407
11 16 100 3.819155753958391 -51.239110198970110 407
10 15 106 13.292291833197872 -80.756218675652093 407
11 16 100 20.915523050092354 -8.871637009431083 407
10 15 106 -4.182825610742224 9.323771600962457 407