10 10 74 100.000000000000000 0.000000000000000 0
10 10 74 98.000000000000000 19.899748742132399 0
10 10 74 81.766312060385914 8.217823563497323 0
10 10 74 83.766312060385914 -11.681925178635078 0
10 10 74 65.532624120771828 -3.464101615137756 0
13 17 75 59.000408442598506 22.733802085995030 0
8 36 78 20.742556930527179 -13.945031015404227 0
13 17 75 28.841642453021173 38.432491011695610 0
13 17 75 57.516488863575979 56.701404042609418 0
9 12 77 85.272147032766213 48.297628724630982 0
8 36 78 -24.005023839886423 42.461121266020811 0
13 17 75 -7.186753656215139 92.721899095547428 0
12 20 79 25.442068079924091 75.275982894004784 0
8 36 78 -73.321592138898367 -9.997205920507831 0
13 17 75 -82.910951521954530 42.128068051171141 0
18 15 62 -72.832867193951486 -60.994864179767021 0
13 17 75 -41.927085831011709 -52.698318010054926 0
9 12 77 -53.124279912647523 -79.449445924559399 0
13 17 75 -25.860196308716304 -89.332246400024303 0
13 17 75 -8.714260443857533 -59.972122365576666 0
13 17 75 8.139384895806796 -89.501000413426894 0
13 17 75 41.550755837123489 -83.201770950886299 0
13 17 75 68.679318635428444 -62.706867181938634 0
1 13 55 -58.004236167368688 77.746437774602370 0
6 19 53 63.192025552946575 65.481049980248088 79
20 22 60 82.898313624990593 29.527438055691526 79
1 13 55 48.695120037934224 36.953173604870891 79
6 19 53 25.711579089867886 59.218771407053474 79
20 22 60 48.610333171187463 1.953276302346886 79
6 19 53 13.554634795684279 23.215872837242230 79
11 18 49 -10.447329718235572 51.374454113161157 79
6 19 53 -0.271333678696055 86.947605570450918 79
1 13 55 31.509170795498584 90.689200867338926 79
11 18 49 -37.166074196906948 84.158677085550764 79
6 19 53 -66.713807315801688 61.889158286650527 79
11 18 49 -86.706827782052940 30.755910260849259 79
1 13 55 -55.725610564030347 31.834881849771165 79
6 19 53 -64.596341810492021 1.088985747152059 79
6 19 53 -85.742212284115141 -30.483979934151208 79
6 19 53 -47.826286694480693 -33.010358108792474 79
6 19 53 -28.963422504166658 14.291071253196380 79
6 19 53 -12.193367388155337 -19.808272602748158 79
1 13 55 -96.998556952893523 -0.529102122721824 79
11 18 49 -18.979479135085306 -56.180634188960553 79
11 18 49 -52.330245529947376 -69.735204668150914 79
18 15 62 94.841112395845073 -5.492121586298214 79
6 19 53 82.979176072492251 -37.355807290571704 79
11 18 49 45.984116321110960 -37.960417902228741 79
6 19 53 17.606146260347625 -61.702591670239542 79
9 12 77 16.873126997468276 -30.711259289068060 79
11 18 49 51.686477897070326 -76.108527791540297 79
3 13 47 25.507602778989941 -92.711735239258104 79
18 15 62 -27.131682629381316 -91.043241361995271 79
8 36 78 64.562686134976346 -36.161575726681676 156
8 36 78 3.262652083692906 -73.928040021231283 156
8 36 78 1.205951619136712 -1.957421132693902 156
8 36 78 62.505985670420159 35.809043161855712 156
8 36 78 -0.850748845419481 70.013197755843493 156
9 12 77 50.151768984026312 -84.195012131199647 156
9 12 77 52.495972990890536 82.753687650398348 156
9 12 77 -45.898576299836023 86.587070014224011 156
9 12 77 95.270395783111212 0.730653376014799 156
9 12 77 -48.291389272893568 62.706650292703870 156
9 12 77 -71.990829704550876 66.493010448094140 156
8 36 78 -71.651686997297901 18.494208564879209 156
9 12 77 -95.178993720846847 -23.344360224409563 156
15 18 72 -67.690505593210375 -35.360308811882334 156
18 15 62 -47.001886772925808 -82.557995613902008 156
18 15 62 -35.058638694875846 -40.275719550506203 156
3 13 47 50.189485406760191 -83.006117573372904 234
18 15 62 23.674240267058465 -92.002882279728539 234
20 22 60 -12.990845561147406 -87.035842798277173 234
20 22 60 28.737409265281901 -55.350947546410168 234
20 22 60 72.411525504920633 -50.005709414528127 234
20 22 60 87.568994789024927 -8.698916693458187 234
18 15 62 90.728608774133590 28.165928884207073 234
18 15 62 62.366086627556399 18.390074063020414 234
11 18 49 66.969005256271316 51.067484304614361 234
11 18 49 45.496693264606591 79.962809492827986 234
2 18 48 31.208763596833609 46.919579235954302 234
2 18 48 9.736451605168888 75.814904424167906 234
2 18 48 -10.406452739568337 -47.119418688097028 234
2 18 48 12.062702661809910 -18.992260005629387 234
3 13 47 54.435141427941517 -19.974898311313957 234
3 13 47 39.947621024860524 1.614723097370176 234
3 13 47 19.828813698617207 18.083894047041511 234
3 13 47 1.875860643213773 36.890581064974270 234
3 13 47 -14.785821131711042 56.850249409692282 234
18 15 62 -22.275396938875183 83.829987255504307 234
14 28 98 -57.204392948246124 58.750807887403980 234
18 15 62 -89.872088518734770 30.789733764368627 234
18 15 62 -94.992038841179834 1.229860478177159 234
3 13 47 -93.248411242999410 -26.715796837385568 234
3 13 47 -71.016998306734621 -13.233798511570544 234
3 13 47 -64.738344111570683 18.448952100497085 234
3 13 47 -47.890027505402557 -1.353427239832687 234
17 17 98 -50.891222665320754 -77.840114694344734 234
3 13 47 -41.321916092312442 -49.407239853559112 234
17 17 98 -75.468427494084565 -54.346264375484907 234
17 17 98 -24.540681198822746 89.703706536005228 332
17 17 98 -55.143002952856023 74.888244907604232 332
17 17 98 -78.375072491199433 50.063439873816428 332
17 17 98 -91.131759465104579 18.547302143285435 332
17 17 98 -91.708042468416480 -15.447813651488584 332
16 20 98 -42.764145305545298 40.020439078335059 332
16 20 98 -6.687137610776837 57.296130549058219 332
16 20 98 -9.764453776572658 17.414679657500479 332
14 28 98 -46.766186088685409 -13.160993775847670 332
15 18 72 -77.464938561038124 -47.418643967319042 332
4 25 104 -38.453639543037852 -65.505062875664919 332
16 20 98 -4.520541845019821 -35.949270201186302 332
15 18 72 -78.041677874149642 -48.718543847158045 436
8 36 78 -27.823053839057778 -68.570238989439815 436
12 20 79 -54.168028581542600 -19.154226343559159 436
15 18 72 -91.319529373460185 -11.168865430729472 436
15 18 72 -67.985139493551429 16.244748868235412 436
15 18 72 -32.249796883751102 11.887537769356976 436
15 18 72 -11.081245327035514 -17.231054658689299 436
15 18 72 17.467050897723830 -39.162647912791734 436
12 20 79 27.714139175781050 -75.754958332082040 436
15 18 72 64.368480603964485 -65.732021912740890 436
14 28 98 78.963306561226489 -22.108736212587221 436
15 18 72 89.142575816076061 22.750850025331594 436
12 20 79 51.537777427141719 17.284668714068555 436
12 20 79 67.479003034280396 53.970869473241024 436
12 20 79 27.737208404931742 49.433275436895897 436
15 18 72 -8.878348091953331 39.269564381212689 436
12 20 79 -1.645359031616627 76.574843756296445 436
12 20 79 -41.510614703126038 79.855299554685885 436
15 18 72 -72.036978659514929 57.224764792951220 436
19 18 68 12.290203464762257 10.150971953166415 436