4 10 98 100.000000000000000 0.000000000000000 0
4 10 98 98.000000000000000 19.899748742132399 0
4 10 98 81.766312060385914 8.217823563497323 0
4 10 98 83.766312060385914 -11.681925178635078 0
4 10 98 65.532624120771828 -3.464101615137756 0
4 10 98 63.532624120771821 16.435647126994645 0
13 16 97 84.144800066126621 41.900508610655038 0
10 24 99 61.297085244103947 -37.199249612800891 0
4 10 98 45.833351794767474 -6.919339642527328 0
4 10 98 43.833351794767466 12.980409099605071 0
1 33 97 37.053249501492637 55.442512355246208 0
1 33 97 3.212533138172375 -1.221461349545347 0
1 33 97 -28.939549387890420 56.417445555749524 0
13 16 97 -77.802282489040863 52.752297006817493 0
13 16 97 4.591904336468653 92.147567457740934 0
1 33 97 -69.614705208695284 4.441184638353349 0
1 33 97 -49.983595133267308 -58.571667361904744 0
15 10 73 -86.119520594611700 -35.265125553816567 0
7 11 109 95.013944095216786 -27.809178834892240 99
7 11 109 98.809472811213155 -6.139062043189263 99
7 11 109 97.725521388384180 15.834218306202072 99
3 12 109 85.116818207535033 -48.570847822798306 99
3 12 109 77.015576493879777 -13.489305801686172 99
3 12 109 75.363704052050679 10.453779159026924 99
18 19 90 81.231829567664036 40.893311069570615 99
3 12 109 65.601393195008427 -34.601302855962366 99
14 25 112 41.272641371925296 -3.926743965663727 99
10 24 99 34.327361577589244 -52.432033250218943 99
10 24 99 -3.765969231454029 -23.227613244459633 99
1 33 97 -45.300738722567729 -62.264300134102953 99
3 12 109 -39.333105494013537 -17.661751399199296 99
3 12 109 -27.930934187728258 3.456735513979993 99
10 24 99 1.273180922605825 24.507143125766440 99
3 12 109 36.319111873019551 32.740169532795214 99
3 12 109 51.918430260221228 50.979173503810514 99
3 12 109 -16.262413158844616 -96.641264055531877 99
3 12 109 -86.945948902960879 -45.215063522721209 99
3 12 109 -72.259413963700467 -26.233343593329057 99
3 12 109 -95.702789283050961 -21.094457173483832 99
10 24 99 -84.970270252798173 13.268503049192908 99
13 16 97 -77.881448234597158 52.635349536996181 99
13 16 97 -51.285622656091086 34.840348503063012 99
13 16 97 -25.693256298049398 54.050522479260522 99
5 17 86 12.390952018912216 -92.170843047381396 99
5 17 86 5.327877103747262 65.306155845177159 99
5 17 86 -16.268974348584756 91.565935115877522 99
12 20 74 39.145117893325846 80.319290940141912 99
15 10 73 39.389744013399422 -91.915439761548569 99
15 10 73 67.548035301841693 66.461920231796228 99
14 25 112 80.625391089567756 26.917397936172218 211
14 25 112 51.542937642491538 67.589389545861621 211
20 26 113 80.473841235374209 -24.082376893151242 211
14 25 112 36.972141653790892 2.537204875044772 211
8 21 82 13.322680976729533 41.992280716869338 211
6 17 76 11.401039740000531 79.943661389478635 211
6 17 76 -20.877108676056530 90.626410793587780 211
6 17 76 -52.055910608169000 77.066089629319563 211
19 29 76 -36.026201128339693 33.949405921127543 211
18 19 90 -84.015502999954876 34.962769565132760 211
13 16 97 -93.989364793373667 1.413968082430259 211
5 17 86 -87.688679133120957 -30.978953369805048 211
18 19 90 -60.204360204465466 -7.727884297008627 211
5 17 86 -56.074300707743383 -43.490191389162732 211
18 19 90 -46.533041330334548 -78.202788086802741 211
18 19 90 -20.726178167821757 -50.310032509209826 211
18 19 90 -2.457668802749087 -16.989444795631719 211
18 19 90 17.264551943700859 -49.470731851847631 211
18 19 90 -1.003957421371810 -82.791319565425738 211
5 17 86 34.831345235342802 -86.230953775870773 211
5 17 86 63.497740185913827 -67.948782117725884 211
9 15 58 70.371950319080554 -63.818403366809932 324
9 15 58 86.763477112153822 -38.692364096921750 324
9 15 58 94.502690398197871 -9.707806523739436 324
9 15 58 65.531720579347336 -17.497729999310408 324
17 29 70 75.289133859073090 29.875513765466430 324
17 29 70 25.336698067610861 0.400877915301230 324
9 15 58 33.496729502140440 43.637597113079053 324
12 20 74 52.308392997272620 73.152361495433723 324
17 29 70 3.375234742187750 75.710881220356612 324
16 34 74 -32.973036295492882 24.254072219299147 324
17 29 70 -78.727092604007808 -19.053736906968666 324
17 29 70 -23.941868588968916 -38.095250229759102 324
11 19 89 -63.891762107499730 -64.703632515385749 324
9 15 58 -81.969691193858452 24.826618086867683 324
6 17 76 -73.201332579662292 55.601866050334237 324
11 19 89 -44.593061675887661 77.455168681658478 324
5 17 86 -73.867633784342772 56.502855495118325 413
8 21 82 -42.622486632775853 78.130171081592053 413
2 34 81 -75.797856802167843 5.539395652781693 413
8 21 82 -31.191864785596994 37.715558820841643 413
8 21 82 -21.488309688228100 -3.148129442362482 413
2 34 81 12.007072250686981 71.757471794926587 413
8 21 82 15.437198582699402 16.864537519680958 413
8 21 82 14.305922433842817 -25.120224171616382 413
2 34 81 68.220831844260871 33.495045939318857 413
2 34 81 -42.731960952606578 -53.879848129565175 413
6 17 76 92.290237760880643 -11.467868766258107 413
12 20 74 56.091234856718373 -19.125034609078256 413
8 21 82 66.926324933414918 -58.667427341813486 413
6 17 76 28.956538052697525 -60.182446890499598 413
12 20 74 1.449405354685705 -84.928308175449231 413
12 20 74 -87.266160336522873 22.014024169158240 499
19 29 76 -76.765251378778970 -25.847556572196027 499
16 34 74 -31.164312277610357 -69.316561082208807 499
16 34 74 36.777690027378924 -66.508657453372436 499
16 34 74 75.277164858926341 -10.456980960201900 499
12 20 74 -48.099343477072601 13.892419826524803 499
19 29 76 62.704122549022458 51.275657142129077 499
19 29 76 0.616618091626282 -14.920123102633966 499
19 29 76 5.313615557784136 42.889376244816773 499
12 20 74 -9.964329562964323 89.446699974681209 499