15 11 72 99.000000000000000 0.000000000000000 0
15 11 72 96.555555555555557 21.863775779997951 0
15 11 72 78.843192529652626 8.814936902970350 0
15 11 72 81.287636974097069 -13.048838877027592 0
11 30 72 40.813144234862193 -6.505488244391174 0
7 27 75 66.125451760302809 44.623582084317519 0
11 30 72 9.125732874952483 44.444565350358509 0
11 30 72 -19.154602182324549 -8.472564664865747 0
1 34 86 -23.308036157556508 -72.337648914503973 0
17 16 74 -71.899116560651237 -60.551771549624270 0
12 21 68 -67.803428446446745 -23.779154850901772 0
11 30 72 -75.431626359416313 26.647133894162220 0
2 15 53 -35.744555118827392 47.858837652804986 0
2 15 53 -23.627375477652034 75.302852620434734 0
17 16 74 3.606458065948392 90.112252018096484 0
19 18 69 37.087309220627773 84.193417170070589 0
6 12 96 -69.212852567590900 -69.379975781610952 86
3 18 96 -81.781630855968672 -42.139825041616788 86
3 18 96 -46.581565777942288 -49.686706417569930 86
6 12 96 -47.531497188203687 -79.671663151168843 86
1 34 86 -1.684618955288904 -75.921495648738428 86
3 18 96 -57.645807326032397 -15.429115157157057 86
3 18 96 -18.782541143512141 -26.812829846810313 86
3 18 96 17.211345604800151 -27.476242802418611 86
6 12 96 36.577956958715632 -50.387688952026714 86
8 30 88 -74.331537033119957 29.577400194978527 86
16 17 84 49.312725133204090 -76.441972276310196 86
13 26 118 73.410038143473201 -40.828498622577470 86
8 30 88 78.594305051084362 14.931015154271844 86
1 34 86 15.312050175605467 24.489059822242780 86
16 17 84 55.512364239874444 55.872729925245991 86
17 16 74 -33.460897752324684 8.468377366360567 86
2 15 53 -61.236409223675061 72.629898701503123 86
18 18 48 -33.480446954032359 54.780345248092281 86
18 18 48 -2.610968817130896 73.302637750786516 86
16 17 84 28.980035154843328 88.369437943352594 86
17 16 74 53.079072651932492 -77.579714142363741 204
7 27 75 73.010243233748355 -39.477897397770604 204
17 16 74 93.980026652972739 -1.937676522676881 204
17 16 74 62.242447424629731 2.152074658587146 204
11 30 72 16.851188554848363 -49.232925720247223 204
7 27 75 19.601936394735894 7.700661785910810 204
7 27 75 58.648551947163924 45.001624426315757 204
5 18 77 -5.232591677045722 -91.851075030950568 204
17 16 74 -38.667604879456910 -85.678564022083151 204
7 27 75 -39.772359608022100 -42.692758027665491 204
17 16 74 -82.728629795024531 -44.631533832457286 204
7 27 75 -34.295407413949277 11.028773918695091 204
7 27 75 -4.464505855972296 56.041186787128247 204
5 18 77 -40.947289668590635 82.385189620444095 204
9 23 120 -86.803433633556992 -5.844990113307972 204
12 21 68 -74.960232614099723 36.531165795560476 204
12 21 68 -80.612679121156020 37.717316512572005 324
19 18 69 -91.999057179778902 0.416506940846737 324
12 21 68 -80.950882542387632 -36.985870486018847 324
19 18 69 -56.603162062414079 6.983896745061916 324
19 18 69 -43.386377905430678 -26.502169260781653 324
1 34 86 -26.930979876979237 49.687077005487055 324
7 27 75 -3.094570836520411 -6.462950635253542 324
5 18 77 -15.800001848299152 -49.632060225386752 324
5 18 77 -49.624263038977091 -61.957617206910903 324
1 34 86 32.595454462556290 -68.655198990166937 324
5 18 77 79.524821993776399 -46.258001327966781 324
5 18 77 -16.557948916075301 -85.624080399898347 324
5 18 77 53.731283163215338 -21.144392375919711 324
14 27 78 81.806764753741405 14.023310612191874 324
20 29 109 52.459212571321615 61.717347775134449 324
18 18 48 34.486159384971799 18.289599051989235 324
18 18 48 87.018252162836319 29.863418935631479 433
14 27 78 81.666697845064419 -14.817235338717918 433
18 18 48 52.545357931171985 19.489434007336872 433
1 34 86 21.080528755556969 -21.910620641773995 433
10 34 104 7.021184540391467 44.620085353574439 433
18 18 48 44.793330838750123 80.358929263463168 433
18 18 48 44.793330838750123 80.358929263463168 537