10 13 85 97.000000000000000 0.000000000000000 0
20 19 89 85.907216494845358 30.015831724404535 0
10 13 85 71.053812832594701 1.671936444358094 0
10 13 85 54.913192926597063 22.055272507184341 0
10 13 85 59.233471391825844 47.693821490753606 0
14 26 89 20.814948467080875 40.984343397723933 0
14 26 89 32.312637203469038 -9.728605182704051 0
17 18 77 47.142408431030574 76.238631815540927 0
17 18 77 14.258019106581390 90.888442010831938 0
11 27 79 -24.633300116200232 68.250745813742938 0
11 27 79 -71.708839298202477 41.795243347832916 0
11 27 79 -82.245375976258401 -11.166831713780581 0
11 27 79 -24.949275413918567 14.251670269700220 0
11 27 79 -35.764760529849219 -38.654144927753109 0
5 16 66 -77.045689140198746 -53.851293251990342 0
7 20 109 82.076431676614604 -29.432755706818348 0
9 25 76 47.620296862867008 -58.377094940887091 0
5 16 66 8.984942604705115 -44.654507672214621 0
18 23 64 -7.587363533904549 -79.958312980540811 0
2 14 51 -44.212318216326210 -85.213091235668188 0
8 14 100 95.986807854160091 1.591451528809333 109
13 37 101 61.566545019957495 39.224488961687527 109
8 14 100 70.931728393787381 -10.908268197424913 109
13 37 101 21.361845711422866 -22.901046476731953 109
13 37 101 -12.338096547691507 42.980012195183434 109
13 37 101 -72.997569272568825 0.595718302989532 109
8 14 100 26.395553026941116 76.156877487575997 109
20 19 89 -63.927920150326671 64.762805878478247 109
20 19 89 -72.194210906821084 -55.398519037438490 109
15 18 98 -44.851826460677955 -80.326294967097965 109
15 18 98 -11.368818169406406 -67.101766402092650 109
15 18 98 22.980703949279206 -77.877216750821844 109
15 18 98 58.343509051138099 -71.133922650165772 109
8 14 100 -39.878066891250427 -48.715193819786940 109
8 14 100 95.986807854160091 1.591451528809351 210
13 37 101 62.833024534088537 -37.161956728603890 210
3 15 49 42.436664316370475 -84.994879385170549 210
18 23 64 65.648921461394167 22.771929550318408 210
11 27 79 17.788440623209901 8.302155055261570 210
11 27 79 5.345747858047474 -65.290465760763865 210
17 18 77 -13.227114559839556 -24.302067626581554 210
11 27 79 -35.842812883155112 14.602047700062000 210
17 18 77 -4.827257700105652 47.206270381905128 210
17 18 77 30.934734296097048 51.339057391119894 210
17 18 77 64.723538494377280 63.761485126883947 210
9 25 76 -84.964434956704068 -2.458615970013319 210
20 19 89 -49.997186163375105 -29.166133859653208 210
9 25 76 -35.696257610933415 77.141280729411534 210
19 18 74 -73.639668025553348 39.023303633051277 210
19 18 74 7.114803378023595 81.167824781052275 210
20 19 89 -64.336697551769333 -64.356735064266246 210
2 14 51 38.378026695019727 87.995040013607323 210
3 15 49 -38.744225283430346 -86.740330914671958 210
8 14 100 95.986807854160091 1.591451528809344 311
13 37 101 61.566545019957495 39.224488961687534 311
15 18 98 87.245916580584236 -29.191609068595934 311
13 37 101 32.247940728116731 -28.719748780585043 311
15 18 98 9.543439564306837 21.375217302870443 311
4 29 109 2.061789137244004 67.775916725263102 311
14 26 89 -52.880897164849884 65.265693247222714 311
9 25 76 -81.763419587330091 23.232374338112901 311
15 18 98 -38.764919200584174 23.591490602032671 311
12 27 93 -77.907883534334246 -28.624494461922151 311
14 26 89 -45.533980252182275 -70.587935530045613 311
20 19 89 -5.350043452389656 -90.842594827853432 311
20 19 89 -23.695209282558878 -31.242439186291925 311
2 14 51 -35.142211994211422 89.336582295014523 420
3 15 49 -6.655112279794661 94.766605302412970 420
3 15 49 -17.090434594616720 66.640033378593728 420
2 14 51 -45.919247831532658 63.493681943833082 420
1 16 64 24.097585260319555 90.858716613331211 420
2 14 51 11.741398647242344 63.521477316306147 420
18 23 64 48.620544940410880 60.533406251710588 420
2 14 51 83.318637579244779 47.686524636824402 420
2 14 51 93.534578041012679 21.616722940577965 420
2 14 51 65.849497269556664 25.804359825260857 420
2 14 51 76.065437731324565 -0.265441870985580 420
2 14 51 48.380356959868550 3.922195013697308 420
3 15 49 30.788621285511596 26.977147539424983 420
1 16 64 -4.512681433020531 38.306305678095910 420
19 18 74 -38.010854699137894 32.486306723355426 420
18 23 64 -78.768241073623201 36.940008096474209 420
3 15 49 -94.965370824970648 2.564828274137056 420
3 15 49 -91.030041152252096 -27.175938030163543 420
3 15 49 -67.241446841070839 -8.897459409172278 420
3 15 49 -63.306117168352273 -38.638225713472863 420
9 25 76 -27.242203203434467 -9.143443996101023 420
19 18 74 -33.024044709124368 -51.752953601388448 420
3 15 49 -61.412497620189249 -68.578402817271282 420
4 29 109 3.839597626742311 -80.908945673916151 420
18 23 64 54.221302848281745 -68.037124552959426 420
3 15 49 83.981600265483991 -44.408229156863037 420
3 15 49 25.819116208188117 -42.792010291754607 420
3 15 49 52.982106699845019 -30.057335284116714 420
1 16 64 22.909879276682606 -11.928822827133192 420