17 12 93 98.000000000000000 0.000000000000000 0
18 25 96 78.877551020408163 31.675415467250108 0
17 12 93 74.541552740239197 -5.069640239802128 0
3 20 90 43.730919828426664 3.573559374549875 0
17 12 93 42.078973535146929 35.530891450993920 0
5 22 91 49.840812509315271 68.633064427085415 0
5 22 91 10.054970178089107 87.423667131490987 0
18 25 96 5.434989375899338 40.651284496143035 0
17 12 93 -18.457693144488449 68.902651223789263 0
3 20 90 -49.889335699728939 74.906970192631292 0
3 20 90 -77.421549250757323 45.890126515543173 0
3 20 90 -89.660617270771922 7.808566489705790 0
5 22 91 -48.380026039227026 15.548901597057318 0
17 12 93 -31.313810300680910 44.955436251201817 0
17 12 93 -65.878804060580777 -13.602303656917815 0
17 12 93 -87.453744912396260 -24.115244598474728 0
18 25 96 -61.334902280051359 -50.322229536593852 0
19 31 86 58.892084148035849 -45.120784203260165 0
3 20 90 13.261671025700089 -22.342167074800237 0
11 13 89 -6.039103157856834 4.424979129368455 0
3 20 90 -27.324963581125452 -20.792319418277899 0
17 12 93 -24.408776947989189 -52.659165128525366 0
13 14 79 41.435996380294412 -86.597102745832245 0
13 14 79 -33.055814216225478 -77.179131410756113 0
12 23 65 9.746662961721569 -67.497727167386699 0
7 12 90 -13.181238260302662 -93.942222729849220 0
7 12 90 98.000000000000000 0.000000000000007 96
14 17 84 88.836734693877546 -27.514261191782222 96
19 31 86 55.591717801796868 7.108980306455212 96
4 21 85 67.799954668184569 57.655582097418097 96
11 13 89 91.213395948701788 33.001763581744427 96
19 31 86 15.882656510321141 54.724003685109821 96
19 31 86 -5.498632691645838 -3.472563843068766 96
2 12 89 43.100935431927795 88.013120413338328 96
3 20 90 -23.762243690298305 86.806427036267763 96
2 12 89 -55.223462427098156 80.959058773943752 96
11 13 89 -42.341472566163219 59.533505403662517 96
11 13 89 -68.341076868930315 59.676949119225860 96
3 20 90 -84.523064140344147 30.916850232959810 96
19 31 86 -76.566068186250121 -19.458602275047816 96
11 13 89 -54.019564459934699 18.325722116414376 96
16 14 115 -25.425965262346931 36.874696492878151 96
10 27 62 -62.253133394082013 54.895786565260465 211
10 27 62 -82.850561734613621 4.978395349806654 211
10 27 62 -68.378714705986667 -47.046268450933290 211
10 27 62 -24.963286303770335 -79.157023294942007 211
10 27 62 -18.862271075272741 -25.502781960433879 211
10 27 62 24.553157326943584 -57.613536804442582 211
15 21 55 72.224485178640990 -52.005997160714735 211
15 21 55 88.031502186741491 -13.094068227473407 211
20 18 76 49.680934778728108 -20.181661576659131 211
9 25 74 58.242355320203792 21.957418602101278 211
20 18 76 -39.273586754045269 16.205472063845818 211
9 25 74 3.400384815856327 21.490559617636272 211
12 23 65 30.486012817073320 61.118438134908551 211
1 13 78 66.427425752578955 59.065431510596639 211
1 13 78 11.569132740662960 -95.447583713844978 211
2 12 89 95.134355001432482 19.132465590063283 211
7 12 90 97.886789793967679 -4.709180802600965 300
14 17 84 90.056249036368939 23.213616898266800 300
4 21 85 64.891382014135587 -5.259694601334230 300
14 17 84 57.198768775672306 31.953524845032135 300
2 12 89 79.666960159386335 50.288747121972200 300
4 21 85 52.994555330614332 69.720237560178447 300
4 21 85 20.773518651172395 42.779472996008082 300
4 21 85 13.552650480946234 84.154091578760173 300
3 20 90 78.558981485655451 -43.914535497218282 300
4 21 85 38.053411495615137 -37.566401930417257 300
4 21 85 20.919397169350798 0.779726336558646 300
2 12 89 -4.609232664893035 21.691183932483312 300
8 38 105 -20.853110094745681 -40.886298634285495 300
2 12 89 -24.945384821660490 8.945952845649209 300
2 12 89 -25.815002641578246 32.930192772052578 300
1 13 78 -11.513472659460843 53.435466244274238 300
3 20 90 -27.407879733563473 82.355490859801733 300
2 12 89 -59.130469890307381 78.151055850522269 300
3 20 90 -74.702237365199693 50.195375610043641 300
1 13 78 -50.316346790552487 27.961879688769084 300
2 12 89 -42.741834159847485 51.786798542928700 300
9 25 74 -84.763629878801922 6.334591523490538 300
2 12 89 -93.409915454489052 -29.640979990297325 300
16 14 115 -60.490303578718212 -74.544772941867024 300
7 12 90 -79.700725013355679 -57.024507295946535 300
7 12 90 -79.700725013355679 -57.024507295946535 415
14 17 84 -56.238418110691875 -74.069159090724156 415
14 17 84 -88.258564806066659 -29.315963882726610 415
14 17 84 -56.004085659548679 -40.069966625279605 415
14 17 84 -26.677087501888810 -57.272500713622961 415
14 17 84 -62.818085665389255 -6.759766927283120 415
14 17 84 -30.563606518871275 -17.513769669836112 415
20 18 76 -90.910548310076976 14.116380767079105 415
1 13 78 -61.271354645838400 23.200333592460787 415
20 18 76 -0.015870982870471 -34.596973515208724 415
20 18 76 5.883478085803926 -70.110318620477685 415
1 13 78 -20.366286869704304 -86.601220347811221 415
9 25 74 -23.276896662177911 23.849303952228869 415
9 25 74 21.890739742875610 2.404383304651637 415
9 25 74 42.086886898635996 -43.335267328719752 415
8 38 105 20.700642069330762 68.960013180954761 415
18 25 96 -42.110403609324777 73.835722437447359 415
12 23 65 63.804718611618469 25.797082494582188 415
12 23 65 81.885164208846547 -16.500641876897618 415
16 14 115 51.075399674889631 -81.285321848721765 415
15 21 55 71.565068771571518 -52.909743258876603 530
15 21 55 87.859956142475070 -14.199581213625891 530