5 11 99 99.000000000000000 0.000000000000000 0
5 11 99 96.555555555555557 21.863775779997951 0
5 11 99 78.843192529652626 8.814936902970350 0
12 36 99 55.111466503767076 49.383461399583567 0
12 36 99 43.003734935914672 -21.591201940800307 0
10 13 99 84.399031242442248 -47.810077654583004 0
10 13 99 65.158114529729204 -65.296847626605867 0
10 13 99 47.630460424746687 -84.500528044069881 0
10 13 99 27.481891770337921 -68.067780824612726 0
12 36 99 -12.408260757979662 24.381732849354606 0
12 36 99 -72.360786000013093 -15.489243024121876 0
4 32 100 -32.775730270443439 -70.779598086165606 0
10 13 99 3.850686523563631 -96.923537973483235 0
10 13 99 -24.619667865529383 -26.524896120756917 0
13 18 102 -84.138998490934426 37.210602426493111 0
13 18 102 -54.710219678629173 57.945765257211697 0
13 18 102 -24.213468878875243 77.075537620146605 0
10 13 99 -0.463522978183271 96.998892501145065 0
15 13 83 5.926068262467986 69.822379624790926 0
15 13 83 24.703007012204228 87.806443992687676 0
20 11 73 -75.283438721228237 -64.291553522271286 0
20 11 73 7.272455835520788 -55.122561660901276 0
20 11 73 -1.992432832560810 -35.168568627724852 0
19 12 45 94.744134143349299 -25.050929033212189 0
20 11 73 -98.282964724260054 11.893647254305748 102
18 19 77 -82.857801147490974 37.624257986076529 102
20 11 73 -76.580383965040653 8.288374949810558 102
9 17 83 -91.651282817703787 -15.309675981840501 102
18 19 77 -55.709577954468074 -13.261786452579159 102
18 19 77 -73.896580210607638 -46.626932172853998 102
18 19 77 -47.450023888755808 23.829718863807990 102
18 19 77 -19.457615053015111 -1.869017439223451 102
4 32 100 -23.262691055459037 -52.726872256504386 102
20 11 73 -25.457731544134909 -95.670810097054982 102
20 11 73 -60.837130995887016 -73.635278775490249 102
11 21 91 16.826267665110407 -87.394946744431735 102
18 19 77 54.187591797258733 -73.107488639766970 102
16 18 78 79.567610089254387 -46.184363421881031 102
16 18 78 44.667604605766769 -37.353190382440914 102
16 18 78 69.765627544881951 -11.544485561244482 102
7 15 78 94.431434900279683 10.378058714144897 102
18 19 77 63.716015333708967 24.957599202429314 102
18 19 77 34.738235936857301 0.375323042004320 102
16 18 78 28.688623725684309 36.877407805678118 102
16 18 78 55.401156546482312 61.011213769466551 102
19 12 45 82.993185635537230 49.234969429748233 102
11 21 91 -57.124667995334498 68.247874006615078 102
16 18 78 -22.205438526641942 50.879874314284542 102
8 20 71 -16.575363880929203 88.460484467443365 102
19 12 45 4.558846659929927 64.432476959232474 102
19 12 45 27.403779855530455 71.788360814252840 102
15 13 83 -3.720557460699450 25.993951145192316 102
1 14 113 -66.018188164587386 -69.696476463772072 202
6 16 106 -82.669150753724139 -44.741608304329333 202
1 14 113 -52.671085980527529 -45.082357278063540 202
13 18 102 -37.416677419717658 -84.047559458135311 202
6 16 106 -23.715773096353679 -52.930277752915195 202
6 16 106 -3.942652487833822 -78.090240022380698 202
4 32 100 -77.941320581403915 3.024986946553881 202
13 18 102 -33.342570736845659 -19.579249654192331 202
13 18 102 1.182787290970843 -29.777271670793720 202
6 16 106 20.669280924368728 -57.639011851111675 202
2 31 98 65.636105505211603 -43.964777425897779 202
6 16 106 39.845687954467259 -83.256689603319970 202
14 36 97 70.378202596806190 22.867194826714147 202
14 36 97 -1.657710677680303 24.147968906231888 202
9 17 83 35.051328144756241 62.376838477968462 202
1 14 113 29.531055702032024 -14.932215992406018 202
1 14 113 -43.099308526912509 -85.781405936846284 315
2 31 98 -64.200678490750562 -46.035561051509717 315
13 18 102 -18.936532324468342 -64.801409602466293 315
4 32 100 -76.388288588165025 15.774326184379984 315
4 32 100 -16.011674274378848 -5.454532569785538 315
13 18 102 12.201516584493852 -46.734259574222264 315
13 18 102 12.279103028456822 -82.734175967787863 315
2 31 98 61.086148145982534 -50.094735299101785 315
14 36 97 72.256759576382663 15.967488704265026 315
14 36 97 -26.297926349241759 61.762972726471766 315
3 23 60 32.666423823926237 59.712263420884277 315
9 17 83 -66.298297282422183 -65.219136589283153 428
9 17 83 -38.425865843140848 -84.690334951545339 428
9 17 83 -35.499529138936502 -50.816502078756542 428
8 20 71 -83.866481433669506 -32.655984014204336 428
8 20 71 -89.734241132067055 6.911292820597691 428
3 23 60 1.508150541624232 -86.986927074956498 428
3 23 60 -73.408984725396706 46.691765458017045 428
3 23 60 45.654082775620161 -74.058792360642926 428
3 23 60 77.036897140252591 -40.426680286688658 428
11 21 91 -47.049404339753160 -14.614286913858678 428
14 36 97 9.384118136507965 -22.630367060746593 428
11 21 91 61.391743157613838 0.697876329274067 428
14 36 97 28.028662159001222 46.913726708554265 428