14 12 79 98.000000000000000 0.000000000000000 0
15 26 77 77.632653061224488 32.080697914408788 0
15 26 77 64.686836799343425 -18.282044676852227 0
15 26 77 27.544330441995392 18.110732374292983 0
12 14 71 65.489926973131418 70.193087017554035 0
14 12 79 45.942157718535107 53.050020863302073 0
17 15 75 37.793832989316456 78.791132030211784 0
12 14 71 13.753106650054498 95.009747170867826 0
15 26 77 -23.570918181500211 80.625131417449623 0
17 15 75 -63.370286163291041 70.775750307450664 0
17 15 75 -46.008853389683580 46.309842352757691 0
16 20 60 -80.478901163441122 40.242239327272841 0
17 15 75 12.945265598334087 61.981947082219577 0
15 26 77 -50.290498450455772 5.534022120988411 0
17 15 75 -13.169937014221833 22.942753225201095 0
16 20 60 -7.605477198483857 -11.612084163492220 0
17 15 75 -91.266175542323580 6.946072708956159 0
17 15 75 -35.527376209907210 -32.715817378160082 0
17 15 75 -65.526799543410917 -32.529807547146845 0
8 13 102 -91.066726475917591 -21.053216926138333 0
14 12 79 -86.707710373157624 -45.670263430865077 102
15 26 77 -83.637586958464652 -7.794488293997524 102
15 26 77 -72.199994826650823 42.932048018136690 102
7 12 72 -63.397926863204432 -39.955896211380932 102
7 12 72 -70.104031439554703 -62.999944497458053 102
15 26 77 -32.131605113996599 -61.552588649692247 102
12 14 71 -10.800915232323451 -95.390461945333740 102
7 12 72 3.811505443809775 -73.885179757375482 102
7 12 72 15.196344891754489 -95.013015206008689 102
12 14 71 -45.812634402895071 -20.804982680027212 102
12 14 71 -48.265844599759234 10.882766389423303 102
12 14 71 -18.010527618516349 -24.128062328486234 102
7 12 72 0.613086445581974 -42.270857019258642 102
7 12 72 20.109162047198367 -56.267393595714189 102
13 24 58 54.653760860743361 -66.400048371794696 102
7 12 72 85.515663569833251 -47.865136416927669 102
12 14 71 66.386148160734777 -30.256569177851567 102
4 31 95 -15.219862635369068 41.427210663451270 102
12 14 71 -1.579849859568478 -1.455770243617182 102
12 14 71 17.185525093225852 -22.237028696392350 102
4 31 95 77.880819036302810 13.250585882694139 102
8 13 102 44.126977770644757 -14.974902595147306 102
2 16 95 30.941938911076921 10.854436348613650 102
2 16 95 40.287411022724505 41.459373058406364 102
2 16 95 67.059614599244966 58.987895975564705 102
13 24 58 30.764176583674619 80.309186517661146 102
4 31 95 77.880819036302810 13.250585882694125 204
4 31 95 63.461472726313431 -47.049351530147320 204
2 16 95 36.312782817775762 -8.683368729623819 204
6 19 98 31.395176013271726 -85.412779623986523 204
6 19 98 13.686826559682306 -51.791144333156907 204
6 19 98 2.009071143897241 -15.629976923225254 204
6 19 98 15.893271529712747 19.742738263010040 204
6 19 98 41.636615123902253 47.694129294432827 204
8 13 102 61.622793972756227 -74.910822068585247 302
6 19 98 77.756219921466851 -47.275472113184435 302
9 22 99 36.859026652701161 -50.177123838879020 302
9 22 99 57.781872401523422 -11.470089261544238 302
9 22 99 13.799174277977706 -12.703890612268303 302
9 22 99 34.722020026799967 26.003143965066478 302
9 22 99 78.704718150345684 27.236945315790543 302
8 13 102 96.964545982826735 -2.622369604819255 302
8 13 102 79.307161003838416 -55.851358206504258 404
6 19 98 87.520437313960585 -24.923343523153068 404
8 13 102 96.832871392546920 5.691662136359461 404
8 13 102 91.842502054920416 31.208249170562905 404
8 13 102 71.029492962097891 2.500163808765075 404
9 22 99 46.589011183626020 -22.553036594300885 404
8 13 102 47.006365032781488 12.444474971017513 404
9 22 99 45.982040269123857 -66.548849875895627 404
6 19 98 61.387378033331260 41.030948434493531 404
18 20 86 10.511842372544415 -44.057405698664788 404
19 15 39 19.982872446017826 -92.874564918529671 404
19 15 39 12.123540125749994 -9.094533529000120 404
18 20 86 -11.453149435721993 -77.487020336928111 404
18 20 86 -51.296501035788808 -73.950449501577197 404
18 20 86 -29.331509227522382 -40.520834863313880 404
13 24 58 -77.022967975612517 -38.255227149080802 404
11 16 55 -93.978153600831519 -2.026486066697501 404
11 16 55 -61.989142465884974 -1.187935765125246 404
19 15 39 -31.301324478534731 -5.576309857572577 404
19 15 39 20.003970041230772 19.851948543044418 404
19 15 39 28.261962578057208 48.692988039943955 404
13 24 58 -78.432094568465672 35.276146921159885 404
11 16 55 -61.180648717219754 71.364754764100169 404
19 15 39 -41.396782372382511 47.498489190080917 404
11 16 55 47.371895819487655 73.102216858324752 404
16 20 60 -6.625699297357492 51.494960357211909 404
16 20 60 -27.223387094928377 85.783956513322977 404
16 20 60 12.770598545316222 86.477579327184571 404
19 15 39 -11.333392123476338 16.813010754357844 404
19 15 39 90.129639545448114 -30.027455360179893 506