10 13 69 97.000000000000000 0.000000000000000 0
2 15 66 90.979381443298962 27.345057180315223 0
2 15 66 69.695649803919792 6.202617219353049 0
2 15 66 62.027625519428859 35.206089486867114 0
5 17 63 79.395750589422846 -24.291776441631310 0
5 17 63 38.533997574628685 13.479390566154272 0
2 15 66 33.710904799078399 45.113830281098409 0
2 15 66 56.449620381169339 64.682959379675452 0
18 28 79 -4.732384413950498 25.849523533036685 0
5 17 63 11.256709128639789 67.913152569132677 0
10 13 69 36.419545643952972 84.248135229166991 0
1 23 76 -25.746954845487178 83.102914005373151 0
5 17 63 -62.963978753481726 68.443680347648623 0
10 13 69 -39.450224873957858 49.812969719946395 0
10 13 69 -62.832820505167284 38.443967057120339 0
8 18 49 -89.268297444117124 22.252439673632029 0
10 13 69 -59.802406303091701 12.621174997316686 0
5 17 63 -92.138434809418726 -12.629680552986944 0
3 22 62 -54.265577551421153 -21.938100564747320 0
19 19 61 -67.874919854104888 -60.613490699668816 0
2 15 66 -34.666260932447436 -53.320687903416840 0
12 21 48 -11.440689298098036 -25.814819034069981 0
5 17 63 -4.203364943364367 -63.119257592831040 0
2 15 66 -29.393664049312232 -82.853715552270472 0
1 23 76 31.535923307771078 -81.083201349764067 0
3 22 62 42.696583996811832 -37.489169040466273 0
20 15 100 66.976514896153589 -67.373187933816197 0
15 14 102 -2.893727556498372 -94.633077414308346 0
15 14 102 -30.653672067928614 -90.974460090466565 102
15 14 102 -55.600371426682997 -78.259815341047741 102
15 14 102 -75.817178077264728 -58.887651578241169 102
15 14 102 -32.115816394214676 -63.012662330502891 102
15 14 102 -7.169117035460292 -75.727307079921715 102
15 14 102 13.036962126613348 -95.110659857395845 102
15 14 102 19.720398461384775 -67.920005603423633 102
15 14 102 39.926477623458410 -87.303358380897748 102
13 24 77 -3.574676380146242 -37.897689101736610 102
20 15 100 -89.052964009459629 -33.084280272206144 102
20 15 100 -94.929261400090738 -3.665423581694473 102
20 15 100 -91.338928845006421 26.118960114193932 102
20 15 100 63.606951589409050 -70.563132792574990 102
6 16 100 -58.094183409081516 -34.682374054702017 102
6 16 100 -34.732428623717567 -12.813939877822204 102
4 18 95 42.364484470809124 -45.309269905578844 102
6 16 100 76.226384661157795 -42.247944130875169 102
6 16 100 58.686448985401697 -15.483216288239841 102
6 16 100 90.635351060378611 -13.675550333607752 102
6 16 100 92.204248424813613 18.285966543096784 102
4 18 95 -5.220882802597078 4.070036645731307 102
14 38 112 41.056588744560756 35.604075828842618 102
5 17 63 27.383025892449261 88.877274333619468 102
4 18 95 -2.550174152420745 70.738819739200608 102
6 16 100 -31.503023701239762 88.563872418041456 102
4 18 95 -34.791488371278916 54.723275494909259 102
4 18 95 -70.676615093884308 51.849657548390887 102
4 18 95 -59.445068673553905 17.646552937727787 102
4 18 95 91.344367002699130 10.963877821109243 214
17 25 86 69.963352219088534 48.271413344419081 214
7 18 91 55.485249814410935 7.782099312693756 214
7 18 91 29.774115706956799 32.980067145606569 214
7 18 91 32.232397781072549 68.896036424523174 214
18 28 79 74.590398363871344 -34.062772522491152 214
7 18 91 31.199110181589905 -18.792012558356980 214
17 25 86 -3.828299475448667 6.149530551843736 214
17 25 86 -8.758521584593435 55.905865926894236 214
17 25 86 -58.416310901809766 61.745725525117138 214
18 28 79 -80.843280948065285 13.724573783990003 214
17 25 86 -75.520951109113383 -39.007511373771429 214
13 24 77 -42.200233840849386 -74.934239595645664 214
19 19 61 -31.908012257174708 -33.184147681105628 214
19 19 61 -2.828640446796008 -57.646161807373986 214
4 18 95 88.558381337121304 -24.928158675461887 309
18 28 79 79.481301123612965 20.167368983027000 309
13 24 77 63.154281128385605 -58.374110487071562 309
13 24 77 41.619153106096022 -15.476112153074698 309
18 28 79 25.180370196586715 33.857106031572712 309
18 28 79 11.159729536165614 -57.621378978515111 309
18 28 79 -43.573588630508397 -69.464684364497259 309
13 24 77 -25.473851711921178 -20.716355947228102 309
13 24 77 -26.401329101060092 27.274682650541756 309
3 22 62 -80.439064200521045 -35.686929687834649 309
1 23 76 -86.543876132369547 8.897050296872418 309
1 23 76 -67.189340371503192 50.627158677768648 309
1 23 76 -27.721987002037370 74.256124334557654 309
4 18 95 91.344367002699130 10.963877821109243 404
1 23 76 82.036535955860671 -28.965613550601340 404
3 22 62 51.880727072306385 4.435392281237739 404
1 23 76 69.673240704179278 45.768508044020699 404
1 23 76 24.061307023657463 39.805999685646704 404
19 19 61 44.491372941346192 79.382099580409488 404
19 19 61 62.497731578149825 -66.144036372038357 404
19 19 61 40.496042305190031 -35.161369134756690 404
12 21 48 27.100797029146580 -84.773502938034838 404
3 22 62 9.701925425090636 -8.092524209736748 404
3 22 62 -18.628594477929358 25.573209734803779 404
19 19 61 -9.185007251301201 65.470811922066432 404
19 19 61 -44.562822493918233 79.342011893923726 404
8 18 49 -73.127359206778110 55.824630186350916 404
8 18 49 7.175816044757340 -51.247466298256974 404
8 18 49 -22.833413760294658 -31.361639020832008 404
3 22 62 -51.597412538609490 -3.565373547191438 404
12 21 48 84.658247396592543 -27.458717153889999 499
3 22 62 86.624852434831936 15.496287963366978 499
12 21 48 48.984007140991523 -5.292333096365967 499
12 21 48 49.220232595684969 36.707002583315386 499
3 22 62 11.579387301844555 15.918381523582442 499
12 21 48 13.545992340083931 58.873386640839406 499
1 23 76 46.414738347056151 -49.217256065729387 499
12 21 48 8.454658358701376 -26.967934114764063 499
12 21 48 -26.608592979555780 -3.847198711446810 499