16 10 62 100.000000000000000 0.000000000000000 0
16 10 62 98.000000000000000 19.899748742132399 0
16 10 62 81.766312060385914 8.217823563497323 0
16 10 62 83.766312060385914 -11.681925178635078 0
16 10 62 65.532624120771828 -3.464101615137756 0
16 10 62 63.532624120771821 16.435647126994645 0
10 23 62 33.241890668198366 3.340935717225158 0
10 23 62 49.580948725535620 46.341344805964795 0
16 10 62 66.534911575450153 74.653235305959981 0
8 13 67 85.574732486939951 45.672367573716429 0
15 27 71 60.012280859995641 -40.049970612377699 0
18 25 64 8.073312030990415 -37.531336661279568 0
18 25 64 -14.616608112335044 7.023882156379866 0
18 25 64 2.213187275395647 54.106341599437002 0
18 25 64 -44.251846794680553 72.572543398038079 0
10 23 62 -78.031885168294110 38.471091706398980 0
18 25 64 -84.512619548560764 -9.089396956906725 0
8 13 67 -10.449949481465445 89.934332995509337 0
8 13 67 -52.385860652551756 11.205217176840828 0
8 13 67 -40.856844738034532 34.509332522478999 0
8 13 67 -46.857893232270762 -14.200325057095295 0
8 13 67 -58.957761677510575 -37.213216739973610 0
8 13 67 -83.020984638560606 -47.060109687842768 0
12 16 55 47.417291382339471 -81.164034386927284 0
17 17 85 32.955739234742175 82.722691803942098 0
9 15 115 16.758532738858715 -76.577039898071391 0
10 23 62 -21.227599087855975 -75.550497719954492 0
12 16 55 -59.093273137357784 -66.212900128663392 0
6 14 116 -30.859118422979904 -39.826082605118337 0
10 23 62 -47.607942521903190 -72.818155763732179 116
18 25 64 -77.383002981546198 -35.169174706808420 116
20 23 57 -86.165580971454858 12.020509799990016 116
20 23 57 -29.612172006228239 -30.484336617012559 116
20 23 57 -1.947894443790460 -67.236040617621867 116
12 16 55 -79.335083136753127 50.417701094798744 116
12 16 55 -52.902394415057771 32.381266664957593 116
19 24 73 -16.980026572171898 14.786281909056305 116
18 25 64 17.282615504596858 -20.243296420110539 116
20 23 57 43.544583974408184 -60.421760951381962 116
20 23 57 80.491024202329086 -33.018101442391753 116
12 16 55 93.931313939336846 3.592806929093427 116
11 19 49 58.935859519858283 3.028741352942808 116
12 16 55 78.845967055894306 31.813939248796874 116
11 19 49 44.424000102416187 38.148620855133544 116
19 24 73 -45.455407265441764 71.681933101971794 116
15 27 71 4.429371884912740 61.074916126386391 116
12 16 55 40.168724402397572 84.985137405808956 116
12 16 55 65.816924889400966 65.849573348836941 116
6 14 116 -79.212883176709653 54.233929774938375 189
13 31 113 -78.457743282177262 9.240266179497674 189
9 15 115 -51.300064816507259 46.367890670640172 189
9 15 115 -34.185419863200153 21.728716006657617 189
9 15 115 -35.901158216641342 -8.222181173602792 189
9 15 115 -55.717523488316147 -30.745761426741073 189
9 15 115 -88.014206123337019 -35.756111652118207 189
5 40 97 0.716676774000476 64.235699554393733 189
13 31 113 10.052050042978117 -6.147898008737819 189
9 15 115 -24.849651122264433 -36.112397934017849 189
3 21 86 -45.835548454890358 -65.362904137235674 189
12 16 55 -19.998733942172112 -91.847975702843954 189
2 29 74 67.091531252546304 45.384209084092276 189
2 29 74 80.234876341150425 -11.106962614517997 189
19 24 73 61.091954921352944 -60.529109062395591 189
19 24 73 13.094931516654452 -61.063659610823947 189
9 15 115 -58.678482769884383 74.711683556351360 305
9 15 115 -32.455476449237402 89.284052598731179 305
9 15 115 -32.946937825538065 59.288078440261103 305
5 40 97 -67.940203929810679 16.856117286484981 305
13 31 113 1.956279350904190 29.325344407230904 305
13 31 113 59.814167164878917 51.606834880390814 305
13 31 113 50.181560041828988 -9.640311012401355 305
13 31 113 -58.157630570061961 -53.466718680653990 305
7 17 86 91.934237431836053 14.039087855939744 305
3 21 86 -18.878000830108356 -19.391644396183921 305
3 21 86 -6.512338470026517 -59.530034926902218 305
11 19 49 25.002695766482738 87.497801140421274 305
12 16 55 -1.813600451449307 93.982502910927536 420
18 25 64 35.589940839051849 77.190388722125178 420
18 25 64 72.830275119307473 43.826373635585938 420
14 16 49 -2.488089428393003 61.989612065929151 420
14 16 49 32.526064787507792 36.305028707313340 420
15 27 71 82.684380651268924 -7.231403481763842 420
2 29 74 57.368636688188680 -57.182510652634100 420
14 16 49 40.481270797146593 -15.471398544922701 420
2 29 74 4.430109361825274 -80.878761928223582 420
15 27 71 -49.688129664861513 -66.483755688197320 420
2 29 74 -3.802872437063545 -23.466062891345292 420
3 21 86 -83.056223589122297 -31.979113857543421 420
17 17 85 -92.879678843135679 4.729192108169524 420
17 17 85 2.757178954035341 22.063770468180003 420
17 17 85 -26.511646236280590 39.365096197115562 420
3 21 86 -62.726346717163331 27.854428576167070 420
7 17 86 -52.902891463149949 -8.853877389545875 420
7 17 86 -50.218482848989694 63.736922099544692 420
2 29 74 -46.630925122190462 -66.231086524748079 506
2 29 74 -78.957508348423005 -18.075172901212071 506