8 12 45 98.000000000000000 0.000000000000000 0
13 25 73 78.877551020408163 31.675415467250108 0
14 23 61 66.199800091873726 -14.620098693346975 0
8 12 45 46.284991679248492 14.161847138865809 0
8 12 45 42.395480864355264 37.844577252195833 0
8 12 45 53.855621188897004 58.931662962217793 0
13 25 73 24.461871583301754 81.404034535408954 0
14 23 61 7.420135150732346 36.531111526507068 0
14 23 61 -22.499229416100079 71.471512553355240 0
2 21 46 -65.145020129376249 60.639313587335110 0
2 21 46 -36.630337871833738 29.802438003849190 0
6 14 75 -71.445596056262275 26.211087623897143 0
2 21 46 -58.249627399868317 -6.205982126767687 0
2 21 46 -77.677097971647285 -43.442703077767959 0
6 14 75 -90.991474236789770 6.162181265893993 0
13 25 73 -31.678160655792212 -43.755378327884657 0
6 14 75 -58.091204183873728 -72.449474089620580 0
15 13 91 -79.344898708203317 -55.797733367807652 75
19 31 82 -78.111492136702566 -11.815024171699914 75
19 31 82 -62.584828804468749 48.209326934892367 75
16 14 78 -53.149181924897889 -49.256753150068846 75
16 14 78 -35.840467556249493 -27.247473132209453 75
16 14 78 -38.768562394858009 10.028370237784223 75
19 31 82 3.502462185595064 -5.404078722725315 75
19 31 82 -11.232664698689149 -65.627629230014776 75
16 14 78 -54.105025833901443 -79.300984732302396 75
15 13 91 -61.673420020273490 -74.869147604356556 166
19 31 82 -72.167145390333431 -32.138810279947776 166
15 13 91 -39.382970382925173 -61.484983268663484 166
15 13 91 -38.937168878463453 -87.481161084231289 166
15 13 91 -16.646719241115136 -74.096996748538217 166
19 31 82 -10.274640352861670 -28.489451406593076 166
20 26 100 -80.420313623051612 24.260526720787016 166
4 15 100 -70.230452265109491 63.974085180158525 166
3 18 98 -42.371201173462879 81.661994288150581 166
15 13 91 -45.511848003307250 50.821495954138719 166
15 13 91 -41.430318409912331 25.143857507851614 166
15 13 91 -17.529843472411613 14.908267746538378 166
11 22 96 -11.028026910126087 56.810325790882594 166
11 22 96 16.618808953729214 22.580916407765216 166
15 13 91 29.613644776595141 -9.917302650157952 166
11 22 96 40.663941383101623 -43.127104590371800 166
1 23 78 25.418966195202998 83.203822974471109 166
18 31 106 64.368138017826254 45.801122345615831 166
11 22 96 66.027211391586562 -7.172904078099405 166
16 14 78 76.630508401025210 -41.575957613063849 166
16 14 78 66.863213674275826 -67.817145728711623 166
16 14 78 95.122485277095763 12.950397473000592 272
6 14 75 87.339658911358228 39.847007180560034 272
6 14 75 72.126896284064173 63.353854124495442 272
6 14 75 67.937924811805374 19.658576980808292 272
10 23 74 73.324882635195380 -16.947169636478691 272
10 23 74 33.513029760572358 6.096622818092912 272
11 22 96 39.525856039643166 78.623830384517674 272
11 22 96 -3.478474177096437 87.931224359719195 272
1 23 78 -46.179628612044283 73.732231088267369 272
3 18 98 -13.352098611559983 49.168980609812706 272
13 25 73 -49.477180147565008 25.845634280072858 272
13 25 73 -84.419380890201268 -9.918070886776256 272
4 15 100 18.637064419999593 41.063831102227887 272
11 22 96 -38.480730642563152 -19.849858914376249 272
11 22 96 -66.827734478980105 -53.501714338678823 272
20 26 100 -20.026113985219375 -64.160434672658724 272
3 18 98 1.518082276587885 -19.541694901622552 272
11 22 96 26.150788942408596 -51.057242847289494 272
3 18 98 15.805689503970319 -89.696328209249401 272
4 15 100 47.904628693152290 -82.037470400855298 272
4 15 100 -3.851213674715673 13.018567090371850 272
4 15 100 -78.358360223022189 53.520125015206816 272
4 15 100 19.934435967340633 -92.884973287739044 372
4 15 100 47.904628693152333 -82.037470400855284 372
4 15 100 71.097628529896198 -63.008945534938853 372
20 26 100 80.744151290288912 -23.159922979382650 372
20 26 100 20.122388008537282 -51.885404094512026 372
20 26 100 33.417969891579915 -1.613866397806255 372
9 19 103 -12.545843305786789 -82.833532677575263 372
9 19 103 -49.939556774289585 -76.072601304198244 372
20 26 100 -29.402180385666579 -36.032419348167743 372
9 19 103 72.299510781328394 21.040620531692227 372
9 19 103 -11.082892705586252 5.069937018523174 372
11 22 96 -76.933677950855071 -42.722467121575704 372
11 22 96 -87.999893665842762 -0.136802048110440 372
1 23 78 -75.567111285684987 43.111618989976471 372
18 31 106 10.059261672458124 50.380082772591756 372
9 19 103 59.636460010173600 56.868642318656072 372
17 17 119 -37.633541299590355 55.801940818443256 372
17 17 119 -22.077388954366061 86.034475019402535 372
1 23 78 -75.567111285684987 43.111618989976492 491
1 23 78 -43.020629269967642 75.618949061832410 491
1 23 78 -31.141696626393269 31.179203796479861 491
10 23 74 -63.688178642110628 -1.328126275376050 491
13 25 73 3.620570691783179 64.278822690050859 491
10 23 74 12.662998884048021 17.138240466368742 491
10 23 74 -19.883483131669337 -15.369089605487151 491
10 23 74 -53.945661824371946 -46.284587057515907 491