6 11 91 99.000000000000000 0.000000000000000 0
6 11 91 96.555555555555557 21.863775779997951 0
6 11 91 78.843192529652626 8.814936902970350 0
6 11 91 81.287636974097069 -13.048838877027592 0
6 11 91 76.398748085208183 30.678712682968296 0
6 11 91 84.861216147439819 50.986017632067515 0
6 11 91 63.043340148006621 48.161077478124973 0
6 11 91 61.130829503749695 -4.233901974057249 0
6 11 91 58.686385059305252 17.629873805940697 0
13 14 93 88.602132246115488 -36.954866546124379 0
6 11 91 65.228357091938193 -28.085445198484816 0
2 18 94 68.272523732230482 -61.667353625982898 0
13 14 93 45.748902168349396 -84.398092101603794 0
13 14 93 36.486314839516695 -57.974532992813238 0
16 22 94 9.818668793348770 -82.157929246365057 0
2 18 94 -29.885892725557287 -87.010536235541508 0
8 15 94 -16.974807863955739 -56.641079742273092 0
13 14 93 10.064444070518043 -46.158768221236535 0
1 19 88 35.388189514649184 -24.992808950991460 0
8 15 94 59.649623878065348 73.938639230143650 0
2 18 94 34.399446676807479 52.691791197904195 0
2 18 94 30.308183207191952 11.656795902488129 0
16 22 94 -1.753136131553681 35.574818443220359 0
8 15 94 7.256926344168598 71.461010414277709 0
1 19 88 -61.217833497704703 -67.330356169021599 0
16 22 94 -43.173936848251770 -30.514357015068683 0
8 15 94 -7.005357058675886 -22.714752152956560 0
8 15 94 -84.795541267195532 -42.833587069066965 0
1 19 88 -90.521556138329402 -9.319220691414021 0
8 15 94 -58.834891058274231 3.007792576381739 0
8 15 94 -36.606125253041583 23.154305197084110 0
1 19 88 -36.614659300576683 57.154304126055166 0
8 15 94 -18.890305400279942 86.168908704043744 0
8 15 94 -69.831620589327940 64.409197835931408 0
8 15 94 -86.434315403637655 39.422190714171208 0
15 13 104 33.397159126672236 83.675584052666892 0
15 13 104 -16.246073212243502 3.716463577107672 0
11 13 108 58.602465377706807 77.296513838947973 104
1 19 88 27.982015753210000 86.591031835791796 104
4 36 100 38.505926837525706 32.607263020624593 104
20 38 104 61.278331246225427 -37.801668212896004 104
4 36 100 -10.567890021930701 -20.078223584744556 104
4 36 100 -71.846221268156114 17.723444628151462 104
15 13 104 44.763409820117388 -86.053687551877857 104
15 13 104 96.990013849777526 -1.391838144312125 104
15 13 104 23.123038930304478 -71.642082930901807 104
1 19 88 -57.234980672416924 70.747134128726799 104
3 21 87 -80.161600252033111 -38.666753743147936 104
3 21 87 -18.302938518919969 37.271254542189183 104
3 21 87 -11.226005163105818 78.670735387694549 104
5 18 83 -0.255791039616184 -91.999644406617421 104
5 18 83 -29.297676993414825 -70.725978520208614 104
9 15 34 89.500365424426235 31.854114159621016 104
9 15 34 -62.282244751360963 -71.735081994318293 104
11 13 108 77.029026710087479 58.953617735442073 212
20 38 104 26.649755549481924 66.886400180850345 212
20 38 104 71.771576730496434 5.730687011036444 212
11 13 108 86.972320130872205 -42.951315824466668 212
11 13 108 60.998531809668364 -44.118500576464122 212
11 13 108 37.824658277576326 -32.329879557930866 212
11 13 108 23.473590156546951 -10.649315824817872 212
18 14 109 17.539878736426456 15.690598161046472 212
7 27 109 -22.528091294837438 24.382995849471584 212
4 36 100 -72.722804385006057 -13.689182677579581 212
18 14 109 -71.837910922224580 -63.681351699932748 212
7 27 109 -32.808783866073036 -76.240302342195008 212
3 21 87 -18.257849143888127 -30.498961099171602 212
3 21 87 12.161895308477128 -59.458228138459617 212
11 13 108 3.778019591036127 -92.408351475929891 212
12 16 72 -86.663151710721806 36.407391221624444 212
9 15 34 -57.670970387066077 47.382518651238563 212
19 22 79 -32.826050977295296 74.800213293968753 212
11 13 108 -87.563261565025769 -41.733382610266332 321
10 28 83 -81.992437899354599 -1.113610039681962 321
10 28 83 -46.660887566310741 -44.561067399849634 321
9 15 34 -39.007394918247584 -2.247664673455212 321
19 22 79 -5.023184316528855 -16.878913074669249 321
12 16 72 -3.883622024323223 -54.861822360059477 321
12 16 72 -22.175218129938720 -81.118583620904886 321
9 15 34 5.625996090843667 -94.833265091874864 321
4 36 100 -50.158144877997564 54.407357061318535 321
14 16 71 -10.547747110862028 20.717352776229689 321
5 18 83 -10.786836878045911 91.365442866361832 321
19 22 79 26.768257283309858 13.539900856910080 321
14 16 71 32.292820077643029 -24.056364993988858 321
14 16 71 28.103176410980730 -55.780912050588370 321
14 16 71 35.591677567715280 -86.892362521847105 321
5 18 83 3.693595204116296 58.406118135507782 321
14 16 71 36.693601053624704 50.220788946500718 321
9 15 34 60.008685669724954 29.790252258883193 321
10 28 83 75.623095327536376 -31.704060514109955 321
5 18 83 91.271808436073570 11.552358408943505 321
18 14 109 -94.708175693537044 -15.695905733729330 429
7 27 109 -79.883613695664693 22.530163402022005 429
10 28 83 -53.990070185903228 -25.993278401997735 429
17 32 82 -20.903436418327445 24.059440464516548 429
19 22 79 -4.005330522849789 -27.228511504198512 429
19 22 79 -24.335549906117382 -66.250071952599484 429
9 15 34 -61.274668652621173 -68.371747288670491 429
7 27 109 22.747375686017097 -79.822032668926681 429
5 18 83 65.202837761935569 -64.904467856925763 429
10 28 83 79.239264031336944 -21.098318316208768 429
5 18 83 88.844702306124589 23.887630107151665 429
9 15 34 41.306904538149539 -42.145197759570728 429
9 15 34 56.892297421512467 15.638762179380286 429
9 15 34 63.416260637088016 44.920802818000695 429
9 15 34 37.120239503928957 -12.438770241418453 429
17 32 82 26.105096484071261 73.501863497174895 429
9 15 34 26.033055781533413 26.501918708513941 429