2 10 112 100.000000000000000 0.000000000000000 0
2 10 112 98.000000000000000 19.899748742132399 0
2 10 112 81.766312060385914 8.217823563497323 0
2 10 112 83.766312060385914 -11.681925178635078 0
2 10 112 65.532624120771828 -3.464101615137756 0
2 10 112 63.532624120771821 16.435647126994645 0
20 30 111 58.735721188830851 -42.882398261920606 0
2 10 112 45.599710448172502 -5.100852213336140 0
20 30 111 11.005537558686903 -79.239372429647204 0
20 30 111 25.775225913152841 29.640906707604611 0
18 12 109 -28.390668999972938 -93.797494176198413 0
20 30 111 -53.100823539488104 -59.835629347639909 0
20 30 111 -6.625123057853951 -21.888175352128805 0
20 30 111 -62.726432467724941 -0.612765074112517 0
20 30 111 -54.259628593931460 58.786841255918965 0
18 12 109 -93.575385994490944 -29.114380226651370 0
18 12 109 -94.126301537178904 27.280750703235249 0
18 12 109 66.898720378565116 38.176608374908000 0
6 25 100 -5.801176354920649 84.801806306818193 0
5 17 100 36.189855933619732 85.669681495286582 0
12 14 61 55.882187344008805 61.727833537716457 0
5 17 100 -22.674963934559763 23.981540533830142 0
15 10 72 56.081330994660270 -82.794228747342999 0
15 10 72 95.942367626123058 -28.196845467070460 0
15 10 72 88.893693913148979 37.706353961897904 0
15 10 72 82.420127118319428 56.629697560556210 0
15 10 72 -15.017549097594259 51.037054368323183 0
15 10 72 98.000000000000000 19.899748742132399 112
15 10 72 100.000000000000000 0.000000000000000 112
15 10 72 81.766312060385914 8.217823563497323 112
15 10 72 83.766312060385914 -11.681925178635078 112
15 10 72 65.532624120771828 -3.464101615137756 112
7 18 75 58.373368694676770 23.605162537105628 112
4 19 76 36.678266485971818 -6.366866759454286 112
7 18 75 22.625777909952870 27.860718092837836 112
7 18 75 44.184992520794921 56.691262058633122 112
19 16 63 77.788875792174053 51.516416255758841 112
20 30 111 77.107031187537061 21.319140260437059 188
19 16 63 91.281620646866656 -22.442498347588831 188
8 20 76 59.030168782660475 67.937023584277057 188
10 22 84 28.312504304273375 39.293960043635394 188
10 22 84 31.999167929748296 -4.551319192704298 188
10 22 84 -7.815289537681707 14.178576070596227 188
10 22 84 -11.501953163156628 58.023855306935914 188
7 18 75 22.625772393268846 78.887660049726804 188
10 22 84 -53.978935876685412 69.500176126544346 188
10 22 84 -80.878196979173310 34.680214148676214 188
9 19 82 -90.857719928872498 -5.086720881527299 188
9 19 82 -53.910791591132075 3.797224548622193 188
9 19 82 -64.690533331658159 -32.641726698738921 188
7 18 75 -60.404188648223801 -69.392607630422646 188
9 19 82 -30.042392978562695 -48.246417342010204 188
9 19 82 -27.419404522465516 -86.155782036755241 188
8 20 76 5.246639053360774 -64.850158434001472 188
8 20 76 42.541160615401125 -79.311094138806610 188
19 16 63 72.676352639071624 -59.616673566052853 188
19 16 63 45.088968643455196 -43.401364618073885 188
19 16 63 2.849921951485344 -28.930028323803114 188
12 14 61 -25.308062593904832 91.271281408608900 188
19 16 63 91.281620646866656 -22.442498347588831 299
12 14 61 95.727643534639199 7.226220540853298 299
16 16 54 86.878160375934073 35.891297687510260 299
12 14 61 68.211010394425685 12.406461908483154 299
17 17 46 58.716339794086906 -17.103726674293860 299
16 16 54 38.415129970586122 8.912823437167802 299
16 16 54 52.213369312746771 37.785104106634321 299
12 14 61 95.727643534639199 7.226220540853298 362
16 16 54 86.878160375934073 35.891297687510260 362
12 14 61 68.211010394425685 12.406461908483154 362
16 16 54 77.060493553130797 -16.258615238173800 362
16 16 54 46.161654843942166 -7.936249803782783 362
12 14 61 41.814971309302003 21.747185682186291 362
17 17 46 56.592706110286372 48.998214179323341 362
20 30 111 1.668317601075998 3.740348202168218 362
8 20 76 19.619526701424590 50.406761090192532 362
7 18 75 30.164491867149767 86.914345365978875 362
11 25 80 -12.540143511689354 81.883031704478341 362
8 20 76 -56.053771187296931 70.412887568130316 362
4 19 76 -81.368439824928217 40.745269669705657 362
7 18 75 -91.849464144526095 5.260792370300528 362
7 18 75 -56.723931100107762 13.147295292729204 362
7 18 75 -67.456785744473478 -21.215560106421165 362
16 16 54 -30.519661984619603 45.035549897961900 362