4 10 52 100.000000000000000 0.000000000000000 0
4 10 52 98.000000000000000 19.899748742132399 0
4 10 52 81.766312060385914 8.217823563497323 0
4 10 52 83.766312060385914 -11.681925178635078 0
4 10 52 65.532624120771828 -3.464101615137756 0
4 10 52 63.532624120771821 16.435647126994645 0
10 18 53 78.566312060385911 40.057421550909162 0
13 24 66 61.297085244103947 -37.199249612800891 0
10 18 53 37.547256078254676 -2.559018456052301 0
10 18 53 41.151022628970289 33.260150527160356 0
10 18 53 54.394577195491685 66.735638013432606 0
4 10 52 40.884200864193339 91.260517857923048 0
10 18 53 19.074773013825801 73.700652914262093 0
4 10 52 8.522565542185596 99.636167512500961 0
10 18 53 -15.189262538643291 84.744921457680192 0
10 18 53 -50.346599093910697 77.001428296344159 0
10 18 53 -7.621861887226178 49.549261961359740 0
4 10 52 -75.767396461556160 65.263325332359273 0
4 10 52 -61.451090305184557 51.297532192081249 0
19 12 61 -39.571027105511156 49.003445363232359 0
19 12 61 -54.688132696139533 30.362814511198614 0
10 18 53 -84.307838434332893 35.124435241877983 0
19 12 61 -97.651664237732902 8.255451023480060 0
1 18 66 -89.650706423886589 -20.657948535566135 0
19 12 61 -73.891703004848978 4.869562334841126 0
19 12 61 -60.217503960149124 -14.853933310858437 0
13 24 66 -60.457372186704241 -50.853134180237319 0
13 24 66 -24.467862527721600 -19.092227478664785 0
19 12 61 -24.707730754276717 -55.091428348043664 0
19 12 61 -35.316030225233291 -76.619641983515208 0
8 19 65 16.277189430978542 -32.834161144740513 0
8 19 65 3.230713374106038 -68.524348346511431 0
20 15 70 -21.960332745136789 19.827077427633959 0
20 15 70 5.607094378731793 5.737129481896460 0
7 11 95 -17.065407445882173 -90.616597658440739 0
7 11 95 -39.062606459687359 -90.967646867309867 95
15 23 82 -5.314389238595545 -86.837533745614294 95
16 29 88 43.322649308616946 -68.440836179013715 95
16 29 88 77.974756467947145 -21.930283941717104 95
16 29 88 72.647122618563102 35.824510816526981 95
18 31 91 -44.106117981196093 -49.271568016506535 95
18 31 91 -78.974827604289828 1.994142641011614 95
16 29 88 -19.063360199130059 5.252374271893441 95
18 31 91 15.550084432890628 54.261653502525249 95
6 12 79 62.439488033873843 75.533504711933801 95
6 12 79 40.665699239040741 89.164459878361185 95
6 12 79 -26.560487936314253 45.561096351517143 95
15 23 82 -31.833365667668190 80.161627567528726 95
6 12 79 -65.976504368545108 72.464480066494289 95
6 12 79 0.137538367260735 94.404565999936750 95
6 12 79 -1.197958011562658 -52.080448224053242 95
6 12 79 37.407256848834145 -27.869810408807403 95
3 21 69 30.932236697390032 4.588830030210367 95
6 12 79 11.496598846576397 -22.080552814767888 95
12 15 77 -80.828991234057412 49.916672325833886 95
6 12 79 -53.889957188077346 51.730079249149050 95
6 12 79 -58.479455450104005 -78.639387651858669 190
12 15 77 -75.490931879268601 -57.672516886291923 190
11 25 82 -21.650826070903097 -82.196360810242098 190
12 15 77 -46.311755517939289 -50.702892299957249 190
15 23 82 -11.590056497461259 -35.262567914396712 190
6 12 79 9.907960721227742 -62.882040314588416 190
11 25 82 36.377420988117926 -37.029232475215885 190
11 25 82 82.909895787184922 -18.733637675532663 190
15 23 82 81.933274911089143 29.256426000861580 190
11 25 82 52.292456391372809 67.011185667441922 190
15 23 82 36.564674345957556 21.661027212019590 190
11 25 82 3.432981192043968 56.392726115973531 190
11 25 82 -53.179016491877313 -11.296792179343591 190
12 15 77 19.702815110981255 92.934380488076044 190
12 15 77 71.069253678004415 -56.940956273443994 190
12 15 77 51.599772951037025 -79.765051441100610 190
3 21 69 -86.668401517568242 20.238284966606567 190
12 15 77 -51.670890632914791 28.674767164689115 190
20 15 70 -36.525516124905749 54.571053211382178 190
1 18 66 -68.900080997080480 60.965390498181407 190
1 18 66 -27.461185608088574 86.301762505091602 190
1 18 66 -20.804037383099224 17.002690637594636 190
20 15 70 -93.800605179327178 -15.048138356354265 190
20 15 70 6.342872550249361 -1.760179107480617 190
7 11 95 -57.611328732809355 -80.510463926375280 272
7 11 95 -38.408395160204698 -91.245795416652300 272
7 11 95 -38.712792157880081 -69.247901370453093 272
7 11 95 -57.915725730484731 -58.512569880176081 272
2 24 97 -32.100738810824062 -34.878136306727598 272
9 15 98 -12.718139018261496 -68.720636587902945 272
16 29 88 20.647554405536134 -40.037357445706746 272
9 15 98 13.422573618539934 -83.440118332861559 272
1 18 66 46.193913399122465 -79.562066117430447 272
18 31 91 -6.180116867644531 13.630845934489962 272
15 23 82 -79.002538331696030 -31.841493142980099 272
11 25 82 -83.490440129323375 15.948241502180402 272
11 25 82 -47.862295306260144 51.028653365025349 272
15 23 82 -2.785673936274073 67.524052901469290 272
11 25 82 49.263571812723995 5.757004082231617 272
11 25 82 77.105127638443292 -35.774282548492408 272
20 15 70 27.039854935054127 91.070556411450724 272
20 15 70 94.999999999318362 -0.000359878648233 272
15 23 82 41.756743110459063 56.036099052550092 272
1 18 66 86.315910077270601 31.836514688837021 272
17 14 108 42.292667174386210 -86.181960428366878 370
14 31 101 -2.125884022203987 -78.971391130738837 370
14 31 101 63.765977933483882 -46.635823764424330 370
9 15 98 94.218644532176953 -12.159236099331316 370
3 21 69 -53.527335336863800 -71.104320345074200 370
3 21 69 86.005716848669408 22.891410383515129 370
18 31 91 35.957615570075653 8.778028138014120 370
18 31 91 -75.303254759488397 -23.883463371705300 370
18 31 91 -69.353179376997986 37.830364924250233 370
3 21 69 59.252496154176626 55.268333993885577 370
3 21 69 -23.901803444828591 -31.750534157369948 370
3 21 69 -16.037280482708695 9.506577697173258 370
3 21 69 1.460917450234160 47.687896023018880 370
8 19 65 -42.894657050722778 80.256142422252509 370
8 19 65 26.793432208304345 78.643730627050417 370
9 15 98 11.935130746064875 -35.173127881078756 370
9 15 98 -8.947466977799124 82.150419633431895 370
17 14 108 65.361436479089093 -70.312748640555938 478
17 14 108 42.292667174386203 -86.181960428366878 478
17 14 108 40.083911280457897 -58.269214282546024 478
5 18 109 81.500627526961722 -42.680765137371296 478
17 14 108 95.020705780962231 -13.677188047541435 478
17 14 108 67.024569142938844 -14.142304533085692 478
14 31 101 -2.125884022203994 -78.971391130738837 478
17 14 108 19.365135383370394 -39.434875288934748 478
14 31 101 26.311141553276695 5.025815194768086 478
17 14 108 70.478197544866731 13.643887197005663 478