10 12 90 98.000000000000000 0.000000000000000 0
2 17 90 88.836734693877546 27.514261191782229 0
10 12 90 74.132513018557262 2.518544260214910 0
2 17 90 54.988819185027580 24.302000974154453 0
2 17 90 69.130877987420774 55.221285778781692 0
5 25 90 33.830100931955201 77.977716502432429 0
5 25 90 41.870520626983108 -15.596748917815951 0
5 25 90 13.736729320970198 32.192823608565540 0
11 35 88 -18.049396596057250 -18.695703577695969 0
5 25 90 -35.850695859437934 38.602758395864562 0
2 17 90 -73.809225591779892 56.579132350556094 0
10 12 90 -91.934669268216226 33.941369838939906 0
2 17 90 -7.282594569335301 69.390151735971102 0
10 12 90 2.011273883793237 96.860572358450526 0
10 12 90 -21.950697037925046 95.510035596000222 0
5 25 90 -71.474443187051804 -46.004390780673361 0
10 12 90 -96.235826793477543 -18.511230142153995 0
10 12 90 -74.157277914728908 -9.101783856175876 0
10 12 90 -56.970981885455096 7.650267623991185 0
14 14 91 -95.648466678414167 8.207973079164734 0
14 14 91 -49.090284717917882 75.286723378652525 0
15 15 53 -50.823949597785642 -80.261610669620538 0
19 25 89 -10.873807224205159 -78.265082600534242 0
16 17 73 29.973482606375629 -88.037437152868648 0
16 17 73 23.823230912894932 -54.598322270640708 0
6 20 87 59.219575919640477 -65.373235734953980 0
6 20 87 83.498923984658376 -33.584664556970665 0
10 12 90 -96.373249504911684 -17.781922839334328 91
5 25 90 -83.315670393558122 16.837430530576313 91
10 12 90 -72.384323562767946 -18.510916764098919 91
11 35 88 -43.108795699613609 61.372890866643850 91
19 25 89 -35.617136423512228 1.842436128830833 91
19 25 89 -48.231478552564035 -46.540188569000819 91
19 25 89 -14.782943264727813 -83.704627043144029 91
10 12 90 -85.181805449807655 -48.456785080225039 91
11 35 88 14.408758739538818 -31.284740224360299 91
19 25 89 73.219071106694983 -43.173691367228990 91
19 25 89 61.805292184941024 5.506136598010634 91
14 14 91 23.972326450542674 -79.342394897024519 91
6 20 87 3.905405602097957 89.915225668866015 91
19 25 89 14.965966266763726 46.295688787059852 91
19 25 89 64.120341090435943 55.452513329112634 91
14 14 91 37.863011226763305 88.217868829631087 91
3 13 67 93.184195674269375 26.938924932882475 91
3 13 67 96.478781457163109 -10.042147606013327 91
15 15 53 53.924242168469988 -78.212378218260326 91
3 13 67 50.768567333979668 -82.653206658030953 182
15 15 53 70.918036237198052 -63.211012776726371 182
20 13 62 43.465763176014093 -57.699869177236913 182
15 15 53 87.092932858436328 -37.944973924301252 182
15 15 53 94.582661659996731 -8.894948752555226 182
15 15 53 92.640324478842771 21.042107319722625 182
15 15 53 65.679737479907089 -16.933665928820954 182
20 13 62 66.482067252498609 11.054836477274554 182
4 18 71 67.188343961780063 42.046789839557590 182
4 18 71 37.410068514133442 21.816754956639397 182
15 15 53 36.756564073319240 54.810283594022764 182
20 13 62 58.918334129354299 71.923318040999959 182
11 35 88 -11.583104771674947 42.032317560404636 182
20 13 62 20.578925706202352 77.663817606572948 182
17 22 84 -66.360074815679269 57.795678648645080 182
20 13 62 -45.317101652993699 85.763397191180786 182
4 18 71 -88.654330659990777 24.584744359643437 182
20 13 62 -57.662033888599808 23.893701065753973 182
20 13 62 -69.088710313496108 0.539235413962253 182
11 35 88 -28.947566681715344 -25.779742300469355 182
3 13 67 -76.923257381161008 -24.252292821395557 182
15 15 53 -79.412009655073916 -52.141468358135498 182
4 18 71 12.486322145932622 -58.828688677292163 182
20 13 62 -15.625872035149566 -71.894083364217195 182
20 13 62 -33.042255214507961 -91.198735574235471 182
16 17 73 32.187942249140036 -29.900395168879093 182
14 14 91 17.033512644896643 -2.857036217557392 182