9 12 106 98.000000000000000 0.000000000000000 0
12 14 103 92.571428571428569 25.426966241470851 0
20 15 95 71.554652953119813 5.444595445950550 0
20 15 95 65.108834895454891 34.743937240050315 0
20 15 95 69.874159289737719 64.363047345137105 0
20 15 95 41.840595304102791 53.680384275316328 0
27 17 94 82.615657338940679 -24.582961597153233 0
19 14 97 52.670667952399569 -16.564382506071052 0
19 14 97 42.862912982596129 9.661710272920942 0
3 21 89 14.535965792566184 30.218559810076545 0
19 14 97 15.231760815640527 65.211642973551363 0
19 14 97 37.384765943706427 82.336022197216266 0
16 19 86 69.902556121379519 -58.263476103794098 0
16 19 86 34.607887364680138 -44.182057235126472 0
20 15 95 23.597518747192417 -12.014188438654397 0
20 15 95 -4.131207627474293 -0.563523233572956 0
19 14 97 -19.869415647390952 23.794407883864565 0
27 17 94 -14.796491798973726 54.376517746137964 0
3 21 89 -45.846565742065337 76.282975883603811 0
27 17 94 -9.695406432677458 87.991676946798577 0
27 17 94 -76.161737473831181 53.370307709129989 0
27 17 94 -90.254930914842248 22.428719213478331 0
6 17 92 -92.284914720339657 -11.510626180170899 0
6 17 92 -61.877587518876368 3.701028971821950 0
29 13 46 -32.139747146558136 -0.256350210227719 0
6 17 92 -63.907571324373770 -30.238316421827264 0
3 21 89 29.738518626304568 -83.884566577606734 0
6 17 92 1.539805118632405 -58.412374749806993 0
16 19 86 -20.810905855696852 -30.191004851412654 0
6 17 92 -43.953247263082318 -57.766937005811577 0
18 16 87 -46.318282626882947 39.285982989848534 0
29 13 46 -41.513778770406908 -87.667589063471524 0
29 13 46 -73.944051812439795 -58.509663390315872 0
9 12 106 95.061224489795919 23.819395426849606 106
12 14 103 95.975595063065612 -2.164521261262269 106
18 16 87 69.609792161547887 12.147866287931619 106
12 14 103 75.967259396349064 41.466505587162914 106
12 14 103 72.677361426535654 -17.694888591678648 106
12 14 103 46.706934119171919 -7.228900560301199 106
18 16 87 46.772310188189138 34.563249780446625 106
25 20 85 56.380020910116336 69.257512918374275 106
2 24 84 13.986204925052384 57.477684132498979 106
7 21 72 17.011362307328422 12.579483469081950 106
26 20 46 -20.204660087087902 29.783194613433977 106
26 20 46 -28.501779671679834 68.913206197881294 106
18 16 87 -2.574313239496602 93.888523701529010 106
2 24 84 -68.896804937705866 51.470673877225558 106
25 20 85 -89.141065932992802 12.404449376325744 106
2 24 84 -80.331942476045043 -30.704706773154300 106
25 20 85 -50.593350187745060 1.723924537930427 106
16 19 86 -37.550062098813541 -35.030294754949907 106
16 19 86 -57.684791967328245 -67.257498374282775 106
1 24 70 -18.108575924202302 -84.071870908154537 106
30 18 83 23.610827174949549 -88.918664183143591 106
30 18 83 12.038860182677981 -54.829229163921319 106
30 18 83 47.347160406119109 -61.852329286470280 106
30 18 83 -1.788017609094418 -21.590434803544891 106
11 17 74 79.558195686231386 -48.161120202413386 106
9 12 106 25.335412712703707 91.641926881207965 106
9 12 106 98.000000000000000 0.000000000000000 212
28 29 110 73.897959183673464 33.167629226221919 212
4 19 80 70.721606078029325 -14.727159435471375 212
11 17 74 39.303659154002752 2.848750528995585 212
11 17 74 27.930217569455785 34.890049293604022 212
11 17 74 41.669587566211113 65.990366206655892 212
24 27 61 1.087391499680074 82.992876680630985 212
24 27 61 -15.957855126906342 31.753638128142285 212
1 24 70 -48.518455275574226 71.006756704359503 212
4 19 80 -80.556998261561688 42.326942141935390 212
30 18 83 -91.729174689773160 7.053971273905070 212
21 15 70 -59.801322848128642 15.397368470371060 212
4 19 80 -64.728657731555643 -18.243698262813297 212
13 15 115 94.838934643249686 -5.529599961427003 322
5 21 114 80.266568396210261 -38.448380952863282 322
5 21 114 58.989871552704436 -2.236474465776062 322
5 21 114 82.947343042629640 32.260475541571296 322
5 21 114 38.267789037173308 -38.768587684415891 322
5 21 114 41.093372238222464 35.759779458614261 322
5 21 114 16.991092193667484 -2.556681197328675 322
5 21 114 -0.905407120814495 35.439572727061645 322
13 15 115 19.871054761542069 64.839209317519433 322
14 19 117 52.525097956660773 74.310928433462522 322
30 18 83 1.118435884006995 91.993201385609822 322
13 15 115 23.515557075056918 92.043568897830880 439
13 15 115 51.044816133837230 80.121325162922446 439
15 16 60 -7.439883033168929 93.705112669761860 439
1 24 70 22.973494122556964 53.047336159840320 439
24 27 61 72.419110341620382 40.552095597246392 439
30 18 83 36.595957050428154 13.317894887922400 439
30 18 83 0.823903423416461 17.362666736395351 439
30 18 83 -18.674981526675687 47.624746732705418 439
30 18 83 -37.693888747727939 78.190760017348978 439
22 20 81 -69.421268275014882 57.277286170771148 439
4 19 80 -88.042798331067843 23.010120860936784 439
22 20 81 -49.043097443943253 22.857376909129254 439
22 20 81 -69.690252989860028 -11.401854954161536 439
22 20 81 -29.697310109150539 -12.153200241168818 439
4 19 80 -50.322682688837475 -45.252958638309700 439
21 15 70 -84.262100966625468 -43.224193751648386 439
24 27 61 82.040519083201758 -12.583847923382134 439
4 19 80 37.397252772760659 -23.673427407521054 439
7 21 72 0.722807347885537 -39.641678807654259 439
11 17 74 -23.323545202565413 -69.065698400827131 439
7 21 72 9.324776120289375 -88.510160717888667 439
10 17 72 46.481862625594744 -80.550831447324853 439
10 17 72 72.328055567465213 -58.460690877115582 439