3 10 111 100.000000000000000 0.000000000000000 0
3 10 111 98.000000000000000 19.899748742132399 0
3 10 111 81.766312060385914 8.217823563497323 0
3 10 111 83.766312060385914 -11.681925178635078 0
3 10 111 65.532624120771828 -3.464101615137756 0
3 10 111 63.532624120771821 16.435647126994645 0
7 14 108 86.755771184755062 41.102751320786574 0
13 28 108 45.708076343874495 49.995824369510878 0
13 28 108 -0.245773524692495 81.999631678285979 0
3 10 111 37.413163848305253 87.079438361284247 0
13 28 108 -52.822347802626581 62.720009348041003 0
12 18 108 -86.486126048147128 31.371165123151012 0
7 14 108 -95.996522783851461 0.817076134449266 0
12 18 108 -87.007589608084402 -29.894470234328626 0
7 14 108 -68.315374612367194 5.030629968012239 0
13 28 108 -41.101290864404021 -26.959894344021897 0
12 18 108 38.147089591237773 4.621476117150801 0
13 28 108 -6.201769382321215 16.835349693677468 0
13 28 108 14.276263778223999 -35.286144508576662 0
24 18 105 -18.838935241537484 -67.213931683412127 0
24 18 105 -54.113996657144760 -74.402119363567365 0
21 13 105 -46.854990116816722 22.156594276703554 0
30 17 97 4.971099251993504 -92.867045674053983 0
17 10 79 98.000000000000000 19.899748742132399 111
17 10 79 100.000000000000000 0.000000000000000 111
17 10 79 81.766312060385914 8.217823563497323 111
17 10 79 83.766312060385914 -11.681925178635078 111
17 10 79 65.532624120771828 -3.464101615137756 111
17 10 79 63.532624120771821 16.435647126994645 111
20 30 78 58.735721188830851 -42.882398261920606 111
17 10 79 45.599710448172502 -5.100852213336140 111
17 10 79 43.599710448172488 14.798896528796259 111
20 30 78 11.005537558686903 -79.239372429647204 111
27 28 78 4.792083761945069 -21.573151884897136 111
27 28 78 10.864455761470069 34.096645117601312 111
21 13 105 51.806007899257438 36.285094008674285 111
11 17 83 73.393848578854559 57.116923856105636 111
14 15 73 51.108128528211019 80.080954029930638 111
22 10 60 56.081330994660270 -82.794228747342999 111
22 10 60 95.942367626123058 -28.196845467070460 111
22 10 60 77.776763016524711 30.475038392947013 111
15 21 92 -39.993755724979948 -79.507858121135641 111
27 28 78 -70.786312926985431 -41.392002877402476 111
27 28 78 -43.174192694831312 7.327303524526787 111
18 19 74 -32.158515660485683 53.018165406034235 111
18 19 74 -69.772779822011117 58.418825697793331 111
18 19 74 -4.104197998440073 78.649303900393704 111
14 15 73 -94.826438991278181 -5.739901413212273 111
14 15 73 -91.888113992158296 24.115855924352427 111
14 15 73 -36.923689221461025 87.530801288900363 111
22 10 60 -33.592110407395388 -49.176044175579264 111
22 10 60 -32.432685572277208 -29.209679107001769 111
21 13 105 25.370902154201005 91.107974415010347 111
22 10 60 29.006368895541314 68.397109579592723 111
22 10 60 48.111830788396375 87.665567574668188 216
6 20 58 64.636478052318566 62.626876858040269 216
16 25 62 19.851199669508507 67.017644464530775 216
6 20 58 43.447281638723837 28.700221329590299 216
16 25 62 -0.983482896406159 21.565295764187777 216
6 20 58 -24.579564865621489 59.882718899128257 216
8 19 54 85.929318523397669 29.952499363232885 216
6 20 58 66.598117134447563 -3.919386513698356 216
6 20 58 27.673122618313741 -13.130510327813099 216
16 25 62 -15.348496567371996 -26.326732614582784 216
16 25 62 -49.641702946669646 10.059748339569667 216
16 25 62 -79.517324123066231 -30.033234329775897 216
8 19 54 -63.172993978086211 65.499410927463188 216
26 17 43 -91.641534363849217 10.178748039131170 216
5 15 72 -66.490737516541458 -67.852647881319911 216
19 14 92 -10.897093812582074 91.008110236149847 216
21 13 105 -86.598771956851721 43.699573173718662 216
21 13 105 -71.880262993865031 65.132386659271106 321
30 17 97 -84.846735135872365 38.079279625317525 321
30 17 97 -92.863445449765720 5.037906231599209 321
1 14 100 -92.423653195337835 -25.958973978721090 321
1 14 100 -63.663022847647177 15.446331658035461 321
30 17 97 -63.223230593219299 -15.550548552284823 321
29 22 94 -43.203032943128051 45.067081363385178 321
15 21 92 -30.606228303678819 3.946404072269381 321
30 17 97 -34.565783244271984 -33.846742458185375 321
30 17 97 -64.739475633821556 -49.516722917038486 321
25 19 92 -33.043982023125565 84.788532550430162 321
1 14 100 -10.686523246655582 60.516243061005284 321
30 17 97 -3.328206146191096 30.402206974007381 321
30 17 97 6.923165449367787 -2.015525525502337 321
25 19 92 1.241745680683868 -37.564385836516635 321
29 22 94 -22.555509336829740 -70.951369132876664 321
16 25 62 21.749611178641857 82.170276947189961 321
29 22 94 35.091695781814963 37.103784090059719 321
29 22 94 79.065017315985713 38.635774054920660 321
29 22 94 87.886353836805029 -4.470884618496143 321
15 21 92 44.887363779943144 -4.765594797982647 321
28 17 93 82.417454281272228 -43.085533880809706 321
28 17 93 48.420907721352968 -42.600949523610979 321
15 21 92 23.183029240044284 -71.009565994018260 321
19 14 92 57.715112708482096 -76.713530521331165 321
19 14 92 60.063842622082412 74.888816317723411 321
21 13 105 -56.746656927014712 -78.432373508372564 321
21 13 105 1.035186932934226 -96.806330929555941 321
14 15 73 -49.057453893560051 81.353341772057718 426
18 19 74 -71.721623921676752 56.009005187001534 426
18 19 74 -34.075929023370009 50.831973641453253 426
18 19 74 -57.382217307161604 20.818361289175520 426
5 15 72 -90.663141645941948 27.773939996686359 426
9 22 69 -12.298536483884053 85.570211567133114 426
5 15 72 -0.076431370333225 50.647151183007061 426
9 22 69 -85.644594110053731 -8.884131155926550 426
9 22 69 -42.471463005832902 -17.374169474907234 426
5 15 72 -69.798249506233105 -42.319043488650934 426
9 22 69 -12.677488903117187 15.859030379269058 426
5 15 72 -5.600183415946621 -20.457794193389624 426
9 22 69 -19.348689879826463 -54.808610341083323 426
16 25 62 34.067132952508004 77.874453143480522 426
26 17 43 -50.757782650726035 -77.927193587230221 426
26 17 43 71.701043002234513 59.228037553102467 426
26 17 43 45.566807118450001 37.479434959586037 426
8 19 54 27.238690252362364 6.494275090012444 426
8 19 54 26.556905118084622 -31.499608220734807 426
8 19 54 19.197344931466027 -68.780124229228292 426
26 17 43 -8.167669329031719 -92.171490040628782 426
2 33 81 76.212047830327890 -10.987436712346241 426
11 17 83 53.404816795218935 -55.482719748991414 426
27 28 78 79.765550143952453 -19.012022781193167 509