15 12 96 98.000000000000000 0.000000000000000 0
11 14 96 92.571428571428569 25.426966241470851 0
10 21 95 65.198675509136891 3.615675821351240 0
15 12 96 68.998632255852357 36.396162833033834 0
10 21 95 81.854484456543631 -34.940569176151911 0
11 14 96 47.822416651171508 -26.766319309004825 0
10 21 95 23.521053806259992 -1.578152168858356 0
11 14 96 40.897312664225375 28.803842961497711 0
11 14 96 50.821378002867448 54.986144754013267 0
3 39 97 5.637400429527474 -58.850963710643903 0
11 14 96 54.703238016831186 -78.889516099884375 0
10 21 95 -18.415643582354907 -3.883236144712553 0
10 21 95 0.556443831006371 33.587551132575584 0
11 14 96 23.308043934838409 60.183879689639809 0
12 33 84 -64.409552036293078 -42.194900242612910 0
10 21 95 -57.548937484602092 11.367511652046257 0
10 21 95 -38.576850071240813 48.838298929334400 0
30 25 97 -8.104626133709973 83.297602002684172 0
17 15 75 -94.863391711888312 -5.092829558982025 0
17 15 75 -91.005772802669114 24.658116247012693 0
17 15 75 41.779214380677949 82.540441642693864 0
29 12 64 -32.828480143465271 -92.337916867720750 0
8 13 58 52.375649524325198 -81.644297638629084 97
13 19 62 71.650183112604509 -56.100367734358422 97
8 13 58 91.824562014699893 -31.260995038682530 97
13 19 62 33.652360224383429 -55.693605204886858 97
8 13 58 52.926893812662733 -30.149675300616199 97
13 19 62 90.997085517110492 0.728304463587566 97
23 17 72 23.052337552868583 -90.097667746443946 97
13 19 62 -3.098563707617519 -65.356399321718698 97
8 13 58 -10.937665790642853 -96.381364729143570 97
28 14 55 -32.563639118387812 -80.216053794068316 97
8 13 58 -32.706352688417809 -53.216430966389225 97
28 14 55 -60.053758059097490 -74.896903427173697 97
28 14 55 -13.650265591210113 -34.088818869119102 97
21 19 50 -77.856172229305685 -47.110682926494377 97
28 14 55 -48.772902609660278 -31.516984576487392 97
21 19 50 -29.173376145072734 -4.967812040155255 97
28 14 55 3.136944768508574 -11.679232341506559 97
16 15 42 32.135556421969987 -11.395468052471006 97
25 31 72 65.706020942776789 43.860219012989198 97
16 15 42 43.791649871241027 84.304753137380317 97
16 15 42 23.516973982143668 62.192821571095699 97
21 19 50 18.082067146087773 28.630017938452124 97
21 19 50 -9.631142240429920 54.629595348460690 97
21 19 50 -32.444074198815315 85.019892080511170 97
21 19 50 5.116317828687278 90.783306931128806 97
16 15 42 -63.332175963659353 70.809854453374555 97
7 15 40 -82.254848006174612 47.530411101537013 97
23 17 72 -91.943052230470187 -13.981242668126118 97
21 19 50 -64.422582667865484 9.227026441261337 97
7 15 40 -36.265504747262007 28.284281305828380 97
1 14 119 52.489629620383035 -80.379343007485502 169
18 16 117 73.334998131907184 -58.804575068553731 169
19 24 115 83.607047899548448 -20.146005597204937 169
18 16 117 48.277122719766012 -38.902241541310971 169
18 16 117 45.830399422685602 -6.995917009840348 169
19 24 115 17.817131626851804 -64.828848388709787 169
18 16 117 19.277919573927306 -24.855531056098037 169
19 24 115 12.093401185888354 14.493963165961919 169
19 24 115 57.014324885152554 31.408767746709643 169
1 14 119 67.968828750835002 67.795562673671100 169
18 16 117 42.592394529086903 83.796705951240156 169
1 14 119 92.129669733153804 16.885938951810488 169
9 35 111 -6.628768050972106 70.444659131842059 169
1 14 119 -54.921936997239989 78.737417004059779 169
19 24 115 -73.070281741758308 45.351228496922367 169
1 14 119 -94.933394730584510 14.270618939871866 169
1 14 119 -67.707667899124573 7.731521257567181 169
9 35 111 -62.787658276240812 -41.020847970099410 169
4 16 109 -21.672785875969918 -71.196455130676043 169
4 16 109 -36.512671184610241 29.117279182233190 169
4 16 109 -29.757901714340580 -2.161676833009917 169
26 14 86 -4.352540595651829 -95.691538380781950 169
17 15 75 -12.788980290147574 -40.657255281839305 169
26 14 86 73.450337356815027 -61.814625633178942 288
26 14 86 88.162665700045750 -37.991372397716532 288
2 24 84 85.999983690576869 -0.052964332460029 288
12 33 84 58.612160330689427 49.936105788993565 288
2 24 84 50.058202607030118 -31.867872355938594 288
2 24 84 21.475491276533468 6.694137614983540 288
12 33 84 -7.107815014132932 56.009394904122267 288
12 33 84 -69.227531652793701 33.712740340432831 288
5 23 80 -84.640457309016526 -20.124437545445883 288
22 17 79 44.337975967586729 -72.466874895328687 288
2 24 84 7.601793779708622 -54.261026432292759 288
22 17 79 -45.822754035540449 -10.471152479088191 288
22 17 79 -52.418273316528179 -43.825299528804798 288
22 17 79 -12.838457091595899 -18.719555664777594 288
17 15 75 50.988255231305203 -80.157331719982281 374
6 15 74 73.441220585852832 -60.260991685003873 374
6 15 74 88.570407710232303 -34.355245277005679 374
6 15 74 94.867088802566442 -5.023491029749295 374
6 15 74 44.984001995954358 -50.764323315162962 374
24 18 74 19.186979574771922 -71.343770202798467 374
24 18 74 58.538815775798142 -20.676667650526056 374
9 35 111 5.447942146330604 -20.155501521977776 374
22 17 79 68.367751585460482 12.914879215457020 374
9 35 111 28.267641770669062 46.020485883235658 374
27 17 91 80.258705814120219 46.984467018819160 374
3 39 97 -44.780123461350520 34.187312403236668 374
27 17 91 -11.655166494900509 79.339690258348966 374
25 31 72 -73.163989122370268 -29.799843887203238 374
7 15 40 -93.715225251825402 11.354095092575815 374
19 24 115 -21.050234805771197 -83.383976965733041 374
6 15 74 -59.012690410931313 -74.447984327741025 374
6 15 74 -59.012690410931313 -74.447984327741025 489
3 39 97 -5.135101606365428 -70.814057442659674 489
25 31 72 -60.887713281187203 -28.486214461513967 489
25 31 72 -72.000841005417954 32.509673860445361 489
24 18 74 -29.111515529885025 8.813561093710751 489
7 15 40 -57.004554024980081 75.996584268065149 489
25 31 72 -15.075693412277367 57.076472013626827 489
24 18 74 6.626986861936157 13.144778796596563 489
25 31 72 42.852224004338332 -19.851163286888891 489
24 18 74 68.124047295841706 -61.831336553837509 489
7 15 40 12.041354120527849 94.233782641598580 489
24 18 74 32.594255597424080 68.415606081643830 489