9 10 107 100.000000000000000 0.000000000000000 0
9 10 107 98.000000000000000 19.899748742132399 0
9 10 107 81.766312060385914 8.217823563497323 0
6 16 99 84.144800066126621 41.900508610655038 0
4 37 104 36.130417808604548 19.459049290268808 0
14 24 67 77.362282994795990 -25.495742370551238 0
23 19 96 35.804801307677842 -36.540004040071736 0
17 14 95 6.245896129107280 -21.867883380662118 0
16 31 89 -30.207551373552274 4.516698578710358 0
23 19 96 -10.499901242211067 50.468940377132405 0
6 16 99 18.836186046270790 69.558046762780037 0
19 17 93 51.798435372494879 71.136057965477789 0
26 25 92 -78.111056160597229 33.521081508149855 0
23 19 96 -46.113512679311015 63.723022027977350 0
17 14 95 -18.895794476908495 82.383027811861950 0
19 17 93 -92.817716903162193 -5.819916570230141 0
20 11 40 -93.044480509660005 -33.818998309936681 0
20 11 40 -72.743958784659213 -25.340270947132108 0
16 31 89 -43.971019423513553 -55.936315798057450 0
20 11 40 96.799999999999997 20.754758490524534 107
12 19 67 79.105682430202961 44.981007183608924 107
5 15 55 60.369033001464544 73.352435913663328 107
20 11 40 75.513632603182543 15.196830544994208 107
20 11 40 49.485545600820302 49.739945532510845 107
20 11 40 35.278133422181149 66.537250053958800 107
20 11 40 39.035211474863239 88.214066344781003 107
14 24 67 83.925020915340070 -18.777403024905489 107
5 15 55 52.136493523305766 3.816612250071303 107
5 15 55 34.788756078541496 28.292232886686907 107
18 25 72 37.112539530868204 -33.254681312915139 107
5 15 55 19.335994494424693 2.578186930742051 107
5 15 55 4.793358254554338 28.817693999183895 107
12 19 67 52.058715787294773 -74.638395685985017 107
2 15 57 22.938697818781492 -92.189023979965370 107
2 15 57 10.636546261920046 58.243144784355863 107
14 24 67 -2.260168350361777 -62.422983870646036 107
2 15 57 -29.545725555138382 -90.288704174001978 107
2 15 57 -56.227095094778548 -76.573584069199285 107
28 17 60 -40.831210553738920 -48.520656607007801 107
28 17 60 -17.077794762991697 -24.194225749360797 107
28 17 60 11.108576203686654 90.239663153298380 107
14 24 67 -79.088900344765321 -33.777889843147108 107
28 17 60 -47.066757193869293 -8.173547476596809 107
14 24 67 -34.159155563148389 30.741665745774348 107
28 17 60 -19.491253083595581 69.028120750780090 107
13 23 78 -81.155216765332753 31.350132244886201 107
15 19 74 -58.103024121649874 66.458484731417570 107
11 13 118 -71.148159224526125 65.931323655463487 185
27 27 117 -32.531307654192702 76.359112241488660 185
27 27 117 -57.334273813767041 28.392323004694724 185
27 27 117 -80.451630863201743 -20.409191347310298 185
11 13 118 -42.221380153011921 -8.642801474625008 185
24 17 109 -14.072463690611233 36.418267489178376 185
11 13 118 -21.781019056786988 7.425541260577468 185
8 22 115 -11.918148300339737 -26.156057576309642 185
24 17 109 -45.114583399229197 -46.625466378842745 185
21 26 75 20.215732992450743 81.531123747793018 185
22 13 65 58.954890805461019 77.028052358320522 185
24 17 109 48.311786982884172 48.979445601088344 185
24 17 109 19.485096858262914 30.951080826127097 185
6 16 99 17.401952308411310 -1.983103675457624 185
17 14 95 23.710681083977104 -31.312269044358732 185
19 17 93 9.402121370860513 -58.812543932733519 185
19 17 93 22.203216143915032 -90.310670426404158 185
6 16 99 -21.690259341005937 -69.869842955024410 185
17 14 95 -48.830202774896463 -82.653561913340994 185
17 14 95 -70.602785689344813 -65.048033428416943 185
26 25 92 55.345939723488300 -64.512223307866222 185
26 25 92 82.040398575587659 -22.234500254305555 185
25 19 82 82.633240817464284 38.114925055717414 185
6 16 99 54.980121839903447 16.660205043261776 185
22 13 65 45.091622972395385 -10.601812309591841 185
22 13 65 -86.105183723011663 44.664273597881412 303
14 24 67 -85.657558899581218 7.666981372402944 303
14 24 67 -49.504680729852332 39.241803621225507 303
29 22 73 -79.416664307647039 -37.907696187535606 303
14 24 67 -41.689446283846522 -11.589318194493909 303
29 22 73 -51.137596765764187 -71.616661448451396 303
18 25 72 -9.971004786135133 -48.938220038540948 303
1 28 75 8.860935417918334 0.603257817402707 303
15 19 74 33.047345650927767 -39.695843413773360 303
15 19 74 24.203842616666186 -76.652472779599009 303
15 19 74 61.075168307231792 -67.459794072049363 303
13 23 78 81.401176825367330 -30.705836765105094 303
15 19 74 90.413400428681030 10.315862684379894 303
3 17 79 55.891969087489258 0.104556296097188 303
29 22 73 60.905171316731831 38.781006539219526 303
1 28 75 28.523975810751800 76.879014067218932 303
29 22 73 -20.722778391890873 85.525238706013454 303
15 19 74 -7.068869126311759 46.184561974273059 303
17 14 95 -18.578771087158866 -86.976442385372039 303
17 14 95 -46.423214268556194 -84.029073403053303 398
26 25 92 -67.727077884559847 -51.361881986729855 398
19 17 93 -26.656487405735099 -60.148610486044618 398
19 17 93 -33.609512980694760 -26.867152655084787 398
19 17 93 -1.310412236623183 -37.486384789486735 398
16 31 89 -78.922088129981034 3.507706544668068 398
16 31 89 -18.838515968567155 18.803599991086021 398
7 29 90 34.518753122045773 -8.637278915973834 398
7 29 90 73.282353754401399 34.506472265573166 398
7 29 90 31.424968597608817 74.655685306875995 398
25 19 82 90.411422135514471 -10.333186702745884 398
25 19 82 7.167914152696076 -72.473782258235005 398
25 19 82 44.539678261582658 -79.355006523562835 398
29 22 73 69.597609712457398 -45.657190049164520 398
3 17 79 -68.799760476013830 -62.574699027986746 493
3 17 79 -86.693292411293754 -33.664121121602413 493
13 23 78 -86.768989543831026 6.335807252635025 493
13 23 78 -46.958687794953065 -29.063991125278672 493
10 27 81 -38.746052067482246 20.256923448640876 493
10 27 81 1.296962225203842 -15.972305170745125 493
10 27 81 -14.945413665621087 -67.471676287499065 493
25 19 82 -77.712257733341545 47.347703196530006 493
25 19 82 -44.543332575121710 65.890151898047606 493
25 19 82 -8.234145847788483 54.681094881525254 493
21 26 75 37.492738567758764 -75.168441214978614 493
21 26 75 74.556451114593585 -38.695420881510216 493
21 26 75 83.048643846538795 12.606456887276156 493