3 11 116 99.000000000000000 0.000000000000000 0
3 11 116 96.555555555555557 21.863775779997951 0
3 11 116 78.843192529652626 8.814936902970350 0
3 11 116 81.287636974097069 -13.048838877027592 0
3 11 116 76.398748085208183 30.678712682968296 0
3 11 116 84.861216147439819 50.986017632067515 0
3 11 116 63.043340148006621 48.161077478124973 0
3 11 116 61.130829503749695 -4.233901974057249 0
5 19 117 47.509911406458045 22.495680704818845 0
5 19 117 34.812747955515761 58.311627436687537 0
21 21 115 7.984988238150024 28.642260936081421 0
8 20 116 -2.922030890733986 68.164873877562883 0
8 20 116 -41.112039563841208 80.061227837831439 0
8 20 116 -32.319579969291766 41.039533176038290 0
21 21 115 -71.631505468234764 52.683094210599656 0
8 20 116 -88.673886141096091 15.392917742777939 0
5 19 117 -87.886749189008270 -23.599138056046748 0
5 19 117 -55.081682352066437 -4.420306240115442 0
19 15 112 23.989380971882099 90.542896836721866 0
15 16 111 -75.305129103820661 -56.259555016520551 0
21 21 115 -41.192046651687690 -41.931344883570311 0
16 14 109 88.602132246115488 -36.954866546124379 0
21 21 115 53.639194227667922 -35.344597898291525 0
19 15 112 64.632461703428589 -69.625030658196749 0
19 15 112 34.846231875530222 -66.050046372970016 0
19 15 112 18.110670347727481 -41.151833980327666 0
19 15 112 31.093691432976797 -7.278598829407933 0
19 15 112 1.099405178539573 -6.693114340391947 0
16 14 109 -55.210570149819752 -78.535297438360999 0
16 14 109 -8.146358264028642 -53.463147820914315 0
16 14 109 -27.176236125630414 -74.002469829503568 0
28 12 108 -25.216653168926253 -12.731746060639029 0
28 12 108 -19.656005589803797 10.615185183119747 0
10 15 106 -6.912578825989012 -94.748172826574802 0
24 11 96 -8.745684265626394 98.612945431753403 0
24 11 96 49.537210827104360 85.715020524240757 0
24 11 96 36.585641819819543 -91.991797529083385 0
28 12 108 67.361411124694541 71.178931512701681 0
24 11 96 -83.447183330861648 -53.268823847965393 117
24 11 96 -93.150977441755188 -33.524549238514986 117
24 11 96 -71.200036995228288 -34.992954330112561 117
2 23 95 -86.999957912740513 -0.085575588690141 117
2 23 95 -43.554358335524405 -15.201126434630213 117
2 23 95 -49.135792648573101 -60.861257742031448 117
2 23 95 -52.186707099352986 29.981641904855447 117
2 23 95 -6.802241839706099 -42.864855992985149 117
20 15 94 -16.134831129638176 -79.701017263473759 117
20 15 94 -18.158966085725115 13.066771479414163 117
20 15 94 4.506880442525357 -6.586711701889771 117
18 11 92 -93.216748492605305 33.341232737653343 117
18 11 92 -83.551815161426475 53.104558968424030 117
18 11 92 -63.456789110670499 62.059441883316836 117
18 11 92 -54.951498050766965 82.348848577114637 117
18 11 92 -35.408239008795910 92.451374301824117 117
18 11 92 -36.430824609797234 70.475152636382518 117
18 11 92 22.399601045876860 -25.450713117559793 117
23 12 88 -24.198687369930880 50.997606113653461 117
23 12 88 27.848655857869129 -47.795909506401493 117
18 11 92 16.382415304024669 -67.733946710734642 117
23 12 88 9.015586990339434 -89.522242665138364 117
23 12 88 32.850783359226440 -92.329984472462527 117
23 12 88 -4.975078843850323 36.629138024257045 117
29 27 85 1.394612730932732 82.988282638760040 117
12 13 87 17.959441222071909 46.579403816978896 117
29 27 85 54.679007069937541 62.443624060793589 117
12 13 87 35.468409541478913 27.358685089782405 117
27 16 60 35.128211736003543 -1.639319418341076 117
26 15 65 48.028539609180271 -29.827642191513299 117
28 12 108 11.760177973639378 19.426487668783775 117
12 13 87 50.807736243151439 -57.689373402436345 117
25 28 77 80.789676449525402 14.036672653481716 117
12 13 87 75.849307002582634 -26.664589608611756 117
12 13 87 76.316740543241991 -52.660387459131115 117
9 11 62 53.893411759502676 -83.045169449647688 117