28 10 113 100.000000000000000 0.000000000000000 0
28 10 113 98.000000000000000 19.899748742132399 0
28 10 113 81.766312060385914 8.217823563497323 0
28 10 113 83.766312060385914 -11.681925178635078 0
28 10 113 65.532624120771828 -3.464101615137756 0
28 10 113 63.532624120771821 16.435647126994645 0
6 24 111 61.297085244103947 -37.199249612800891 0
28 10 113 45.833351794767474 -6.919339642527328 0
28 10 113 43.833351794767466 12.980409099605071 0
6 24 111 48.068890671435341 46.715557097268203 0
2 12 110 83.843558279186965 50.737143544789518 0
17 32 104 1.884167989589336 15.045833530413702 0
2 12 110 13.700160371485930 57.429584237860084 0
2 12 110 28.071843766967341 76.650789100720374 0
2 12 110 51.022367991195559 83.670293202372747 0
13 11 33 96.799999999999997 20.754758490524534 113
11 12 36 88.454669343210313 42.187337808675835 113
11 12 36 73.918853591522677 23.089954206910129 113
11 12 36 84.297102738290477 1.449900033049715 113
11 12 36 60.367141511071978 3.282099712074833 113
16 19 41 43.552493324756746 29.325671018069833 113
18 18 52 64.291177128778372 59.967260305781579 113
20 23 83 23.797301345587812 66.389567060798257 113
27 20 60 4.577692869410139 27.923911600083180 113
18 18 52 -16.613920966830371 59.466192795577911 113
18 18 52 -46.667199927473000 79.285386112002158 113
16 19 41 -49.437348086889280 42.389230767916743 113
16 19 41 -85.628027755924549 30.803260584402658 113
11 12 36 -4.541580083605235 86.929961393481790 113
11 12 36 -60.064341835957052 13.267640772566647 113
13 11 33 -70.897970481655406 63.352095229370072 113
18 18 52 -91.824856984205553 -5.674120181155640 113
23 16 56 -85.491673048389984 -39.079071629034253 113
13 11 33 -66.530105388883541 -19.857756588331149 113
11 12 36 -57.560179017643286 -41.036529472861751 113
26 14 80 -70.557152588853967 -65.097528513401940 113
24 24 96 -35.017256341472020 -78.548021988562112 113
27 20 60 -26.047712516397610 -35.471958060087061 113
23 16 56 -17.518960892621575 -0.496818378594181 113
27 20 60 5.126650118620269 -60.535060707213603 113
27 20 60 39.602394866557276 -80.818626076129746 113
23 16 56 37.543352931132205 -44.877558391541385 113
11 12 36 -45.072996584299744 -5.474279287704978 113
13 11 33 0.933586917046760 -20.207309984130159 113
26 14 80 -0.342007462143979 -94.092381581567537 113
23 16 56 62.338166457939550 -24.648440215732251 113
23 16 56 67.459689930944108 -56.235937699950014 113
27 20 60 30.420740223429370 -7.996776558169342 113
30 13 87 89.503181384786103 -37.392252165416295 113
10 12 71 -69.698209562971158 -68.892376818601292 209
21 15 74 -46.560348301605302 -82.807813435890210 209
10 12 71 -49.476848404041938 -55.965793631999006 209
21 15 74 -23.562226963563248 -63.544210062671198 209
23 16 56 -82.946656831450127 -44.225016907692037 209
21 15 74 -55.579007288179696 -29.664393346981122 209
26 14 80 -19.124285558753840 -92.202623767680734 209
21 15 74 9.784990633799332 -94.494729791118303 209
21 15 74 38.763217350065389 -86.731845251162440 209
10 12 71 18.464893135612549 -68.927968311435009 209
10 12 71 40.660719472884907 -59.798603973999093 209
10 12 71 61.357284873608506 -71.949825337037908 209
17 32 104 72.313702247056369 -29.235739554936437 209
4 14 81 95.419634757653199 10.540080773697191 209
4 14 81 68.076335614161707 16.568678616441208 209
21 15 74 41.106686334197050 5.908565215745043 209
10 12 71 86.465126655332995 34.949439320072017 209
10 12 71 47.292633249839142 32.190385182346638 209
4 14 81 27.085033967387407 -37.624277308780478 209
4 14 81 17.718345588734287 -11.237440650757122 209
5 36 120 -0.607630366085495 35.283077460108402 209
4 14 81 43.946962472031665 57.974226770568613 209
15 22 94 -38.665879403833792 79.050298986962616 209
20 23 83 -59.480539080561080 39.153557985446923 209
9 15 85 -2.373615698125075 86.252492757981116 209
9 15 85 27.279913285075462 81.706261478945024 209
9 15 85 72.782914901788132 61.054461740310728 209
24 24 96 -85.999289870439597 0.349487882630164 209
9 15 85 -47.105445971367452 3.225058565922200 209
20 23 83 -18.422802120938279 -21.700950776719026 209
15 22 94 -38.665879403833792 79.050298986962616 329
15 22 94 4.437416957798341 87.888049988281367 329
15 22 94 46.431359079980886 74.753788492529765 329
29 15 93 -11.138917387257603 54.326497456090145 329
29 15 93 -38.512312784337240 42.050617673559707 329
29 15 93 -65.986665053255365 54.098852706268580 329
3 27 92 75.213826925534221 35.098151507106238 329
3 27 92 -81.612343078751536 15.113750599905870 329
3 27 92 -73.637991969178415 -38.294205028270476 329
3 27 92 -34.493894222629770 -75.492855697463384 329
3 27 92 -21.850966629880027 -22.993747306134608 329
14 13 95 35.718726519508579 41.433531836490808 329
14 13 95 10.241372131291822 36.246585395933280 329
14 13 95 -13.845472323509981 26.457615878656007 329
14 13 95 -36.814022030876494 14.102168548130408 329
8 15 95 94.979778745894251 -1.960007495132480 329
8 15 95 89.632759304079585 -31.479651515493860 329
8 15 95 66.741507392680589 -12.089174834172386 329
22 31 95 50.080230321395248 -54.965763391960678 329
8 15 95 36.763700961358708 -10.935432416560491 329
8 15 95 4.292557739161809 -59.380402618691235 329
25 15 88 5.147935509558129 -89.368205620410322 329
30 13 87 27.826219342061201 -92.923094638133421 424
22 31 95 54.064475443389242 -57.602365359689536 424
25 15 88 90.356499307818183 -29.337740758897098 424
25 15 88 94.999523826307808 0.300786925869996 424
30 13 87 12.467495324990015 -71.944305431712550 424
30 13 87 69.319709242520048 -10.859281306102503 424
9 15 85 10.108044304851770 -44.043893411751824 424
30 13 87 27.774112952742897 -22.320403394537770 424
30 13 87 44.678025963200511 -2.565461609382298 424
19 17 104 65.623486830644694 18.912146941160856 424
19 17 104 78.057660632675208 50.556914626528659 424
22 31 95 30.061335233254205 51.150840676549969 424
19 17 104 6.189517350391625 92.793802998741256 424
22 31 95 -30.919176815173905 62.348034535348468 424
22 31 95 -76.377279855603533 20.186904712184543 424
24 24 96 -8.633803068930735 12.065213244272769 424
12 31 97 -42.173488769107280 -31.524802620984410 424
30 13 87 -94.981261334112489 -19.686543510251596 424