13 10 98 100.000000000000000 0.000000000000000 0
13 10 98 98.000000000000000 19.899748742132399 0
13 10 98 81.766312060385914 8.217823563497323 0
13 10 98 83.766312060385914 -11.681925178635078 0
19 29 98 45.259112751453237 -5.501666172563031 0
19 29 98 64.274766473292672 49.292538936472852 0
19 29 98 7.313766007772806 38.363475574635970 0
18 22 96 -4.983097860827522 87.858799990151340 0
19 29 98 -46.941196063695614 58.867111608850095 0
19 29 98 -80.200747532872356 11.350775091088281 0
20 17 89 33.995399978456540 86.563923087535471 0
20 17 89 -86.475687172959013 -34.219227460077647 0
18 22 96 -47.949716376814870 -28.157084751872198 0
20 17 89 -68.397174762363946 -63.014494241615907 0
18 22 96 -29.745407941165798 -68.214582856219110 0
20 17 89 -34.317996244132871 14.633020385955152 0
20 17 89 -12.652702028764175 -11.570319602708729 0
14 17 85 0.086373980138585 -43.093579942327764 0
3 25 96 15.086944221235285 -82.323452392310628 0
3 25 96 59.953078364562735 -60.254696037840901 0
5 11 105 96.799999999999997 20.754758490524534 98
8 16 102 83.065869424428698 44.000697003158471 98
1 31 99 58.249036108715558 4.086729721264401 98
8 16 102 51.761529819652537 50.636834577745319 98
1 31 99 6.448856435777230 38.156384633683267 98
5 11 105 33.364077687656852 70.398761484070207 98
22 13 80 55.620693474505643 79.378909239903251 98
29 33 97 1.581261473955266 -25.658241583882603 98
1 31 99 -49.919447024574097 12.337508496218542 98
19 29 98 51.328949624997819 -62.660505347423083 98
3 25 96 1.578622234458713 -83.658241523834462 98
3 25 96 -41.156460170114812 67.647634706421442 98
8 16 102 -81.126134689624763 47.482104737688935 98
14 17 85 -7.447236104355355 92.701341276197226 98
22 13 80 -35.867047995189886 -90.125217714637145 98
3 25 96 -48.799998571529493 -54.393735945894932 98
22 13 80 -73.018726562630775 -25.111433876333404 98
22 13 80 -96.104380136114685 -13.150974057200614 98
22 13 80 -96.145220144263320 12.848993867659143 98
24 11 74 20.153715811489029 87.990985308836983 98
15 15 41 90.582431031607371 -28.632554695732154 98
5 11 105 48.648107512681705 86.222744304705131 203
5 11 105 66.488886830581279 73.350037000877890 203
1 31 99 72.335131918614209 31.758915131293140 203
1 31 99 72.984123062537478 -30.237688086101844 203
19 29 98 19.042343459779197 59.324812509790760 203
29 33 97 15.278054451963484 -2.560808827201878 203
29 33 97 21.507571543726119 -68.266159574332335 203
29 33 97 -38.509689913737020 -40.808404255542897 203
3 25 96 -84.797782997765438 -5.859692710704493 203
11 29 90 -37.613981118539030 71.736939051050882 203
28 22 76 -78.046796443587994 40.653383191231924 203
7 24 72 -37.603385080567961 18.736940110258637 203
22 13 80 -2.784236722691833 95.207961724124814 203
24 11 74 66.488886830581279 73.350037000877890 308
24 11 74 48.648107512681705 86.222744304705131 308
24 11 74 81.046264329686707 56.855105647624569 308
6 25 75 37.511489206381654 51.988613196996518 308
28 22 76 75.506685756967642 24.323381604213161 308
24 11 74 98.993412401865186 1.142059995904013 308
6 25 75 71.876255237038507 -22.536195583806439 308
28 22 76 33.881058686452519 5.129036008976918 308
28 22 76 -3.293960468588104 28.666621926448645 308
6 25 75 -6.588550965063781 75.551008170277541 308
28 22 76 -53.265346382117812 70.048575108941435 308
30 14 72 73.720162907595821 -61.492581510923195 308
6 25 75 35.058572739807424 -56.366038260547988 308
7 24 72 -79.670572828837365 32.382091117235191 308
30 14 72 -95.980400751255075 -1.939760714231063 308
30 14 72 -68.041924306329207 -3.794897888760993 308
30 14 72 -41.834827579705163 35.911451036933094 308
26 11 62 26.819522992795626 88.963710896655854 308
26 11 62 -48.519624977263135 11.821754406348429 308
6 25 75 -32.841069924184978 -20.584771347696815 308
26 11 62 -67.892477267990557 -28.794451196424951 308
12 17 55 -74.191684114958193 -56.076679717920712 308
25 13 51 14.803322466155517 -24.214446754811846 308
11 29 90 -31.625208428046456 -74.571081471858918 308
23 12 111 8.644432913618980 -82.275365099402094 308
25 13 51 31.828527610369541 -91.629388463286958 419
12 17 55 56.182639646321832 -74.111476860008310 419
12 17 55 24.183543449010198 -62.619834568534202 419
12 17 55 50.135145703286213 -40.653625509257353 419
12 17 55 84.120555881465023 -39.657686243568428 419
9 22 59 87.995887978791842 -0.850704898255977 419
25 13 51 90.833255461304574 34.034096172829109 419
25 13 51 65.989828173463167 26.365711688875724 419
9 22 59 44.014690121948632 -2.136875601238454 419
15 15 41 71.097320628135563 53.895940907417739 419
15 15 41 43.258752720031985 42.714968819718663 419
27 28 79 3.286055787347166 26.866199153661629 419
15 15 41 23.167706086989611 64.993879142912590 419
2 18 110 0.957643801986301 -88.802989183407774 419
6 25 75 -15.585187782923136 -49.112502626131565 419
17 23 61 -62.110075112563749 -60.920756475208755 419
17 23 61 -50.678319803710743 -16.363883037337118 419
17 23 61 -47.644019086004590 29.535931985759962 419
17 23 61 -24.778147797482333 69.450239323063627 419
21 14 117 19.451699666494129 -31.983097561831542 419
2 18 110 -91.333274476246729 -11.055902199575474 419
4 17 114 -89.872904097916987 23.913617647830179 419
21 14 117 -76.967671445271108 52.099695242647847 419
21 14 117 0.997526433962129 95.994817261212319 419
21 14 117 43.693460949371577 85.480298725880331 419