28 10 100 100.000000000000000 0.000000000000000 0
28 10 100 98.000000000000000 19.899748742132399 0
28 10 100 81.766312060385914 8.217823563497323 0
28 10 100 83.766312060385914 -11.681925178635078 0
19 30 100 44.230614324390530 -5.605034153776295 0
19 30 100 60.722949640879406 52.083811178822394 0
19 30 100 7.432381148142184 79.653999965279468 0
4 22 94 -44.436019089346260 75.956831210176588 0
11 13 99 -22.444459620263061 48.728696640989206 0
4 22 94 -75.653959491640677 44.949732070805396 0
22 16 94 -93.317760442930037 11.304670977782706 0
11 13 99 -64.322605840684162 11.834774356247543 0
11 13 99 -75.550993654577539 -11.615669287760792 0
4 22 94 -74.646296177580069 -46.603974797961129 0
11 13 99 -51.169437029485692 -20.645602650606854 0
22 16 94 -52.853238303729242 -77.733745573008434 0
22 16 94 -36.655837360041332 -45.752482676510205 0
4 22 94 -14.862779486190497 -76.882253451557489 0
4 22 94 -0.082149659505738 -35.439123961538073 0
4 22 94 28.418338377836726 -68.961089620390766 0
22 16 94 66.344383067447481 -66.591462180971718 0
4 22 94 -5.910813973553712 8.173106803628528 0
1 17 90 84.432061837137496 -38.990087636856984 0
20 11 80 11.205844642673480 -97.116551957510467 0
20 11 80 -32.919016818509846 27.135094544519603 0
20 11 80 -40.893493327933356 6.631247968799897 0
20 11 80 20.563160623898320 27.874088226224316 0
6 10 55 -98.406183857021929 -14.192543520254556 0
6 10 55 50.602325527772514 -45.898767227980152 0
6 10 55 3.323558324228765 39.865589906548941 0
16 13 111 94.400000000000006 22.307846153315641 100
21 26 111 82.670389944746645 -14.886457818552152 100
16 13 111 68.415335934369082 21.414966880228178 100
30 14 111 47.556507476583846 4.271184468849739 100
30 14 111 43.570776486938350 31.986053194466677 100
24 40 107 -6.058883405643932 10.704679673318880 100
24 40 107 -10.873615267291576 -69.150303622029909 100
21 26 111 -71.756456296031189 -43.669336837599978 100
29 29 104 -53.359225782791384 60.940897793362794 100
30 14 111 -88.770797090071483 36.547853343163084 100
30 14 111 -66.244918059583739 19.917015303430006 100
29 29 104 1.668224770499108 79.270646444262781 100
22 16 94 43.215427766507162 61.983948575424456 100
30 14 111 69.949253085570575 48.371359409148852 100
7 15 72 -94.517029394538866 -9.567191564501847 100
2 14 64 93.015093678086870 23.752733485995329 211
17 24 73 68.134883776287879 52.475114223713149 211
17 24 73 84.952457902230080 -13.382073694679175 211
8 17 75 54.322084090451341 13.871920510770767 211
15 21 80 40.710421188643323 -21.606560756717890 211
17 24 73 13.322714993361792 14.099370814394176 211
17 24 73 20.987766759743707 61.483408014897535 211
27 31 76 -33.044178706219157 71.757105945205552 211
5 26 68 -76.447939143304922 34.809662462332895 211
27 31 76 -75.820460255221860 -22.186883663243957 211
2 14 64 -37.227326176576497 26.951958057476816 211
8 17 75 -31.593876046585386 -3.531877653156833 211
7 15 72 -31.798549743046927 -35.531223094555742 211
7 15 72 -49.387618678621713 -59.833993594636553 211
12 24 89 84.952457902230080 -13.382073694679196 291
1 17 90 88.862460863569055 27.431059937061470 291
12 24 89 62.627654000221732 58.938755962681398 291
1 17 90 56.065332475587560 18.467334734766474 291
23 27 91 34.358601986843922 -19.805604157994914 291
1 17 90 22.306729305885717 22.511677948515345 291
23 27 91 12.025118417480027 65.293548846588720 291
15 21 80 -32.674352494874626 82.785183994726253 291
1 17 90 -27.115725972464702 45.193939386648154 291
23 27 91 -71.055692301787531 42.896253816780927 291
13 16 93 -93.782362233043074 6.392850224297042 291
15 21 80 -84.038374089617392 -29.301052547195727 291
13 16 93 -62.303350583298439 0.642039363623407 291
8 17 75 -46.057924165940207 -28.082272995738641 291
7 15 72 -60.571740886264664 -56.601549357680760 291
5 26 68 -19.964069503981250 -62.259908210606319 291
26 16 82 22.016921259573778 -60.996415230685983 291
26 16 82 -8.593799605886987 -21.828275020188546 291
15 21 80 58.517044320544692 -67.057852068101681 291
2 14 64 31.597112060821139 -89.425624579728662 291
2 14 64 4.019727785662954 -94.272053836434893 291
2 14 64 -93.054389892175394 -23.598316079648690 384
9 15 62 -94.849456981234098 5.346074294753365 384
5 26 68 -56.145097284712413 -8.180659992659381 384
27 31 76 -62.377244743097719 48.477616878923484 384
2 14 64 -27.635610535228697 19.876588006405186 384
2 14 64 -16.222601741406013 -5.691814960384237 384
15 21 80 -21.783297624685421 -40.247258255090784 384
2 14 64 -55.872531568847357 -48.179731331010913 384
24 40 107 35.808127101188241 -20.141841123282042 384
27 31 76 65.319003547741346 44.434533591905222 384
10 16 79 4.331435622748703 -66.458338114863039 384
10 16 79 -25.875272359298528 -77.020288355577321 384
10 16 79 93.738961156259535 7.000511505973435 384
2 14 64 -0.917290594761658 -95.995617493533317 384
9 15 62 73.476608939059474 -60.217837380767207 384
9 15 62 51.035335797063041 -80.127364240195845 384
25 14 54 93.205374310410178 -22.994742869976381 384
9 15 62 73.476608939059474 -60.217837380767207 491
9 15 62 51.035335797063041 -80.127364240195845 491
3 15 42 45.013816330467449 -50.737888176247196 491
17 24 73 83.029937339582261 -22.406014937624313 491
27 31 76 72.421605198161330 31.561227804406670 491
25 14 54 48.495601544625416 -6.551058261519446 491
26 16 82 28.226968740739053 15.566412757139576 491
27 31 76 18.109626063883500 61.464554082895646 491
26 16 82 -17.274806943515742 92.399031624061195 491
26 16 82 -28.877218906760767 62.576489199996317 491
26 16 82 -59.097690078101706 73.098994708768998 491