10 13 89 97.000000000000000 0.000000000000000 0
1 31 90 70.690721649484530 35.267858918214742 0
10 13 89 72.497018163557684 -8.695049230624180 0
1 31 90 28.522197449140720 -10.183384923566081 0
10 13 89 26.715900935067570 33.779523225272833 0
11 14 91 33.104925365862321 60.012715307493934 0
11 14 91 51.921997675006580 80.747174300012574 0
25 21 93 78.367572544276101 -42.184399646286579 0
11 14 91 44.810941359827709 -52.131886944640179 0
1 31 90 2.088224475325426 -66.265869469274321 0
29 36 91 -38.422686308041833 -12.900467685889808 0
1 31 90 -14.334038156370607 49.619425390034323 0
18 22 92 -55.425191532948794 -68.352382135050277 0
8 14 92 -79.423252648545258 -41.517832340203768 0
8 14 92 -94.332133294523544 -17.817088092733908 0
25 21 93 -87.276604542327846 16.464386700905585 0
3 19 94 -64.332519656680688 49.229749033103559 0
13 16 84 16.560756501808864 85.038511530545151 0
2 14 84 -11.632377216225400 95.292642949492375 0
2 14 84 -91.179073970210766 30.039581720370766 94
13 16 84 -75.694545923376367 55.734511009372518 94
4 27 80 -82.394385880125739 -10.008255364294850 94
4 27 80 -58.799050831042656 -58.580471331054198 94
4 27 80 -43.398152581779456 27.345376166534237 94
19 21 73 -19.927260886634336 -86.740441972334992 94
4 27 80 -8.007585585230306 -40.243976077504890 94
19 21 73 21.219908205952212 -78.319606166662808 94
4 27 80 62.776071265771861 -54.297006146147069 94
12 34 78 75.815457901492863 5.293046682862744 94
21 17 97 -51.080996311951914 77.715711511755174 94
12 34 78 -0.556364552480005 70.768655619525518 94
19 21 73 52.111589634018955 54.922943208628780 94
5 22 69 4.009452123406302 14.955097068917059 94
21 17 97 32.792982928773405 -22.094297971589025 94
21 17 97 -75.600804420986378 54.161964245213312 191
18 22 92 -86.403212343806999 16.687866750157038 191
7 27 94 -39.123385060902258 29.557129825356697 191
7 27 94 -55.998776989708283 -21.738300256173851 191
7 27 94 -3.137935476651343 -10.705103324573470 191
18 22 92 -21.213754597147968 -56.249200232110113 191
7 27 94 21.561578986749431 -80.150472934338737 191
29 36 91 65.301624867647092 -34.809449717642707 191
29 36 91 63.982510911613986 37.178465506865635 191
21 17 97 39.509895644141551 84.190071541655342 191
17 23 99 -0.391348043976741 86.999119804216846 191
20 19 99 -41.926288422753842 80.766245047619108 191
20 19 99 9.733752161491093 46.237834914885454 191
9 18 72 -59.858682870138402 -66.572451598584934 191
9 18 72 -41.121009076270134 82.298618533662577 290
9 18 72 -6.391387614348897 91.777721503440844 290
9 18 72 -15.547054368393017 56.961435568710655 290
9 18 72 -50.276675830314261 47.482332598932388 290
19 21 73 -84.325432419985958 28.464389106080962 290
19 21 73 -87.989180001352651 -13.375507567548993 290
6 18 70 -53.419227336622903 4.677701918809514 290
6 18 70 -53.363838997137286 -31.322255471885398 290
5 22 69 23.577376250711442 65.284832034750309 290
6 18 70 6.988067679037472 28.887100771472586 290
6 18 70 -17.486007124572396 2.485970823924719 290
5 22 69 -13.819959518804623 -37.345676078409667 290
5 22 69 -43.277609391427283 -70.029722094500983 290
26 23 63 67.391414477995568 55.021788908168098 290
26 23 63 86.028340251907167 12.966289889636528 290
16 24 57 40.089446788074348 3.035626904789140 290
26 23 63 30.818193770252943 -43.040873260474470 290
16 24 57 10.391398098362401 -85.369894257644177 290
28 21 118 83.442338394409290 -30.957651126545265 290
24 19 111 90.611982822621371 8.394555911599465 408
15 34 114 57.458350889030271 49.744727490590144 408
27 22 112 52.225775877873161 -6.010273708877282 408
27 22 112 13.555576404254715 14.980573645876172 408
27 22 112 1.988620362564042 57.432964955784684 408
29 36 91 -44.005955858250680 22.098860208845576 408
14 19 107 -34.433413143816487 76.259421745634810 408
14 19 107 -90.737761387285857 -6.903525072307382 408
24 19 111 -60.779541029759663 -30.280972174373581 408
27 22 112 -19.780780112203686 -30.599724782339308 408
23 24 104 -43.842402938233136 -69.804804899307555 408
28 21 118 80.134649456809626 -38.722576831019914 408
24 19 111 40.688075409548048 -45.353398494577903 408
24 19 111 6.544033246072019 -62.032258909449538 408
16 24 57 85.796008135773718 5.919880739191392 526