7 10 108 100.000000000000000 0.000000000000000 0
7 10 108 98.000000000000000 19.899748742132399 0
7 10 108 81.766312060385914 8.217823563497323 0
7 10 108 83.766312060385914 -11.681925178635078 0
7 10 108 65.532624120771828 -3.464101615137756 0
7 10 108 63.532624120771821 16.435647126994645 0
6 21 107 35.336905256527359 3.551492605704194 0
7 10 108 49.796632918172662 30.972584413855262 0
23 30 106 58.735721188830851 -42.882398261920606 0
7 10 108 23.009678457066926 -24.892126703987472 0
6 21 107 28.836698446327794 -84.198840982020386 0
23 30 106 14.720112372435423 50.198548795505246 0
23 30 106 -8.531825828357441 -49.491588230869652 0
23 30 106 -68.066665479564250 -42.034855185822821 0
6 21 107 -33.173589111559998 -4.839785330039199 0
18 14 68 1.776083922267713 -6.716046193708197 0
23 30 106 -77.239038184385848 20.835810047871547 0
6 21 107 -36.269877635194135 51.208954170509777 0
25 16 98 84.144800066126621 41.900508610655038 0
25 16 98 50.205392470891795 79.469607818610257 0
25 16 98 -17.458486299610541 83.070083403786043 0
27 10 92 -99.203790900739691 -12.593961684963045 0
27 10 92 -42.346941691333427 90.591040006122057 0
27 10 92 95.942367626123058 -28.196845467070460 0
27 10 92 7.713322563026818 89.580078686645436 0
27 10 92 54.554388699987086 53.835914526395889 0
19 12 71 -75.243726837824696 62.788387234860721 0
13 15 40 -10.062965768451885 -94.465531914783426 0
10 10 69 -6.006224399415609 15.987162328134241 0
26 13 60 -35.573689059932491 -82.924171633364736 0
27 10 92 -58.481728920738789 -80.869491673928266 0
27 10 92 98.000000000000000 19.899748742132399 108
14 10 88 100.000000000000000 0.000000000000000 108
14 10 88 81.766312060385914 8.217823563497323 108
14 10 88 83.766312060385914 -11.681925178635078 108
14 10 88 65.532624120771828 -3.464101615137756 108
20 20 87 57.128731068325393 25.334762625714571 108
20 20 87 35.978316840573925 -8.616083873224570 108
20 20 87 17.151228406382391 26.676135398041602 108
20 20 87 38.301642634133856 60.626981896980745 108
19 12 71 69.028516546325335 69.563380477185618 108
19 12 71 86.285395425689856 38.521457569937439 108
10 10 69 100.000000000000000 0.000000000000000 200
10 10 69 98.000000000000000 19.899748742132399 200
10 10 69 81.766312060385914 8.217823563497323 200
18 14 68 86.755771184755062 41.102751320786574 200
18 14 68 64.176011190593613 24.545141632003997 200
22 22 68 55.853255915229681 59.569872103863474 200
22 22 68 55.785300530365944 -10.463371255811474 200
22 22 68 28.185180894803729 25.357628320912294 200
22 22 68 12.390546168514760 66.425006053890414 200
19 12 71 -0.220377868080988 97.999752211907449 200
19 12 71 38.160659731233764 88.603852889660885 200
9 13 66 -19.127544684402636 81.643742827592902 200
9 13 66 -20.927704604200837 55.706136456473146 200
1 16 60 -45.888378679470790 70.469765742937454 200
22 22 68 -74.995198996325229 46.040418411452123 200
1 16 60 -93.144297192864187 12.654639483106202 200
9 13 66 -64.144506669386089 12.764864681632622 200
21 18 96 -38.362166812187837 29.977387782210492 200
9 13 66 -41.970815043966788 -0.811858034133870 200
3 19 60 -75.064741831913594 -17.314172270954437 200
4 20 81 76.889532150651434 -46.776060604265723 200
19 12 71 45.143184586841997 -42.754939323104111 200
9 13 66 25.264462169558044 -27.594583289798940 200
19 12 71 13.727964840756778 -5.415556499099544 200
9 13 66 -4.178227893702587 12.030596708882856 200
9 13 66 -17.712876100637306 -10.168801884649335 200
21 18 96 52.261414732545440 -75.714889751969409 200
3 19 60 19.025796994998434 -59.454701757863951 200
29 21 54 -17.937948612471526 -44.168056911258617 200
29 21 54 -42.723258410067572 -78.075112493204841 200
26 13 60 -51.544774362081846 -39.012354918772118 200
3 19 60 -4.825494825615806 -90.871968173292885 200
28 11 111 -3.050266194804358 36.004075855761364 200
28 11 111 -72.784896009129980 -67.107070513770267 200
28 11 111 -85.808080941216858 -49.375836653018617 200
28 11 111 -85.808080941216858 -49.375836653018617 311
6 21 107 -87.280588696377691 -17.409733967345591 311
28 11 111 -65.518613797443123 -40.870689798217917 311
23 30 106 -73.459294747341900 31.681729991008183 311
30 26 119 -40.439536198882209 -13.547635971841929 311
17 23 115 -39.314222576080020 -62.534712525258911 311
17 23 115 0.796834488228896 -40.015762701082970 311
17 23 115 0.243288570357922 -86.012432003509730 311
17 23 115 -20.461532233285681 31.194730500558812 311
23 30 106 26.381108872797384 6.400235663867802 311
23 30 106 74.256476157819108 -29.765344759018710 311
15 34 103 17.126176616465802 74.045216418764156 311
25 16 98 -57.096008847620524 74.672925305444139 311
2 27 98 69.817098410008882 43.309784738914132 311
21 18 96 36.751024213561905 -59.720996553914006 311
5 12 119 -30.979517869652838 64.576941004855470 311
5 12 119 67.346518433967447 -71.193022515013951 311
5 12 119 -23.788379654044984 95.068990703777956 311
5 12 119 89.219741649384758 9.478771816958901 311
5 12 119 82.630788391584517 -52.689209614352556 430
16 17 119 89.697490828642742 -24.563390218891804 430
30 26 119 48.209599085636007 -68.788331539602297 430
5 12 119 62.079832212846043 -33.410137224504112 430
16 17 119 62.313474880134656 -4.411078427639300 430
16 17 119 92.263294673821790 11.682656201888621 430
30 26 119 23.544116119028438 -23.010455332596006 430
15 34 103 -11.726872136115283 -71.548660774345848 430
30 26 119 -27.613798025887078 -13.690164546281824 430
30 26 119 -67.646219887869037 -49.799487295373538 430
15 34 103 31.760679842445462 36.424282662780300 430
2 27 98 -82.994796184248074 0.929411822133765 430
30 26 119 -43.189149947136613 35.922418661299986 430
11 19 78 -41.673647143641944 80.896891990652051 430
11 19 78 -4.060853492689358 75.485999848790243 430