19 13 116 97.000000000000000 0.000000000000000 0
25 30 115 71.958762886597938 34.956207514980449 0
19 13 116 72.275191978972543 -8.042628197507149 0
15 26 112 33.351254516215349 -5.608066143385948 0
19 13 116 28.996795211632364 33.148077681364349 0
19 13 116 35.808180861308713 58.240009164041872 0
8 33 120 -10.181244042060335 57.253704415305833 0
8 33 120 -70.609605619876376 30.712922267435260 0
25 30 115 -73.219074852733144 -32.233012234506752 0
26 23 111 -27.635701045660639 -5.193115186538972 0
23 15 109 90.318814370579474 -29.453552768601739 0
15 26 112 56.265517884808986 -52.287146407190718 0
1 27 110 3.349810830047268 -49.299179390197196 0
26 23 111 -40.267201112600013 -73.744143476793141 0
21 17 90 14.502550852203735 -91.862266566742434 0
17 13 74 27.927292770589272 83.016845178786710 0
5 16 103 -55.512114138356310 75.857795801684759 120
4 20 100 -76.840706797340232 46.856224547920959 120
4 20 100 -89.555782754919221 8.930944807449741 120
27 15 99 -91.366547495225362 -26.022182821637539 120
27 15 99 -63.632431144628782 -14.584578603464422 120
27 15 99 -41.860249810332348 48.025681250878037 120
14 15 98 -55.965226606552676 18.763265878460096 120
20 22 92 -17.512124227919266 75.885487076171245 120
14 15 98 14.843380981456427 93.833224611751120 120
14 15 98 17.510619575179334 63.952029215914706 120
5 16 103 -3.045005963449205 40.747153462838966 120
14 15 98 -25.986702489973538 19.898207194865094 120
29 35 96 44.271153632788156 21.716098813571737 120
29 35 96 58.606596659910764 -46.800286622440005 120
14 15 98 32.320389271460307 -89.333042248326421 120
14 15 98 86.389222487330429 -5.229555306602011 120
29 35 96 -9.678134804706637 -62.201437514665244 120
5 16 103 -57.693411337404797 -45.010357865948421 120
21 17 90 -16.431175930057474 -10.641797915853841 120
12 18 83 55.242519159459022 73.568091431794016 120
23 15 109 -77.883550559833452 54.398093277190029 223
23 15 109 -90.963019441282896 27.399436018370711 223
23 15 109 -61.041761946351528 29.571612328437126 223
3 25 110 -38.776304511084064 62.801860675361844 223
3 25 110 -23.745750255382617 15.114520229847212 223
3 25 110 -66.990214266820090 -9.983613811620678 223
29 35 96 20.759719460040969 55.354589382490502 223
3 25 110 22.191380191585210 -4.628327748554025 223
29 35 96 44.633318806527342 -60.273268140319828 223
29 35 96 -24.967694924615401 -52.810099403296690 223
20 22 92 85.556003992234125 -20.595392224495725 223
30 17 90 72.692001669741330 58.007524453697584 223
30 17 90 88.683834331597865 28.003169967803718 223
30 17 90 -76.928474885478479 -50.790855520361831 223
28 15 74 63.086055036783122 8.800209384238640 223
28 15 74 -77.883550559833452 54.398093277190014 333
28 15 74 -90.963019441282896 27.399436018370697 333
28 15 74 -61.041761946351528 29.571612328437112 333
2 35 80 -72.529591119017098 -19.090793909845583 333
9 18 75 -45.137772079743606 58.486368186352159 333
9 18 75 -28.163530304123423 26.739319250383470 333
9 18 75 -20.606976070252344 -8.458670580153225 333
7 31 80 -18.803884984556575 -57.425484470140844 333
2 35 80 7.309993943124034 66.117347101965208 333
13 20 75 11.849123125067154 11.304973441726476 333
7 31 80 68.007811623924439 40.198725827130502 333
13 20 75 89.805866514930301 -5.908158723538236 333
9 18 75 81.355544677186316 -42.956668286522650 333
9 18 75 54.236513153278594 -19.280559459156208 333
9 18 75 18.892284408457897 -26.120551742323670 333
28 15 74 27.191740626404471 -58.059853965233742 333
12 18 83 18.014598077237292 -89.758119763732338 333
28 15 74 49.803200346069175 -80.898956948092319 333
28 15 74 49.803200346069175 -80.898956948092319 416
6 24 70 71.172717422218170 -48.274675501105975 416
18 26 68 21.273825879553478 -51.452823202737520 416
24 22 63 45.571720972855012 -10.057022763140829 416
18 26 68 -2.164822864023655 -5.034833747406626 416
18 26 68 80.968422473987843 22.363241314125734 416
18 26 68 30.674160583074599 35.572602420864854 416
30 17 90 8.747088984763554 -92.587733713989508 416
8 33 120 -12.285414253965946 76.013607969944772 416
7 31 80 -66.703214569179323 42.328254938492613 416
2 35 80 -71.217571585531431 -23.517174521181452 416