19 10 67 100.000000000000000 0.000000000000000 0
19 10 67 98.000000000000000 19.899748742132399 0
19 10 67 81.766312060385914 8.217823563497323 0
19 10 67 83.766312060385914 -11.681925178635078 0
19 10 67 65.532624120771828 -3.464101615137756 0
19 10 67 63.532624120771821 16.435647126994645 0
8 19 65 80.277628055073677 42.854433071168344 0
9 20 70 41.715433717832504 37.027155156322962 0
8 19 65 52.077254496540441 74.625461902105229 0
8 19 65 15.165868819093756 65.594979779273501 0
16 12 54 27.800489728274155 93.903394685115572 0
21 24 61 61.297085244103947 -37.199249612800891 0
8 19 65 36.568545241421376 -2.021141230801042 0
24 13 63 13.410013798599035 20.062391580137728 0
8 19 65 -12.207994852107650 39.238356556438596 0
25 14 47 1.883672718235079 95.981517893241175 0
24 13 63 -15.357599544858722 75.203199127039895 0
24 13 63 -36.949920643787472 89.686695581997043 0
17 19 63 -60.477171079590988 67.996410039132826 0
24 13 63 -84.763946426912113 47.160082550135272 0
17 19 63 -89.663750500908236 15.537433704150665 0
24 13 63 -61.277865192117432 36.006428967894820 0
17 19 63 -53.136930465659418 5.059293692080516 0
17 19 63 -80.474675918146758 -21.334790371872291 0
3 15 71 -77.325389569018441 -55.188623175429314 0
12 13 43 -59.391730246248684 -76.691736049960610 0
21 24 61 -39.559340634291942 -45.455918111581752 0
12 13 43 -33.945126882356782 -82.027500029070396 0
17 19 63 -4.277058954993230 -70.035596699851027 0
17 19 63 33.722611217436828 -70.193921639548790 0
17 19 63 1.431942515099010 -32.466895601536692 0
19 10 67 61.367219831350120 -78.956091153062701 0
16 12 54 0.716162515612429 -1.475160267865314 0
16 12 54 -20.670460421724208 9.415769873136721 0
19 10 67 -16.087018295406331 -96.521911286402883 0
19 10 67 -93.308615889630687 -35.965291612349802 71
9 20 70 -70.702739444771950 -55.687724275684744 71
19 10 67 -75.888762566116128 -26.139371289691027 71
19 10 67 -56.164010077559709 -29.446052294140571 71
19 10 67 -42.900915085542067 -44.415698623720857 71
9 20 70 -34.787777524606433 -73.297821103160203 71
13 19 70 -90.989517501709997 -1.381196874457213 71
13 19 70 -52.997152555728086 -0.619484454100743 71
9 20 70 -21.405726417568115 -23.488279668479286 71
9 20 70 1.433543507912351 -56.326789824560421 71
3 15 71 -4.490722963812937 -90.821761440319023 71
29 21 72 32.793452256408614 -82.738077625157871 71
13 19 70 66.843988104038374 -61.748532406423848 71
3 15 71 36.255313196453976 -46.904915347293134 71
29 21 72 62.261768445549436 -22.011858375984946 71
13 19 70 90.800979748727016 6.015153919166707 71
3 15 71 57.679771051168345 13.695357979786683 71
9 20 70 26.434732473934581 -2.076375098958149 71
9 20 70 32.047539917789152 37.527872054575909 71
13 19 70 70.269622186345828 45.278512483320213 71
29 21 72 -80.806229303852248 37.300848592133242 71
3 15 71 -45.133371072001061 32.458619191304805 71
29 21 72 -12.813905056929773 16.601377422931197 71
3 15 71 -0.489202222702566 50.425949852571634 71
8 19 65 22.614826814435471 75.369964009300347 71
16 12 54 52.763975196932549 82.583066795908493 71
30 27 78 -34.031818124658940 75.702281043110816 71
20 11 102 -0.797731863383071 94.127684983813850 71
20 11 102 88.230522776670057 -40.710088198347925 71
20 11 102 21.046995195069716 96.736880212557566 173
20 11 102 41.891290630898425 89.700165937848737 173
20 11 102 60.666880356559318 78.233813839048622 173
20 11 102 25.375169591913640 75.166833703787475 173
5 25 104 45.734466007709791 45.476784033001302 173
27 17 99 5.050428209221888 55.907942569386783 173
5 25 104 6.926561048736202 13.949866760688217 173
15 13 103 -20.524525655884265 40.226050630029086 173
15 13 103 -23.168352848038609 66.091281689851954 173
15 13 103 -4.616740046072842 84.307693588080980 173
15 13 103 -29.302947721432982 92.468033691838414 173
15 13 103 -52.811943520886715 81.362759426820517 173
5 25 104 -70.377138343134291 47.666113735350166 173
27 17 99 -92.247154779069973 11.809421457730593 173
15 13 103 -62.274018935957500 10.540119393473816 173
5 25 104 -73.486920405453191 -25.767880284770385 173
4 14 96 84.732886629186368 45.125801084140875 173
27 17 99 75.261728089427038 15.608058014679344 173
4 14 96 45.637041462146414 6.476905719628039 173
26 21 87 30.937150835259693 -25.286488550467972 173
27 17 99 -7.061086646362661 -25.652478017844729 173
18 18 80 -35.612306465368938 -5.408272751972127 173
4 14 96 -36.262532807427647 -37.401665909061499 173
1 22 95 -54.186638867974402 -68.622274838585469 173
16 12 54 -39.794274219044773 24.298816397037669 173
11 25 108 -9.920831642783320 -84.419056495056552 173
26 21 87 35.980177110917133 -81.402867609605963 173
1 22 95 69.305392346543528 -54.228798545529898 173
14 13 84 92.787476224995544 -28.275152621973344 173
14 13 84 14.344322410121277 -55.175214428925642 173
16 12 54 72.779696235934040 -13.285531549067255 173
16 12 54 25.656030838620630 -94.582070613873469 281
25 14 47 48.775005538276645 -82.686146570880197 281
25 14 47 70.559338506190173 -65.095159186907807 281
12 13 43 86.717372044435393 -43.463747948226619 281
25 14 47 60.066542500403358 -39.135551486078732 281
12 13 43 95.147195454343631 -18.868258986269286 281
25 14 47 68.893660459494470 -12.563348180061912 281
17 19 63 90.089641447493619 12.729543903612086 281
3 15 71 83.116620951150267 46.006818208422203 281
21 24 61 49.351027293978518 26.490551019772550 281
16 12 54 60.481920360740446 60.726544061253207 281
17 19 63 29.745568945190026 64.760983509279640 281
21 24 61 1.688855758833768 32.175390907969735 281
8 19 65 2.232826323789247 90.972602945105365 281
29 21 72 -36.542843254184916 81.151836743847468 281
8 19 65 -69.597880887304967 58.627083979987503 281
21 24 61 18.882208389503752 -59.225100587754994 281
28 14 76 -39.011359608572654 46.238996312165021 281
6 28 77 -63.390567834589852 12.038788618753337 281
30 27 78 -71.364764834716439 -42.380070081178737 281
28 14 76 -53.870578939561355 -79.460434964304653 281
7 18 75 -29.456862873282962 -58.772987856574311 281
21 24 61 -10.520127282486824 -21.284322300645613 281
7 18 75 31.425187769597173 -19.141766541414093 281
14 13 84 -96.357148956804281 -11.148984030674342 359
2 17 81 -91.162063394443365 18.397776976240614 359
2 17 81 -78.457095311300193 49.934799442007957 359
2 17 81 -66.907497676677806 -5.429015544839350 359
18 18 80 -52.492591555917400 26.464721795423298 359
14 13 84 -80.829477451409957 -32.003034419521235 359
2 17 81 -51.033504046653533 -35.495879801591315 359
18 18 80 -31.915525410302667 -6.178600035896270 359
2 17 81 -17.118381189183051 -37.896804948838408 359
14 13 84 -72.367588145175290 -56.587509792590140 359
30 27 78 -38.993028796996441 69.392123362696793 359
2 17 81 -17.768371521412565 30.849758054713881 359
2 17 81 1.839506488366844 3.073309038440957 359
2 17 81 15.436456923853745 -28.089536448691842 359
2 17 81 7.652381530197182 -61.186487520744848 359
18 18 80 32.123908587428602 -86.209364323526543 359
18 18 80 -25.689684399998711 -71.831046671149835 359
18 18 80 -0.084345162669386 91.999961336369779 359
22 33 80 28.512826008272881 49.771987183921631 359
22 33 80 76.848294581046531 4.831109601809253 359
30 27 78 63.265704317561173 -53.725698294232735 359
23 18 77 -91.948900641517952 -3.065888258932265 443
6 28 77 -72.368640399502993 38.558784819122877 443
6 28 77 -46.673460567973471 -11.198201960879782 443
11 25 108 -35.920951630347879 77.036908258121358 443
26 21 87 8.606458399386710 88.582892670196912 443
22 33 80 52.152315009503347 56.649236880557638 443
22 33 80 76.865493067965161 -4.549282956532885 443
26 21 87 24.875054490107374 10.045041162178357 443
23 18 77 -1.719220762606550 50.974644241912216 443