2 10 112 100.000000000000000 0.000000000000000 0
2 10 112 98.000000000000000 19.899748742132399 0
2 10 112 81.766312060385914 8.217823563497323 0
20 30 111 73.760954008286376 -30.972918231698195 0
29 33 104 41.421256640867369 23.093189212649524 0
18 12 109 84.206029447218469 37.038196057714870 0
29 33 104 10.919216401925119 -35.435654456621336 0
18 12 109 -0.960646749297723 7.967903594628540 0
20 30 111 -16.945205466443859 46.807237814181114 0
18 12 109 21.598540551585124 63.491950664502369 0
18 12 109 45.183571079024603 67.935635511535068 0
29 33 104 -74.209196379752683 20.542521088495974 0
20 30 111 -67.995251162443395 -42.150276622535230 0
27 11 106 -42.543252345919818 -10.006914069067328 0
24 14 92 -57.280325301052926 64.387855207427748 0
27 11 106 -38.958194660390646 81.396662596145646 0
24 14 92 -15.790849265558045 90.792092727679204 0
24 14 92 12.034427685483942 87.668959269465844 0
9 19 82 51.835277330230866 -74.793743214911061 0
5 17 100 17.319551817338695 -85.024319558337908 0
6 25 100 -24.522544370621425 -81.385777735369118 0
21 15 78 71.614396428446071 62.420975834965688 0
15 10 72 -98.639157324435999 -16.441309021034932 0
15 10 72 35.299555666114522 93.562499805076186 0
15 10 72 98.000000000000000 19.899748742132399 112
15 10 72 100.000000000000000 0.000000000000000 112
15 10 72 81.766312060385914 8.217823563497323 112
4 19 76 80.277628055073677 42.854433071168344 112
7 18 75 54.859948082156464 15.966860759887377 112
7 18 75 44.034656449232145 50.300707923613999 112
30 37 78 -0.118513795969307 17.505928502214363 112
7 18 75 14.292833035223168 70.584295870767420 112
26 11 71 41.974878047388223 79.227465656469192 112
30 37 78 -72.886936044484173 4.061348796554318 112
4 19 76 -74.743380184421852 -51.907871451322023 112
4 19 76 -38.589651075587931 -40.207107735860767 112
21 15 78 -47.984627668559988 -72.883313372646498 112
8 20 76 -13.125476577373817 -69.746502061481294 112
11 25 80 -45.541365396112120 59.705034565156069 112
3 18 118 -15.631195519194829 90.598103981029098 112
11 25 80 69.366796375423434 -24.512162852301408 112
21 15 78 29.374972210322277 -25.320865484689239 112
21 15 78 0.809187487576853 -34.485795553913135 112
22 23 55 52.431859293187813 -69.425500581986128 112
16 16 54 18.026272240437315 -87.790020166108306 112
26 11 71 16.564408699742557 -60.829624119529399 112
23 16 86 -48.165329583022483 80.722370047953987 230
13 25 80 -71.028971451355332 46.689240886552746 230
9 19 82 -27.418892065509574 52.533980056116334 230
9 19 82 -39.129715058164365 16.383508069782494 230
9 19 82 -90.704040720052802 7.333280102041890 230
23 16 86 -89.839542272297919 -27.656041732395405 230
26 11 71 -25.647412360538659 95.620135113941814 230
10 22 84 3.270369100181895 79.721647280502864 230
13 25 80 49.116793959868168 69.372476899011318 230
13 25 80 13.850782143332246 33.928035719103448 230
13 25 80 -5.616050439055799 -12.126740680411025 230
13 25 80 -49.656556996974629 -35.800223358756185 230
30 37 78 72.045238276357651 11.767907277967872 230
10 22 84 35.632686002750674 -34.655427769417940 230
10 22 84 -1.080301514630808 -58.907366816607393 230
23 16 86 -20.041640511611220 -91.838622842480291 230
8 20 76 77.987555840182651 -44.921499686390625 230
4 19 76 50.700875123385977 -72.786119824831360 230
26 11 71 -81.159766541078852 -53.222846250280327 230
26 11 71 6.942633960265377 -90.917248202917662 230
12 14 61 -44.493142209986175 -74.456906451560585 230
28 11 120 -25.647412360538659 95.620135113941814 316
28 11 120 -3.896797523736367 98.923278196079821 316
25 32 120 -49.792617729047748 60.039114081479582 316
3 18 118 -87.783622964718660 27.532445209027792 316
25 32 120 -48.943894056191915 -3.955258078321584 316
25 32 120 6.052496097003612 28.776944263065385 316
25 32 120 69.759457405744030 34.894384970309815 316
3 18 118 46.705946101549401 79.262567449958127 316
3 18 118 91.437042528365780 -10.162049678378139 316
3 18 118 55.552649240164115 -13.044811953985988 316
1 21 118 0.162290684512826 -23.894731998457424 316
29 33 104 17.972221684875429 -74.873221165578911 316
1 21 118 68.755148479490998 -56.513091912964263 316
24 14 92 1.792621832581585 74.579274675952846 316
24 14 92 -22.337462302237519 -50.704452540365715 316
1 21 118 -46.894871814649719 -75.643049895463434 316
4 19 76 -76.701602890109598 -48.967990709114574 316
12 14 61 -92.130088891316404 -19.796740826557844 316
12 14 61 -0.650265103253759 95.997797658568658 436
19 16 63 -29.854318072542227 89.133157087716128 436
12 14 61 -7.703690497550694 68.900764791350753 436
12 14 61 -34.052773690506910 59.428393657855565 436
19 16 63 21.500362471737759 75.765405362203268 436
12 14 61 50.976478074140587 81.347395060669669 436
12 14 61 42.745763114661841 54.584448076904721 436
22 23 55 76.976943971203582 40.540721464401500 436
22 23 55 10.394453472243230 36.629149014501095 436
22 23 55 -33.360801034911937 22.434864847482405 436
17 17 46 92.920053583560730 3.855339418028237 436
16 16 54 59.958593797532757 5.449757422837775 436
17 17 46 88.096073026524195 -29.800703302192666 436
22 23 55 48.142002001830384 -31.717004049393559 436
16 16 54 28.169619783180849 1.780816006726095 436
22 23 55 -6.932167431914051 -15.215199241154828 436
16 16 54 -45.925345197845942 -14.485755813303907 436
16 16 54 -69.322942469022706 7.344325311965003 436
17 17 46 -85.768779563635917 35.954366246179760 436
17 17 46 -67.113845182900391 64.379591368427299 436
23 16 86 -58.024830637711943 73.953492341233257 499
13 25 80 -76.382238026434834 37.292810487720722 499
30 37 78 -68.854973217262781 -24.248560024257642 499
10 22 84 -32.000502361740168 21.824729178483622 499
10 22 84 -10.367347639813929 -16.489845290994708 499
30 37 78 26.487123215708682 29.583443911746560 499
10 22 84 13.034528770241053 87.029311497550964 499
30 37 78 64.715434047730852 -33.777397709323274 499
10 22 84 85.332370029234568 21.503177095345485 499
8 20 76 -23.030369307965575 65.504369532273373 499
8 20 76 10.941899106165611 -52.682607041363525 499
10 22 84 -28.452841150329967 -67.244696181430186 499