17 10 42 100.000000000000000 0.000000000000000 0
17 10 42 98.000000000000000 19.899748742132399 0
17 10 42 81.766312060385914 8.217823563497323 0
17 10 42 83.766312060385914 -11.681925178635078 0
15 18 50 56.744013929744185 -4.347390173693283 0
15 18 50 65.050993502596128 30.681085248114908 0
30 20 51 28.334253520772094 20.889200592588956 0
15 18 50 40.404444670708493 56.921276380752992 0
2 24 69 71.865107539245955 -43.530964896435016 0
30 20 51 29.680505371759224 -31.022594100409101 0
15 18 50 1.270744962787134 -5.786003334126860 0
30 20 51 -10.534787687411184 30.333650579568129 0
28 22 66 2.673742229088861 70.202620185577814 0
11 12 81 66.170215067715304 72.287638209394416 0
18 14 115 55.926767800375117 -78.026896922810693 0
6 19 75 24.369083202239850 -87.676380992159523 0
10 15 58 7.542701742432769 -58.131958727219896 0
5 18 62 -17.423226611948294 -36.551819214141872 0
10 15 58 -31.713474763804406 -6.806419439414132 0
10 15 58 -44.126442634142478 20.505084156139791 0
10 15 58 -39.398240253454681 50.130142843799106 0
16 25 57 -83.710343489701799 14.750538730369836 0
16 25 57 -77.520591545780704 -34.864851733403853 0
5 18 62 -35.267305741861954 82.870567093660810 0
10 15 58 -65.237647530146916 69.058303952039807 0
2 24 69 -46.192235082983203 -72.541556490320886 0
22 13 97 33.323676061542486 87.101778628122062 0
11 12 81 33.955825155671207 -91.929331216959724 115
19 26 78 56.992223448599347 -61.708074563908745 115
23 21 79 10.515388831532089 -68.701202903770564 115
23 21 79 23.481758864939753 -28.752820606651852 115
19 26 78 66.856519952491851 -10.652265350036767 115
29 16 75 90.950289551865794 23.749628006176707 115
23 21 79 55.703893183364031 35.005361790984630 115
9 33 83 -30.320638673627911 -33.368231650310769 115
23 21 79 -84.143490794283835 -28.997809519897714 115
23 21 79 -88.072116229243548 12.818047546432858 115
19 26 78 -64.686934687155869 53.587316417036888 115
19 26 78 -21.291676192974787 24.936809611341371 115
11 12 81 -56.493407774327721 3.237589711891355 115
29 16 75 -66.258789775201649 -66.676628420501530 115
2 24 69 16.697988411913094 57.445045232613232 115
27 18 67 21.786331447509596 15.754413609284512 115
11 12 81 51.207203890762152 67.697559413747769 115
11 12 81 74.544863172870109 62.098125582346555 115
28 22 66 -27.279309560358008 83.665042101884822 115
11 12 81 5.748038596810252 91.739339204741157 115
11 12 81 29.736674399007860 91.000859449078590 115
29 16 75 -66.258789775201649 -66.676628420501530 198
19 26 78 -79.593326308522109 -26.849625828773114 198
29 16 75 -93.108346574968479 12.916493257674645 198
6 19 75 -58.109075753079296 12.690568632950955 198
12 20 71 -34.399587238486632 -18.274898493775858 198
4 25 71 -25.484239237955837 -62.382908764354049 198
2 24 69 18.495754640846123 -83.987541101437301 198
12 20 71 13.696580847633406 -40.250052251452544 198
12 20 71 51.096084171483703 -54.437270129856699 198
4 25 71 82.140770238014682 -21.860783716639311 198
12 20 71 87.045456156121361 22.871129455554954 198
12 20 71 49.489015934771459 9.104728404438834 198
28 22 66 55.556590400558981 50.664138170484875 198
4 25 71 11.754863086354170 33.622756645149423 198
28 22 66 22.264391099541491 79.432688111372244 198
10 15 58 -23.665865711104953 15.038570586652003 198
10 15 58 -1.809737523837711 -5.511603637955984 198
8 27 96 -58.692861450191899 58.686864073560606 198
20 15 87 -16.796619192918893 61.637268235686861 198
20 15 87 -12.758975800483446 91.364317127824179 198
18 14 115 -32.585740037855011 90.300440453994085 294
25 33 113 12.194867156480100 76.028186977171856 294
14 13 113 -32.011016555570144 63.306557944823410 294
14 13 113 -55.060186165061040 75.337176395797627 294
25 33 113 -63.952867094083196 30.204923783119341 294
13 20 111 -88.415877431551337 -16.811680998903444 294
25 33 113 -37.105627357260559 -30.087909277813967 294
22 13 97 -79.253794753140980 -48.514302988164417 294
22 13 97 -66.132966088712820 -70.960769417398240 294
24 25 94 -6.956749482253748 19.460503036587443 294
24 25 94 20.382977436676512 -22.402838110510697 294
1 19 106 3.220611317346545 -62.917689574956107 294
1 19 106 -29.879147032407460 -81.583326375984086 294
3 28 106 67.722659585163782 -46.234633974024540 294
3 28 106 81.607172420275489 8.016820415066434 294
1 19 106 55.326751901672800 46.982696478173338 294
21 18 108 -58.261146600256680 71.201396031422021 409
1 19 106 -25.038281588613071 87.487624582504921 409
1 19 106 -80.800965826976082 41.859334937715417 409
3 28 106 -81.839424460272141 -5.129191360381370 409
1 19 106 -28.207151516708343 49.619983206538365 409
21 18 108 -40.311783886695174 14.656032125639809 409
21 18 108 -38.779725875560160 -21.311353076102570 409
21 18 108 -63.620715768861217 -47.367546603187733 409
8 27 96 15.124086136709316 65.060314920042444 409
3 28 106 5.534836110550181 10.902708954344444 409
3 28 106 67.113818088182938 47.114068192274466 409
3 28 106 81.704800275338243 -6.951662532595208 409
3 28 106 34.474535296989281 -37.039900601231651 409
3 28 106 -16.007673675569578 -61.279260684593957 409
27 18 67 -81.123647760516832 43.393015267754706 517
2 24 69 -49.120160676818564 70.591853744490436 517
27 18 67 -12.494224724669010 91.147651360468245 517
27 18 67 -48.303522881400859 28.599793748449571 517
28 22 66 -11.460961220175733 44.176239114412404 517
2 24 69 -18.749686990227556 -1.242638862140282 517
5 18 62 -60.558046342491963 -5.250267621385014 517