10 10 104 100.000000000000000 0.000000000000000 0
10 10 104 98.000000000000000 19.899748742132399 0
10 10 104 81.766312060385914 8.217823563497323 0
10 10 104 83.766312060385914 -11.681925178635078 0
10 10 104 65.532624120771828 -3.464101615137756 0
10 10 104 63.532624120771821 16.435647126994645 0
1 15 100 78.963536422653917 36.105089049215621 0
30 23 95 41.252009203497636 40.778494103224418 0
22 13 93 69.889199096070826 62.593886720748031 0
21 30 80 58.735721188830851 -42.882398261920606 0
1 15 100 40.594873965218675 -1.700974512740169 0
30 23 95 5.221421738207830 12.181347971029670 0
1 15 100 4.431625742850759 50.173139482956529 0
30 23 95 20.757192692878498 84.487507665398155 0
21 30 80 11.005537558686903 -79.239372429647204 0
30 23 95 -10.806742174513307 -30.935910309001819 0
30 23 95 -40.133301230194945 4.503515955451418 0
30 23 95 -33.568114403754429 50.032609093069830 0
3 15 95 -17.242547453726694 84.346977275511463 0
21 30 80 -57.951621191108877 -55.150789670885231 0
3 15 95 -73.837112579668258 -13.047925595575514 0
3 15 95 -94.610264643903776 8.596384356838040 0
3 15 95 -70.836276155279620 26.893856076798880 0
3 15 95 -70.943586621477408 56.893664150582367 0
22 13 93 -54.337118151172056 79.437514863021761 0
7 13 109 94.400000000000006 22.307846153315641 104
2 21 84 88.299999332363001 -11.140472068305435 104
22 13 93 68.981829258653903 16.838239571140193 104
17 20 63 75.310092253849888 49.225784823345293 104
2 21 84 46.379280458983686 -8.561067265041896 104
13 13 84 44.425956442909097 25.382776437288371 104
2 21 84 35.289129021169117 58.132102913802981 104
13 13 84 31.113337295278278 91.874698597330081 104
2 21 84 -0.677956853763590 79.820088843003887 104
13 13 84 3.497834872127246 46.077493159476788 104
13 13 84 -21.565657817486152 52.992790275125245 104
9 14 84 -35.482845582419692 76.129598281321435 104
13 13 84 -62.417347962369909 74.250081975338162 104
21 30 80 -19.935559022838245 10.023699315230743 104
9 14 84 -47.211495415164094 44.549389662011563 104
23 22 78 71.817009074306284 -50.855847329692658 104
13 13 84 38.081506671766192 -41.532978798590662 104
13 13 84 17.209695151695236 -26.029189459508640 104
21 30 80 -18.516202292187590 -49.959510222698761 104
9 14 84 -46.226933815402830 -84.137212872939685 104
9 14 84 -68.538351323677176 -67.219747082477184 104
23 22 78 -81.429841785473769 33.364365223883837 104
9 14 84 -95.998972540701942 0.444152146853725 104
9 14 84 -68.003125473829812 -0.038079134076467 104
23 22 78 -81.343571289201023 -33.574147940322646 104
7 13 109 85.083384274717062 46.581302261324012 213
1 15 100 92.934041714285769 19.704412973935373 213
1 15 100 94.444602902006636 -10.257532972517318 213
3 15 95 64.112038577824677 28.028602736418392 213
22 13 93 60.784013758559155 55.830117997323740 213
14 16 77 64.313178824572901 -2.970744718022299 213
22 13 93 40.303072053343222 13.293165415587978 213
5 30 76 25.028706659021488 -26.902527908457905 213
22 13 93 14.343852088620618 14.748809198643276 213
28 14 90 28.648339725801623 37.648189833012751 213
14 16 77 34.085174289291039 67.151424061301128 213
5 30 76 -10.807977456877104 57.121223350671251 213
28 14 90 -45.020601005036568 84.788828775642969 213
14 16 77 -67.728161801733876 65.183556967675187 213
28 14 90 -51.358485806507908 40.043276384290230 213
5 30 76 -31.474139413582602 0.792636026123347 213
28 14 90 -71.011899432380829 20.099772859323686 213
5 30 76 -61.516026037813226 -51.144682426573773 213
28 14 90 -93.654200635881395 -21.092432369313734 213
28 14 90 -95.670420398457736 6.834881462650073 213
27 16 75 -33.673543465083995 -87.761566021266390 213
29 18 73 -14.305960624787726 -59.817036414843216 213
9 14 84 -3.759361973374936 -90.029107791794814 213
6 23 71 75.387547263300092 -43.424851382862499 213
17 20 63 29.852279692393548 -84.904896190779880 213
7 13 109 -85.927991404485169 42.605554344971431 213
28 14 90 93.678153122998523 20.985795850146872 322
14 16 77 93.566809545919469 -9.013997525938979 322
5 30 76 51.301886275395752 9.142991787731479 322
27 16 75 71.497875336907811 -32.186441136363733 322
29 18 73 37.830082525807967 -36.927720207337501 322
27 16 75 12.020841901967660 -14.794417281187691 322
12 21 75 1.632636523062104 20.717343995967767 322
18 17 71 78.074402863527268 47.772415230726629 322
27 16 75 45.835079354899747 54.816989008185232 322
8 22 109 43.436345171790975 -76.532894353454523 322
12 21 75 2.274527310806484 -88.970930789288673 322
12 21 75 -5.059306521737952 -47.616186426439242 322
19 33 74 -59.028383650401750 -49.443401214125473 322
15 21 75 -33.927306604055666 -1.631938873872814 322
15 21 75 -35.502381762143102 40.338516666261320 322
29 18 73 -91.446910246577545 -10.072864853376672 322
15 21 75 -74.650026796343738 25.124645092062110 322
27 16 75 -70.727583279127813 61.916144611030489 322
18 17 71 -41.808171786250952 77.811667216646882 322
18 17 71 -9.297806106802359 67.857968236442062 322
15 21 75 24.568200655440204 85.094371166860611 322
4 15 57 11.013882731074908 -94.359389501978711 431
4 15 57 39.888632131125377 -86.220050027286305 431
4 15 57 64.785567800648110 -69.482589220232924 431
4 15 57 18.402382675991031 -65.283453256279330 431
16 21 51 80.827626753187729 -37.254459510874291 431
4 15 57 45.941325145798558 -46.139613429534144 431
16 21 51 13.989005632745258 -29.555003764674584 431
17 20 63 89.959016764912292 2.715750852016946 431
4 15 57 57.339768477126661 -9.972221450120010 431
16 21 51 56.219394741261439 26.010340474956742 431
19 33 74 -29.483464443241218 -68.591873675983578 431
19 33 74 -74.315311221086347 -20.155260308740214 431
24 31 68 -66.069157437841127 43.311273768543941 431
4 15 57 -35.882771619704087 8.601302416804458 431
16 21 51 0.086950830655280 10.077468682545852 431
20 15 38 22.394163140283119 38.333234093753319 431
11 19 119 63.297478514113955 65.379119095895462 431