20 11 86 99.000000000000000 0.000000000000000 0
20 11 86 96.555555555555557 21.863775779997951 0
20 11 86 78.843192529652626 8.814936902970350 0
17 26 87 66.745878670758685 43.781420818277205 0
17 26 87 43.729182369954600 -2.847236586762380 0
23 25 76 15.894760504863356 39.887350803735856 0
7 36 82 -17.731468118233479 -11.007410700639262 0
14 30 82 -78.730891962139907 14.193190298373828 0
14 30 82 -36.451331338585604 56.765936903205386 0
17 26 87 -73.023861852473431 -41.515245394323202 0
11 17 88 -50.460662488880622 -78.119917698262299 0
14 30 82 -3.535837671844973 -75.462698119357427 0
11 17 88 37.893871383604505 75.664985165790213 0
27 14 77 38.680850199195092 -87.862345904644670 0
11 17 88 39.633260927198258 -56.876979781179472 0
11 17 88 73.633191030471764 -56.808037975889050 0
27 14 77 90.847785983731043 -31.027081426621507 0
27 14 77 2.811002947060746 76.627183249851385 0
18 12 107 -78.402188926552952 58.797081318081567 0
18 12 107 -90.342030733657737 37.977855164804126 107
30 15 107 -94.328688283467216 11.273800012439210 107
30 15 107 -93.140807488265565 -18.702673082579697 107
18 12 107 -70.653305265617448 24.253639724781998 107
26 18 108 -63.208602979678261 -4.807957063311594 107
16 35 108 -24.141057951800846 31.007220243170792 107
18 12 107 -34.901915096794923 -14.744325670656316 107
30 15 107 -51.825209808807031 -35.782436234354357 107
16 35 108 9.402533797722249 -30.432404206701349 107
26 18 108 -32.675183400735406 -62.657638346527563 107
25 14 103 -63.199924951909992 -72.261812086834254 107
25 14 103 -81.362771810341997 -50.951931890147392 107
7 36 82 73.993847231318782 -0.954238915711926 107
16 35 108 41.752826099761485 62.303302582472114 107
27 14 77 55.384909571108736 -47.362292518060059 107
24 16 75 38.614787054572574 -72.237239568865348 107
4 19 98 5.762721413895488 -84.309595724175068 107
13 13 74 -27.068985374826376 -93.146497683903476 107
13 13 74 83.726737090127727 -48.977887829515780 107
13 13 74 8.223022499961239 96.650824626410355 107
13 13 74 28.124200278544336 16.278737856390748 107
22 17 70 -71.232228464122329 59.791049731837631 107
15 16 63 -43.764365100944978 78.080841481931984 107
9 14 95 -13.928353726843550 81.213320577551031 107
5 13 73 -27.068985374826376 -93.146497683903476 215
24 16 75 -51.989021431948103 -78.314377036074546 215
24 16 75 -23.167648180526630 -64.410117116817901 215
27 14 77 -1.332735481983317 -84.982831751668400 215
24 16 75 7.816727744820051 -56.412089327619057 215
23 25 76 45.931072128539540 -71.521581450097258 215
24 16 75 80.205473978129760 -49.021239722629929 215
27 14 77 54.542298042199363 -33.484142153216169 215
23 25 76 84.254357503179719 -8.221649746741946 215
22 17 70 -75.140728301036404 -54.798457554842059 215
23 25 76 -83.885582434088832 -13.718930705185723 215
23 25 76 -77.085524567946692 35.816503208499924 215
23 25 76 -43.612274809781475 72.958683416822296 215
23 25 76 -35.227202979314143 -25.223803969814117 215
23 25 76 13.888971706911425 -15.864242858726964 215
22 17 70 46.629415149786041 10.442854342673430 215
22 17 70 -35.278615875833850 31.793769609398442 215
3 23 67 77.609518013473448 39.316188952088702 215
6 20 66 -1.955139058138727 89.978761000934782 215
6 20 66 37.228599288584590 81.939193277759330 215
22 17 70 38.007883527767873 44.947400727592736 215
29 14 63 9.951236027436652 58.131653874516068 215
22 17 70 -1.372137519689264 29.273705030007918 215
9 14 95 -28.523808465279252 -91.664564312694267 292
8 21 93 -55.604656410993705 -69.491885752333246 292
8 21 93 -81.281054806285482 -36.254518747014373 292
8 21 93 -88.856231048024952 5.056698917278538 292
8 21 93 -76.643199794660774 45.241794009916440 292
8 21 93 -47.361792775890507 75.351579844443918 292
28 33 96 -29.072900117217756 -22.459281019364429 292
3 23 67 -34.283406040559697 33.340202809155926 292
21 16 90 -10.396643224838165 -67.760466748767186 292
21 16 90 0.826565028364548 16.361100019570639 292
10 34 88 7.637575157944443 75.615259344306622 292
10 34 88 65.088340775067365 39.236563243341067 292
10 34 88 37.924016834186602 -23.102024363653143 292
21 16 90 21.500215899650328 -70.327639900803376 292
21 16 90 75.078591693075197 -56.561515798151120 292
29 14 63 95.967755950568915 2.487934446894727 292
29 14 63 3.515925362445369 -94.339413968401971 292
19 15 101 91.333102880155707 -26.139325130593818 292
29 14 63 95.967755950568915 2.487934446894705 393
15 16 63 90.061367904337288 -26.924895750951492 393
29 14 63 69.115755734136158 -5.447434755397982 393
29 14 63 75.669524524758415 21.774764175604375 393
3 23 67 52.879830535613365 -38.694911846870241 393
1 19 43 43.339645658648543 15.158199167787831 393
1 19 43 58.544636055757827 49.983596035932990 393
28 33 96 1.693497262817019 -15.980174646404510 393
1 19 43 11.038020490488009 35.173318740142584 393
1 19 43 26.243010887597293 69.998715608287739 393
28 33 96 -25.692526235810799 72.587148281373985 393
7 36 82 -71.072169571421739 20.609384086165072 393
12 34 100 -58.689038574037298 -48.286610475940037 393
26 18 108 -25.569612340587398 -88.375307211641882 393
7 36 82 -58.373475829080938 -45.481175442502632 501