30 11 47 99.000000000000000 0.000000000000000 0
30 11 47 96.555555555555557 21.863775779997951 0
13 12 57 77.703840372202279 8.687553459251848 0
13 12 57 76.237727613116675 32.642730631997750 0
13 12 57 56.224992008904437 19.395451151444171 0
13 12 57 81.564338256186545 -14.999923318314666 0
28 13 57 57.987967505152241 -6.683990285288589 0
13 12 57 36.382684619413659 5.894235003964725 0
28 13 57 33.966138860440758 30.777167037685956 0
28 13 57 55.076522997781275 45.954508095128205 0
4 16 61 56.792962424580040 74.903667594052024 0
16 23 61 72.095852959687079 -48.694845579539333 0
28 13 57 42.793194286171584 -27.781830620824085 0
28 13 57 20.909708733405456 -13.742134752968676 0
16 23 61 1.020762527955149 16.265028039216531 0
11 13 58 15.600141939098750 49.180703575135922 0
11 13 58 27.931710208569577 72.070273776766626 0
19 31 88 24.917916761947929 -74.967309036970477 0
27 15 60 2.472479456297712 -34.815069446156549 0
27 15 60 -20.248279708748711 -15.225094893749411 0
27 15 60 -36.461912724765114 10.016103659844333 0
16 23 61 -32.463830085054319 47.805193820974743 0
4 16 61 -66.990059173782328 65.941883290463750 0
4 16 61 -68.939198732297029 34.001300093198338 0
4 16 61 -2.036433567751395 72.201372644282756 0
20 19 63 -90.757835501094206 6.634402396322038 0
5 24 70 -29.784857278072906 -80.677520270053094 0
4 16 61 -66.976964111591627 -65.955183862942619 0
20 19 63 -43.998815833687210 -39.554337253058335 0
20 19 63 -80.786933678859384 -30.034127937621733 0
14 14 70 -42.588110581967982 83.393098288923028 0
8 12 78 -62.135755922627034 -5.272593891738717 0
17 13 111 68.470436414084702 -68.708073304851041 88
26 15 108 83.589939643057733 -45.141134129194896 88
26 15 108 93.498298570719939 -16.824629695197082 88
22 23 106 45.850074760317327 -40.702373194823963 88
26 15 108 42.250200151318424 -78.531474463549415 88
26 15 108 15.932181784531465 -64.131408170456723 88
26 15 108 8.261049621489150 -35.128757751277135 88
17 13 111 24.083617493027468 -12.027971055786359 88
1 25 104 82.222053245272519 21.553049903240407 88
6 39 91 -40.510932461251237 -58.308355757300703 88
22 23 106 -12.236293315119582 -3.130962006272199 88
29 20 104 23.378437087602787 20.964493547450012 88
1 25 104 48.392921454862012 58.371385584080699 88
29 20 104 -87.207192327820110 -22.246474019461935 88
1 25 104 -81.981929462928889 22.449125629639873 88
29 20 104 -37.878449363770962 31.386857061227008 88
1 25 104 -1.789729943280668 58.268157821962660 88
2 18 102 -35.603841735860001 84.831400163193308 88
25 16 94 -65.058471102949056 67.848325976008738 88
25 16 94 23.234895013548442 90.745352062999643 88
8 12 78 -8.472367320149090 97.633083491163333 88
8 12 78 66.909619120269070 -12.129725534176117 88
14 14 70 -56.696431640976485 -7.243358266054001 88
14 14 70 83.942000959696060 -46.580473107111999 199
5 24 70 85.567385482235281 -8.615250532314786 199
14 14 70 91.542869645299149 28.911987429157577 199
14 14 70 58.376610950605411 -35.160716818859250 199
5 24 70 47.626140638986470 -71.608314655740088 199
5 24 70 20.508068671208946 -32.002631064234706 199
9 19 77 58.773600542300315 25.016476877863159 199
23 35 90 4.773825354583217 24.860657508035004 199
5 24 70 46.765519584903330 66.305773211423997 199
23 35 90 -63.637404127903075 39.689807203637876 199
9 19 77 -90.728608696622331 -7.022788902934977 199
5 24 70 -19.369709595489489 78.694566154116217 199
19 31 88 -41.285648004579684 -22.410104215006484 199
12 16 64 -84.268968897549570 -41.421525124869575 199
3 16 115 -93.991096207219172 -1.293767276317681 289
1 25 104 -76.992364565229025 36.016326834574151 289
29 20 104 -58.167884577472790 -4.857123633799144 289
2 18 102 -83.126696091012917 -33.511228537487497 289
29 20 104 -46.348875337226417 -43.071139656444174 289
18 31 102 -7.438291295188897 -10.101965424936111 289
2 18 102 -11.805750043062755 -58.906937549563132 289
2 18 102 -37.692893642714481 -83.924047619493507 289
6 39 91 49.314226700796098 -51.079418995349684 289
18 31 102 77.957444492432018 12.792061921730301 289
21 34 98 39.302108336286494 65.048783849683161 289
21 34 98 -28.482158505691860 70.461100238760437 289
12 16 64 13.704753030162045 -92.995589918997041 289
7 26 90 -74.625249478475908 -38.562574347095037 404
7 26 90 -83.026060011867429 12.754346667148010 404
7 26 90 -34.383897502837705 -5.628798505676560 404
23 35 90 -19.555808766562777 -64.799127087062317 404
6 39 91 30.451406378687913 -10.253014178656004 404
24 20 90 77.240084228379317 -46.194906520014406 404
24 20 90 43.562504018299208 -67.777783788664692 404
6 39 91 22.499799874464824 67.340619284418779 404
24 20 90 70.516841477884697 33.057041354811638 404
24 20 90 89.980188126632243 -1.888317954125050 404
19 31 88 -47.378580214475619 63.216059169015750 404
12 16 64 76.129312122084400 55.139167891964547 495
19 31 88 32.295272783651420 72.097263164627435 495
19 31 88 -29.694800467870188 73.206685658984568 495
12 16 64 -74.107565316620367 57.827923729309582 495
12 16 64 -53.968365080513742 32.960020443145645 495
19 31 88 53.619900553556562 13.879909648042791 495
12 16 64 93.321274592846137 -11.275624522243159 495
12 16 64 68.015134858696570 -30.861315517347133 495
19 31 88 -8.370172697965053 14.989332142399913 495
24 20 90 32.045183880999119 -32.331902700088200 495
24 20 90 -7.785599767673496 -36.007317497445747 495
6 39 91 -65.972006006979072 -26.242988080916341 495