24 10 98 100.000000000000000 0.000000000000000 0
24 10 98 98.000000000000000 19.899748742132399 0
16 13 98 78.391506605285286 7.878642853345402 0
18 23 89 82.376606464137097 -27.900107531694310 0
18 23 89 75.177023037262416 43.734843089718900 0
4 31 95 35.365849451749270 -1.329659189179865 0
4 31 95 41.372597952857689 -63.037997138313060 0
4 31 95 23.539323829598260 59.531932079111883 0
4 31 95 -23.255097512412057 18.859064817675673 0
4 31 95 -78.438245416970972 -9.404342396309971 0
30 29 96 -27.428524810529446 -40.995613400382851 0
17 20 97 -69.307651401851814 40.771670328208813 0
17 20 97 -26.424428547270576 69.760492506803246 0
16 13 98 -3.928878902787813 93.904855124039841 0
10 16 90 -58.296913597909139 -73.739201683757841 0
12 11 73 -54.669346203597264 82.536431869031176 0
12 11 73 62.477542950301988 75.274075888265159 0
1 10 49 -86.873814074713962 -49.527168585656412 0
1 10 49 0.678009897374081 -68.033044985380258 0
10 16 90 -18.871191737027310 -85.174477698473936 0
1 10 49 11.156998865620650 -35.324867185177844 0
5 13 111 12.451243028885720 -96.197539194283053 0
1 10 49 35.299790058459287 -93.562411372456083 111
7 15 48 54.636474319014496 -77.716508374911371 111
1 10 49 76.092024619642316 -64.884541990244088 111
1 10 49 59.817695359782753 -53.259301900608129 111
21 14 38 11.364597129375454 -95.324949158585923 111
1 10 49 25.653749645578937 -76.042311362665060 111
5 13 111 36.979819506069262 -55.985366186418425 111
2 20 60 3.987094702469435 -55.292466457793395 111
23 21 57 29.127229263698371 -22.904604005274209 111
2 20 60 83.160299384855776 -34.414598736890078 111
2 20 60 89.859868745492264 5.020357461665800 111
9 23 71 -29.967523221257071 -81.675868847435098 111
23 21 57 -33.087778183573882 -37.786644555245360 111
23 21 57 -8.312855371039529 -3.871998756815373 111
2 20 60 26.364500994418222 18.002208783185861 111
30 29 96 65.474631928056965 47.521654210795681 111
21 14 38 55.366732713453459 0.257616499467799 111
10 16 90 -66.052362946502711 -66.881128498130749 111
13 19 61 -72.740347198000507 -32.526058033180192 111
13 19 61 -90.996471862434930 0.801316784477272 111
13 19 61 -50.449346086395302 -1.750885093903058 111
22 19 61 -29.580242098977777 30.005696881529275 111
22 19 61 3.138284644307041 49.331793428658393 111
27 22 60 27.902282280789951 82.008152177152226 111
10 16 90 61.992555337141560 -70.660619037561801 222
18 23 89 79.326852854557629 -35.724647180782100 222
18 23 89 33.991197107713930 -43.514276055361314 222
18 23 89 49.913008489697390 -0.357632044079082 222
10 16 90 88.835596382274844 2.098411877470920 222
6 36 85 45.361474619280351 58.466542743387734 222
6 36 85 -8.122901971550242 10.264660407837678 222
20 33 84 -76.873794575766965 4.406779722516490 222
8 19 86 -48.284194017534134 47.842188548964671 222
6 36 85 -40.337833949492797 -54.126318445232528 222
28 20 79 -13.758734994624852 65.980343892257238 222
26 18 75 -1.828606541195128 -91.981825368479718 222
12 11 73 89.499942879183720 42.317374973205176 222
12 11 73 -91.837808144401848 -36.970488165995810 222
12 11 73 8.470225247108340 87.587595604852382 222
12 11 73 7.173617888655153 -64.414454160571495 222
21 14 38 -81.094188125502527 51.378328624679938 222
5 13 111 82.825622978621411 -50.486792116386837 312
8 19 86 88.976513206343597 -19.083503285334245 312
11 22 98 51.306772630806265 -35.269628361204539 312
11 22 98 58.340799280164404 8.164488057759481 312
11 22 98 17.208737745731710 -7.460924382481644 312
17 20 97 77.683475317384037 45.445326081054645 312
29 22 103 35.685764584553759 45.883838568348580 312
6 36 85 -21.429988381608961 35.794697717499325 312
17 20 97 -76.057400747530579 48.117271239436846 312
20 33 84 -76.813228114252937 -5.359849500475097 312
25 28 83 25.327440910274674 -77.990516968004158 312
17 20 97 -6.544193287215698 -42.099028651394001 312
25 28 83 -47.807099456406249 -66.621927633214568 312
27 22 60 12.168697427648175 83.071841369488538 312
21 14 38 48.168684062479571 83.040820538389596 312
26 18 75 59.133351393784942 -70.478697156936377 423
14 31 75 75.205493469696989 -24.189538068747066 423
14 31 75 16.981102675374444 -45.494943876429041 423
26 18 75 33.053244751286485 0.794215211760260 423
14 31 75 65.944151621966228 37.114846335465586 423
26 18 75 43.875379337916414 80.863781063922175 423
8 19 86 81.310207309772835 -40.861353223330276 498
25 28 83 81.770071737979109 6.136396985670906 498
25 28 83 36.468065111580245 -26.783630286822557 498
8 19 86 36.927929539786518 20.214119922178622 498
8 19 86 61.994839777391263 48.773706948952423 498
19 27 73 22.337985423897781 -79.937565682235601 498
8 19 86 -7.046288646485632 -44.545978583652513 498
25 28 83 -48.986531362531146 -65.759560103970827 498
25 28 83 -39.517191087903228 -10.565977191069535 498
19 27 73 -77.795834778750532 28.927635421467642 498
28 20 79 -87.063549728437948 -17.149576512538740 498