12 10 78 100.000000000000000 0.000000000000000 0
12 10 78 98.000000000000000 19.899748742132399 0
12 10 78 81.766312060385914 8.217823563497323 0
12 10 78 83.766312060385914 -11.681925178635078 0
12 10 78 65.532624120771828 -3.464101615137756 0
5 23 81 55.280592598012866 27.903012527804322 0
5 23 81 33.886382296263783 -12.819067055199952 0
5 23 81 9.317132033325002 26.069902351523634 0
5 23 81 30.711342335074097 66.791981934527911 0
16 38 83 -26.162171797213894 -23.550849352781576 0
5 23 81 -21.286564565570046 -84.355688421088814 0
16 38 83 -46.986816648387510 49.540423497145511 0
5 23 81 -86.932020682021999 3.438572398612486 0
29 16 84 -4.702834406254551 83.127100107774680 0
25 19 74 -78.656954991517608 -45.761156360633777 0
25 19 74 14.917689536659591 -63.065972948561040 0
4 11 57 63.440059369673691 76.002360931567637 0
4 11 57 9.617133614318863 -98.531775286170188 0
4 11 57 78.658472273480214 60.115262118717787 0
4 11 57 87.127250898761673 39.810588060856723 0
7 13 54 -63.061606879281044 -73.703688766594396 0
17 26 86 59.738446008855078 -59.053518679644370 0
7 13 54 36.064688655903311 -90.046311596604326 0
6 12 86 38.099666109410691 -90.290727333162067 86
17 26 86 59.738446008855092 -59.053518679644363 86
6 12 86 90.724057596759792 -37.055976214098216 86
6 12 86 71.361841330963301 -22.874841517730431 86
17 26 86 82.937319940057009 13.319195214449834 86
6 12 86 23.696205451799798 -71.093323313746964 86
17 26 86 35.978834719799494 -9.016889174244097 86
28 20 85 43.158177173466129 36.419407351033790 86
29 16 84 7.207281678442875 -93.723290012715523 86
29 16 84 74.330239261131922 54.427809423475111 86
16 38 83 -20.233762381202599 -47.215343370054583 86
28 20 85 -6.308368367620758 9.088150318761038 86
27 18 88 -76.047754790008540 -51.775853362341905 86
17 26 86 -83.576454154883876 -8.424743966233869 86
11 21 64 -80.261849130334838 38.458231552937640 86
16 38 83 -26.773376237186497 63.357694751146070 86
30 20 83 26.638215959063945 85.967467396209088 86
7 13 54 -45.008295963455616 -2.637069673310588 86
1 11 99 -53.113330074305118 -83.546239702442108 86
1 11 99 -50.801201208804407 20.653319950274732 86
1 11 99 -70.252761059053384 -69.753491407810927 185
1 11 99 -83.922919892737283 -52.516126253534750 185
1 11 99 -62.159844357983502 -49.296104006934335 185
21 13 98 -76.163446759042387 -29.805103011781263 185
21 13 98 -50.196714903000355 -28.490250656415046 185
1 11 99 -40.182820470532363 -50.301301027623367 185
13 22 98 -15.197630878178405 -28.743464841351624 185
1 11 99 -21.080607534434602 -61.214845866216343 185
21 13 98 -41.213253432730149 -74.279170155434045 185
1 11 99 -28.688830083484884 -94.752050259827797 185
13 22 98 2.583657700815888 -84.214901319969385 185
3 30 101 49.860706674934121 -62.561249427070898 185
3 30 101 79.334255736845563 -10.299313893691547 185
13 22 98 27.601674124118318 -15.566191496457353 185
13 22 98 42.083238835146737 25.982385898205592 185
8 17 95 79.581665462885482 36.700034914855379 185
19 15 52 -94.598041627577317 -8.729863700376381 185
20 19 95 -62.086198981693748 1.219009993128161 185
14 13 94 -30.130954241266011 2.910853242181021 185
13 22 98 -1.848285565048239 23.528579900357713 185
20 19 95 18.188021776047481 59.299327560046819 185
8 17 95 47.795660813546590 79.778285312460852 185
23 18 90 -87.644136808050717 27.973295893971628 185
8 17 95 -53.627405532792523 36.211135012749729 185
13 22 98 -46.694170466377201 74.589908462585655 185
8 17 95 -8.672103842194602 83.268759171419163 185
14 13 94 -77.611373792532760 58.184831855353494 185
14 13 94 20.178125612145010 91.494588031294327 185
14 13 94 -17.967139475183941 54.595967119493196 185
7 13 54 81.067294458029863 -53.264376174466562 286
19 15 52 61.019947349574508 -72.811853605406554 286
19 15 52 35.272612646088426 -88.209085683499765 286
7 13 54 56.348153007772893 -45.204348509365900 286
11 21 64 23.551707637297323 -54.170572411400236 286
7 13 54 40.423340440752199 -24.651967997482132 286
19 15 52 67.988918336755219 -19.738830989481031 286
2 20 68 89.666573118993966 7.739875005199323 286
7 13 54 56.718313579609990 5.892662693256529 286
19 15 52 84.999544213388873 42.427320013361097 286
11 21 64 49.159098682668059 39.041693902959338 286
11 21 64 22.722188728785419 6.405980457558746 286
11 21 64 7.677286791380457 45.618872797883100 286
2 20 68 33.932630083180989 77.109457877073112 286
10 14 120 92.369064498493216 -26.152550997430431 354
22 18 116 91.814288441994961 5.842639633774382 354
22 18 116 62.405128835464765 -14.920340191810208 354
28 20 85 70.369935517151958 -52.076252971923026 354
28 20 85 32.701225907282698 -38.620090208068547 354
30 20 83 27.945428129194131 1.096183377124817 354
9 14 105 58.106897729937415 16.789677300513532 354
23 18 90 80.216517700453721 39.923304442821902 354
3 30 101 34.255281982293027 53.763998473818702 354
16 38 83 -26.034491849025379 22.313351876833217 354
13 22 98 -10.485834094385982 80.263668890884944 354
30 20 83 -82.281134207396661 36.466627943153448 354
26 20 71 -89.956743743922914 -2.790027775880837 354
26 20 71 -79.863119948316239 -41.495566897210267 354
18 16 68 -48.484894920512446 80.530832384539934 354
15 25 113 -34.885968819989628 -40.061734138598375 354
9 14 105 1.899546239507664 -53.016497039072391 354
9 14 105 -16.261936701995605 -74.327539654709142 354
9 14 105 -41.428859915755325 -86.600517123633395 354
10 14 120 23.148539547249570 -71.250538922525990 354
10 14 120 4.987056605746296 -92.561581538162741 354
10 14 120 1.540273398492083 -25.018802079920690 354
18 16 68 3.515658477609463 -93.934233086073647 474
2 20 68 37.426521769015402 -81.848979641003567 474
2 20 68 69.197822408825687 -57.547036186728342 474
2 20 68 5.328735089436019 -57.979918279646753 474
2 20 68 -29.007417777583544 -78.498899889187328 474
2 20 68 37.100035729246308 -33.677974825371528 474
2 20 68 73.820142572460583 -17.815006836280425 474
26 20 71 41.722355892881204 6.054054525076392 474
27 18 88 90.543183667812556 16.307418290359816 474
3 30 101 59.393500039942303 52.827237702339289 474
24 26 104 6.209732604270279 35.291933845594990 474
24 26 104 -33.089122054680701 -32.680348076691914 474
27 18 88 -30.642136677680242 11.251556759824643 474
3 30 101 -45.449051090693196 56.910677267842637 474
24 26 104 -82.641633911888732 15.045276480456018 474