4 10 98 100.000000000000000 0.000000000000000 0
4 10 98 98.000000000000000 19.899748742132399 0
4 10 98 81.766312060385914 8.217823563497323 0
4 10 98 83.766312060385914 -11.681925178635078 0
4 10 98 65.532624120771828 -3.464101615137756 0
4 10 98 63.532624120771821 16.435647126994645 0
13 16 97 84.144800066126621 41.900508610655038 0
10 24 99 61.297085244103947 -37.199249612800891 0
4 10 98 45.833351794767474 -6.919339642527328 0
4 10 98 43.833351794767466 12.980409099605071 0
4 10 98 50.690664049928237 31.768098383687398 0
13 16 97 56.045060641777823 57.210787650688829 0
1 33 97 9.168207315516618 42.943320383223508 0
1 33 97 5.944473905077984 -22.977901866507437 0
1 33 97 -49.533112506489672 12.774544286826538 0
13 16 97 -93.601172692333293 -8.649882694002262 0
1 33 97 -55.938539089475341 -52.913890846688254 0
10 24 99 -41.426664849451228 69.195156711575137 0
29 14 103 -13.565985659758127 95.036645737732329 0
29 14 103 -77.362707852279200 56.841986539554519 0
29 14 103 37.274735837477621 80.613242794136340 0
21 11 64 -97.333019714048731 18.090972150346207 0
3 12 109 11.431484922180513 87.886368504987274 0
15 10 73 32.377804519377349 94.613306540385679 109
15 10 73 50.558058707150074 86.277938662003081 109
15 10 73 34.249291280695587 74.701060627324765 109
12 20 74 58.775852920504086 57.425419564583436 109
16 34 74 75.749743290566855 6.162498796204552 109
12 20 74 19.805794675707059 48.406852028819941 109
6 17 76 81.666139133255584 -44.493164857849145 109
12 20 74 45.179497921832784 -38.351095735077614 109
21 11 64 70.041207926906736 -69.965914502276163 109
12 20 74 40.107980430977861 -78.028289566546505 109
16 34 74 -7.111208763569209 -51.830042071540859 109
16 34 74 -70.728298238541825 -27.812008706310305 109
16 34 74 -64.672769616387427 39.917826470709500 109
30 20 71 -16.711457598387142 64.731382231865965 109
30 20 71 -12.796294572383761 24.923449624409237 109
6 17 76 21.705048305794911 -9.751266798104936 109
21 11 64 -53.266972534293572 83.448365095014381 109
21 11 64 -33.522482648145790 93.151721170919672 109
21 11 64 -12.122561520114260 98.254992250730169 109
29 14 103 -28.321542506245400 -5.324966476142626 109
3 12 109 31.206689056887932 17.647981787160482 109
3 12 109 12.809142126924556 79.632592262025227 109
23 13 112 -32.462483260169385 -91.406712995180087 109
9 15 58 -54.404734482329992 -74.013104648905525 109
3 12 109 -55.186357800886185 -80.984355974920049 221
7 11 109 -73.187409212181535 -66.667856818775007 221
7 11 109 -52.926171377880245 -58.095678482909733 221
14 25 112 -18.242363583843151 -83.019372262592270 221
23 13 112 -31.447433644063928 -47.387558883188447 221
7 11 109 -7.481470055677011 -48.665287054636693 221
14 25 112 26.469023197083303 -60.638758059081333 221
3 12 109 16.322565126525056 -96.220345834536261 221
14 25 112 -60.507914714491406 -22.903105857741327 221
7 11 109 -96.499203056879011 -22.111169335592191 221
3 12 109 -97.996399517644079 0.840048557100857 221
7 11 109 -24.539186419243102 -24.403300785943816 221
23 13 112 -75.609279661164038 11.967351219093885 221
23 13 112 -49.655335821137299 13.514218746950942 221
20 26 113 -10.817779363181760 9.958349180288455 221
7 11 109 -2.606183096161502 -26.118924646144983 221
29 14 103 -89.298039561765975 35.240035902724031 221
7 11 109 -64.383067482987911 33.179898452525570 221
9 15 58 -39.179532997767680 39.565965274311495 221
1 33 97 72.641742537407936 -25.537761082932459 221
29 14 103 25.803274830687133 -21.644440792168695 221
29 14 103 36.329171728610277 4.301763063006195 221
25 21 93 62.530505454071069 27.507152760381047 221
5 17 86 66.188374353547530 65.330690341023129 221
5 17 86 34.457528227062795 53.117852665144980 221
29 14 103 41.011394329233120 83.417140430946063 221
24 20 84 7.391751535496319 78.345689117806884 221
22 13 118 5.451607464063933 45.402771199351548 221
22 13 118 94.187564320064226 15.104305347184177 221
9 15 58 85.368827318923735 41.679291287062213 339
9 15 58 68.115431737740295 66.221506772205373 339
17 29 70 80.972758912400593 -2.100550907321839 339
17 29 70 36.720959066848891 35.393158037369560 339
8 21 82 32.516692623822934 -14.429769854074614 339
17 29 70 -13.188101704438537 5.845135211333663 339
2 34 81 -75.994545743898115 0.910503804811757 339
6 17 76 -78.394510748993682 -50.032995956927401 339
27 22 77 -67.646335255738961 56.284752166711804 339
6 17 76 -29.349440320341145 48.912653530156433 339
8 21 82 -41.303938187346013 -41.769254246954311 339
11 19 89 76.127777602271763 -49.855405698269564 339
19 29 76 30.379356831723101 -64.384066923614185 339
6 17 76 -15.334112379168804 -69.510345564581542 339
5 17 86 -47.927870920485333 -79.187478618867601 339
20 26 113 2.157247816345103 78.175746371781941 339
22 13 118 39.773970517216327 88.470510732648123 339
22 13 118 1.169276504078728 -94.563053110240190 339
28 16 114 62.386242158734731 70.313276053044987 457
20 26 113 21.800793849832537 81.121670270755047 457
20 26 113 77.949413169022620 31.303178538368936 457
20 26 113 25.988376224690352 29.290558437669887 457
28 16 114 -8.983130159817257 52.549830593056527 457
28 16 114 -20.175633944350420 82.528620745983162 457
1 33 97 71.962911882640469 -27.392322160987447 457
26 23 92 -55.829600436775785 66.723726777436255 457
26 23 92 -36.547651696819216 24.960028991084918 457
26 23 92 -82.464564933144516 27.723555514890062 457
26 23 92 -61.899392488629225 -13.423421073036167 457
18 19 90 21.348211251504530 -15.469567444878962 457
8 21 82 -18.394082819105023 -20.002785066523991 457
8 21 82 -43.733015265376729 -53.498135527196581 457
28 16 114 -80.293657189738838 -47.813114675996829 457