3 14 90 96.000000000000000 0.000000000000000 0
8 30 89 71.250000000000000 36.379080527138122 0
19 20 89 64.660555334131502 -13.184809745876743 0
19 20 89 30.428333001197245 7.507095776538478 0
8 30 89 14.141294400286352 54.780051825557024 0
3 14 90 -1.273375768249021 95.991554389710956 0
2 19 92 -32.401761736223150 85.036026696859636 0
2 19 92 -34.250075334685995 47.081004145927892 0
3 14 90 -60.275457927095317 67.370889826205101 0
24 21 91 -72.209536761900523 34.468340344977136 0
3 14 90 -95.626838323082850 8.456228020280214 0
24 21 91 -40.012984094545459 7.498320019841458 0
8 30 89 -73.915805019766822 -30.601532123078634 0
8 30 89 -14.205453567387309 -36.489989428122108 0
6 18 94 78.015281105112209 -48.760803050096712 0
2 19 92 41.273786883819753 -44.394729025674678 0
2 19 92 38.799380659545136 -82.314081786992645 0
6 18 94 -47.737969701942156 -70.834863305977862 0
27 22 84 -1.929629499550966 -87.020219424190103 0
30 15 39 51.543637602615490 79.801337223697217 0
1 14 56 -3.546510969371056 6.199434820656354 0
30 15 39 58.157875502380094 -75.117651168348289 94
30 15 39 78.681838378002567 -53.236907399452512 94
16 15 36 91.359412938921182 -26.047219956373088 94
16 15 36 94.926353522551238 3.739974185956836 94
16 15 36 49.470576982629531 -46.403006047282631 94
16 15 36 67.346416396019492 -8.064561725994807 94
10 18 61 69.570349105428875 24.860415469198799 94
29 26 64 29.282545650218573 7.171636744980861 94
10 18 61 42.879399220839346 49.018089079427298 94
13 29 66 -4.083109015854355 50.895006796983559 94
10 18 61 -37.383855329109231 84.062163669109964 94
10 18 61 30.431192634766067 82.797404537121849 94
10 18 61 -51.082944097421475 50.770498542266253 94
29 26 64 -39.055886366056669 8.446157055050904 94
26 25 66 -83.298257962941562 -16.923363150959155 94
13 29 66 -38.148751164672802 -46.546361579090693 94
15 20 70 -85.526600686664935 28.021430637705947 94
27 22 84 12.697908171359330 -50.498226248521632 94
15 20 70 -9.391419655760664 -86.220230617621951 94
12 19 111 38.223815273070620 -82.582927690716872 178
21 21 110 68.660115594798071 -56.628513370112110 178
21 21 110 86.983841371457643 -18.836436506544764 178
21 21 110 85.936339250219049 23.150498834177615 178
12 19 111 30.260655661176344 -45.426661880015487 178
12 19 111 47.637863062490034 -11.632688113503075 178
12 19 111 46.063277911973131 26.334675260897473 178
12 19 111 66.717925364957765 58.231156862994524 178
5 22 114 -1.282874429311427 -71.618372580740882 178
5 22 114 -6.837579107440082 -27.970402915030476 178
12 19 111 12.753772075357212 8.045967790973584 178
12 19 111 13.570039722328858 46.037199767950952 178
7 19 108 34.224687175313498 77.933681370048006 178
5 22 114 -5.564554644539257 87.823890437670414 178
7 19 108 -45.554000294519597 78.777109982322330 178
23 31 102 -70.579244636087282 35.490424435322609 178
8 30 89 -52.121649378386209 -60.690474261424036 178
27 22 84 -85.501934393359903 -20.818722703220288 178
22 17 82 -48.905923899935956 -7.337920947938612 178
20 19 82 -22.141196000107513 23.090608132713157 178
22 17 82 33.421660465994364 86.787053249293990 292
27 22 84 63.033271773718148 61.406894152860289 292
22 17 82 87.630872826714338 31.142095748812714 292
22 17 82 24.760879660128030 53.908627559599879 292
20 19 82 -1.595192862614976 78.431217985081261 292
20 19 82 -39.425734730580373 82.015921874681794 292
22 17 82 54.537330918706424 23.343539216804761 292
9 21 81 17.125494160588538 16.683624023355289 292
9 21 81 -16.805588288576011 41.436030852348658 292
17 28 80 80.640850615609821 -13.311695872243249 292
9 21 81 32.491887452499626 -22.404404287091765 292
17 28 80 -16.393708762174544 -19.057990873325462 292
9 21 81 -50.396482203198630 16.223893973127787 292
11 29 85 -76.588390030602056 -26.366996653399422 292
25 19 74 69.339298335736231 -58.932687927055959 292
11 29 85 23.013059136038517 -71.497701321891284 292
11 29 85 -34.968844705018370 -72.946434204942236 292
15 20 70 -69.498351812997583 57.183731036692720 292
6 18 94 -88.706503759687322 24.395823223096578 292
6 18 94 -91.276869903240907 -11.512298669980378 386
25 19 74 -87.416419943544099 25.285757339932395 386
11 29 85 -45.985980176540750 1.046973114796262 386
11 29 85 -52.892840188147716 58.634257169351784 386
18 27 73 -1.874142179885403 35.545462191230229 386
28 28 78 7.502869526373487 -18.649294487443807 386
28 28 78 -35.166461981707201 -54.916747508761873 386
26 25 66 20.477707323428810 82.496445394792559 386
28 28 78 63.629059038037596 51.723716474494807 386
18 27 73 82.999630409075195 0.247693271846970 386
25 19 74 78.774861409031175 -45.557888559369502 386
15 20 70 40.578513727580486 -53.434374057212828 386
25 19 74 7.641802667690929 -74.319130808426124 386
6 18 94 -88.706503759687322 24.395823223096574 480
4 26 73 -81.808982072979930 -19.060179752112759 480
4 26 73 -54.913842699175575 -63.564690512974281 480
4 26 73 -6.974623016616853 -83.709943458206197 480
18 27 73 44.275746625943022 -70.204403428241562 480
18 27 73 78.096053264366731 -28.107053643688694 480
4 26 73 80.240261902930911 24.849554719331568 480
4 26 73 -45.194118930299744 17.863414290759088 480
18 27 73 32.779512694219981 1.259783958515667 480
18 27 73 36.731588960171862 55.114970275045110 480
18 27 73 -16.708740324473460 -26.830916509497168 480
15 20 70 5.076997529468990 89.856686429479282 480
15 20 70 -10.215979874877988 52.895560335836876 480