10 11 74 99.000000000000000 0.000000000000000 0
10 11 74 96.555555555555557 21.863775779997951 0
10 11 74 78.843192529652626 8.814936902970350 0
14 21 74 76.881210480458250 -23.124860003688891 0
29 16 74 52.199953983259441 4.440255227695173 0
11 26 105 66.780347805522865 43.828224405956988 0
17 22 79 21.758260385797065 27.184557611330032 0
17 22 79 27.113939451038284 70.857394727209481 0
17 22 79 34.295182699434037 -29.077190457707253 0
17 22 79 -4.424333771203703 -8.177452557915000 0
6 31 80 -23.423626091499614 54.890100998036523 0
6 31 80 -75.908261886925075 21.884601374162568 0
17 22 79 -82.468347481936831 -30.707843682006089 0
29 16 74 -47.589445978881422 -15.625992670271518 0
17 22 79 -44.848045958387793 -53.526978487630387 0
15 14 72 -4.848522314919226 95.877483442994745 0
27 11 56 -64.751189909409163 62.375584875289441 0
27 11 56 58.476404530300172 79.884354620968736 105
27 11 56 74.674700445224673 64.997608520744535 105
27 11 56 87.185356831989921 46.901103975051463 105
7 13 60 52.141682175474237 56.735460636865120 105
7 13 60 34.778558279191003 76.088029679819556 105
20 15 38 65.711064463834745 32.243178907464561 105
24 22 65 19.272271899127883 44.710408949441209 105
24 22 65 0.846084687016933 84.666329972791914 105
6 31 80 -33.727293091360600 44.495674650858334 105
7 13 60 -41.062246477711810 87.879985856869851 105
24 22 65 -83.755933314741753 26.998956175684498 105
9 15 63 -94.630844621430285 -8.366794262722120 105
9 15 63 -55.003417582058105 3.711774314373329 105
4 21 66 -79.079355810432659 -40.834488910809100 105
24 22 65 -37.736500268208118 -29.012124696543260 105
4 21 66 -49.281516686379497 -70.433285905569662 105
4 21 66 -8.469394727467311 -60.515085402914011 105
20 15 38 1.929749716287340 -94.980398325299149 105
20 15 38 24.428114604645682 -75.135409603954784 105
25 13 69 -74.602625194691086 60.780858882006626 105
21 24 74 1.519532431850256 2.274100893638767 105
4 21 66 25.494341268531954 -35.807502817924764 105
2 23 73 60.337114859490811 -62.677209338264362 105
23 19 70 86.086865314794593 -29.496637440095036 105
20 15 38 94.941616623346121 3.330080020895561 105
23 19 70 60.544022127091388 -1.361905134839241 105
25 13 69 -41.062246477711810 87.879985856869851 185
23 19 70 -9.172705469099316 90.536520114134916 185
25 13 69 -28.563911594117851 65.081046733797947 185
25 13 69 -54.557539495830007 65.656640781136304 185
15 14 72 -42.084611746009458 41.710324293046597 185
15 14 72 -70.025640237476907 43.526619103644371 185
25 13 69 -92.635581443526775 28.768890326526645 185
13 32 93 -59.008463571562594 -1.134570068969843 185
2 23 73 -9.853779695729614 23.539648319196484 185
2 23 73 -8.300183657531406 -22.434108753182269 185
6 31 80 -44.554784879461955 -62.454152359340320 185
15 14 72 -83.569051749963194 -40.029010652824617 185
5 35 106 22.611411740235617 -71.510307362739923 185
28 23 73 74.317060976448303 -45.232449058423370 185
29 16 74 93.332503770767858 -11.182295823291511 185
29 16 74 61.452353652695415 -8.415342905519674 185
21 24 74 80.562371509248734 26.724480906249983 185
14 21 74 36.282783303036531 18.704626276128977 185
21 24 74 48.135900185720125 62.115496114977418 185
15 14 72 25.415052975034520 92.574700011807707 185
25 13 69 11.337620577477921 65.973814125928001 185
25 13 69 -19.203202985296706 -95.080160891247402 291
8 15 72 -44.815133666156058 -83.765170533370053 291
8 15 72 -19.877583026182840 -67.088283291478305 291
8 15 72 5.834128375011680 -82.544929008505136 291
15 14 72 5.765734608414773 -53.545009658743297 291
8 15 72 31.472647873783824 -66.967178275132852 291
28 23 73 33.469682040086525 -29.019690156172732 291
14 21 74 66.391606116441110 -58.211245700726103 291
14 21 74 -68.580778838731661 -56.724569402270262 291
28 23 73 -32.666390034245055 -31.304957351726156 291
28 23 73 -0.701910931707875 1.774826137641849 291
28 23 73 43.052718961886583 15.971035592090288 291
14 21 74 -86.957388608551497 -18.958179405769894 291
14 21 74 -85.968661488397217 23.030181108566367 291
21 24 74 78.514362923565557 -14.874901053359753 291
18 25 81 -59.529713180791759 60.673002633895322 291
17 22 79 -19.777854128762407 85.748682124341684 291
3 19 94 -18.504778539255895 44.768451786489706 291
3 19 94 -46.199299066659677 18.740913972039369 291
3 19 94 19.068206542737315 50.449190473343357 291
22 20 98 48.925206976307550 75.540215265284147 291
30 23 98 76.080241829214117 42.199488186568075 389
30 23 98 86.964235438214672 -2.494344532490999 389
19 30 99 35.128732932755717 8.554668093375588 389
19 30 99 29.971002847013651 68.332572208212468 389
19 30 99 -19.219315658554379 33.976894870678109 389
19 30 99 -77.515824842818674 19.781225920995283 389
16 22 99 -81.964624173887927 -32.028118646484799 389
22 20 98 -57.831349550475075 65.743399852012885 389
22 20 98 -23.816938545279090 86.791436434307272 389
1 25 89 58.573697385909952 -41.198056875115682 389
22 20 98 13.802194145923195 -36.668984383771011 389
30 23 98 -25.253433685155152 -18.678488706322369 389
30 23 98 -46.361656549982754 -59.549541145533794 389
16 22 99 -10.949562858596266 -87.316132949218783 389
16 22 99 83.802716724996955 26.853392141588298 488
16 22 99 86.327719703565904 -17.074097656466616 488
16 22 99 47.022896124684124 2.702930518488757 488
30 23 98 43.866438114070611 47.592091491124833 488
30 23 98 49.030794952000832 -42.252250965954836 488
1 25 89 12.648563145243592 84.053636746786793 488
26 25 83 3.799049558875424 21.160966385162851 488
26 25 83 -30.020042489429631 57.988524178590723 488
21 24 74 24.603181568393712 -82.405603308953772 488