24 11 70 99.000000000000000 0.000000000000000 0
24 11 70 96.555555555555557 21.863775779997951 0
24 11 70 78.843192529652626 8.814936902970350 0
26 25 71 75.187013825941406 -26.998920153852342 0
26 25 71 42.922130166730135 11.197640980071238 0
26 25 71 25.975379717152606 -35.842848485916932 0
5 16 66 74.465745838462809 37.389248612173944 0
18 23 64 42.128770558476887 59.191084079436308 0
26 25 71 -0.185383659504623 36.530273131527188 0
5 16 66 7.346847208747635 76.832450469077429 0
20 19 89 -26.088521308889778 87.180210230967006 0
19 18 74 -59.113140134761295 70.495649960888173 0
9 25 76 -49.548136820815571 28.572974573883016 0
19 18 74 -90.623798131072476 15.853302882952313 0
19 18 74 -66.557321854513262 -10.919906107189544 0
21 13 75 -83.325731863497111 45.981997324532067 0
9 25 76 -23.683969735938497 -14.217735410943842 0
21 13 75 -52.762089234682414 -38.681238153126301 0
21 13 75 -78.751569112775542 -39.420789142709040 0
18 23 64 -45.759612096497904 -73.993634190908907 0
17 18 77 -8.725395008607528 -91.585301669775419 0
21 13 75 15.630695484982549 -72.407688265911759 0
21 13 75 41.560596792579176 -70.499752685684001 0
25 15 63 -10.989320262579900 -58.663050190807176 0
10 13 85 67.545622035830306 -69.617447122059531 0
10 13 85 -56.904231434138069 78.555129971823305 89
20 19 89 -26.088521308889774 87.180210230967006 89
10 13 85 -40.329107474357933 58.523523303412432 89
10 13 85 -65.964549707709580 54.184848217572153 89
20 19 89 -48.267423922883957 27.523795369718218 89
10 13 85 -79.917123747172425 32.245712462640796 89
14 26 89 -5.392770553582963 41.189961564459416 89
17 18 77 -22.730215993268807 0.749721881367563 89
10 13 85 -53.353336850189052 -4.069455328743803 89
10 13 85 -77.155464404488939 6.392797004708994 89
10 13 85 -96.358729933816008 -11.135311649967896 89
25 15 63 7.061011149154442 94.737226693372847 89
11 27 79 39.955265439805864 68.622708994170338 89
11 27 79 77.472190013254178 29.783548723250576 89
17 18 77 33.439932888615097 20.501289703503751 89
5 16 66 93.451810274149580 -10.137019112359948 89
17 18 77 59.477637731020110 -11.462009682012225 89
17 18 77 23.575968875936063 -14.120989452504634 89
9 25 76 -10.420367667496613 -40.450613483729690 89
9 25 76 14.608391674745196 -83.735266720045956 89
9 25 76 -60.411195882992160 -41.408263904715795 89
25 15 63 -24.937245278592084 -77.723395301357357 89
2 14 51 53.406595770745803 -79.773025065996819 89
2 14 51 40.752240966970021 -54.795689249297773 89
2 14 51 68.710425704974227 -56.325364429075819 89
8 14 100 -57.450346996272536 76.912012260815786 178
8 14 100 -77.199558881115564 57.063369235974591 178
27 22 99 -22.394518722166570 85.102793909498246 178
13 37 101 -72.731139631375342 6.259499015207442 178
13 37 101 -40.832250420892549 -60.512208070483759 178
13 37 101 1.044299564128046 0.498893881145278 178
15 18 98 4.392756503225085 55.396870493466913 178
15 18 98 17.419324113105269 88.957390994573885 178
12 27 93 54.124818097283907 62.924590312022922 178
12 27 93 81.381989338728175 16.308642226474092 178
12 27 93 56.425268527095014 -31.578329763099404 178
14 26 89 21.250509564416060 -71.223459753016670 178
5 16 66 -40.881193520751367 51.902750914174121 178
2 14 51 -85.814277065055791 -43.033822184438137 279
2 14 51 -69.746845414132622 -65.964972180522338 279
28 25 52 -32.789467819654703 -78.420984437227190 279
28 25 52 16.973076045157018 -83.288142550817625 279
3 15 49 -93.784131434503138 -15.150468345098776 279
28 25 52 -54.118305895795714 -20.310147049516971 279
28 25 52 -6.589588010666638 -35.834997328853390 279
3 15 49 56.385461265200533 -76.457045181661130 279
3 15 49 77.415460182919873 -55.062205955326093 279
3 15 49 90.725357808159657 -28.176398822088721 279
3 15 49 -93.832257545440299 14.849493052833839 279
3 15 49 94.987851330646663 1.519243096730904 279
1 16 64 33.219644686534814 -45.644431158594358 279
1 16 64 59.728711163811013 -27.720441800659799 279
18 23 64 58.255318562751015 11.251716392634320 279
18 23 64 -58.011028294914112 27.531745809392802 279
13 37 101 1.844535715814944 31.692449711080201 279
5 16 66 51.693145631868092 49.695674128866258 279
5 16 66 82.669078360781683 41.665008429572083 279
6 23 120 -33.128913024972562 80.445479187980496 279
16 15 118 4.738938766162715 83.611833672969979 279
16 15 118 34.324296817197990 88.582405973222990 279
16 15 118 26.857437263695630 -13.896526545861880 279
16 15 118 -70.837058848163508 63.301746371974758 279
16 15 118 -68.292222534298531 66.039172778933619 399
30 32 117 -22.115766030692861 74.799016657143639 399
30 32 117 -75.498601913069024 19.594925597509402 399
30 32 117 -64.746768609573294 -43.495470506920313 399
30 32 117 -15.484799500062238 -2.638911676622593 399
30 32 117 -4.732966196566508 -65.729307781052313 399
13 37 101 50.153295858027136 -23.914259799799503 399
29 16 114 42.089249779250046 -76.297187942843976 399
30 32 117 64.723680128421137 43.529820016097275 399
29 16 114 25.776542650903380 71.585487577346498 399