25 10 60 100.000000000000000 0.000000000000000 0
25 10 60 98.000000000000000 19.899748742132399 0
25 10 60 81.766312060385914 8.217823563497323 0
25 10 60 83.766312060385914 -11.681925178635078 0
25 10 60 65.532624120771828 -3.464101615137756 0
19 12 61 62.203565730167995 18.282561812430856 0
19 12 61 80.734331614093762 33.534142574933249 0
13 24 66 31.641687979655302 -0.742990173325489 0
19 12 61 43.453729052324732 33.264004485091043 0
20 15 70 61.952499624562122 52.931121389094130 0
16 29 88 4.020716219941534 44.490646857639582 0
8 19 65 25.796133887714781 87.267172960094754 0
4 10 52 52.559595566904079 76.099491063364070 0
16 29 88 62.105097222778944 -44.113264524382679 0
8 19 65 14.274855353817266 -40.079908259852402 0
8 19 65 -10.128916874556637 -10.951641901800016 0
8 19 65 -35.537933641156656 17.304010045281995 0
3 21 69 -44.571820138504904 56.270519957680214 0
8 19 65 -20.955085903575117 88.554414767270572 0
19 12 61 -77.338275620112370 60.189626382853803 0
1 18 66 -73.759419878200291 30.403861467737336 0
13 24 66 -85.423152821973432 -9.944091811411052 0
27 19 87 -74.926464319080679 -51.643246844495835 0
1 18 66 -47.137942687032783 -27.213796062597236 0
30 12 55 -44.408607336083989 -57.089383563800645 0
3 21 69 -26.663313157971803 -84.912117694943447 0
30 12 55 -58.979020699824140 -78.226682326213279 0
20 15 70 -18.275218411028220 -49.902977938069995 0
4 10 52 -0.816356075196079 -67.796779265302334 0
30 12 55 6.121545360528103 -88.674171910653826 0
20 15 70 33.119066465779760 -89.040032774226120 0
7 11 95 96.231729515263652 -23.247671593110880 88
7 11 95 98.989797823606452 -1.421241303058512 88
7 11 95 96.859481054240291 20.475373742700448 88
7 11 95 78.708520564319556 -9.945899227687061 88
7 11 95 75.950452255976757 -31.772329517739422 88
7 11 95 76.578203794953396 11.950715818071894 88
7 11 95 79.336272103296182 33.777146108124256 88
7 11 95 58.427243305032654 -18.470557152315607 88
2 24 97 47.099244189644040 -51.586662539902406 88
2 24 97 24.694934681197104 -9.136139392952678 88
9 15 98 51.583991895838160 19.112375649572300 88
9 15 98 57.869764455899777 48.446469522115500 88
29 27 100 16.367572938643519 41.999136797260761 88
9 15 98 42.980949507157185 74.491107922794043 88
14 31 101 -33.558816279142810 71.517870843186742 88
24 13 98 2.331127726276755 96.971984838528400 88
14 31 101 -74.849994343828754 25.268129070606008 88
29 27 100 -76.280928296514659 -32.714216760026375 88
9 15 98 -61.809878953160407 -72.142490002741511 88
24 13 98 -39.237268906246868 -88.709845726271396 88
29 27 100 -25.489651509940899 -51.051234030827359 88
9 15 98 -11.299901804892603 -90.581614794337369 88
24 13 98 -45.337568890222876 -7.366465209779281 88
24 13 98 -12.061748323652784 -13.372441374749943 88
9 15 98 -15.323507067235093 14.436926289737947 88
26 16 74 19.671250632807030 -91.918670021608165 88
6 12 79 -75.577908093427382 62.385734012043528 189
21 26 80 -80.292769439991673 24.679367407945033 189
21 26 80 -79.435315177649670 -27.313562613241430 189
21 26 80 -34.836844093286608 -0.574520428876779 189
18 31 91 -32.985878031568262 56.476506041344678 189
15 23 82 8.623391794898168 22.057490010837501 189
11 25 82 9.410101348007718 -25.936062556971503 189
21 26 80 -34.029331375232687 -52.657134479390180 189
6 12 79 -70.238893774115894 -64.183954981219102 189
27 19 87 3.237065885114966 90.942407074232563 189
15 23 82 42.463611613002534 75.933139595173301 189
11 25 82 74.768485855323647 40.431095989377617 189
15 23 82 86.790144557653832 -6.039106528415317 189
6 12 79 10.859379327109771 60.894106992664121 189
6 12 79 55.199918925882130 9.029325524514213 189
26 16 74 49.716895726446019 -18.428577829428271 189
15 23 82 45.804778854088021 -57.231868174153064 189
12 15 77 84.221177397557355 -43.952170341965761 189
28 21 77 6.350362412155763 -76.708752504727755 189
6 12 79 36.029223828340591 -91.136683230888607 189
6 12 79 -75.577908093427368 62.385734012043528 280
21 26 80 -80.292769439991673 24.679367407945037 280
6 12 79 -97.570445052677115 -9.165601574502187 280
6 12 79 -73.842525636955628 -12.769188704158875 280
12 15 77 -50.371252339300945 52.709758314835241 280
12 15 77 -49.109347701766467 -1.940065506675521 280
28 21 77 -52.332433424638253 -37.795493525638285 280
13 24 66 -12.827866366229131 -16.245802541133269 280
12 15 77 -20.440348428924153 -54.495640669485475 280
12 15 77 -44.165176376344668 -72.856809991325918 280
30 12 55 -70.699591382681007 -67.864333624680484 280
23 35 115 27.119376242773733 -69.925241738608804 280
12 15 77 75.568895920497155 -57.570321949395648 280
12 15 77 -19.012810686404485 -89.207910877795911 280
28 21 77 85.950039417839093 -23.099582768351162 280
28 21 77 86.972666674746904 18.887965784683349 280
12 15 77 57.229638704213833 -1.393855808657009 280
15 23 82 45.992115522653805 34.906530866196761 280
26 16 74 21.174248933694646 4.822091400376155 280
3 21 69 2.020201788490919 36.478409536876377 280
26 16 74 23.385728042949690 66.686260964444557 280
26 16 74 -21.816407165109485 64.777103386471950 280
20 15 70 -33.023146837082400 28.234398552741965 280
17 14 108 53.039773766840170 71.229120438983998 280
17 14 108 77.195360469589289 57.069048721440687 280
17 14 108 -43.369049350538525 85.645347558583438 280
17 14 108 -16.755544694950700 94.347150242338415 280
17 14 108 75.069751429078323 -59.837550253802938 395
22 16 103 88.088253847402996 -32.809442758381152 395
22 16 103 56.294742233261736 -36.438853074322992 395
17 14 108 69.313244651586402 -9.410745578901214 395
17 14 108 95.995569403247927 -0.922309571787139 395
22 16 103 89.610225474084288 28.390271053369254 395
22 16 103 59.083827151022078 18.791364583268361 395
5 18 109 37.377854875212208 -7.378288978859153 395
22 16 103 27.737525053394858 25.226373892064373 395
5 18 109 65.348051496833591 52.209316246189630 395
14 31 101 10.897084069406873 -48.606541155375297 395
14 31 101 -15.741954346081830 7.378828650477706 395
14 31 101 -76.509126182741909 19.681301043205348 395
14 31 101 -38.739917649622342 68.849246767851284 395
29 27 100 -73.661608560623222 -38.248757159697611 395
9 15 98 2.950620933049461 49.409622473982992 395
27 19 87 -18.407420628792497 -89.118835639805710 395
27 19 87 31.690219681101976 67.576500681339894 395
13 24 66 74.981518699247559 11.329048271774218 504
1 18 66 74.966745211159605 53.329045673489027 504