30 13 100 97.000000000000000 0.000000000000000 0
24 24 99 79.567010309278345 32.635729966452310 0
13 15 97 69.455635092269972 -5.030701922178564 0
8 33 99 25.563438397936650 14.398015723254325 0
30 13 100 49.242489778895290 53.835339741218846 0
16 32 101 9.599169286674471 77.407079450175388 0
16 32 101 47.727213749437048 -46.706542716916267 0
8 33 99 -16.464903680004802 -36.490278236943787 0
24 24 99 -72.666896019477775 -45.994806477410094 0
8 33 99 -63.113766699324081 10.198945134245271 0
7 18 89 21.706943433446774 -89.402508951243320 0
7 18 89 -14.239617682511238 -87.441707090601653 0
18 13 85 -33.260789320041809 91.119261925280057 0
26 14 91 -34.447701991332430 64.145362720479682 0
26 14 91 -60.422951921758916 74.599375875812868 0
18 13 85 90.873941573965027 -33.925311241189675 0
18 13 85 54.510232441825465 80.234871216561174 0
18 13 85 -19.346057790255706 24.354779862407966 0
23 17 83 -48.318055786239654 -79.462981853425518 0
5 14 102 32.807959443169644 -90.219941239037254 101
15 22 90 58.882207259972162 -65.397902628399933 101
8 33 99 75.879170635240541 -13.090128483252183 101
8 33 99 13.425893825705487 -34.434641027500916 101
16 32 101 59.930780392242120 49.922956258387259 101
5 14 102 35.493270824275633 10.951067336812692 101
5 14 102 17.423776763668368 32.340162324531988 101
15 22 90 8.800428477803909 67.292098813669170 101
17 39 89 -35.049579461149420 24.887183959919838 101
7 18 89 -43.006848928326754 81.329028921142793 101
23 17 83 -90.832514666388974 19.961319580133733 101
26 14 91 -76.844842720484223 -7.703550445473642 101
7 18 89 -53.116571717997743 -29.173742695021833 101
14 15 73 -85.529108645752132 -35.372730508121521 101
14 15 73 -71.896192359072273 -62.096195731037156 101
27 20 67 -36.926492267712867 -63.552243642466642 101
11 15 112 57.752781855449832 -75.429544529692237 203
11 15 112 78.394200450028293 -53.659568911805309 203
21 29 112 13.969017980563528 -79.786380646440492 203
21 29 112 80.416368824105533 -9.706061258070971 203
21 29 112 66.289875499808801 46.547313630539939 203
11 15 112 44.783148780702639 -48.377952748312275 203
11 15 112 37.471188803247749 -19.282674071384331 203
26 14 91 41.884080460978716 9.379607540816899 203
28 23 105 15.513460837580826 35.333228110557492 203
17 39 89 -16.507280841400913 -17.757939726738403 203
17 39 89 -45.155060734849670 54.790697112119659 203
28 23 105 10.981589049600512 81.109446151122057 203
2 14 86 -91.493829080713994 29.066806500699258 203
2 14 86 -71.919904910176683 9.045280770474417 203
2 14 86 -95.841985158149726 -5.505804295923186 203
2 14 86 -71.279335714034517 -18.947390968838960 203
14 15 73 -83.543896704898387 -45.226290179068073 203
26 14 91 78.538124134096506 -55.206549045355551 315
17 39 89 70.946604409102406 -2.753056995111404 315
9 33 80 43.249247995179289 63.706377607359535 315
2 14 86 23.577915717237403 21.021032506133025 315
17 39 89 -4.043368271474133 -24.212413867263599 315
9 33 80 -20.310591453870632 45.925859920548575 315
9 33 80 -76.229268949645075 10.867315924490100 315
1 25 76 43.765746695151421 -72.866723655011711 315
1 25 76 -50.051669231517089 -68.701021878417549 315
4 18 75 5.184774183872271 -91.853786621250691 315
22 16 63 1.711180657955090 89.698471826337510 315
22 16 63 -67.510452520948448 59.085385567339657 315
19 14 57 59.267759444894601 -75.520412408713099 406
22 16 63 78.161975087874964 -52.217867156390184 406
25 17 63 90.458201268427402 -21.594300712935290 406
22 16 63 57.971421562290189 -27.391640130712357 406
25 17 63 68.095980542301021 4.016850846414862 406
25 17 63 37.598398680793245 -53.351993338440522 406
22 16 63 26.376069802346333 -22.318796040321583 406
22 16 63 35.386551718440913 8.386435039084617 406
10 22 65 55.188703095763891 40.819054434218053 406
19 14 57 88.556250629202481 27.305847131593097 406
4 18 75 45.907833523291202 79.727478457541721 406
10 22 65 13.829342450412639 55.832491316150531 406
25 17 63 1.950910808226222 92.979535097882405 406
25 17 63 -22.681152732281944 69.543207618169035 406
25 17 63 -56.394284995012441 73.950555237275367 406
25 17 63 -43.354593865102132 42.550452447052876 406
25 17 63 -77.067726127832600 46.957800066159180 406
10 22 65 -64.761079808292692 9.950416257441290 406
10 22 65 -20.768460965662406 10.756324048104013 406
25 17 63 -42.174946908852966 -21.843712141507570 406
10 22 65 -80.005011410084506 -31.324546484151735 406
20 34 78 -8.320578098885399 -75.543153098744483 406
19 14 57 -56.268388123163369 -77.780900599189820 406
19 14 57 -3.114042058120548 -27.826363784539602 406
19 14 57 -56.268388123163369 -77.780900599189820 484
19 14 57 -76.318590734582074 -58.236352120366917 484
3 24 66 -83.420292061355042 -20.905857370560671 484
29 26 71 -38.144869248053368 -42.122268213980036 484
4 18 75 -47.506511772328452 0.870285202253392 484
3 24 66 -5.790060497180946 -4.001849135821026 484
27 20 67 7.701187265078531 -45.882467968609646 484
27 20 67 -12.576431168890002 -80.361710864102292 484
29 26 71 47.173693485445988 -69.502824711958226 484
27 20 67 81.283306351638544 -38.639670140228660 484
4 18 75 91.974296397538836 -2.174580920010634 484
29 26 71 74.752616115542736 38.315093421291586 484
29 26 71 48.175749833136102 -6.380210343277207 484