4 12 75 98.000000000000000 0.000000000000000 0
22 15 74 91.326530612244895 26.162278309250819 0
22 15 74 78.614717174874443 53.335975134185944 0
22 15 74 61.437512128429326 28.740373356787195 0
22 15 74 48.725698691058874 55.914070181722302 0
2 27 73 61.323216806016539 -13.259471126011482 0
22 15 74 33.386965707669368 18.102382686703361 0
17 32 77 1.820873369700330 52.924528147757485 0
4 12 75 36.509821722549979 79.992532547294033 0
17 32 77 2.461014624139835 -17.289502676740312 0
5 22 57 -47.998835445136379 73.757113527514889 0
4 12 75 -78.479768592779905 58.693491305456661 0
11 15 72 -88.804494319442441 33.745544723238851 0
7 16 73 -57.985751072057425 37.092941420937052 0
15 18 52 -71.264259881984501 5.793081935874042 0
11 15 72 -44.372178008992201 -13.333233248611416 0
7 16 73 -32.700550880779829 15.385630241784181 0
13 17 53 -72.164143112615847 -29.195347725533008 0
18 13 65 -20.102153547733003 94.894169592991148 0
4 12 75 4.823407881941229 96.821962998814584 0
1 20 85 67.177155823202099 -59.893486586650013 0
4 12 75 38.802104145186753 -45.099689161040899 0
16 16 79 40.987216948541864 -84.593427917381163 0
28 16 58 17.318886314323912 -63.057176502862895 0
1 20 85 -18.638092551215589 -64.816628367264300 0
16 16 79 -52.020286908798042 -78.293612446522943 0
19 15 54 42.667646019128412 -84.879161065519227 85
19 15 54 67.007888915169843 -67.341984104511340 85
19 15 54 84.665904661776040 -43.089263022277933 85
19 15 54 54.833424220360399 -39.923333346408043 85
15 18 52 72.851629348034692 -12.276556247132042 85
13 17 53 91.351108727245204 17.434876951186830 85
13 17 53 57.393123973930010 19.124631813175114 85
15 18 52 36.851637149652433 -12.252855689820326 85
5 22 57 20.995746835299734 -54.890350055978260 85
27 17 57 23.406033314034257 20.061471434469453 85
15 18 52 41.242572204585670 50.175552532949730 85
15 18 52 77.242022965192078 49.976693450494899 85
17 32 77 -13.142007829938429 -13.050014177593997 85
5 22 57 -9.601694222610563 40.833806952331166 85
5 22 57 13.052469959891344 78.553680297720973 85
15 18 52 -25.735122008706774 88.327252279220005 85
27 17 57 -57.315738895080507 73.238692471336179 85
27 17 57 -79.809706534903711 47.743174829629297 85
17 32 77 -77.126488027756224 -11.640654814243767 85
27 17 57 -50.943857193770555 29.777575985866743 85
25 19 108 -66.964368471689028 -61.617962926307953 85
14 23 87 -30.047462580469229 -81.646494061137133 85
30 16 100 -87.823148830029737 -33.512602548570385 193
12 35 100 -44.478693445295683 -60.387464174275529 193
12 35 100 -73.400725423440463 15.405632324338363 193
30 16 100 -30.056270038706408 -11.469229301366781 193
12 35 100 17.942171874880557 -28.707256272804628 193
30 16 100 3.519748468291279 -77.625491145713383 193
30 16 100 33.901150040201543 -87.673895920916735 193
12 35 100 73.771437504212557 13.519430778034312 193
8 37 95 7.900692600507035 42.589087911047656 193
6 22 93 68.178369719974327 -55.639104075519477 193
3 20 90 59.571256809591688 66.654681490156833 193
16 16 79 -71.492192092289429 -61.031684147164000 293
1 20 85 -85.567203137043421 -27.897199631933436 293
14 23 87 -85.679109586144136 15.102654750920600 293
20 22 87 -47.892190370991415 -9.333972189545669 293
3 20 90 -46.417979223406689 32.640147235313464 293
3 20 90 -11.934543569999946 12.369659684754726 293
16 16 79 -12.680899037608283 -23.622602726991097 293
28 16 58 -36.079730303374042 -45.451361175336778 293
21 17 118 -43.019095618401472 -77.713493916750423 293
20 22 87 -5.312425562511478 -67.753221164649247 293
9 39 93 42.027070990623464 -29.282816096652819 293
20 22 87 87.220435304091239 11.687414828131807 293
23 32 92 42.339989852163406 41.716494335111889 293
28 16 58 29.559542300059306 -82.851097087832301 293
15 18 52 24.884612430999624 88.570627547505495 293
20 22 87 -6.785556568418883 64.137036007409080 293
28 16 58 -37.829790891821979 86.051768843417875 293
21 17 118 -64.662104764944914 66.841695126375186 293
25 19 108 -33.379326777086831 84.657076159695322 411
24 26 109 11.596935231255422 83.195619435412979 411
24 26 109 58.347718359538021 60.428004784503933 411
24 26 109 82.738491504233480 14.503172880576358 411
24 26 109 15.254994124134726 31.324446274048803 411
24 26 109 -36.060004420329761 39.736991928106690 411
24 26 109 -82.424492018145344 16.192687100993915 411
10 32 113 66.284543596151224 -41.113979134230334 411
25 19 108 23.832499039520581 -12.850506011454934 411
25 19 108 -13.040902164684830 -3.666156081617606 411
10 32 113 -53.836293594005653 -34.272299878713284 411
10 32 113 -6.825975620004591 -77.700746822891631 411