13 12 115 98.000000000000000 0.000000000000000 0
25 37 109 63.938775510204081 35.225459347689515 0
11 36 109 63.632794415738829 -37.773899386273555 0
11 36 109 1.402317750978249 -73.986711678012099 0
25 37 109 -62.216071817683556 -38.185866594550959 0
11 36 109 -65.334614480877875 34.747491285487982 0
25 37 109 -1.395838970673787 69.972950633177504 0
13 12 115 48.018386872971099 -85.429705150595467 0
13 12 115 -97.999082850752487 -0.423981616758539 0
13 12 115 -45.489246943756214 -84.242498360638308 0
13 12 115 31.848838576644358 -1.804743832959645 0
13 12 115 -14.166506787396418 -28.581737253470209 0
15 14 102 15.065644641894242 -25.889793915311632 0
15 14 102 -28.940171094738318 0.462735334583464 0
15 14 102 14.789954832934050 21.609533891314751 0
26 14 90 -1.009542835862852 -1.507037511332339 0
24 12 72 95.061224489795919 23.819395426849606 115
7 14 72 95.975595063065612 -2.164521261262269 115
14 20 71 65.206213585008655 12.300787703906973 115
7 14 72 78.286379373357988 43.684051762148201 115
7 14 72 74.685844802993216 -20.350959446452570 115
7 14 72 50.298558079581767 42.858304084194096 115
7 14 72 63.577350260245609 67.509342160160415 115
7 14 72 46.967002090585268 -16.392960117904209 115
24 12 72 33.824487186093336 6.040815801124840 115
24 12 72 28.086312430324995 29.344750028466432 115
7 14 72 25.154948479725824 55.178973558294615 115
16 22 69 9.312796362340357 87.505838798982893 115
3 19 71 -7.450181748475348 50.089230656924983 115
16 22 69 -34.377162198869463 81.007473230268204 115
14 20 71 -69.206780248153024 57.536263066729113 115
14 20 71 -87.303822169035328 21.864186119713139 115
14 20 71 -47.362376366725101 24.027726556385112 115
3 19 71 -65.522143547330003 -10.486369925287779 115
16 22 69 -24.528764619776368 -11.223176617712500 115
3 19 71 -48.520372007779201 -44.470774650351309 115
1 14 87 -80.622831348546882 -52.114864149719963 115
1 14 87 7.872167463604629 4.466934921984471 115
3 19 71 12.808681199555265 -28.161746205740730 115
3 19 71 -12.482312073883385 -56.523087133892929 115
5 18 77 -40.571054110733513 -80.606744887383954 115
26 14 90 -62.155895282946034 -73.161770629034450 202
21 15 89 -80.393832993145878 -50.614539577775162 202
21 15 89 -92.168316718372068 -23.021759127005350 202
28 14 89 -51.591887434273872 -47.231060299905536 202
28 14 89 -34.417237475408768 -69.345114627198285 202
21 15 89 -22.946443703786102 -42.710158455863919 202
21 15 89 -5.502912642595167 -67.117600438121443 202
28 14 89 -13.121035786211552 -95.099097892130160 202
26 14 90 14.877766697910435 -94.840139487890610 202
21 15 89 42.197995746537217 -85.113624966718618 202
21 15 89 66.634768562694248 -67.711207481451510 202
10 16 88 84.059337171061784 -42.071698733967821 202
10 16 88 38.679190436057013 -54.313981962506105 202
8 19 84 -90.341321497072698 10.929118453130179 202
10 16 88 -82.506458181618910 45.040918710931841 202
10 16 88 -58.042774388831191 24.412584428045697 202
1 14 87 -65.745047142096126 -11.071410809928970 202
10 16 88 -35.949647105116391 -14.569143880983495 202
10 16 88 -4.141218852806809 -18.065412194153069 202
9 28 84 81.978467293905140 1.879068956191389 202
30 13 78 57.310241505402843 -30.869650659199234 202
16 22 69 -48.055724051143635 61.076719840632407 202
8 19 84 -23.272378834924627 28.415032806835228 202
9 28 84 22.338902691918825 17.074353925964424 202
1 14 87 25.084831705228119 -24.835786539725575 202
4 23 63 -10.807031002311440 86.326172629829244 202
4 23 63 62.200031600749057 48.887722218454599 202
23 13 63 7.328132368215567 55.227686339909987 202
30 13 78 -80.814874668714197 -53.646584535084955 292
18 19 78 -54.972516290462593 -72.519117842778698 292
18 19 78 -88.173482352197695 -22.504155391542241 292
30 13 78 -58.273312360833728 -40.689811452255157 292
30 13 78 -33.552708897122315 -48.745353916294405 292
9 28 84 -8.829306824077236 -81.452438621821898 292
18 19 78 -52.578301058540283 -9.200657029394733 292
5 18 77 -90.866417218006902 14.397715859229162 292
18 19 78 -56.690812362444049 28.576151342611283 292
30 13 78 -29.037004898451951 12.474383342032736 292
18 19 78 -15.268883841386966 -16.412271752629984 292
11 36 109 36.152834573359740 -35.926545381809717 292
9 28 84 81.475421858522040 9.260433735839271 292
8 19 84 35.510454389485247 19.069703105695009 292
12 27 57 58.192077040452077 59.088998375841250 292
19 15 95 38.440870205967556 -86.875194951193961 292
19 15 95 87.088796697024975 -33.371596745038161 292
19 15 95 38.440870205967556 -86.875194951193961 401
19 15 95 63.614286109502459 -70.556520625512448 401
19 15 95 36.895191635609933 -56.915040115860791 401
19 15 95 62.068607539144821 -40.596365790179277 401
29 22 95 86.996187878066124 -13.253803027215294 401
27 22 96 82.538134193097648 30.519770705596827 401
27 22 96 3.889884728741819 -73.637770634034069 401
27 22 96 11.238208870826931 -30.255722131193068 401
2 28 97 47.886381029769403 66.564964597539912 401
27 22 96 40.636691992544328 17.093336275202081 401
2 28 97 -2.565927659137529 42.263430737323453 401
27 22 96 -33.948772191025455 81.187935475179174 401
2 28 97 -58.367751888611878 37.556370862746782 401
20 19 98 7.548352342020330 90.686395765410794 401
30 13 78 43.928349309664995 -17.751534109212411 401
5 18 77 -34.359091038469572 -85.343147721478843 401
2 28 97 -64.518583045114056 -50.609805787522241 401
4 23 63 -86.869233962666144 -4.768248183512647 401
30 13 78 -23.538788864303189 -51.896844597496539 401
23 13 63 -51.546066127149643 -11.716184140610434 401
23 13 63 -30.377567987548755 -26.812365330358848 401
23 13 63 -14.330622379052734 -6.355201875031753 401
5 18 77 43.303935043368568 81.171233880973588 499
3 19 71 71.119098653588750 56.772121738588481 499
3 19 71 34.947320460014296 45.127274710187834 499
16 22 69 86.017326256100660 18.574702790395765 499
16 22 69 84.257599795082484 -25.390094067799684 499
9 28 84 40.273497501278086 -1.611979226455535 499
16 22 69 4.288819866824525 72.349624744256943 499
16 22 69 -2.708864597023460 28.909638416629949 499
4 23 63 47.986876805360765 -52.025308611761460 499
16 22 69 5.411407794693339 -37.453780259467791 499
22 22 68 -27.046187722614413 -7.746803078427583 499
4 23 63 -47.581380924203870 32.294498600880921 499
22 22 68 -39.508836812928763 76.564511381221493 499
22 22 68 -87.293380086895354 11.129501022275051 499
22 22 68 -81.769754089892146 -32.522412519346823 499
22 22 68 -55.803689570415898 -68.043722931131981 499
22 22 68 -15.886702658335672 -86.554102610134152 499
30 13 78 -72.388379966240535 64.567193263012328 499