26 12 116 98.000000000000000 0.000000000000000 0
18 14 111 92.571428571428569 25.426966241470851 0
9 22 110 64.162061280034521 3.315705533345914 0
18 14 111 68.134543160017728 39.095859078477673 0
9 22 110 32.513878708688353 33.883540588036013 0
2 17 110 53.782689795027295 66.573564677559503 0
30 28 109 10.463901304023125 78.758906842293513 0
18 14 111 -29.614365871459796 91.318066854436410 0
18 14 111 -28.602010686324171 63.336373964635598 0
2 17 110 -9.886545002828873 38.623394697661126 0
9 22 110 -48.528985926642534 33.354451781897893 0
9 22 110 -87.141993920690012 12.258584564558241 0
9 22 110 -82.183906413929918 -31.461174907279087 0
2 17 110 -52.665566728140249 -5.972596637898603 0
16 14 109 -83.119303472635735 48.033128049543940 0
16 14 109 -53.341045162353886 76.450495101555660 0
15 35 113 -1.093197216237947 -12.627722701904482 0
13 26 99 -42.067315806666130 -57.817562331377914 0
11 27 95 69.486477988955258 -45.394155754793331 0
30 28 109 21.120899365259639 -71.581381732264063 0
12 15 86 -15.764370857866147 -93.682893910551570 0
26 12 116 95.061224489795919 23.819395426849606 116
2 17 110 92.860222927345077 -5.096959670605017 116
16 14 109 70.235115785555323 16.095126749153998 116
2 17 110 59.815885120440939 -13.101442096296664 116
30 28 109 28.339781156937384 19.058391225390743 116
13 26 99 22.596364889982375 -34.635306445606702 116
15 35 113 -30.233687677159612 -4.139642069288969 116
30 28 109 -67.363884065266916 46.755824488947667 116
13 26 99 -13.943265187427073 54.644897863469005 116
28 16 98 27.208377895834538 63.043842532166778 116
20 19 97 60.761684746209681 53.085147868478728 116
12 15 86 -94.095931185772400 13.075004179058020 116
12 15 86 -93.481322250939044 -16.918699424485574 116
19 14 48 -47.196618218885597 83.597124524117191 116
20 19 97 -77.853891955850173 -47.114451151709368 116
28 16 98 -56.683958117649155 -74.986191342917238 116
5 23 67 24.034703638575330 -83.614191504826820 116
20 19 97 -17.580616864952958 -89.285619842434485 116
28 16 98 -30.408676833043472 -56.721208632417600 116
24 17 70 61.544957591025920 -69.722436812828192 116
29 13 83 96.993696693092843 -1.105803693387806 232
14 15 81 90.661734678460263 -28.380448641493953 232
14 15 81 91.285204064561142 26.306111816295232 232
14 15 81 69.620410730717325 -6.996747219005383 232
14 15 81 61.622244045772256 -35.910918998252924 232
14 15 81 61.608512227712623 21.913622587995551 232
25 28 79 26.781032856233438 -10.709926897822529 232
12 15 86 72.642850888579858 49.810636233138482 232
23 26 79 31.642941666725868 49.896913690982771 232
29 13 83 41.706116114610609 87.576251795989862 232
17 15 63 13.717702479148926 86.770831303139957 232
23 26 79 -18.934819117056293 61.975411697709752 232
25 28 79 -69.614882135296583 43.333222650626446 232
25 28 79 -81.195782410558550 -11.456217470754957 232
23 26 79 -30.229887644849917 6.389722424098279 232
25 28 79 -37.965624391834822 -47.053316196299676 232
19 14 48 -79.756317790535519 -53.431542860889842 232
1 13 41 -52.752472247921048 81.401330896566549 232
1 13 41 92.289502423767829 29.860471234951223 318
6 15 61 78.143356194570501 54.024215706000575 318
19 14 48 65.353903744509296 27.996732039160563 318
1 13 41 50.371348615486326 50.458322405957560 318
1 13 41 59.411814599936470 74.835975590462425 318
6 15 61 94.979156057475635 1.989953418974356 318
1 13 41 66.995050058351978 1.046655253062889 318
1 13 41 43.488406554224184 12.156907778088904 318
8 19 64 85.662043125075442 -30.708539002005868 318
25 28 79 38.707926075421561 -28.632270212228530 318
17 15 63 72.083034072939569 -61.879206514300371 318
17 15 63 49.193184920934158 -81.271339089095704 318
8 19 64 17.004743421698954 -70.321259918134743 318
8 19 64 -15.723228842868117 -89.631356537513142 318
8 19 64 -6.730742361811835 -40.645904577031288 318
8 19 64 -0.763449864034696 -3.117363168578272 318
27 26 70 -53.321825689034952 -64.905954312283029 318
27 26 70 -81.311542637438322 -21.081580441704322 318
8 19 64 -36.495027082057454 -17.022032009390031 318
27 26 70 -78.141053903920877 30.821675729663578 318
22 18 71 -35.501582413399134 19.964628662943102 318
22 18 71 -2.287694069720807 33.851227277926881 318
10 26 73 18.344873671950651 72.713768990806884 318
21 17 73 77.658151302937270 -51.168462320164572 397
21 17 73 54.076812660609690 -75.661736250692286 397
21 17 73 44.655684536085360 -42.993060965929104 397
10 26 73 11.415975430030983 -70.271655844421019 397
10 26 73 -40.477116872677044 -73.604368142628900 397
10 26 73 -76.048305465534980 -35.674293767651264 397
15 35 113 -18.026340257710451 -16.847409972875248 397
23 26 79 40.652373795976388 -0.179821154883172 397
23 26 79 -82.476265886793328 15.926881847083887 397
21 17 73 80.115728748300640 -17.257397561003128 397
10 26 73 -36.991836519840007 41.129395316232831 397
7 17 72 4.542795962599314 29.999511913937148 397
7 17 72 36.129042356630130 42.581603899595798 397
7 17 72 68.599825657316131 32.499529121064761 397
11 27 95 15.630426093947314 81.514966601978387 397