3 10 92 100.000000000000000 0.000000000000000 0
3 10 92 98.000000000000000 19.899748742132399 0
3 10 92 81.766312060385914 8.217823563497323 0
3 10 92 83.766312060385914 -11.681925178635078 0
3 10 92 65.532624120771828 -3.464101615137756 0
2 26 92 60.439522766225650 -39.102007257758231 0
3 10 92 63.532624120771821 16.435647126994645 0
17 12 92 43.589297582193652 -5.042208208917470 0
24 19 91 80.277628055073677 42.854433071168344 0
24 19 91 35.816036251553008 24.967397058156052 0
24 19 91 47.039305200876150 61.272193354116169 0
29 27 94 1.403810972247172 55.492775865409278 0
4 16 90 27.013180094124948 90.034927118326536 0
29 27 94 -51.775526584425904 64.871371550980840 0
17 12 92 -26.303553706703543 94.404041557544360 0
24 19 91 -84.845691035827159 32.896940779546043 0
24 19 91 -49.506606838661234 18.927362113544071 0
29 27 94 -3.896911145846065 1.753569088357224 0
17 12 92 -40.811641936050322 -10.828269039942903 0
29 27 94 -81.847309479966043 -13.784699158511224 0
20 11 74 63.469556570464029 -75.977729557737291 0
17 12 92 40.874943484551295 -71.678490148504409 0
24 19 91 17.221632030434300 -51.640504789328759 0
24 19 91 -19.414211656728313 -41.550164986835114 0
27 23 89 -25.957849347464190 -83.037281128745732 0
24 19 91 15.515510515073270 -89.667546712601933 0
24 19 91 -55.568005277397376 -53.250729367841238 0
20 11 74 -3.335295518373247 93.196102902562913 0
20 11 74 -28.407346749355991 94.836821175437194 94
20 11 74 -48.650284253645388 86.221516120046871 94
7 23 72 -65.829729777873837 56.880986958491739 94
7 23 72 -85.632999057985970 15.361948845604672 94
26 24 75 -19.021180311963747 61.118875217689833 94
27 23 89 -39.773011791996559 18.948251672094504 94
26 24 75 -80.097593862000949 -31.310947885970307 94
13 34 81 -22.233988160884891 -35.286263630130769 94
8 12 56 -60.174860516264673 -61.295688939290883 94
27 23 89 21.925584131939807 84.191856853695953 94
26 24 75 61.986408505471523 59.612793598294054 94
1 13 64 26.691920791451690 48.508779143831951 94
23 20 61 86.916391783248699 23.356815694371079 94
23 20 61 88.453302516803774 -16.613647217597844 94
23 20 61 53.069410867237409 2.040580499778946 94
23 20 61 4.598466267945077 23.995940319702562 94
8 12 56 13.773811627222951 -6.660429940619810 94
5 17 54 28.630143925370582 -31.566039562691216 94
5 17 54 19.665310720087060 -64.362865104219566 94
1 13 64 33.162914269445324 -91.154929198356683 94
1 13 64 7.167357504877728 -91.635583440139783 94
5 17 54 57.258670946619432 -73.283317347311453 94
25 14 97 -19.733266693648332 -93.949977038833538 94
1 13 64 -41.599528244673365 -78.111207964749369 94
25 14 97 80.325155319992547 -52.572515850195643 94
1 13 64 60.533960254877599 -34.206552823592062 94
16 12 113 64.855400353652897 -73.469565433364309 191
10 27 113 74.890550305905180 -35.782753874998015 191
11 21 113 88.404828823265220 10.275516567510152 191
16 12 113 44.688796120059095 -60.457721840483373 191
16 12 113 57.369240430951095 -0.940197994783996 191
19 20 113 52.879162445420135 30.743223532630786 191
11 21 113 26.996085599690204 -32.601519758318119 191
19 20 113 20.102805937665014 7.814846920307385 191
10 27 113 12.111046083739954 54.130414221563576 191
19 20 113 -20.961743123044130 87.524884034447666 191
25 14 97 12.154264206106479 95.227484801438280 191
10 27 113 -58.342621181831454 59.035062070207999 191
30 20 114 -87.271483572239077 21.992911473936452 191
11 21 113 -86.946991887347338 -19.005804422374688 191
11 21 113 -47.436010407551976 12.290588157045050 191
10 27 113 -41.826380769364910 -35.380493803850001 191
18 16 100 53.220142089968640 66.741608675328564 191
1 13 64 83.156856249519677 43.868057166059927 191
1 13 64 -23.997356021178760 36.920437538560726 191
1 13 64 -4.738328841949137 -20.397957161835386 191
1 13 64 -12.714617383516774 4.348331875142605 191
28 13 118 -96.515186599538580 -9.686008241595086 305
22 16 119 -86.460093016994833 -36.887020962563540 305
28 13 118 -70.674492795158599 -12.559776448719315 305
28 13 118 -57.522343283241511 -34.987905287661256 305
30 20 114 -80.242312563548836 19.022763425071723 305
30 20 114 -42.763507496865344 5.046384395668587 305
22 16 119 -29.294802335765858 -28.339151114240074 305
30 20 114 -39.743775978028822 -62.789389862662325 305
21 36 100 15.640526619747718 -54.508144439543671 305
22 16 119 66.177138672928123 -66.757668601173023 305
30 20 114 66.354782177712778 -30.758106898491029 305
30 20 114 89.987260219475928 1.514264901635215 305
21 36 100 11.858597923838875 17.392460671533534 305
10 27 113 63.619880823125698 53.305822984466559 305
9 13 64 -26.911344674221034 -93.192164519477032 305
9 13 64 -72.713581716094751 -64.200740136051465 305
9 13 64 -96.515186599538580 -9.686008241595104 424
5 17 54 -85.130016985528684 -37.441690774370734 424
23 20 61 -63.597798869171143 -7.352430514444032 424
23 20 61 -48.813368064513654 -44.519897549235296 424
23 20 61 -24.017612820392479 -13.132471374513074 424
23 20 61 -9.233182015734997 -50.299938409304332 424
9 13 64 -32.816254825618060 -73.383237065340353 424
9 13 64 -58.509224883979073 -77.367115775864121 424
5 17 54 -89.159511041071141 19.398249305720160 424
13 34 81 -36.559571480612888 39.390849854873423 424
15 22 81 11.073980030255356 9.945225893723240 424
13 34 81 42.878989281481829 -36.146436980699058 424
15 22 81 17.749334726347669 -86.191421364147772 424
12 19 94 90.174751711003282 -12.227598041271669 424
14 27 87 59.921822972818731 22.424390397522533 424