1 10 101 100.000000000000000 0.000000000000000 0
1 10 101 98.000000000000000 19.899748742132399 0
1 10 101 81.766312060385914 8.217823563497323 0
15 25 101 70.291971924572152 41.283508471686559 0
15 25 101 48.941683891439219 -3.928936727641701 0
15 25 101 20.461701798175632 37.167177686830449 0
8 18 100 42.496581646601875 74.092292040958313 0
28 30 97 -5.564111445789948 -11.285449125244725 0
8 18 100 -22.395585847903309 33.666764051094020 0
30 27 101 -12.327889060722720 77.526101499366007 0
8 18 100 -57.012217389241428 72.205311912364721 0
28 30 97 -75.043679692694155 27.720861064915070 0
28 30 97 -73.211089268868818 -32.251145841128221 0
15 25 101 -39.159344892551395 -75.442333656815052 0
10 11 83 -45.505467199049640 -2.028662393794697 0
26 10 53 83.766312060385914 -11.681925178635078 0
9 19 99 75.054557695594667 -39.342462698494316 0
9 19 99 55.639773468559014 -72.008441229951899 0
11 18 99 32.075081143091737 -43.482921504518956 0
27 21 99 6.784551173943831 -73.171119393236140 0
10 11 83 31.082958352060416 -93.993881184277512 0
26 10 53 -12.157349937772528 -97.710972332362701 0
26 10 53 -14.945867570505506 -50.169670244052838 0
12 11 83 96.799999999999997 20.754758490524534 101
18 23 82 86.228568156158630 -11.560018760309440 101
18 23 82 63.705358254411045 28.548646334926772 101
18 23 82 40.231840320928079 -11.011358162373952 101
20 30 82 48.928505403115821 -63.292980329711654 101
18 23 82 2.626308993182924 -37.503319463077567 101
20 30 82 10.904157450422026 33.134842324723763 101
18 23 82 12.383238291038584 86.114199812965552 101
22 17 84 62.859441887027828 68.539700653353975 101
22 17 84 -27.524211875476965 88.833652185609552 101
20 30 82 -59.049051593336273 53.974155907503636 101
12 11 83 -93.677772980560363 32.023036230229565 101
12 11 83 -98.436908053310162 10.543961916858354 101
12 11 83 -98.334961246884163 -11.455801873888579 101
18 23 82 -66.214864183357079 -0.306839382714834 101
22 17 84 -35.752383066366946 -26.230520529438966 101
22 17 84 -66.703006573422115 -40.303860734398285 101
22 17 84 -57.555704163117724 -73.050262958374574 101
5 15 71 -32.658555301058300 17.524989861525814 101
16 19 58 -24.628609097376646 -87.603833328962352 101
14 14 120 -56.439293457728780 77.656977497146855 185
2 27 108 -72.711999106006132 40.024557286847823 185
2 27 108 -81.946870117175109 -13.179927086248689 185
7 18 108 -41.859778362859608 7.265734426186917 185
15 25 101 -23.489702272842493 56.792547460626224 185
7 18 108 -7.200097647883485 16.997462573639062 185
2 27 108 -13.380842785763592 -27.576054109931817 185
2 27 108 -54.431310897994337 -62.659655233059510 185
14 14 120 -76.446468831932421 58.068385573635375 305
14 14 120 -89.950385572864036 33.539948349588940 305
7 18 108 -91.986002987872595 1.604759893283973 305
7 18 108 -57.991087390252716 31.926486334251393 305
2 27 108 -37.968627346252205 72.226623974046163 305
7 18 108 -56.431256260445210 -4.039705107802682 305
2 27 108 -13.696666443729590 23.988963231153438 305
15 25 101 -20.441752445493623 -27.571717668431340 305
27 21 99 -79.633225119030598 -35.387251121569591 305
28 30 97 18.761279038102391 77.768981019777158 305
28 30 97 67.555000500683846 42.852326743744101 305
28 30 97 78.349034181630643 -16.168761325645015 305
21 14 89 41.290200014995754 7.551331638124220 305
3 16 74 15.425541900336263 -7.647992709088683 305
30 27 101 26.897288312782941 -49.089506125571404 305
21 14 89 35.599497182163759 -89.155346448640501 305
21 14 89 59.287633568599944 -74.226441782269362 305
3 16 74 5.716271581999941 -86.510950916630591 305
27 21 99 -28.662012342221466 -72.831272761585410 305
5 15 71 -64.332828852128145 -67.974025648603671 305
5 15 71 -89.403822497099810 32.124080109896838 425
5 15 71 -94.963208075679248 2.643692867041899 425
13 22 66 -64.689526784275998 59.659576971567930 425
20 30 82 -50.413297242748371 9.657684306613596 425
5 15 71 -80.614445224767579 -23.702331589188631 425
3 16 74 -76.627388348503573 -54.444865275686176 425
3 16 74 -27.985585208981437 49.819827338708208 425
4 16 69 -7.217976006125937 25.474264950513692 425
23 20 52 -27.141411130997533 85.809928340595661 425
4 16 69 1.005838689927216 63.365946351687100 425
4 16 69 12.756445317290325 93.130409120045115 425
4 16 69 21.773447892782716 39.020383963492584 425
13 22 66 21.868335184737852 1.020502432074284 425
13 22 66 -12.725008277457587 -26.169580100102426 425
4 16 69 -46.593452384854885 -43.401193307927898 425
6 15 38 -52.446990117567054 -73.843533822607696 425
22 17 84 43.831096139269860 82.023380881490624 425
13 22 66 59.101088889518302 46.137069822712796 425
13 22 66 65.837933544469593 2.655867860312370 425
29 22 65 45.269402369928720 -36.240604027532939 425
29 22 65 10.676058907733289 -63.430686559709642 425
11 18 99 52.437408289224145 -75.593109553114743 425
6 15 38 23.789625620562539 -91.973114075981329 524
25 19 48 -10.175308063590851 -90.429326580545890 524
6 15 38 11.790416896982077 -64.477314578458973 524
23 20 52 -46.754406132651070 -76.902701559718437 524
25 19 48 -18.822869542890309 -49.684522639466337 524
25 19 48 14.007888627506574 -30.549703122237588 524
6 15 38 -75.761262998350588 -57.316934922366137 524
16 19 58 44.068725362888429 -53.795048780427251 524
16 19 58 -52.652664117628824 -32.377154294423455 524
16 19 58 -88.696930337752249 -20.343415363697513 524
16 19 58 -60.253273611172077 4.854965378335709 524
19 26 63 -15.270130947243787 3.623350147561627 524