14 10 52 100.000000000000000 0.000000000000000 0
14 10 52 98.000000000000000 19.899748742132399 0
14 10 52 81.766312060385914 8.217823563497323 0
14 10 52 83.766312060385914 -11.681925178635078 0
14 10 52 65.532624120771828 -3.464101615137756 0
8 15 51 60.266141492102420 20.974886922073097 0
11 14 33 86.755771184755062 41.102751320786574 0
24 23 58 32.570433208048698 -5.043332514402525 0
8 15 51 32.762531368289586 32.956181933769471 0
8 15 51 56.890442280560833 50.784359490926064 0
7 18 63 43.623382378712577 81.000003147164321 0
2 17 69 10.532561575776896 92.401651211720605 0
6 19 66 -25.126964204358508 87.462195661170583 0
24 23 58 -59.561342513080369 63.414875841867932 0
24 23 58 -83.572599568315098 24.178928871934339 0
24 23 58 -84.220186298995088 -21.816512548126489 0
24 23 58 -16.871171757194006 46.281594754076693 0
24 23 58 -44.063172205603415 0.620381601981338 0
24 23 58 -44.710758936283412 -45.375059818079492 0
11 14 33 -49.905946489104409 -82.008514832465096 0
27 11 74 -77.289500247419710 -55.102629637004533 0
27 11 74 16.421769761338261 53.179423763525293 0
16 28 63 -7.926311513791291 -80.700750580213395 0
7 18 63 -5.101351131092436 -34.787576013035164 0
7 18 63 27.100413780254776 -50.882492496022195 0
10 26 78 70.743752258480527 -45.291517046691325 0
11 14 33 45.990203423769998 -76.712239827805078 0
20 11 96 97.096572621720370 -19.319823630535112 78
20 11 96 90.432416364277060 -40.286201986760105 78
1 34 96 73.575404332807878 19.043630884467284 78
1 34 96 45.508019664456150 -42.893610883945151 78
20 11 96 32.691183602757100 0.242553912748711 78
1 34 96 8.285437566218967 38.049425780175184 78
5 15 96 50.792348352121031 62.424875220941658 78
5 15 96 35.382904009684950 88.164902902693768 78
5 15 96 6.126356992818820 94.802256038538133 78
30 22 98 -28.060790767556156 80.651675555381686 78
20 11 96 -60.954858498650509 78.009648284103250 78
20 11 96 -76.677936211188012 62.621834038879619 78
20 11 96 -88.614449172555723 44.141583544822431 78
1 34 96 -75.994093156173960 0.947525920887902 78
5 15 96 -52.555571961660831 52.920723637841320 78
30 22 98 -69.002052704123287 -54.614253841075154 78
30 22 98 -31.014564228076416 -32.411760303586931 78
9 22 100 -30.780385035275220 -76.411137118556240 78
4 17 92 3.416775610436505 -14.095569735544867 78
25 20 90 16.541192262474929 -88.466880574234324 78
27 11 74 3.944684675095541 -60.141485667876999 78
21 14 73 -24.504268663157649 2.994680518068657 78
23 13 120 -2.454136776238517 -96.968949734868815 178
19 26 118 -35.437981585924327 -76.158712312615208 178
19 26 118 -73.478326418314794 -40.705473179458068 178
19 26 118 -83.360310333029062 10.346915539477784 178
19 26 118 14.562371802271507 -61.877092619613499 178
23 13 120 45.443287803716913 -85.696601995578291 178
10 26 78 65.684093650378941 -52.360288781940923 178
15 15 112 -80.015677410453009 51.210266241705099 178
15 15 112 -53.083911944560839 37.993609747334880 178
15 15 112 -32.844131102755668 -35.240844092594685 178
15 15 112 34.321325168495505 -25.952396909400644 178
15 15 112 60.700310152221199 -11.664319668974827 178
9 22 100 -35.618480211551997 5.375230045399842 178
3 27 107 -12.429865804192573 48.541051731854544 178
3 27 107 34.316724339415103 75.573556424271814 178
22 27 104 73.547967043411248 38.466823936754814 178
28 17 102 -6.448435997564317 92.132593313546508 178
28 17 102 30.059038382422528 31.780039663321585 178
28 17 102 5.437850074548624 8.332287397737289 178
21 14 73 93.137350772954960 -23.268732045290861 178
21 14 73 -8.620467968370875 -19.296749751684406 178
23 13 120 96.938185229250195 3.462404433277339 178
23 13 120 66.573824542086314 -70.547330820092014 298
23 13 120 45.443287803716849 -85.696601995578334 298
23 13 120 82.921291305915389 -50.329508721618964 298
22 27 104 82.354223868015211 -10.333528492089961 298
22 27 104 71.281988591774379 42.519149831601155 298
28 17 102 42.814351462503851 8.969281929086574 298
28 17 102 27.401730489075153 39.275240332170057 298
28 17 102 38.190338010853232 71.518161225616325 298
9 22 100 37.074208352610015 -51.711921488899137 298
9 22 100 12.316150322167935 -15.338324436074375 298
28 17 102 -1.381247612543078 21.177169396245276 298
18 23 92 1.303821509882518 86.990229620747442 298
4 17 92 -38.624690209769796 84.599842235073424 298
4 17 92 -66.451308573320276 65.063227624314578 298
4 17 92 -35.618794834681651 50.732976525444734 298
18 23 92 -66.295814046975138 25.063529857302932 298
29 33 84 -70.583854645210053 -30.772056535497583 298
12 22 81 -41.626822386366683 -77.531978292920414 298
2 17 69 -22.276352461838918 -43.671096530923336 298
2 17 69 -3.062124533183532 -71.721291630167826 298
21 14 73 66.698014683559350 -69.046179020071065 418
17 24 76 30.443632062391348 -80.431245588078127 418
17 24 76 48.216934325639926 -35.843021507507217 418
17 24 76 85.792188931066008 -5.974974344403186 418
26 27 79 71.079524489438100 42.856752074269117 418
17 24 76 32.493276284580233 9.508566974130545 418
10 26 78 31.346373641159879 77.932052838025498 418
12 22 81 -15.872426496684628 86.556721732672756 418
17 24 76 -56.446421369196173 64.882983243768564 418
17 24 76 -82.429349602901510 24.523505541472677 418
17 24 76 -34.485552512389006 22.201368477523872 418
6 19 66 -89.214549978340827 -17.937783368134617 418
6 19 66 3.884700987455100 41.610738543492047 418
29 33 84 -8.695938030118434 -38.993411993963754 418
12 22 81 -54.972253900085924 -68.717183448861519 418
6 19 66 -5.005018011480274 -90.862257261773763 502
16 28 63 38.269049499466604 -72.522271409597863 502
16 28 63 75.895480100844011 -31.046354057479775 502
16 28 63 78.125089524909271 24.909242997829349 502
26 27 79 -45.648715410159809 -69.319512270371888 502
26 27 79 -78.634044949037502 -26.564769431575129 502
12 22 81 -85.207623852253889 21.992290409432421 502