29 10 104 100.000000000000000 0.000000000000000 0
29 10 104 98.000000000000000 19.899748742132399 0
27 18 104 72.977701869358270 7.334535004941795 0
30 16 103 84.144800066126621 41.900508610655038 0
27 18 104 50.727106731442390 35.634906310077604 0
27 18 104 37.343563813620548 2.215140018752031 0
27 18 104 15.092968675704668 30.515511323887843 0
27 18 104 28.476511593526510 63.935277615213423 0
30 16 103 64.140615640596636 66.877149807368895 0
18 35 96 59.174786875487690 -46.079763435163279 0
11 18 98 11.525475943345395 -22.873230568489198 0
30 16 103 -7.625722173642481 5.220035718717060 0
23 24 101 -25.587549480712454 40.960387700629539 0
23 24 101 -8.010041050272648 85.626159801622237 0
11 18 98 -49.256039030753676 77.703556025454006 0
26 19 97 -75.167611466204917 51.291619066526437 0
23 24 101 -62.448927838944336 10.215651801108883 0
26 19 97 -87.593159460607211 -24.666544462259758 0
23 24 101 -45.805863669831396 -34.806658391314485 0
26 19 97 -47.231358697270664 -77.783023569476612 0
23 24 101 -6.888033537873561 -62.902965939105805 0
4 13 78 -79.470628371992746 -55.618515138042127 0
8 12 85 95.599999999999994 21.555509736491995 104
22 23 85 86.148247742528980 -12.144110131740813 104
28 15 85 68.600000634793105 21.561364548878057 104
28 15 85 49.619903954161245 -1.671283384447751 104
28 15 85 38.989888987036991 26.382286473927039 104
22 23 85 59.405562753198183 58.432251601422543 104
22 23 85 21.388334736895658 84.329942115375019 104
20 32 82 44.811577238890841 -48.424678921020465 104
8 12 85 23.852814226824005 -9.737080740156101 104
8 12 85 15.645597285551784 12.816003086205519 104
28 15 85 12.046404122234557 39.575035366411967 104
17 16 84 22.947526920130059 -91.155970776740162 104
13 19 86 -2.595565585672546 -67.227944839776399 104
22 23 85 -43.842552941146806 -75.145396077223097 104
28 15 85 -76.699380211396800 -56.055375078466753 104
22 23 85 -49.520992150333221 -29.497227130949085 104
28 15 85 -11.853422905512526 -34.512626136675159 104
17 16 84 -6.796375606202554 -3.927886925549914 104
17 16 84 -16.142850379832005 26.676743595106736 104
13 19 86 -13.933990825894856 61.606973188840882 104
13 19 86 -48.745827099681094 76.842984978252872 104
17 16 84 -76.164917823591807 55.089974522824996 104
17 16 84 -47.016188394706475 41.885748961224103 104
17 16 84 -73.025747882795358 23.244321568570783 104
4 13 78 -21.015992835523601 92.813466864606752 104
4 13 78 -49.346508266225207 6.502350024542431 104
15 20 73 -89.100707805549106 -12.691094064349304 104
4 13 78 -17.890947283583078 -95.335796033263662 190
12 19 81 -45.345821573559093 -78.897125840038953 190
20 32 82 -1.061219494466133 -53.601394605374153 190
12 19 81 -50.544050255741297 -41.254352050535367 190
12 19 81 -28.270841944735764 -10.466299310315598 190
15 20 73 44.841634564884913 -78.033504403873337 190
15 20 73 -86.275071718819675 -25.624441455620477 190
12 19 81 -62.759236062833153 5.488344877342914 190
5 14 41 -95.742184632627144 7.030937474614298 190
25 31 73 -26.096841281798444 39.486415542007983 190
19 15 67 74.323170914611808 -59.169808730444629 190
25 31 73 51.673079327014527 -19.132659093220767 190
19 15 67 94.935485743850833 -3.500506617490476 190
19 15 67 91.293417074476125 26.277594997749546 190
16 28 67 16.483919099861623 80.326087985841923 190
19 15 67 59.073563654049678 74.399691378465690 190
6 16 57 20.810671458493356 36.539340972309681 190
6 16 57 51.613199817193752 27.867302762554225 190
6 16 57 8.051818594157824 7.192932783465903 190
5 14 41 -82.679926209976969 31.797394728325507 190
5 14 41 -68.078728152532818 55.688920742527472 190
3 14 112 -25.560032043358024 -92.534775959865541 272
26 19 97 -52.895515585832712 -74.047717256569968 272
26 19 97 -17.366656567360863 -60.568096459027039 272
18 35 96 -71.295686341945498 -23.279284976797022 272
2 26 92 -10.724266972368095 -16.061033418782159 272
18 35 96 36.332576576427222 -54.876667836168679 272
18 35 96 -38.198046944554790 38.401719119442291 272
2 26 92 2.358274934747030 83.966889541843486 272
18 35 96 31.329889505768449 30.285928772235607 272
2 26 92 83.998584933419906 -0.487574797382308 272
5 14 41 84.454891165299557 -45.643962999036432 272
6 16 57 74.886404536201582 56.815723313536793 272
6 16 57 -51.979104944622378 -78.320959194560004 384
7 20 54 -74.613755734796257 -50.326806526424448 384
7 20 54 -34.778902625502049 -46.695762907717331 384
6 16 57 -92.089924647008900 -18.853269703375592 384
16 28 67 -51.560661040970899 -1.724965889153822 384
25 31 73 5.750887606980726 -15.738758793770128 384
16 28 67 4.192175778838571 -74.718165517107138 384
24 25 87 56.072528570084700 -63.881699568476058 384
21 21 119 84.558816719304843 -27.763402439740879 384
24 25 87 83.026244546004449 18.211060281792122 384
3 14 112 55.042782897578292 -8.953730793625024 384
10 34 118 30.200632053355964 44.487564325833844 384
9 27 89 -18.778220695364858 80.847872127324237 384
24 25 87 -64.259327789190962 55.639363692275545 384
3 14 112 76.105259548493635 58.514865368181589 384
3 14 112 -17.576312748391398 39.865492776107914 384