29 10 66 100.000000000000000 0.000000000000000 0
29 10 66 98.000000000000000 19.899748742132399 0
5 23 65 67.709266547426537 6.805037332362922 0
5 23 65 78.279872560100756 -37.963950689758107 0
5 23 65 34.223488624885583 -24.733870019069997 0
21 17 64 81.803791411224523 44.239571774022288 0
21 17 64 58.185002836503273 -72.550020295766330 0
21 17 64 60.435867369633684 70.685967032219679 0
21 17 64 28.528408409615871 14.858630045230614 0
21 17 64 34.880527941450715 48.259985967607214 0
21 17 64 28.236728348799012 81.604549647053986 0
3 22 68 19.543778846042841 -67.272160074136252 0
21 17 64 -4.084491832576230 -36.244675085212151 0
21 17 64 -0.761204761726693 -2.407480121020388 0
27 24 67 -5.063169269351114 38.366201358276285 0
3 22 68 -10.688339874408792 84.020965136703566 0
19 25 60 -53.960175641033381 65.675714269346386 0
19 25 60 -48.640025727032587 15.959559903863152 0
3 22 68 -87.346974487031162 -10.700749878486427 0
3 22 68 -48.329816137340657 -31.039416361694627 0
18 13 70 -94.073531715398971 23.646789012291364 0
23 14 74 -81.010276749204294 -46.138671118020497 0
20 19 84 -14.710500291417095 -89.803124562435002 0
8 20 75 -50.562994921174919 -74.453902144892581 0
25 16 84 20.232675793725171 -91.796725596428587 84
13 29 84 53.155039048574430 -61.119079048563279 84
20 19 84 86.905776480070955 -26.988627501152141 84
25 16 84 93.712749368725952 7.343065147086406 84
25 16 84 62.950568066684568 -1.471025931427330 84
13 29 84 66.746780519972575 43.368563395522365 84
20 19 84 5.163709998064665 -60.206754563690779 84
25 16 84 21.422417332598027 -29.212328680800304 84
13 29 84 15.909018278349411 15.448643441049104 84
13 29 84 17.148539446959081 73.435396991084730 84
19 25 60 -35.387306659873097 -77.283494533827223 84
6 17 80 -22.591774444209793 -37.280065239353945 84
16 26 80 -37.661941699849919 2.992630956543252 84
16 26 80 -73.494941008152708 40.675467375411351 84
6 17 80 -30.759157416727497 45.434963233889626 84
11 24 79 -84.992247719160943 -13.126988521545282 84
25 16 84 -27.589660496851412 78.282402849100066 84
30 13 73 -83.073892534921939 -50.077224155260851 84
30 13 73 -56.585301917505092 78.785173775938276 84
23 14 74 -58.053828458858376 -39.928510264837399 84
15 13 102 -8.360187480414126 -96.639056624598354 168
17 17 102 21.024130510678830 -90.592416549454867 168
17 17 102 52.180888586140377 -76.981522889332382 168
17 17 102 -36.269544134756373 -85.635974731750196 168
17 17 102 -64.625972137919902 -66.876630636036097 168
17 17 102 -84.344682047496249 -39.178752025897452 168
17 17 102 -92.790128869212083 -6.244356206608909 168
15 13 102 -2.047588096034155 -71.417020842125794 168
15 13 102 -64.623698490324301 -16.571611394279444 168
10 22 97 75.286345138251562 -45.562772476266893 168
9 17 104 36.309731002355200 -46.913161494825715 168
9 17 104 50.061825187864038 -15.818468933025173 168
9 17 104 82.985217902398503 -7.330229294293286 168
9 17 104 89.267032072881150 26.084420348154318 168
9 17 104 73.925884251287570 56.426621710547515 168
10 22 97 -62.535745429058338 18.366053839876514 168
10 22 97 -31.081572680958622 -46.982579639021537 168
4 16 73 -36.537632734028470 -9.348529618954810 168
10 22 97 50.272724469133664 25.418106229797758 168
10 22 97 36.439722704505378 67.187090682137409 168
10 22 97 7.183221960816141 34.322867517204521 168
10 22 97 -6.649779803812141 76.091851969544166 168
10 22 97 0.760744648844245 -16.617026341442127 168
2 13 87 -39.308300367733381 88.678393773230084 168
2 13 87 -38.978332322707637 62.680487682753068 168
2 13 87 -33.129491415414371 37.346892200840657 168
1 18 73 -69.850989675217761 59.873527049879257 168
2 13 87 94.870161640315132 20.215153482981002 272
6 17 80 92.493744338102786 -9.690575747481621 272
13 29 84 53.280590470039989 14.357887066586812 272
2 13 87 83.453321151056571 43.574429012047105 272
26 18 88 57.903330358405405 61.129997088741206 272
26 18 88 32.089092971385938 86.222329545621477 272
2 13 87 27.404493913231850 55.578332879645572 272
2 13 87 5.719825064438059 69.923197358550638 272
16 26 80 -3.724542407636648 32.084012337564559 272
26 18 88 -25.275787771475027 70.444719099401397 272
11 24 79 62.652912608623318 -37.806847934471335 272
4 16 73 -59.176988475148036 73.034813856216516 272
30 13 73 -4.784771342354678 93.706667549639178 272
4 16 73 -46.312867546308880 43.734397601012859 272
30 13 73 -74.891256884030497 48.661431481716278 272
1 18 73 -68.830398133597512 18.259688255261320 272
22 34 96 -33.574651042284088 -19.963763930973045 272
8 20 75 -87.568500190322979 -20.778781831892964 272
8 20 75 19.000642407647206 -32.286041263252649 272
8 20 75 -3.901801426879352 -65.080523518753452 272
8 20 75 -43.085644227334427 -73.119582132125089 272
7 13 72 -16.478158802910343 -95.590116029148462 272
7 13 72 9.504731319996388 -96.533207149325975 272
8 20 75 34.769665849056217 -75.303909392633201 272
7 13 72 -74.286943994300756 -62.373471540292030 272
8 20 75 -87.568500190322979 -20.778781831892964 368
14 26 74 -80.303655602869128 24.643922106998023 368
14 26 74 -42.586835129178084 -11.153304787768004 368
14 26 74 -30.443937490120693 39.409033339808474 368
1 18 73 -63.265616073771760 -49.991276138567336 368
1 18 73 -2.000290957787598 5.838823749403833 368
3 22 68 -23.611951225819752 -55.243596018991155 368
7 13 72 -96.371361349339566 11.025457436089471 443
14 26 74 -80.339442552126343 -24.527004921383920 443
7 13 72 -73.780655303009652 -62.971540421514817 443
1 18 73 -45.188655274197060 -50.992494785389177 443
1 18 73 -37.195245186167085 -15.891135906214991 443
7 13 72 -70.462590753648712 13.201602242821192 443
14 26 74 -2.044457908237810 -42.356625770220255 443
14 26 74 -34.387116083830456 28.019163693589725 443
18 13 70 -24.602750694766936 -74.170513092539551 443
18 13 70 -11.063357176098958 -96.367017843212622 443
18 13 70 -48.723819669643831 -83.874843646948321 443
18 13 70 -9.484289828963199 -1.994987044352104 443
18 13 70 15.877881701518104 -7.718644551439988 443
19 25 60 47.227689141597637 -29.193969309634781 443
18 13 70 30.764002097330891 -63.442283266798327 443
26 18 88 89.498403577556019 -21.308114817339131 443
18 13 70 69.001892574849435 1.948992412837367 443
24 17 55 91.999865449393013 13.602380574501765 531