3 11 78 99.000000000000000 0.000000000000000 0
3 11 78 96.555555555555557 21.863775779997951 0
3 11 78 78.843192529652626 8.814936902970350 0
18 23 79 76.031187123951696 -25.068578640702338 0
17 20 80 61.631823290442334 -65.585961591606548 0
18 23 79 31.169245677410565 -35.237463026273609 0
18 23 79 44.793704194629491 8.698560122306660 0
10 21 76 72.455546388821915 42.915843568302137 0
25 26 80 26.854232213373351 54.296535351846472 0
18 23 79 -10.160173778808861 86.404692400264963 0
25 26 80 -53.938540178027040 64.394362202473616 0
17 20 80 -84.763824477559808 30.250521647360618 0
17 20 80 -89.500594907214335 -9.468025731625314 0
17 20 80 -46.372488752298409 19.020858196024765 0
10 21 76 -50.393329233493830 -21.781504993192353 0
29 25 74 -7.861715667751831 -4.258324702663138 0
25 26 80 -16.647627204989728 -54.495838160833323 0
17 20 80 -61.185113546755986 -66.002892968949297 0
2 23 75 22.429449836734527 -84.059025571448359 0
1 17 72 -12.712806714056573 37.460578874258225 0
24 11 58 -10.846525714709298 -91.038241222201165 0
28 13 34 60.146605401047680 74.609533346544922 0
12 12 94 -39.611937535646248 -89.637572505462572 0
12 12 94 24.354308036007726 92.214214330225715 0
24 11 58 -59.907526378022915 -78.816802036535890 94
24 11 58 -41.021935393593893 -90.101058909225969 94
24 11 58 -75.834720998105126 -63.640357408955140 94
28 13 34 -39.523757003779053 -66.147865771101522 94
28 13 34 -18.590092986985091 -81.568037976105785 94
19 30 70 -76.726623784236480 -22.650059661560192 94
15 17 70 -90.273116284896091 22.355412682695597 94
29 25 74 -48.325353185150341 24.449492654332214 94
11 15 58 -32.896671864186324 -12.455192586110307 94
11 15 58 -14.348931346952806 -53.891106283031156 94
11 15 58 8.256423616524124 -73.614136653012565 94
5 31 76 6.216832640810757 11.755007027638708 94
11 15 58 8.282990949675334 -34.198567260361017 94
19 30 70 51.512577852534079 -61.208286391522307 94
1 17 72 87.632914197257634 -31.136350930963022 94
1 17 72 92.967920836850638 2.442477281997284 94
1 17 72 61.220299255316895 -9.726685545236677 94
27 17 72 66.555305894909893 23.852142667723619 94
12 12 94 -36.967465825558854 -39.146551422333935 94
2 23 75 -69.254541302043563 -52.657463944283734 188
2 23 75 -32.722776919536599 -80.611536833596233 188
2 23 75 -26.779721849403593 -34.997064388621418 188
29 25 74 -84.693806281607962 -7.208271466410196 188
29 25 74 15.182022069583596 -83.633164509533401 188
29 25 74 21.209876607687086 -33.997844729486999 188
10 21 76 -40.844986273304933 6.694281676068499 188
16 28 76 -65.891032003737536 48.809547237015387 188
10 21 76 -31.154345961270202 83.369099357768562 188
10 21 76 -17.150622560491055 43.772436229236234 188
5 31 76 75.894573064533688 -21.932026339400526 188
21 21 76 83.992030076053723 29.433635244449306 188
21 21 76 43.396755143692957 18.662207615483794 188
27 17 72 56.102540579978580 -74.172130483570825 188
17 20 80 62.759602345240353 64.507614383631505 188
7 18 91 -1.863426595857465 7.893450185328991 188
12 12 94 -1.568808096994506 97.987442262540995 188
7 18 91 26.730836277381592 88.031030846581714 188
7 18 91 20.857207619756124 52.513422729025137 188
8 13 113 -26.146128214767820 93.409742422174148 282
26 31 104 -53.017013290452603 58.567877729690458 282
22 13 105 -11.168185805278380 72.157419227332184 282
22 13 105 -10.802747207760923 46.159987534346726 282
26 31 104 -23.515581427689121 4.036551704673208 282
22 13 105 -65.729847510380793 16.444441900016940 282
22 13 105 -87.290256581875468 30.975400597563709 282
26 31 104 -69.513487161176570 -37.534985049856360 282
23 30 85 -11.288891186399802 -55.725543688172252 282
7 18 91 23.307303648933175 -88.998705589555769 282
9 22 98 56.835407524497228 -67.184346774559941 282
9 22 98 33.746448493491656 -29.729040463376919 282
14 25 119 80.646284963242039 -26.662227930685631 282
9 22 98 85.681409965602896 20.067286470927851 282
8 13 113 55.702310984965919 2.004794275519955 282
20 19 93 46.678030520187235 32.705972788616393 282
8 13 113 -87.695001740861102 2.532864001330787 282
8 13 113 -55.799945747849918 -79.343342849523339 282
8 13 113 16.180211301988518 23.016647583315986 282
7 18 91 63.842543613867427 -66.242959059144056 401
13 21 89 82.952963637580538 -32.246020277582190 401
13 21 89 88.503735290166091 9.385565496453061 401
20 19 93 43.094476969990666 -35.607722312201020 401
20 19 93 49.211011353320345 1.896784178853435 401
23 30 85 17.096300131531883 -77.141982881955059 401
23 30 85 -42.197852141561576 -67.965736033967204 401
5 31 76 -4.428432205075781 -20.065100154457319 401
14 25 119 59.109536679240101 44.768910279294559 401
4 39 119 -70.981264103304994 1.630995492595025 401
16 28 76 -49.755269925041418 65.179852060941883 401
16 28 76 3.685001330486308 81.917157941388041 401