27 10 78 100.000000000000000 0.000000000000000 0
27 10 78 98.000000000000000 19.899748742132399 0
27 10 78 81.766312060385914 8.217823563497323 0
8 30 76 73.760954008286376 -30.972918231698195 0
1 16 74 84.144800066126621 41.900508610655038 0
25 12 78 64.543263397263445 21.906015363282840 0
8 30 76 25.966021856366787 5.298895351212201 0
8 30 76 18.451175928192715 -54.228636855959010 0
25 12 78 49.150738429569195 40.319873598832203 0
30 18 74 61.796921389008126 67.524175768827234 0
18 17 74 32.745847350919092 87.044296086936711 0
6 12 67 43.988816046877979 -87.572735841664382 0
6 12 67 63.954697356084239 -74.254943849495106 0
29 15 65 -11.068303244730977 -20.263944168414724 0
23 21 70 -24.423357131233264 13.167216979362065 0
26 13 46 -1.561141296998869 38.333048719022131 0
1 16 74 21.390324596622911 56.059588520515149 0
1 16 74 0.451211562048016 80.257802200977096 0
20 22 80 -37.542915826866476 79.589757326032966 0
6 12 67 -69.786451724588431 68.802987985200815 0
1 16 74 -54.292645098479767 45.480424742007507 0
23 21 70 -85.320884927311511 25.324821721395558 0
23 21 70 -87.434030018452603 -16.621985282520576 0
6 12 67 -60.953853174374238 3.070658884942979 0
1 16 74 -51.005998829939877 -23.102613626187885 0
30 18 74 -69.824311562257023 -51.419942347462253 0
30 18 74 -46.879215376493626 -79.160212011365431 0
29 15 65 -14.397396641454840 -84.985282969223675 0
29 15 65 -26.536512951461276 -53.176092668070702 0
13 12 96 -69.786451724588431 68.802987985200815 80
4 15 95 -46.666444893558278 82.748068986511626 80
4 15 95 -83.402014693086116 45.487404247046740 80
3 21 95 -88.453958271971800 9.843640892488398 80
3 21 95 -83.118795886480640 -31.816124377138856 80
4 15 95 -58.154248358179821 29.284000434946869 80
3 21 95 -29.514845116706773 51.096487270984234 80
4 15 95 -56.782865326649670 -7.271903844643608 80
28 18 84 -29.981824053354075 12.099283131806157 80
13 12 96 -74.498840186189412 -63.670423360557379 80
13 12 96 -50.159110597229343 -33.446813076281494 80
13 12 96 -51.327485860015273 -57.418356607003709 80
17 24 97 -16.842416256457931 -47.084916984215688 80
10 13 98 -37.153204889740969 -78.011796314243483 80
15 20 89 -6.224284052094607 -89.784510290132118 80
17 24 97 28.517543282557160 -62.784409670889175 80
17 24 97 73.174105893851987 -45.183517200803848 80
10 13 98 40.519873918092884 -27.785208832651733 80
17 24 97 62.874240110589476 1.698385116047355 80
10 13 98 95.806909024905579 -15.166943762454775 80
24 40 99 36.235968527552643 59.891189542955438 80
10 13 98 82.091896409319972 33.316128336964695 80
2 21 100 17.874245468892802 1.720345245171000 80
5 12 45 96.977150035684176 13.230580685013274 80
24 40 99 46.993682457965221 -51.880572558906202 180
24 40 99 64.962085620583593 26.075418152427876 180
24 40 99 -11.533984293924640 2.658516401029001 180
21 27 102 10.980989981000789 65.762208316791316 180
11 30 86 -76.496069914508226 -23.416901751398921 180
28 18 84 -89.105047558289911 22.897390673063466 180
23 21 70 -56.340593555086663 44.051363204764911 180
15 20 89 -34.236641715345115 78.582730294215438 180
22 15 63 50.769025099051937 79.212571190882429 180
26 13 46 93.381794397178098 -26.245770614770635 180
5 12 45 42.964027028636991 88.080033954821729 282
7 17 55 63.675927862628782 67.781828028117502 282
14 20 54 82.514048978191965 35.936495672568554 282
14 20 54 42.541272229574304 37.412002028085844 282
14 20 54 61.249834616559767 2.056808726220375 282
14 20 54 84.738985651579156 -30.320031509572360 282
14 20 54 44.955243995602792 -34.473812901332323 282
14 20 54 51.263641316798967 -73.973232178556202 282
7 17 55 17.370239313629231 -59.132837956988851 282
7 17 55 24.381465975491970 5.175044404665604 282
26 13 46 10.067870192301292 31.540191393738624 282
9 25 119 10.950055382710003 69.529949872700087 282
22 15 63 -21.825981924083344 92.458782779407102 282
22 15 63 -49.568961122281237 81.042693028167392 282
22 15 63 -72.368775222412296 61.544783473564713 282
26 13 46 -88.853204076627009 38.911542314810305 282
24 40 99 -40.763016842544367 16.532829092162771 282
26 13 46 -93.668036377108976 13.361250928639468 282
26 13 46 12.323068533945388 -29.560451054327345 282
22 15 63 -15.538455910539362 -32.341719762916874 282
5 12 45 -42.359795162957610 -35.442648769954658 282
19 23 83 -80.886072129986360 -32.038154369168062 282
5 12 45 42.964027028636991 88.080033954821744 401
22 15 63 16.524297631039023 93.551844384816050 401
23 21 70 27.103547701231705 59.141388590794250 401
20 22 80 69.751884983504794 53.653280806003991 401
22 15 63 43.822282875956198 27.259044038402404 401
20 22 80 87.007682239447149 13.178134591792315 401
20 22 80 82.511558935527688 -30.591545270367430 401
28 18 84 51.527902808985793 -5.293066007134966 401
16 35 82 30.517871479946500 -53.950836029535168 401
16 35 82 -2.274881847632244 7.892800095749162 401
16 35 82 -68.541872917491375 30.446866127114994 401
16 35 82 -63.821086203232973 -39.393767982252044 401
19 23 83 -25.709463202462409 -83.114520403123493 401
28 18 84 -22.584941750057716 56.846875173927167 401
28 18 84 -53.946072405525754 74.523964414259211 485
16 35 82 -70.945947275228349 24.324320447250297 485
16 35 82 -60.124068352766002 -44.834098682943562 485
28 18 84 -25.796569270578907 52.082808622820622 485
28 18 84 -18.477822238880794 16.834603819086148 485
11 30 86 14.117803357667498 78.744445063472469 485
28 18 84 61.076686286161618 68.801441789411641 485
28 18 84 40.956442415184164 38.948874285553714 485
15 20 89 18.542794570393543 8.262910225584655 485
11 30 86 4.678874559615338 -39.776570641039456 485
15 20 89 -20.497772958937261 -82.975371778646974 485
2 21 100 31.141620079299408 -83.373853808232809 485
11 30 86 65.605689275761250 -45.780929814195176 485