15 11 72 99.000000000000000 0.000000000000000 0
15 11 72 96.555555555555557 21.863775779997951 0
15 11 72 78.843192529652626 8.814936902970350 0
7 27 75 74.347673982525038 -28.918209175675575 0
17 16 74 51.864765313451258 7.735833135890655 0
11 30 72 17.654147542714313 -23.015323456090364 0
11 30 72 16.349489544715901 36.970490429429759 0
17 16 74 62.338559233827553 37.973221265712461 0
22 23 83 -1.167115665800189 86.992171147883440 0
17 16 74 -40.116696469294844 85.009709236007069 0
7 27 75 -40.427221985023827 42.010830484299106 0
7 27 75 -82.587114943486256 8.268521349757172 0
5 18 77 39.640209691567840 83.022007778712094 0
12 21 68 -79.683053838957093 -39.643548414563810 0
5 18 77 -46.683058231737668 -18.858931749263039 0
12 21 68 -41.685559634349083 -57.537414239778343 0
2 15 53 -20.367946982980062 1.053750640749378 0
23 13 47 -76.040557165429050 60.223198735795464 0
20 29 109 5.727376865971515 -80.797259571319216 0
16 17 84 51.599695228528937 -77.372291243848579 0
6 12 96 -34.294584453378171 -89.699091526174215 0
6 12 96 46.350146465948121 -86.346186497060529 109
3 18 96 66.218218921518996 -63.868204005293471 109
3 18 96 30.334343561411597 -60.979001842017709 109
6 12 96 50.202416016982475 -38.501019350250658 109
26 24 98 82.803102285535914 -23.230287382877481 109
3 18 96 90.199259014491247 18.113356211280124 109
26 24 98 48.857547388073442 10.706408135445473 109
28 17 87 69.343953119008560 46.221294876465898 109
6 12 96 63.516838814656793 74.629827729889001 109
6 12 96 44.109045702119460 60.511132092509875 109
26 24 98 12.922116684699567 42.528488836792050 109
27 30 99 -31.195874197743002 73.666935819528916 109
27 30 99 -32.730299619846633 13.686559540082300 109
24 25 100 -0.047049501019182 -30.549230965685375 109
27 30 99 -37.895828602932056 -70.454993964212335 109
21 18 92 -74.789525666505085 53.577297902928777 109
21 18 92 -79.437632041845546 -46.407570671005324 109
30 24 88 -85.895891208142672 4.230351469903958 109
28 17 87 24.486110473484548 81.863893342821257 109
23 13 47 -53.012218411020022 -30.199624643214495 109
23 13 47 12.238596535783621 5.409952860680756 109
20 29 109 -30.874766217527604 -74.884903759122352 209
20 29 109 -73.026454891241968 -35.044784005860308 209
25 33 106 -72.130198532029354 26.948737627763400 209
25 33 106 -14.308817067477015 -15.139030857657950 209
25 33 106 30.147963329335923 -63.920120193071007 209
29 21 105 79.019261379640000 -40.950657272089472 209
10 34 104 -9.875272032710832 51.714119243326081 209
10 34 104 46.306677832814017 13.405001408172886 209
30 24 88 47.965765416764285 71.381267486532764 209
28 17 87 -55.403956282127481 74.695392282845049 209
23 13 47 96.295778112705420 -11.667181222069193 209
23 13 47 80.606951759178543 53.958496347595386 209
23 13 47 90.336658877208080 29.847652326753511 209
2 15 53 15.282576145487258 93.762694427780730 209
2 15 53 8.449367847812688 -94.623507560079119 318
12 21 68 -26.251667203888715 -85.040284389319126 318
2 15 53 3.660162809036309 -65.008249413364283 318
18 18 48 -61.524211304592583 -68.401545474849044 318
18 18 48 35.071673752526067 -75.123435039294407 318
19 18 69 -23.416053540321197 -46.143506950166291 318
19 18 69 9.944108103742920 -32.612076313241261 318
11 30 72 -23.461268621256355 1.856471753958743 318
19 18 69 24.513745339994948 0.307912611483765 318
19 18 69 45.738473422983176 -28.769757821396702 318
1 34 86 74.607791828938986 14.480241655777181 318
5 18 77 64.596943472079118 65.507517843870502 318
7 27 75 23.341075521831222 47.536614703746778 318
16 17 84 86.075505879774227 -35.213737199294151 318
20 29 109 -78.895668273624210 -18.343214758003732 318
22 23 83 -80.233277094575982 33.639578574426118 318
11 30 72 -34.716456995979783 60.791357302753106 318
5 18 77 4.535597547509380 88.418811295384273 318
28 17 87 -68.310258262135278 -63.108704757429287 427
8 30 88 -78.140505383408538 -17.148219103612501 427
30 24 88 -77.705055471502021 36.850025158346796 427
30 24 88 -34.879775121094809 15.170648716460237 427
8 30 88 -24.964517737379452 -44.938763140557192 427
1 34 86 20.992024176702962 -0.396690273444392 427
8 30 88 32.117529723991645 -63.422265449853924 427
16 17 84 -4.496395950936979 -92.891239756246108 427
22 23 83 78.430454770445039 -37.651875975855091 427
22 23 83 86.666996312527075 7.604718940527640 427
11 30 72 57.730500052866184 52.008313211877244 427
27 30 99 -1.812110789856462 59.402736382895228 427