28 10 101 100.000000000000000 0.000000000000000 0
28 10 101 98.000000000000000 19.899748742132399 0
28 10 101 81.766312060385914 8.217823563497323 0
28 10 101 83.766312060385914 -11.681925178635078 0
28 10 101 65.532624120771828 -3.464101615137756 0
24 21 102 56.510447506542022 26.193955117251928 0
27 38 99 20.745527967266064 -20.730138164868261 0
27 38 99 4.179568038269117 53.442423956382939 0
26 19 93 63.002269976050471 65.663642739836249 0
17 12 93 84.634013364103268 43.458515449198288 0
10 27 62 2.022963493650202 -82.975343438297131 0
17 12 93 37.904314412007885 -67.693699015209930 0
26 19 93 -28.831160549416857 -48.857561717689450 0
18 25 96 -40.618375269991859 -6.465798730865465 0
5 22 91 -85.957287740137616 -18.850588435356276 0
26 19 93 -75.216937857506963 20.717642311022516 0
18 25 96 -58.322816197872790 61.345079509909198 0
17 12 93 -32.294734717014954 87.642208144530628 0
26 19 93 -70.936582772794523 -57.000010741389090 0
3 20 90 68.513037295501178 -58.360635025205681 0
29 10 74 91.859306650085784 -39.520472944608166 0
29 10 74 -47.189022987224689 28.163177081890893 0
29 10 74 38.408969708485941 -89.687910140679662 0
16 14 115 81.555645173194463 50.642637573333410 102
16 14 115 92.699556006493893 24.955807264019782 102
16 14 115 64.882152999278517 28.148312539530686 102
6 35 114 72.199869478956373 -20.302188237272976 102
16 14 115 66.747916249042419 -68.997939653375298 102
6 35 114 16.292401770922254 21.820905838009796 102
6 35 114 -39.979632920089401 63.455724340479357 102
8 38 105 -71.967512083537613 -2.162684559955260 102
8 38 105 14.866421476264307 -65.489307420980708 102
18 25 96 17.142528248774848 81.814882910476456 102
26 19 93 -69.200601139716113 -59.095488845612593 102
7 12 90 66.588468607586094 71.902544103088047 102
7 12 90 -83.783940161223910 46.420975527412253 102
23 13 90 -7.699176001017447 -19.753174981810734 102
7 12 90 -30.474870120527729 -30.061800369053429 102
13 14 79 -37.116630842500392 -66.816813211767609 102
29 10 74 -53.035601959486748 -84.777502468490340 102
7 12 90 66.588468607586094 71.902544103088047 217
25 30 85 73.936953049309253 30.550400550307685 217
2 12 89 45.143436516598896 61.127081300195101 217
11 13 89 31.962219925672834 39.884305370879844 217
3 20 90 13.767321597336124 67.415118559405357 217
11 13 89 41.165840261053127 85.808627605640964 217
3 20 90 88.314183950059487 -17.337961622839487 217
2 12 89 57.656811508008580 -8.165965387047752 217
11 13 89 37.878154286668149 7.124708846638557 217
2 12 89 16.563614045670011 20.189561479365469 217
3 20 90 -11.175296901169759 36.144272992999703 217
11 13 89 -19.224549353838150 68.147546809176887 217
2 12 89 -8.268555751808433 90.618999903987742 217
2 12 89 -32.189732744177661 92.562525386132464 217
19 31 86 49.463971142822366 -50.378254672877489 217
23 13 90 23.729729207773012 -14.688637246679892 217
3 20 90 -7.378177114000362 -3.675092663950265 217
3 20 90 -43.761319229085373 12.946187967623459 217
23 13 90 -42.691360928177062 45.928837788920674 217
3 20 90 -75.557463835429104 48.898564996918076 217
23 13 90 -58.666380545508417 77.248014820379638 217
21 19 92 -90.107412875070168 12.714328333090961 217
3 20 90 -86.137519297470604 -26.083093552680445 217
20 18 76 -69.520302183022224 -60.257178695830717 217
3 20 90 -46.344089212638664 -30.143010064579666 217
19 31 86 -22.979090124177151 -75.584134691514095 217
23 13 90 20.329962225375162 -83.351115094716945 217
23 13 90 6.154918793270051 -42.611274269674638 217
22 13 81 -86.202976806385180 44.475237938855585 309
14 17 84 -91.782568860321433 14.998668387572106 309
14 17 84 -91.039868402808992 -18.993218821443094 309
14 17 84 -78.129045864865617 -50.446528049467645 309
14 17 84 -57.345092309280545 -23.538773133843733 309
14 17 84 -44.434269771337171 -54.992082361868270 309
4 21 85 -19.449979128183102 -26.360190683908804 309
14 17 84 -11.522173006602873 -63.524015703659330 309
25 30 85 -40.206320294632619 20.224938932546628 309
14 17 84 3.793599111891147 3.702012671759368 309
25 30 85 30.859831324122595 -34.722186393849853 309
22 13 81 16.143744113952970 -75.125611709318861 309
22 13 81 37.965081658217244 -89.261708333892514 309
22 13 81 -3.307994372703376 -92.377564347983636 309
13 14 79 -34.483309347116879 -84.351550794311009 309
9 25 74 83.145660431860790 -17.657835409520054 309
4 21 85 48.850665084505586 12.999191421614196 309
13 14 79 82.842053939756141 21.340982817420510 309
13 14 79 82.352232629132033 49.336698116081109 309
4 21 85 47.811217964459665 54.986326947684901 309
1 13 78 81.703586393607637 52.283113625933680 394
9 25 74 83.781651158880436 14.339976607082278 394
20 18 76 52.024339172226476 43.330891311215446 394
9 25 74 77.348737164438688 -35.244472744908279 394
9 25 74 29.254221120576950 79.807208613184756 394
9 25 74 10.138565154050724 33.605566900260627 394
1 13 78 -6.747741182553369 67.647491909084152 394
1 13 78 -6.138491732083726 93.640352757923068 394
1 13 78 -32.054375652009668 91.550625347726879 394
1 13 78 52.184864151137461 -6.770282765728010 394
30 14 69 25.572685857007002 -2.210461887512265 394
30 14 69 -2.405238447875195 -3.322105531078858 394
12 23 65 -57.072119098985183 65.664093853119226 394
12 23 65 -82.578252288218636 27.383065004183049 394
12 23 65 -84.998696239524918 -18.553210977644042 394
12 23 65 -44.006492308356549 2.318761063001876 394
12 23 65 -46.426936259662838 -43.617514918825222 394
25 30 85 35.958051956532174 -71.463406716244180 394
3 20 90 -0.522152908063910 -37.269918256639748 394
15 21 55 -15.879269426708591 -75.285164832622542 394
10 27 62 -17.277714416719881 -81.181774953090738 484
10 27 62 -63.565391189020126 -53.370788292724725 484
10 27 62 -82.946886990615965 -2.968827810093465 484
15 21 55 -76.984033819581441 44.659361133647444 484
15 21 55 -36.214179915610451 -13.925747516002133 484
27 38 99 20.932215141512994 -28.598495451381428 484
25 30 85 79.816841866006669 5.410337747025224 484
4 21 85 69.663548364770932 55.389439690515211 484
21 19 92 36.034770152827122 -83.561326820682538 484
19 31 86 19.872806979246285 40.393371129728877 484
21 19 92 75.966607722407304 -43.438159640708840 484