23 10 117 100.000000000000000 0.000000000000000 0
23 10 117 98.000000000000000 19.899748742132399 0
23 10 117 81.766312060385914 8.217823563497323 0
23 10 117 83.766312060385914 -11.681925178635078 0
23 10 117 65.532624120771828 -3.464101615137756 0
23 10 117 63.532624120771821 16.435647126994645 0
6 14 116 86.755771184755062 41.102751320786574 0
13 31 113 58.311699061811481 -43.823217577865165 0
27 22 66 34.280948857554847 3.415781613699212 0
13 31 113 44.119244404171326 55.494644319574682 0
3 21 86 26.505427663216508 -84.961534263394725 0
7 17 86 10.761165129744818 -50.376592492775544 0
29 13 105 8.678716824341416 -20.448956283824408 0
29 13 105 -0.717007650077676 3.793988289820156 0
29 13 105 9.200425915633511 27.828224526274713 0
5 40 97 -30.398508331982974 63.054981493854733 0
1 31 96 -78.281372138745297 10.631405178774404 0
1 31 96 -61.847981832478368 -49.151064517967733 0
3 21 86 -24.673752997340415 -85.511437322888185 0
24 15 83 -17.790131637865535 -35.925867497542853 0
21 11 70 5.958409368208905 98.820531054031690 0
21 11 70 27.635428890914252 95.064625755405061 0
21 11 70 -80.311663188132371 52.582304075636905 0
8 13 67 -34.283511049390086 10.197562394113021 0
16 10 62 -96.539619612122280 -26.078762339243319 0
16 10 62 -18.383874897621073 -10.932919113218624 0
21 11 70 -40.493095850080984 -12.985212603782060 0
23 10 117 98.000000000000000 19.899748742132399 117
6 14 116 86.755771184755062 41.102751320786574 117
6 14 116 74.316022192544324 16.017842610352883 117
9 15 115 94.873342762838277 -4.903960950599135 117
9 15 115 65.642771871538926 -11.654792408184475 117
6 14 116 46.874581552429305 10.453012370799808 117
9 15 115 55.547831873434703 38.125647389337161 117
5 40 97 0.547880715016198 38.198945217269909 117
4 28 90 24.851218197434338 -25.309698188298832 117
13 31 113 -34.128351350606920 -23.757159645213591 117
13 31 113 -69.580340326481021 27.106938475705658 117
3 21 86 -86.195201078848271 -22.167257633205619 117
3 21 86 -48.401685426413692 74.598670141584662 117
24 15 83 -16.154130037384913 90.601643972455008 117
21 11 70 75.864029289698806 63.605416907144971 117
22 20 71 46.018151988057035 77.345521445033143 117
8 13 67 96.951205334291259 -3.076326417676341 234
26 19 66 86.815945177025554 27.276210569279840 234
26 19 66 64.959597694325467 -3.809156964585188 234
30 15 71 74.487794236122454 58.962433038648285 234
27 22 66 46.504141077403666 34.756748667151413 234
8 13 67 48.625320576353488 69.692412358188335 234
27 22 66 14.022128354913960 64.437025780008995 234
26 19 66 6.925203786758473 24.055920524284367 234
22 20 71 80.920660212803796 -39.393486145858603 234
26 19 66 42.257073751606889 -34.282020411105776 234
8 13 67 32.959934374387252 -3.662366601819292 234
8 13 67 7.314521327221820 -7.941711135772717 234
27 22 66 -26.647031028647916 0.520733048948313 234
8 13 67 -23.022059932646847 35.332506697430475 234
27 22 66 -29.662359798586078 69.696825658969743 234
26 19 66 -69.251915048163241 59.035347565352581 234
18 25 64 34.645848403932341 -77.618716740047560 234
18 25 64 -83.218590240272647 17.310870527549980 234
27 22 66 -82.841086490772199 -29.687613393945963 234
10 23 62 1.001094198426127 -43.383785537384519 234
22 20 71 -41.740154925526269 -38.673623828457899 234
12 16 55 -67.066207468072307 -64.258601112250787 234
10 23 62 -31.589959264778567 -80.458471896250828 234
9 15 115 89.159870434565747 32.795083535363176 305
1 31 96 51.806454452170406 59.641355426375014 305
4 28 90 81.446957609857819 -9.507528390597802 305
5 40 97 14.048050807133365 -0.486033957985036 305
5 40 97 -44.485862598921280 54.046350744799568 305
5 40 97 -66.123282562118547 -22.971972122789754 305
4 28 90 -25.902323686568032 -77.801475742020841 305
3 21 86 7.223395966129372 86.406087743927614 305
15 27 71 29.097632950634001 -77.732411236691860 305
30 15 71 69.161699102949257 -65.128022979306749 305
24 15 83 74.487794236122454 58.962433038648285 420
24 15 83 89.159870434565747 32.795083535363176 420
25 33 84 42.052904311691677 23.579133085279611 420
3 21 86 88.942275216536856 -3.204946069096017 420
17 17 85 45.943768505300312 73.427514962998515 420
3 21 86 77.568849512743640 -43.635691644218632 420
15 27 71 2.225709547199749 68.454455448369401 420
25 33 84 -23.268659923739815 14.140211227546217 420
25 33 84 -69.664334566793471 -32.800617210135925 420
25 33 84 -18.671397205110814 -74.701933886673785 420
17 17 85 -41.111831212473490 60.848039675900679 420
17 17 85 -74.677130663974040 55.428568047494679 420
17 17 85 -89.609341843843751 24.883043509851287 420
19 24 73 37.235046461914273 -63.590248303210267 420
30 15 71 9.692393406645952 -35.978615561245903 420
12 16 55 85.064143862507990 -40.001142845405624 506
18 25 64 84.994131584473067 0.998797377488927 506
11 19 49 52.103615417848964 -28.228141331398096 506
20 23 57 38.129984870014979 11.379151548987469 506
10 23 62 68.381522882974650 46.032354111672149 506
12 16 55 49.290578152888308 80.040233041602335 506
14 16 49 30.269457910440362 54.307044651464260 506
11 19 49 14.747443975782126 85.676888186494452 506
14 16 49 -19.692306652617738 91.914161361018074 506
2 29 74 -14.174338996625707 47.253753470500257 506
18 25 64 -68.048716706474011 50.934979676073738 506
11 19 49 -47.042883208754382 12.272918698080339 506
28 34 74 -0.859700065768585 -30.199742960226367 506
19 24 73 -28.758744924518215 -81.048964153568917 506
2 29 74 -67.458596220240793 -44.836790652259168 506
11 19 49 -83.178430320340041 0.516123431241100 506