14 12 79 98.000000000000000 0.000000000000000 0
28 26 80 77.632653061224488 32.080697914408788 0
14 12 79 74.713116186769724 -5.806982199827542 0
28 26 80 37.088420521527063 -0.479480337052631 0
12 14 71 65.489926973131418 70.193087017554035 0
17 15 75 42.267011754366258 52.823682631045969 0
7 12 72 41.332884429791825 79.807518647103507 0
26 39 99 -8.792138927561084 70.401029747156500 0
24 16 68 -63.775677970269619 69.055505931333713 0
15 26 77 -78.558011289398991 29.742879185691820 0
15 26 77 -30.774520241623083 9.230980607375862 0
15 26 77 -72.430091014182565 -21.894787232346403 0
7 12 72 5.480481023696266 20.614076989805916 0
24 16 68 89.152439273572611 -29.796687258350488 0
7 12 72 61.152591213202442 -29.888929310501823 0
17 15 75 36.766356396841729 -41.478215374850940 0
15 26 77 -3.749279673781592 -35.194646819260392 0
15 26 77 -36.284037716663647 -75.759280665643402 0
12 14 71 -1.773514137580278 -95.983616558263748 0
8 13 102 -73.312442460914866 -63.516027744302832 0
8 13 102 -53.807510621845132 -80.707817469437387 102
22 31 100 -68.557563671440022 -39.253795529049768 102
22 31 100 -75.780180769355582 22.324072266586821 102
9 22 99 -29.473191629178309 -3.456981954905055 102
26 39 99 -0.943563784719395 -57.374143740895562 102
21 33 95 67.904464271720428 -36.304045669465616 102
26 39 99 61.537443962977278 35.413881325031753 102
26 39 99 -8.107864775928821 70.535540890924295 102
6 19 98 7.384289312545924 14.642847614441763 102
8 13 102 42.201985734061637 83.685405592221187 102
8 13 102 47.079002626074129 -77.319898059068777 102
2 16 95 -63.101092512103200 69.672463167158043 102
29 14 113 70.938522317422084 -64.681728883979346 204
5 16 116 85.719870332596642 -38.575948856286317 204
29 14 113 95.456590397007233 -10.199968126322034 204
29 14 113 55.827054680302354 -41.109636362264538 204
5 16 116 91.935450684055709 19.592674843409210 204
5 16 116 67.056720532748983 -0.533149016956405 204
3 18 119 60.628125739309588 32.853572430076454 204
3 18 119 34.241446699723568 8.363918098872176 204
20 24 119 21.620423953912226 48.422747148779678 204
3 18 119 55.285410891614262 73.535864328539574 204
20 24 119 33.642347888756490 -71.961520981735333 204
23 18 120 25.550945211477863 -30.748304622002767 204
1 36 109 -26.292746866005675 -69.171464219287344 204
23 18 120 -8.222658697002528 -18.284610184434172 204
23 18 120 -7.011846450791579 17.695022021918717 204
23 18 120 -20.290505987790262 51.156600001752153 204
23 18 120 -2.777461894150387 82.609633028381324 204
1 36 109 -72.648311492482989 -14.079163231213840 204
10 15 106 -88.563087109521703 34.374112375903898 204
10 15 106 -58.568401233727101 34.938753157647291 204
10 15 106 -50.731895515261115 63.897157432131237 204
12 14 71 -36.118774284411501 88.946243002117484 204
12 14 71 -33.960943428086672 89.792284309256175 324
12 14 71 -58.425853859581004 76.173614859601372 324
12 14 71 -77.920509362048449 56.074898312515195 324
24 16 68 -89.594614118814377 28.439499308193646 324
24 16 68 -49.127495452416923 47.650982952080611 324
27 26 66 -82.982192138935957 -13.036709240322701 324
16 20 60 -15.731050671977439 61.092615145644622 324
16 20 60 -23.927872786483988 21.941470753390437 324
19 15 39 -78.318115128197149 -53.770557396836203 324
19 15 39 -57.645880922673015 -75.511273414298898 324
30 29 84 -34.137009740996668 -38.318088880525124 324
24 16 68 -27.522011782600721 -82.829231328348428 324
16 20 60 5.118534104808610 -67.643884306567017 324
13 24 58 17.251962237934563 -25.349914030199400 324
11 16 55 35.428792239446636 -87.067793588985154 324
16 20 60 63.161772242008254 -64.113887163770343 324
13 24 58 82.420683918068704 -24.552614167900970 324
30 29 84 75.986168523461146 28.055341614818431 324
15 26 77 30.197207581943207 58.524523682871134 324
24 16 68 32.472279904328957 16.586187450637087 324
10 15 106 94.241753004321211 -11.978814243175904 408
10 15 106 85.807386210076515 -40.768768337966392 408
10 15 106 93.278050246888426 18.005703044839887 408
1 36 109 43.246431060442035 -12.669567339525118 408
22 31 100 59.094799517488994 52.429044145280599 408
9 22 99 9.276666472695844 34.341655723197952 408
6 19 98 61.507659086127262 -64.549501331329012 408
22 31 100 12.061294579198929 -71.969544258966152 408
25 18 97 15.059822400343519 73.921386741946847 408
4 31 95 -49.112065622462481 -61.878954502277587 408
9 22 99 -84.979185355145603 -22.859091328742842 408
9 22 99 -85.423397188959314 21.138666294194028 408
6 19 98 -45.439531153410101 -12.014012001823200 408
28 26 80 -38.785233203484523 32.491272165268875 408
6 19 98 -10.721017278017152 -27.461497049045210 408
25 18 97 -20.919483271966374 72.700910057003981 408
17 15 75 -53.392193251310275 78.576546754198461 408
17 15 75 -75.232361338395876 58.009411369613446 408
24 16 68 93.990849410488778 -1.311574281090962 517
13 24 58 78.332690083746286 35.496333109826374 517
13 24 58 54.270973703720237 -6.037193165306903 517