9 10 40 100.000000000000000 0.000000000000000 0
9 10 40 98.000000000000000 19.899748742132399 0
9 10 40 81.766312060385914 8.217823563497323 0
9 10 40 83.766312060385914 -11.681925178635078 0
9 10 40 65.532624120771828 -3.464101615137756 0
9 10 40 63.532624120771821 16.435647126994645 0
16 18 46 78.566312060385911 40.057421550909162 0
10 21 74 39.746241020025010 36.315485631985240 0
11 16 55 59.036630342180217 67.888906096035072 0
10 21 74 22.666266076168128 74.685714402703056 0
16 18 46 1.183053784731044 42.136189219667799 0
16 18 46 -16.318496240230729 73.595619391299337 0
6 27 80 10.646104049029091 -1.857568061284788 0
16 18 46 -28.045525785970359 21.119763827152145 0
16 18 46 -45.547075810932128 52.579193998783680 0
16 18 46 -80.597058298085003 44.363433069309323 0
9 10 40 -67.966745974286852 69.352935077218817 0
21 12 62 -96.192395824928042 18.735607421708181 0
21 12 62 -72.411255667976221 15.501821276117589 0
8 37 84 -65.137887960261608 -32.955356955681829 0
10 21 74 -34.345029877740693 -82.106144244490622 0
11 16 55 -15.122916691991403 -50.491110404966690 0
25 18 67 4.466864082824895 -78.280325744638276 0
25 18 67 40.187237186146504 -82.758600564197579 0
11 16 55 68.669596561971645 -64.191015788940845 0
25 18 67 39.474444567241179 -46.765657829788736 0
3 12 96 -97.939393780940890 3.446033346007781 84
17 18 94 -86.548281766478567 31.199277608147174 84
3 12 96 -73.945223118416536 3.974970220933281 84
3 12 96 -85.484235678994878 -17.069059553014846 84
17 18 94 -51.338744448148560 23.696712591492719 84
17 18 94 -48.682536415004435 -12.205161438767325 84
3 12 96 -68.874346680144427 -34.392788581312047 84
18 24 98 -37.941096967377582 -52.808381490789870 84
18 24 98 -6.874650689907341 -16.217728098303745 84
29 30 98 14.467536024967274 -65.821266946126187 84
19 35 99 52.024506904875714 -12.769651152394609 84
18 24 98 75.371321660690398 41.414536954078613 84
19 35 99 -26.111608208689155 70.307779916278946 84
18 24 98 23.985058808074612 39.141709361724040 84
27 18 88 51.693302394640043 76.103892722621637 84
7 16 72 60.385758784279190 -63.079585231154567 84
27 18 88 -75.865049886987364 52.043195574877203 183
30 24 88 -85.279111717112229 11.111845244615836 183
27 18 88 -86.667989426751674 -30.865184410990658 183
27 18 88 -47.624592253177454 29.716607106573587 183
30 24 88 -46.816390781004735 -17.604336573152327 183
8 37 84 5.172018738405981 14.304992401961618 183
8 37 84 69.544245069360244 -22.194548378661889 183
2 27 84 71.724534694398457 41.768302848835397 183
8 37 84 5.748602361397054 -59.692761289118074 183
15 19 80 -48.530265137530201 76.979304788241762 183
15 19 80 -50.246040416804718 -60.467345139696704 183
15 19 80 -11.678185332022327 67.709773300163249 183
15 19 80 26.290615877808136 66.170249124199444 183
4 18 74 -50.085709290065331 77.171378923219095 271
4 18 74 -16.637290333038774 90.483150754017046 271
10 21 74 -75.310410545347736 47.427229135710384 271
10 21 74 -88.674055617926356 7.609984248926132 271
15 19 80 -49.717427579416864 16.686389477275995 271
6 27 80 -57.268092051297984 -28.689677628997909 271
2 27 84 -8.939015839529802 -4.600252718529357 271
2 27 84 -12.241500010390450 -58.499172914589082 271
14 23 99 -21.491718957193655 47.787987069254356 271
2 27 84 27.021223334559402 35.684498720970687 271
14 23 99 76.739017057222526 40.989306667609192 271
14 23 99 86.913825724494330 -3.871291507007371 271
19 35 99 48.789595435684845 -47.581050885043553 271
13 19 107 82.723271499573428 37.919129109301331 370
5 35 107 73.428053879195375 -15.274845449757642 370
5 35 107 28.837114230031350 -69.234535044904604 370
13 19 107 45.382597783755180 30.871144542859660 370
1 32 109 20.342289243773909 75.300672429418853 370
22 30 99 8.911242358557935 -7.364028095618785 370
13 19 107 -12.819260343381233 36.553909610072893 370
12 35 109 -66.766393825193020 34.165020936320630 370
28 29 106 -75.541899609917948 -29.230487565640765 370
28 29 106 -36.632688568742807 -72.242965942889555 370
23 20 113 -31.644102394995553 76.490245621988620 370
26 29 103 -68.140139436132003 43.794079481414926 483
26 29 103 -21.391484161837525 78.124288191021975 483
19 35 99 -10.996364969362666 14.974137779686920 483
22 30 99 35.029726207196276 60.871838495595156 483
22 30 99 53.005694921870230 3.627934464082216 483
22 30 99 16.447364084251070 -43.948198694962812 483
29 30 98 -43.494972574198727 -41.318317343063697 483