3 10 82 100.000000000000000 0.000000000000000 0
3 10 82 98.000000000000000 19.899748742132399 0
3 10 82 81.766312060385914 8.217823563497323 0
3 10 82 83.766312060385914 -11.681925178635078 0
3 10 82 65.532624120771828 -3.464101615137756 0
3 10 82 63.532624120771821 16.435647126994645 0
16 19 81 80.277628055073677 42.854433071168344 0
28 17 80 58.997030392644128 71.891240112056948 0
28 17 80 44.314526977700197 41.224905256548695 0
17 22 101 34.242588182032975 3.547908973719384 0
16 19 81 8.747672629628347 35.657242211514230 0
16 19 81 23.011273174219440 70.878680278469147 0
28 17 80 -5.517079405362409 92.836209718163985 0
30 13 95 -7.987882814017203 62.938130674255831 0
16 19 81 -39.795631733900343 81.837080195347781 0
25 25 87 -36.618136361178124 37.951962864339890 0
19 23 77 -83.069052322300365 25.855996331120664 0
16 19 81 -52.594132710516028 -3.045202167475935 0
8 16 74 -93.257736388979552 -11.789597262145968 0
25 25 87 -68.150896832386977 -44.203276588620440 0
25 25 87 -19.618879455432264 -32.176502735131471 0
19 23 77 -34.028802049049048 -77.962462710280761 0
9 28 75 16.489952299584040 -70.972794687944784 0
19 23 77 65.584735676636043 -57.163296320504337 0
8 16 74 -69.195392801700137 62.846186347077143 0
30 13 95 18.092678499529470 -27.503345707001323 0
30 13 95 -0.645211361233764 0.747651301854717 0
7 27 71 82.987394995889233 -1.446468733245929 101
7 27 71 66.313689023042855 49.914874017222218 101
1 15 68 42.881979946878786 84.771078770035047 101
1 15 68 25.604149495970667 60.246059403892382 101
7 27 71 22.491451404168686 18.361562145487902 101
10 26 68 -15.141001530511765 55.681777660930216 101
10 26 68 -66.909881170989038 50.784523249550418 101
1 15 68 -93.041396146028291 19.191107398944773 101
23 16 65 11.724734041395765 87.965399703389181 101
14 15 59 -94.386541330490559 -10.778720502341539 101
10 26 68 -54.882294135347351 0.194631471646170 101
14 15 59 -76.338710289125942 -34.742772636785659 101
10 26 68 -37.877597950083455 -48.946393219001784 101
10 26 68 0.532858160271964 -83.998309876931643 101
11 23 64 48.154478910105112 -72.457892329933543 101
23 16 65 19.172506837649244 -46.361047792875269 101
12 18 60 43.021789852756122 -22.128596417388412 101
30 13 95 -47.467026872683569 84.592442687677107 101
30 13 95 -38.266986992102844 -87.944449275348433 101
21 13 114 -68.231574491875023 68.945284409883385 196
4 30 114 -75.463148033518650 26.557735010185830 196
6 18 112 -89.975072527087576 -19.195997597033816 196
21 13 114 -59.525604572251311 -13.379649836849600 196
6 18 112 -39.218063120360739 58.026669209455640 196
29 21 90 -62.848850934207817 -47.216848799200832 196
20 19 90 -29.664645200510112 -24.882827893335620 196
2 31 104 -17.979106812938788 -73.498136105796817 196
5 33 90 22.323703641308008 -23.782107810195260 196
17 22 101 34.882254712580561 -77.329122619521826 196
15 17 104 70.264623737435855 -60.925221797188101 196
15 17 104 87.467386899700500 -31.598358010157774 196
15 17 104 92.979515392517357 1.951849731057141 196
2 31 104 54.970025392454680 31.265305172801579 196
30 13 95 61.848879706211562 74.724267002671709 196
17 22 101 26.880403458563990 76.209416462391985 196
17 22 101 -2.105103865707329 43.105936809119669 196
12 18 60 -29.218125115981543 13.697025256969706 196
26 15 117 -9.994026260578249 79.255140167529987 196
21 13 114 12.281904271598549 96.219305897846127 313
6 18 112 -18.127388489572894 90.196439988217378 313
6 18 112 40.203227052786268 82.750834041368506 313
6 18 112 8.071977981360014 65.506498786955746 313
6 18 112 -26.409821552343093 55.162152460700412 313
18 18 116 -58.894279284578303 70.678595540305480 313
26 15 117 37.144562661961203 49.892888698661835 313
26 15 117 12.487997832260913 32.803306761154211 313
26 15 117 -16.130397628290282 23.804004495783694 313
26 15 117 -45.770312239135478 28.438166972629485 313
24 16 120 -82.081089872965052 45.811512584351917 313
24 16 120 68.681998268198399 64.177746251229422 313
2 31 104 76.943165887738132 17.909473000957053 313
26 15 117 31.674297809377649 9.740655283319093 313
22 19 91 85.423451565862763 -31.366126993537122 313
5 33 90 -76.540203646330752 -8.402215527955530 313
20 19 90 -68.599399088421166 -59.792327640822961 313
20 19 90 -35.762006572034174 -40.668895607719385 313
29 21 90 -34.466651727828506 -80.647915803662073 313
5 33 90 13.794317168580605 -56.422332607795916 313
20 19 90 -7.998206980924975 -9.209136452555416 313
12 18 60 63.839220926297756 -66.246161183296849 313
13 17 55 50.604914026661447 -22.219026708133622 313
24 16 120 -92.692749839456440 15.622231825189019 433
2 31 104 -74.050711264119741 -27.522575484099775 433
2 31 104 -31.378282912913001 -72.501057657369330 433
17 22 101 -55.236132576829299 22.025498432246927 433
17 22 101 -21.528180038352840 -20.424426877713646 433
22 19 91 15.586993300407450 -89.655148429150756 433
22 19 91 10.797022566878340 -45.645078664111935 433
29 21 90 51.696090497018041 -72.446630199921103 433
20 19 90 79.712377162596894 -43.896889719977878 433
29 21 90 88.861828996791871 -4.957352856607940 433
5 33 90 35.119904689216071 0.315746015857243 433
13 17 55 86.950332499194403 32.994540128323294 433
11 23 64 52.613930853317719 53.513105429363165 433
5 33 90 -3.384591717151856 53.919885375537291 433
24 16 120 32.714188267448954 87.054128744345093 433