29 10 61 100.000000000000000 0.000000000000000 0
29 10 61 98.000000000000000 19.899748742132399 0
29 10 61 81.766312060385914 8.217823563497323 0
29 10 61 83.766312060385914 -11.681925178635078 0
29 10 61 65.532624120771828 -3.464101615137756 0
29 10 61 63.532624120771821 16.435647126994645 0
9 15 34 78.963536422653917 36.105089049215621 0
21 22 56 42.200781604410537 40.288372230369340 0
22 26 67 60.439522766225650 -39.102007257758231 0
21 22 56 30.001778912400148 -1.986730765606000 0
25 12 61 11.194554757005211 26.337963752936105 0
9 15 34 7.482880514259435 53.081626073488572 0
21 22 56 29.262742234913375 82.992119607183298 0
9 15 34 63.987704311781030 70.218043955297418 0
21 22 56 -14.573487682585171 86.784868823807869 0
21 22 56 -54.766345679437414 68.881400834480473 0
29 10 61 -83.563907854972683 54.927891858377691 0
9 15 34 -68.893784531992353 34.684683572916882 0
9 15 34 -38.903656437853613 35.454239871800112 0
17 32 82 15.977406787293251 -76.346070444741002 0
9 15 34 6.256721190732712 -30.362287743305700 0
9 15 34 -6.969850551712838 -3.435390411048107 0
28 19 87 -34.407257080128481 -84.244528963143651 0
3 21 87 -26.748028376031144 -44.984673949932869 0
26 13 63 -64.243041292051274 -72.676211001591128 0
25 12 61 -81.432277077536654 -54.523245042525659 0
9 15 34 -90.442649555841797 -29.071070522414384 0
9 15 34 -94.998223195712555 0.581024661766374 0
9 15 34 -36.186989149077199 -10.244120996289519 0
26 13 63 -60.496812196352508 -40.859193293183317 0
25 12 61 -12.122758704692080 32.021527153563426 0
26 13 63 -65.982183576489305 -15.444420014202919 0
25 12 61 -56.406634213601421 7.649060762823686 0
6 11 91 63.469556570464029 -75.977729557737291 0
6 11 91 -18.740245285599098 54.048984368401364 0
6 11 91 -93.586034439024644 26.542644852260732 0
6 11 91 78.681801402521273 -60.084724581662194 91
6 11 91 63.469556570464029 -75.977729557737291 91
13 14 93 88.537514288976837 -37.109413408584373 91
13 14 93 54.857630041010907 -52.507861184623188 91
13 14 93 62.964343225989310 -25.707092513995519 91
16 22 94 87.999850407905598 0.162259626021800 91
13 14 93 88.933495384177519 36.150150743150100 91
13 14 93 52.000004585763229 0.056899377449515 91
13 14 93 62.813350455228210 25.884627715561731 91
7 27 109 22.025760898370017 -27.950410816140199 91
8 15 94 26.470616113244354 13.813727653590078 91
16 22 94 35.754903965077929 49.629953014232079 91
8 15 94 69.532564698684638 64.731927566103209 91
16 22 94 30.620106564634781 -79.126321991591652 91
16 22 94 -10.813155811074864 -64.318055080652883 91
8 15 94 -41.017256894460203 -85.688882807829032 91
16 22 94 -65.906970002573800 -58.311845323911996 91
8 15 94 -90.047740269749056 -30.272173234041421 91
2 18 94 -35.233748029729540 -32.637861336135103 91
1 19 88 -90.924074891676312 3.716531325420856 91
16 22 94 -49.932822933000566 4.563445052055457 91
27 20 88 -8.085163122583717 8.137429997690042 91
2 18 94 -4.073147013598621 45.925043401307427 91
19 22 79 8.255302610771157 83.977761173621360 91
13 14 93 44.249691303095304 84.613357480948295 91
23 29 72 -46.373174744057948 66.411811179616734 91
26 13 63 -84.199949651772286 48.159822244678310 91
25 12 61 2.321317991304532 -97.972503707842677 91
22 26 67 73.459698242557323 -40.739081164312253 200
22 26 67 83.365034749077594 10.308781755623954 200
22 26 67 34.203620398247040 -6.636876656664198 200
30 17 66 47.623301822743926 34.215444580506805 200
26 13 63 59.029200326189887 -76.971121265384625 200
7 27 109 23.523572742337393 -58.549655257578053 200
12 16 72 -0.818275323573538 -93.996438366008476 200
23 29 72 -39.371489406971868 -70.787610652406556 200
12 16 72 -12.333409728768597 -34.816201904414328 200
12 16 72 -7.652256588171705 -3.160447209978742 200
12 16 72 6.945369387914551 25.316022301923393 200
12 16 72 21.189855517029770 53.970770859840357 200
12 16 72 50.372098876267373 67.100762197317835 200
13 14 93 74.675780901612782 49.353587653135065 200
12 16 72 27.808998650435647 89.792313669155831 200
22 26 67 -13.619703679753631 82.888501444263710 200
30 17 66 -55.777001771340906 74.417243118781514 200
12 16 72 -36.474509619608149 47.651335760122905 200
26 13 63 -78.859812260717035 -56.481235912508708 200
14 16 71 -62.773836122367584 -32.351557678507071 200
25 12 61 -79.344785862742526 57.518735698861931 200
22 26 67 -68.916897134261987 20.977537898756523 200
14 16 71 -40.199779070348498 -9.670906272249191 200
15 13 104 -28.590646093404480 16.904044932289850 200
11 13 108 10.632572258256953 -96.415498791288442 309
20 38 104 43.471776498160743 -57.395162235975590 309
15 13 104 89.929453931161191 -36.355100270019292 309
15 13 104 73.520294871392039 -16.187316580401923 309
24 14 103 48.659453607419664 -5.654578491587177 309
4 36 100 -0.762081271963098 1.929080926263354 309
4 36 100 58.056688721666610 43.454402074166424 309
24 14 103 90.131488709378644 5.098083093478667 309
24 14 103 36.749877673563994 88.687352486011690 309
1 19 88 -20.418316499553356 -88.679717812609596 309
4 36 100 -56.799817962859485 -47.431853003925809 309
24 14 103 -94.826170732588366 -14.966540822581642 309
4 36 100 -68.647303735460525 27.632366707385508 309
28 19 87 9.738782775818418 69.729484662203461 309
30 17 66 -21.028420430836050 50.901271985042143 309
13 14 93 -20.934512709001261 81.901129748260672 309
11 13 108 35.860802908898620 -90.127702815111874 417
11 13 108 58.512574555776368 -77.364582457702909 417
28 19 87 75.760976273330812 -50.411055078343722 417
3 21 87 88.135690976129538 -12.373357513633827 417
4 36 100 63.016506428402188 38.793297327749109 417
2 18 94 49.149093937231186 -13.395732849096625 417
27 20 88 17.005338295631454 6.871950127828132 417
3 21 87 28.645080980668375 84.264223343070995 417
27 20 88 36.816906716012490 -52.498983792345271 417
2 18 94 6.463780944902613 -29.636618299614963 417
28 19 87 -10.889855852883464 90.346062667409143 417
28 19 87 1.865948789047467 54.550958980774936 417
28 19 87 -20.393785192821053 -4.187234394345289 417
10 28 83 -50.310242466223698 64.752447853264826 417
10 28 83 -80.141441860119244 17.359415214261354 417
10 28 83 -72.595549987903226 -38.129858666848541 417
10 28 83 -3.479345752980066 -78.579858719295316 417
14 16 71 -47.250366840222966 -74.096811431998731 417
15 13 104 -39.359929429195347 21.586499770595697 417
18 14 109 -23.246899437208562 -41.522554158100576 417