24 10 83 100.000000000000000 0.000000000000000 0
24 10 83 98.000000000000000 19.899748742132399 0
24 10 83 81.766312060385914 8.217823563497323 0
1 35 82 66.747496169035642 -34.201926190853236 0
1 35 82 43.443436590123397 31.805049252220261 0
11 23 85 11.484351885170476 -16.595538603937477 0
23 22 83 -12.601749743798926 21.415771664441294 0
20 15 84 -0.166092467476066 56.263360219545625 0
28 33 76 13.025275595371831 -75.890330053733535 0
1 35 82 -42.789724206003214 -37.048525291692620 0
20 15 84 -38.471367127197574 -86.861694154353117 0
11 23 85 -57.539240738213451 19.044716387372933 0
8 21 87 -36.145077579123331 57.493250595093144 0
20 15 84 -71.841366109120671 62.159618045603267 0
18 17 74 40.493711293829428 83.721319540795534 0
18 17 74 -91.219226020594391 -18.112228029806651 0
27 17 66 -11.314522052683163 86.258568466592010 0
12 12 106 -91.574937614827334 10.885590323678640 0
12 12 106 -97.206684901526586 -12.444292284229098 106
22 29 98 -77.511462303053719 23.515382447289326 106
4 19 100 -68.279018379851379 -23.588353914117548 106
22 29 98 -25.416680300894562 -1.982336826157775 106
4 19 100 -39.139643886317785 -47.978861373487959 106
6 15 89 -52.213138814614055 -79.364904933640815 106
4 19 100 -18.214777651169012 -79.698728539684140 106
6 15 89 -72.558463444099814 -57.317960344404867 106
26 36 87 -25.890668516054365 63.015934959881960 106
26 36 87 23.900088158514109 -44.324471263631203 106
19 33 95 76.999552153555683 -0.262617881830714 106
19 33 95 48.917382952871726 59.465028756758329 106
4 19 100 26.590608854633665 12.502116172824124 106
6 15 89 74.751862512884500 -48.209962868589052 106
20 15 84 12.888918217506536 -94.121601065761880 106
12 12 106 64.964135127322990 -73.373436250177889 106
2 13 66 -96.186675356612653 12.534890659339812 212
16 25 69 -81.917204824289172 -22.684169673484966 212
16 25 69 -59.369818905022690 21.943348610726893 212
29 20 76 -63.525045173611439 -63.753969568103187 212
16 25 69 -32.621027225345912 -31.044006641598941 212
2 13 66 -30.945834035732570 -69.007064049788198 212
28 33 76 -1.510486208004245 17.906317541273452 212
2 13 66 5.222425709458005 -27.598274502955391 212
2 13 66 -1.420315747049520 -52.735378272920549 212
9 17 53 -4.204989114253614 -82.605858587739462 212
21 14 119 -39.283874703086710 -87.594390164622894 288
21 14 119 -62.888176653764376 -72.533283650782863 288
21 14 119 -81.142616354382227 -51.301810993039432 288
21 14 119 -38.042724828336787 -59.621911779817438 288
10 18 116 -89.694769953504220 -20.465782247154774 288
10 18 116 -55.600822311011100 -32.024447141983153 288
10 18 116 -62.637698699504902 3.281110079126655 288
10 18 116 -19.629082029940875 -33.450596205450864 288
30 33 114 -13.570486913881766 17.188256716190892 288
13 23 112 -4.447876122664191 -75.126302785044572 288
30 33 114 31.352064243329909 -32.063972729748357 288
30 33 114 74.998078428592564 17.443859435878220 288
20 15 84 33.234783298312770 -80.027035277504879 288
9 17 53 77.387052241729720 -51.577554666112221 288
2 13 66 -62.645387833950110 -74.057784081985432 407
15 19 62 -78.397905978782092 -46.203553306450814 407
15 19 62 -40.675837283089649 -50.791094403537684 407
15 19 62 -55.563944499953507 -15.829054081222878 407
3 15 77 -22.178292175126106 -22.263198845350185 407
28 33 76 10.952685396871654 -56.995580352004488 407
28 33 76 71.042695088421851 -29.697398447903176 407
28 33 76 67.944093548248105 36.229824066739695 407
29 20 76 28.066243310375022 1.319122836232079 407
28 33 76 3.005721400678425 48.019981946248649 407
3 15 77 57.381563397073521 -75.712325166432663 407
3 15 77 50.027284585563947 80.760576997660166 407
3 15 77 -8.510408961742042 94.618037071712180 407
29 20 76 -39.899493804779368 79.134970427258139 407
3 15 77 21.418504432120990 92.554025670908629 407
23 22 83 -71.433481643585964 51.393167836546795 407
29 20 76 -89.019012792484816 13.251994621619225 407
3 15 77 -54.420278128609141 18.536647841909804 407
20 15 84 -92.634127503086404 21.069371650382251 490
23 22 83 -86.634724843675045 -15.440999037002552 490
1 35 82 -42.634882862254344 20.794534705582343 490
26 36 87 -40.176240158897834 -50.162882637900729 490
11 23 85 5.030721678708737 -12.250739445868126 490
23 22 83 17.580880177314544 -55.465245362977399 490
8 21 87 59.137996551497338 -66.510881544865185 490
26 36 87 73.138754264329407 -11.257114402103117 490
26 36 87 48.088778252100880 56.244727808215671 490