18 12 111 98.000000000000000 0.000000000000000 0
25 18 96 87.591836734693871 28.136633370798521 0
1 21 105 65.220567706332915 -3.809044303351674 0
1 21 105 49.203533666341372 35.016908622001651 0
17 31 95 13.236112832038856 -2.537646874345008 0
17 31 95 2.851925982219022 58.586559979143317 0
25 18 96 49.359064266383569 74.016598495543604 0
4 19 95 -41.970949236843239 80.743045645791241 0
17 31 95 -68.914536325780830 38.623654449089017 0
17 31 95 -75.572343685659490 -23.017838079553936 0
23 15 83 -66.270691322997180 -68.067580180082984 0
4 19 95 -36.011307584002452 -83.571440852066004 0
25 18 96 -32.686960632799881 -46.721085123144860 0
25 18 96 -2.934938236116771 -66.989710219763197 0
23 15 83 16.685864820673672 -93.523162452871560 0
25 18 96 33.000714075553546 -64.838224004435844 0
25 18 96 68.803423901970930 -61.074453410290104 0
23 15 83 48.025492296723854 -35.437028457544265 0
28 16 83 -33.753827857123554 -1.565291985943293 0
3 13 79 76.692150192193466 59.391195466146655 0
10 12 78 26.893522174161912 94.237670095709930 0
10 12 78 -23.179102070215652 24.361049339660390 0
18 12 111 95.061224489795919 23.819395426849606 111
7 17 90 92.860222927345077 -5.096959670605017 111
1 21 105 62.598880450588716 17.886755248973611 111
1 21 105 59.911052427950651 -24.027151518598433 111
1 21 105 24.956458406699781 -0.742470786204152 111
4 19 95 28.677311564812708 39.084093863232546 111
4 19 95 61.705108560099099 57.876768649918738 111
4 19 95 34.360408613294304 84.263647677556961 111
8 30 87 -11.531145039581645 67.089093729194630 111
4 19 95 -60.523490221060982 67.955184728327652 111
8 30 87 -76.972825521019217 21.798718570382370 111
13 22 87 -25.202346332912484 16.918402532070097 111
8 30 87 -47.109730052671132 -30.241607418684300 111
23 15 83 -92.800056117166321 -20.326081389455844 111
23 15 83 -60.580175488635696 -73.178154785195986 111
3 13 79 -32.685641761939749 -70.750195112915080 111
27 22 77 -1.406780325157904 -55.045647134109657 111
2 12 75 25.091576070724425 -33.742194167118555 111
7 17 90 37.269335318930814 -60.061430092439863 111
28 16 83 24.880212100990441 -90.647531934464325 111
3 13 79 64.654962677978901 -72.309997933267539 111
10 12 78 81.740772748487615 -54.059652889008674 111
2 12 75 -3.071561484635408 -89.004865377335591 111
2 12 75 -1.057153991155158 -21.047444807713457 111
18 12 111 98.000000000000000 0.000000000000000 222
7 17 90 88.836734693877546 27.514261191782229 222
28 16 83 70.003096406020575 0.416400227452073 222
23 15 83 56.851565452195985 28.488401110370873 222
28 16 83 71.687057584842762 55.708029564524608 222
8 30 87 26.024681283748173 61.271067451977402 222
8 30 87 20.846680356356657 1.494915799366535 222
8 30 87 -28.331985051579753 35.867271969612403 222
12 19 83 -74.519826960628905 52.228300659297020 222
23 15 83 -92.136625582149421 23.148266162605090 222
28 16 83 -15.917995522583006 80.160531772588740 222
15 32 82 -75.204299132502726 -20.695733666363470 222
12 19 83 -59.193009509621824 -69.117202093211361 222
12 19 83 -30.155988709001441 -44.604931226881178 222
15 32 82 60.047099329387116 -46.539729534380584 222
12 19 83 9.049320950042624 -46.063703935001854 222
12 19 83 -11.763464090882209 -77.857224954861479 222
10 12 78 -42.742713170360958 88.187643526949117 222
10 12 78 -17.110993555458919 -16.483265176590834 222
19 18 117 23.538366341810082 -88.937873315920598 222
3 13 79 53.484196902290464 -80.922436207253568 339
10 12 78 73.036223465926099 -65.343018462841968 339
10 12 78 50.906010667107154 -56.055732450287479 339
6 26 80 79.247402381167063 -27.854070004891504 339
6 26 80 80.459030793594366 24.131812276649125 339
10 12 78 52.147927544942867 -1.215405180977159 339
6 26 80 28.655961709931873 28.653098986568228 339
15 32 82 -1.857409338182784 77.977881675193203 339
6 26 80 -57.412887681964115 61.316884526353526 339
6 26 80 -82.506020316872593 15.772019891941760 339
6 26 80 -75.981199587718777 -35.816997490175581 339
15 32 82 -27.807449253963632 -3.517000914618082 339
15 32 82 -27.409725110559766 -67.515765086324976 339
27 22 77 51.715586233298176 71.200408289182590 339
27 22 77 20.055076630067521 -41.765180709986140 339
12 19 83 21.262623005390846 -82.747394312370332 339
2 12 75 -25.416890279483106 40.816734521526016 339
2 12 75 18.014488360840357 -7.826471254329280 339
18 12 111 52.262239974560984 -82.901497410127647 422
26 16 70 25.320212540112173 -90.525614258747481 422
11 26 73 68.538716726673442 -48.563816874920512 422
11 26 73 83.992971456874685 1.086621297708476 422
15 32 82 26.762518651906383 -8.330133543440269 422
12 19 83 54.100642697442950 34.723634859231012 422
24 17 68 26.487370759768265 -57.546260995072203 422
12 19 83 -7.612350215514226 -46.004639384229172 422
2 12 75 84.793277392838931 39.078192868372156 422
11 26 73 -45.136639274753321 -70.842669310104313 422
11 26 73 -78.189350494837683 -30.698948991706938 422
11 26 73 -81.278342364292641 21.209221167049787 422
21 13 71 -76.302839431765079 59.890539274999654 422
21 13 71 -6.797957227158715 -77.994274644114796 422
21 13 71 -53.095775781779793 48.167391372429641 422
21 13 71 -50.716297163913652 -3.018064961817216 422
21 13 71 -39.221973009376498 -32.293781868710965 422
21 13 71 -42.414297279577994 24.462834489690806 422
26 16 70 -21.221818255733439 -9.556270376797395 422
24 17 68 -11.692432861738057 22.037887532738786 422
9 19 68 17.148016375188515 43.583849748714712 422
24 17 68 42.753950862850424 68.888713293368866 422
14 13 60 71.799917640078348 61.383261010116904 422
18 12 111 -59.184364603915476 78.110248920553289 422
26 16 70 -32.761969197125381 68.844342544637442 422
9 19 68 -5.530511165952028 90.831786541074266 422
29 16 54 25.320212540112173 -90.525614258747481 533
5 20 50 55.478695279182162 -70.866877807052077 533
16 19 52 19.412031127108254 -56.027884008903001 533
16 19 52 81.034043722002679 -41.406325097266901 533