17 11 96 99.000000000000000 0.000000000000000 0
17 11 96 96.555555555555557 21.863775779997951 0
17 11 96 78.843192529652626 8.814936902970350 0
17 11 96 81.287636974097069 -13.048838877027592 0
14 18 96 53.398748085208169 -5.098374957028339 0
14 18 96 59.461995954742065 30.387354925173501 0
11 29 97 13.634003470917627 19.956865727512117 0
14 18 96 38.638381778537408 59.753612647950646 0
11 29 97 -3.319671357049899 80.931945374377250 0
14 18 96 -50.164829577719473 77.119970652473413 0
14 18 96 -33.725821862760547 45.092497674613909 0
4 27 95 -76.695855550573839 31.729256867527063 0
14 18 96 -37.678142638317084 9.310111498073024 0
4 27 95 -79.984171041912646 -22.170529599855367 0
19 36 95 16.967417113347810 -44.957603795764904 0
14 18 96 -33.771913689342163 -26.477335678251112 0
2 16 94 -52.241122126590426 -55.023584813671306 0
26 17 100 65.678855982754783 -65.842903010093323 0
5 15 76 71.521612273355430 62.527265875134930 0
5 15 76 85.739416821926937 -40.911519197358970 0
30 14 73 -45.860907302649181 -84.337282274079826 0
20 11 64 35.933146141879654 88.627159367225659 0
20 11 64 -27.977612123774364 -66.867658536138791 0
15 16 91 -16.704527738892960 -91.401666941846642 0
20 11 64 86.850235781913739 -47.518802011687868 100
20 11 64 74.211437712484965 -65.526044536855451 100
20 11 64 64.936107268296780 -45.576903072844630 100
13 26 67 79.011423716821497 -11.358699337495075 100
13 26 67 30.895326689642680 -31.077756284294402 100
20 11 64 44.970643138167404 3.140447451055138 100
10 14 60 92.308202067389416 26.366566539578209 100
10 14 60 64.313099332906432 25.842903589061841 100
24 22 77 40.562089575089587 -78.094282052544727 100
20 11 64 11.449383174939399 -62.555610099682923 100
20 11 64 -2.983422440782054 -45.951570770086057 100
13 26 67 -17.435389775999433 -11.890733432436676 100
30 14 73 77.857145281980038 50.349205213937495 100
1 31 85 20.856769058032054 37.528251638693760 100
14 18 96 54.964717816071726 72.708470960337280 100
25 39 110 -60.977108697156680 36.370210542903635 100
30 14 73 -95.937479623757397 -3.464102111822719 100
16 16 73 -88.219690321220966 -32.454371656648540 100
16 16 73 -15.504083284809898 67.308923506568817 100
16 16 73 11.988736412220895 83.684052974959471 100
16 16 73 -59.371257904573419 -18.606341215386546 100
12 17 105 -70.699852559741501 -60.419623037807952 100
30 14 73 -48.996707193834041 -82.554967652841412 100
24 22 77 -13.271375130780559 -86.993508965543512 100
30 14 73 -35.010439068124320 -58.298333428041047 100
23 14 108 -95.937479623757397 -3.464102111822719 210
23 14 108 -92.856367075473244 24.365859179289526 210
23 14 108 -70.295469885174541 7.782556795000319 210
25 39 110 -56.250735330185300 -43.322681990078181 210
7 30 108 2.213093706392605 -79.969382992784972 210
7 30 108 57.190862710694581 -55.939299445081403 210
7 30 108 8.891315401169816 -20.342196617814970 210
25 39 110 69.906009713623376 11.879024308119043 210
25 39 110 0.873517411300980 48.190386256272419 210
12 17 105 54.098058120329014 65.601539759501833 210
12 17 105 -65.194794168107592 38.360050270256323 210
12 17 105 -51.011481709163455 69.260432916624310 210
21 16 99 -40.603464578503811 12.070309221229854 210
21 16 99 84.516915012262473 -41.144757585991456 320
4 27 95 49.744970234586148 -66.441236716064651 320
14 18 96 56.457064754113276 -21.944632495507172 320
14 18 96 89.432989662323521 -7.502043515408108 320
14 18 96 87.491989802666552 28.445592283692953 320
19 36 95 33.513021779632076 26.938604835761719 320
22 20 85 19.437002651185004 -30.518721478911431 320
19 36 95 -30.714165790050806 -5.601652951919869 320
19 36 95 -26.781261895036039 66.290851990894424 320
9 24 93 -68.080115397280451 -52.546150072988006 320
18 33 94 -14.775433326701872 -72.735525233070064 320
22 20 85 -88.935300775359678 -13.802618447103008 320
2 16 94 -91.361386200570720 22.115540045636831 320
21 16 99 93.421932208823307 -10.408774297198580 419
9 24 93 73.299949790363115 -44.979076921722694 419
2 16 94 61.635533263010075 -6.717589926619993 419
2 16 94 80.725392170889819 18.964646869991874 419
18 33 94 34.010124235259376 33.752606218808694 419
18 33 94 18.214679026213922 -30.329403040015606 419
2 16 94 -9.056524082253773 10.380319152805882 419
15 16 91 51.592246446205493 -78.576332993045668 419
15 16 91 19.600653342519482 -79.309797844412003 419
27 25 88 6.399081941346424 84.758785682122266 419
15 16 91 47.220683991072505 80.938209011801504 419
3 22 83 -40.155582639100409 78.304081521427591 419
27 25 88 -72.564530608045970 44.264985006593648 419
27 25 88 -84.896649061615989 -4.190343435664566 419
3 22 83 -17.688525235441485 -71.994255418799455 419
28 26 81 -40.783870513795883 -29.915697619445236 419
29 16 56 -55.489946958588504 -75.874012590168405 419
29 16 56 -80.020220755927170 -44.899315996753316 419
12 17 105 -13.917191094559804 47.999446053525702 419