22 10 45 100.000000000000000 0.000000000000000 0
22 10 45 98.000000000000000 19.899748742132399 0
22 10 45 81.766312060385914 8.217823563497323 0
22 10 45 83.766312060385914 -11.681925178635078 0
22 10 45 65.532624120771828 -3.464101615137756 0
22 10 45 63.532624120771821 16.435647126994645 0
5 18 53 78.566312060385911 40.057421550909162 0
11 23 64 37.684200904597901 36.950495828302707 0
26 10 42 60.135523527445379 61.135989672440289 0
13 21 76 36.275973719776047 80.927954783953254 0
5 18 53 3.566935096641636 59.688397529850683 0
25 16 58 1.523478608616717 93.626934410240040 0
11 23 64 -4.907450543077072 19.573751974526012 0
5 18 53 -31.346456654321099 50.910295431799682 0
11 23 64 -72.271585831974264 48.433644105431277 0
25 16 58 -49.176539457334549 79.860047541924629 0
4 17 61 -91.995114982174869 13.634471732209697 0
5 18 53 -57.152096962834989 10.323264202628238 0
9 18 53 -78.504232457885138 -18.660978237032317 0
9 18 53 -42.727074448166974 -22.660348780962885 0
9 18 53 -64.079209943217109 -51.644591220623440 0
29 11 93 -25.462915663819267 92.769890553349128 0
28 24 84 61.297085244103947 -37.199249612800891 0
8 17 74 38.535105695022068 -3.098043079788333 0
9 18 53 7.601164550461087 -19.471536453678858 0
25 16 58 -16.120697404213001 -43.828737963774103 0
25 16 58 -35.170313132798576 -69.540839017426350 0
29 11 93 -46.761806245412757 87.260148273232247 93
29 11 93 -26.336119842744964 95.432744860601048 93
29 11 93 -29.471286784535472 73.657283252471956 93
18 21 92 -64.902448767818584 60.898868166335276 93
18 21 92 -85.602910851791904 24.354499660230481 93
18 21 92 -87.239677096532688 -17.613595319885999 93
18 21 92 -69.448241043800451 -55.659157520772723 93
18 21 92 1.839556482833451 80.262666957167582 93
15 18 94 -29.445273210844785 44.657294919819407 93
15 18 94 -48.048062647471298 13.836259486587487 93
15 18 94 -48.505678599513629 -22.160831890917393 93
15 18 94 40.777064773232958 82.469576138595272 93
15 18 94 25.995498041860518 49.644200512930546 93
3 30 95 -0.650848537381982 6.253114057258660 93
15 18 94 -16.681878051922968 -38.990737378090166 93
14 12 90 -51.520347491164145 -83.364583573539775 93
21 26 88 -13.523135101959785 -82.904311208851752 93
21 26 88 69.889941138740113 46.598241679525216 93
14 12 90 40.011091246412413 23.119435723690305 93
3 30 95 55.028180265700186 -16.104116351393184 93
14 12 90 16.235904551552533 -32.202543135323040 93
21 26 88 36.577106743729047 -68.977151878841539 93
1 15 68 75.849323007604625 -57.200351391298810 93
26 10 42 97.266666887229832 23.220583813691441 93
14 12 90 93.106293751621536 1.617544782747000 93
26 10 42 94.805736567886285 -20.316718234602050 93
26 10 42 -38.299286815277860 -56.786457042043835 93
2 13 120 96.816276154813210 -5.967300186428275 188
24 19 113 87.591033753619712 24.674091796300281 188
16 14 117 69.956515072794588 -3.218985317844552 188
16 14 117 54.872806897686630 20.370880041842895 188
16 14 117 63.343818516014437 47.058741742664026 188
30 20 115 81.502027987506551 -35.198684058392743 188
16 14 117 49.871661058486140 -22.727922736984482 188
30 20 115 29.576414445945680 43.088550013200070 188
16 14 117 48.913753325575883 71.054016665025173 188
30 20 115 26.367148206846466 1.839085131437459 188
16 14 117 1.070755755105520 24.556755102794636 188
30 20 115 -7.781830933251030 57.384056376660148 188
30 20 115 18.956547842566451 87.133999241158449 188
23 28 113 46.213740184619631 -67.736919166348812 188
30 20 115 11.017899779313453 -35.098708152811064 188
30 20 115 -15.485947584884796 -5.139634821092637 188
30 20 115 -36.103617318892560 29.137350092102114 188
23 28 113 -81.066873398050831 12.335397742448308 188
26 10 42 -44.964896663008950 0.475917322864351 188
24 19 113 -64.186444621736527 56.199404904673926 188
7 14 109 -91.738126293556803 -28.286325037859225 188
7 14 109 -36.957177590227502 74.842554234301048 188
7 14 109 -55.581130781628737 -21.048384597027351 188
7 14 109 -69.523280464851382 -45.330403916075241 188
19 24 102 -31.916064483613784 -50.779927394375719 188
14 12 90 -14.886114003728594 88.585485223021109 188
2 13 120 -62.616122989873418 -71.431958958176779 188
26 10 42 95.720468216652904 -28.941181115924415 308
11 23 64 70.794772555086780 -50.567778069374697 308
11 23 64 35.113295072424336 -79.599349929235359 308
9 18 53 31.533072425290843 -38.755966061135595 308
11 23 64 57.054621557887103 -6.667797994502763 308
11 23 64 80.547164066383161 32.880911800969791 308
17 12 39 71.746632242709708 66.756428617994302 308
17 12 39 91.482775928791881 -0.366830877214335 308
8 17 74 40.664447834042733 29.820038407539517 308
28 24 84 10.809006404512004 1.719280107311018 308
8 17 74 9.193347978449800 42.687434176664624 308
8 17 74 36.072389522857016 63.508508252082322 308
12 16 99 -1.133332530302127 -93.993167610075574 308
1 15 68 0.901447147485174 -63.060019182169562 308
1 15 68 -5.434927393567320 -33.736814076391951 308
13 21 76 -35.932897376391743 -81.423748907414591 308
17 12 39 -67.316277067391283 -71.221617798153190 308
1 15 68 -51.813599739791982 -49.115804180999469 308
1 15 68 -34.104111003418680 -24.900643460982199 308
6 21 80 -33.204909013997174 11.088124728304589 308
1 15 68 -22.681423411002719 45.515675480043647 308
17 12 39 -6.460283544478060 67.099804404571614 308
17 12 39 13.025448138293591 81.110738020395701 308
28 24 84 -56.617740167676445 64.733542296907231 308
6 21 80 -84.106383900432235 29.105260472861506 308
2 13 120 -96.971117624928354 -2.366927665204358 308
17 12 39 -71.983278469164389 -1.587251882798858 308
1 15 68 -82.614421374670570 -26.406172095465354 308
7 14 109 -8.550613616323886 95.618444908837205 308
17 12 39 -95.362913328539349 22.581292290156718 428
28 24 84 -85.166473060271727 -11.944532911504290 428
17 12 39 -71.396197601230185 21.317750741037038 428
17 12 39 -53.549604300161704 5.270972013010100 428
20 23 82 -40.746818772062809 -27.303384200451763 428
12 16 99 -72.535084512355226 -49.897767600415378 428
28 24 84 -41.607617021498740 -75.264906867625157 428
10 29 102 11.159530501074350 -80.227581784543347 428
6 21 80 59.220292732515531 -66.437616819653968 428
6 21 80 83.093448889424977 -31.882263904254341 428
6 21 80 88.461764263485577 9.773242214920657 428
6 21 80 49.702880069751608 -6.405413355203802 428
20 23 82 54.188240347139129 37.365370772819702 428
28 24 84 11.586382248491880 17.513879983895968 428
20 23 82 16.840327428420636 64.219297871399164 428
12 16 99 -2.447594662600464 -19.943395571847901 428
27 16 107 24.473563250782522 -37.242275784240192 428
27 16 107 53.901069402767170 76.364313487317858 428
10 29 102 -36.260092366880798 42.447211428918443 428
7 14 109 -45.783415322939256 84.379374739134278 428
27 16 107 -15.806437540159994 85.554450485951904 428
2 13 120 -70.898453035822527 66.199768557958478 428