12 12 85 98.000000000000000 0.000000000000000 0
29 24 85 80.122448979591837 31.247290594749217 0
12 12 85 74.387058819239243 -4.292902141201593 0
12 12 85 53.323179931968532 7.209836933574962 0
12 12 85 44.170087288085959 29.395888746651185 0
29 24 85 46.324856193357306 65.331344371491625 0
2 31 87 64.180298668224282 -46.063969247748602 0
12 12 85 38.440767910939869 -11.618700249019483 0
29 24 85 12.139595800029980 12.962763206037383 0
24 17 80 7.026322112088305 53.642665273178636 0
6 15 81 12.724769931328737 85.131197986714113 0
11 38 93 -4.817009816781869 -46.673413113004955 0
2 31 87 -72.235471032955175 -31.984945281289647 0
2 31 87 -42.081185476950701 22.188102100290614 0
30 13 81 -61.832830110126835 -74.737548264391123 0
30 13 81 -21.973426404532063 61.324760428328354 0
6 15 81 -17.039253659539739 88.886580747795193 0
24 17 80 -90.071455198459603 23.154545092311459 0
1 16 91 -47.107695700857846 81.344114757955154 0
9 15 96 -40.333158931582737 -86.013000706868070 93
9 15 96 -11.500808576088986 -94.301279960009865 93
13 15 93 -65.143366014120858 -69.147247699024732 93
26 19 95 -35.584502780340358 -52.346247600022906 93
22 22 93 -71.576888897463576 -32.710867756589373 93
22 22 93 -87.611151337625657 8.263544112283235 93
22 22 93 4.504295798672747 -60.942073825076392 93
13 15 93 -51.890708481397077 -1.382696717952596 93
11 38 93 -45.764688780097877 51.262073987401365 93
22 22 93 -17.675208040315411 -15.464583294911689 93
1 16 91 -11.814325366002024 93.254606943283193 93
20 17 91 21.077117747275139 90.580103264831280 93
11 38 93 28.710039875622080 36.112328390300270 93
11 38 93 65.193551446217086 -30.558155209852647 93
1 16 91 81.705967950350441 46.477250362906645 93
1 16 91 47.005763355400802 -81.403060208913871 93
30 13 81 64.467749400653091 72.476956939530723 93
30 13 81 96.514696244921566 9.690893083226122 93
28 14 59 19.606528403350133 -93.621158425998431 93
28 14 59 -39.672354692754332 -87.419129903770454 189
28 14 59 -63.209561668086252 -72.253382714779519 189
28 14 59 -81.369566348737251 -50.941080399010460 189
21 28 63 -81.511059490407391 -8.941318736700264 189
10 18 43 -50.387375876911221 -42.934590933115167 189
28 14 59 -90.477664367505341 32.090376292606088 189
25 15 50 -61.623730719324499 29.183399679976063 189
25 15 50 -38.627315981747550 -12.101151435352957 189
21 28 63 -7.729770690129605 -60.148792039430326 189
18 20 76 -63.123836427119279 64.151237515127406 189
16 15 49 -35.094460389006727 43.190462746190967 189
16 15 49 -25.369587982359207 14.810419464433526 189
10 18 43 -5.630605229569685 -11.635233484304148 189
27 33 78 -1.015609684220095 76.993301896783976 189
11 38 93 59.719107181612266 40.219749345702127 189
21 28 63 78.711683623132444 -22.988494104919205 189
16 15 49 69.327103309503784 -64.951926428038988 189
16 15 49 38.311215286484256 -8.264290962491174 189
10 18 43 36.923562276933637 -71.197767328233510 189
6 15 81 7.753243217787404 29.801065048092909 189
6 15 81 28.185640299522689 -36.503850647150180 189
6 15 81 94.997658788750570 0.666951764462972 282
11 38 93 60.277935498914786 -39.377283959012068 282
18 20 76 64.847494090969292 18.442428374013090 282
23 18 99 30.493236120014405 -86.799553863652136 282
18 20 76 5.429826347634339 -58.236894838593500 282
24 17 80 8.316364408454403 -21.349662656936964 282
24 17 80 28.843526228334746 5.754499894605679 282
27 33 78 27.179531908349897 55.726803452707323 282
18 20 76 -22.116637606011224 -87.240210574048774 282
27 33 78 -59.137319619947860 -49.313055352189750 282
27 33 78 -75.603179341977551 14.599975115895866 282
18 20 76 -26.131095434104456 -7.845125997158704 282
20 17 91 -13.763025895024256 27.026507974831731 282
15 28 112 -32.594110810977853 67.896915862301427 282
7 18 108 -75.806837752408626 52.127951714794960 394
5 33 110 -76.991535186597105 1.141713453971796 394
7 18 108 -77.319183991621230 -49.857234047526383 394
7 18 108 -43.555011885051108 -37.368011415276129 394
7 18 108 -49.621113865287889 -72.853253513440933 394
7 18 108 -18.079399971067975 -90.206071285064553 394
15 28 112 -31.094148843085797 41.321682677883125 394
15 28 112 1.103333570420862 -48.396709488019155 394
5 33 110 62.039556999734351 -45.608040598963612 394
15 28 112 81.064772751752372 12.349195063110244 394
7 18 108 71.879250962361454 57.422759260504549 394
7 18 108 37.084194787815449 -1.130744178520853 394
7 18 108 11.665272011913414 24.361967817513008 394
3 22 113 31.905200607812194 58.863348810640204 394
3 22 113 -1.071084389666872 87.993481453061122 394
17 19 100 29.427471761626443 -86.110533070691645 394
17 19 100 -13.874047169136533 -2.410091792618861 394
18 20 76 40.254289009030074 80.495914283754061 507
27 33 78 68.311759818240859 35.531724846043915 507