22 10 76 100.000000000000000 0.000000000000000 0
22 10 76 98.000000000000000 19.899748742132399 0
22 10 76 81.766312060385914 8.217823563497323 0
22 10 76 83.766312060385914 -11.681925178635078 0
8 25 76 70.291971924572152 41.283508471686559 0
28 27 79 47.310008688948507 -5.362277681367427 0
22 10 76 37.093487714911049 30.199256301112186 0
8 25 76 25.334023956246902 63.164617092534819 0
4 28 75 -2.463233348682785 18.039097856480211 0
8 25 76 -24.573331315229954 66.206966481837583 0
8 25 76 -70.770398548807449 47.080257956418976 0
25 15 79 -93.895750279416092 14.442578698609644 0
4 28 75 -77.938535737513888 -25.486950525558591 0
27 17 69 -50.587835801571416 10.247335713486907 0
10 18 61 -32.316177056603365 -19.604741043540109 0
25 15 79 -43.158751665722882 -50.772650435183252 0
17 20 70 -32.241878956875297 -84.026550811813067 0
17 20 70 -8.182838447504846 -52.070916413972185 0
17 20 70 7.462032480387979 -88.884473884686344 0
17 20 70 31.521072989758441 -56.928839486845455 0
17 20 70 71.459654282952840 -54.713049720892521 0
26 13 53 -62.549700934324100 -70.971439667771776 0
26 13 53 2.121676128626159 93.250941366688863 0
26 13 53 14.228924475194965 -27.848759559210087 0
3 15 117 -69.940230413764354 -64.291244891272342 79
3 15 117 -86.500728725988282 -39.276251474306797 79
3 15 117 -94.435115586313074 -10.344512757964388 79
16 16 116 -55.599154252600783 -36.807912950990676 79
16 16 116 -63.760307522292372 -5.866103415855171 79
13 27 103 -74.953059890488291 35.651631281792348 79
16 16 116 -57.017803764641968 74.732657211267281 79
12 13 112 -41.874859271866043 13.160907775551408 79
16 16 116 -32.778390492272528 -14.375509125379638 79
16 16 116 -24.761740791506273 -45.355072188392718 79
14 34 110 4.809813847270625 18.596098274453777 79
16 16 116 4.034037930532604 -31.397883080575440 79
14 34 110 72.720226783753347 22.085484294429296 79
12 13 112 95.068402603084991 -19.261329821633403 79
12 13 112 69.668540720625117 -24.815338855832245 79
12 13 112 45.202558321494664 -16.016719347895830 79
13 27 103 7.044428931675142 -74.292376270497158 79
20 22 102 55.659405983852743 -68.161796671776898 79
29 15 94 63.911684478750495 70.287243416488053 79
29 15 94 -36.175334789234086 51.785075922400253 79
15 13 92 31.614921206542721 -42.728300022796311 79
1 18 90 -39.148883955790552 -76.161079907186604 79
1 18 90 -8.015101978189641 68.989763888991675 79
25 15 79 13.466258137720615 94.040735278751796 79
25 15 79 33.968954843169847 72.140063421378073 79
15 13 92 -87.285669459588135 -42.310895842460297 196
30 35 93 -74.889977934445795 4.060936465671702 196
15 13 92 -61.287885040570345 -41.971476776590357 196
29 15 94 -64.451993031766705 -69.792124156190411 196
29 15 94 -39.475168178963976 -86.410133070390017 196
15 13 92 -38.866827609455704 -58.416742390597577 196
30 35 93 -9.361352991801880 -20.556116833338411 196
15 13 92 -14.796949412562384 -68.247355982165487 196
7 32 90 -22.034131262380363 45.234465250306002 196
1 18 90 -69.838719199637850 59.887839337833320 196
7 32 90 38.961079662482845 25.854469269102893 196
7 32 90 55.864358274592604 -35.872989549168523 196
19 16 88 84.331778468800792 41.522898987054191 196
29 15 94 83.395039911687235 10.537055108346983 196
11 22 96 19.399961477334450 -75.701971035168256 196
26 13 53 95.908419501693544 -14.511204935744178 196
24 13 48 -48.057667030388622 81.946528473873201 196
24 13 48 -12.566601174540052 -94.151516781873923 196
9 15 65 -22.016191893057481 92.234461826678526 196
9 15 65 6.411288741464514 82.649142594963962 196
24 13 48 31.507865706502049 70.232950560449183 196
24 13 48 54.064547434642165 -80.535859781139280 292
21 19 60 72.802944290046966 -54.596074059407577 292
9 15 65 91.345152041359768 -26.097187559981755 292
21 19 60 90.656801468175772 7.895843688913907 292
21 19 60 57.969618945749446 -19.610756292804101 292
21 19 60 54.077535008539115 18.189398238966128 292
10 18 61 80.967437326667607 43.604613235528873 292
10 18 61 36.156034139265849 -49.496664642565669 292
10 18 61 21.075976340206530 -16.807341358394886 292
10 18 61 17.085788012646368 18.970841897754426 292
10 18 61 35.259680711499485 50.046710737910345 292
24 13 48 61.001929753342381 67.319134258300835 292
23 13 38 96.990912810425684 1.327716912750272 357
9 15 65 91.345152041359768 -26.097187559981776 357
23 13 38 72.002047381481333 -5.852575878919847 357
10 18 61 59.342766710876667 -34.149971746788239 357
9 15 65 68.459611905589156 -65.865632447704584 357
10 18 61 35.768928100340460 -61.357950965473208 357
10 18 61 23.993046216588308 -27.338418254691923 357
17 20 70 41.381035064840134 6.450009406462572 357
28 27 79 71.054291750226355 42.898573681111074 357
17 20 70 41.815117443153554 79.696273145080482 357
27 17 69 7.183814619430507 92.722126849601850 357
27 17 69 11.173882600778654 58.957065654570371 357
6 31 101 -35.399723070570701 70.571679499621595 357
17 20 70 -8.196411760559775 27.432603782000669 357
27 17 69 -44.991049313931342 23.539706748168555 357
23 13 38 -68.744396297031699 41.863966817825869 357
28 27 79 -82.988938576302203 1.355018073215255 357
28 27 79 -66.258643968047963 -49.987919535778445 357
5 17 86 -41.591356306412905 -13.552704160840056 357
23 13 38 -27.514161564629628 -40.044827295876054 357
19 16 88 -27.711790241171258 -69.044153889888690 357
2 16 102 -7.330166754308834 -93.713759157095097 357
2 16 102 2.022109674301265 -57.216423937921441 357
29 15 94 -8.141144453788820 -19.828838375640927 357
2 16 102 -38.342434884061177 -85.824575077081079 459
6 31 101 -63.935161150848742 -46.403611590209245 459
6 31 101 -77.742493297791214 14.039399411758623 459
6 31 101 -2.580685144254581 -55.327079187296249 459
20 22 102 46.827361188345250 -74.506363782808904 459
6 31 101 73.581117868435484 -28.754462144707265 459
20 22 102 -28.930011864291359 -6.608643020981406 459
20 22 102 15.051872138487838 -5.346153588916142 459
20 22 102 51.435538813692503 19.397104063777885 459
5 17 86 90.307301834229818 16.237034495684735 459
14 34 110 -22.993519907954866 49.075807800162124 459