14 11 100 99.000000000000000 0.000000000000000 0
14 11 100 96.555555555555557 21.863775779997951 0
15 24 103 64.757021118210290 7.240055062035390 0
21 20 106 83.991488223644666 -32.333108510895748 0
15 24 103 40.019195837837820 -33.894358758970554 0
15 24 103 16.764661139251189 8.096433278715880 0
15 24 103 41.502486419623651 49.230847099721828 0
10 16 90 32.497110349511672 88.203955800925741 0
10 16 90 81.437209428161765 46.946575173847549 0
2 15 90 8.003845083082318 69.201851796675967 0
13 37 88 -7.082446553644580 -72.655618852328061 0
26 28 95 -66.951714353642956 -47.344143725578149 0
26 28 95 -34.271541702132957 -1.868806283537133 0
26 28 95 -71.702726302293058 39.783401574255215 0
20 22 88 -21.109821341783483 46.367788923379813 0
6 14 86 71.569632852017705 -63.982713707902292 0
6 14 86 44.629535516997109 -71.613647830250386 0
8 11 81 -96.539203057193291 -21.935867274443527 0
8 11 81 58.733897528647944 79.695227467485665 0
27 13 77 -17.313571326472406 81.161301045918563 0
27 13 77 -42.617715062795824 87.136274666905209 0
27 13 77 -77.248146755598697 -7.658082195212661 0
29 12 51 1.171394103027520 97.992998912449821 0
29 12 51 1.186159482572244 -24.358308842164565 0
29 12 51 75.023895512988744 -63.050892952091871 106
25 33 74 74.854216411157395 -18.051212853202262 106
3 17 66 46.295315474032385 -59.092523471449823 106
19 13 65 31.373882983747215 -33.066558504942584 106
19 13 65 30.178262247111061 -7.094063610263600 106
19 13 65 43.255299835094632 15.377943151983184 106
19 13 65 66.427265402954589 27.170314063802103 106
1 34 109 -4.521932376783759 -63.406143861414890 106
12 22 67 -60.519881594272356 -63.885396858869512 106
12 22 67 -4.820339282612316 -7.406938926714664 106
12 22 67 12.930376929237505 32.853613403902614 106
3 17 66 -42.457890768849467 -29.320031427236373 106
19 13 65 33.503006418652532 -91.030481493353250 106
28 13 61 -87.583259396061237 -41.691398076368841 106
3 17 66 -73.410214089064681 -15.250430115157148 106
3 17 66 -92.061751182669113 13.177024291558514 106
3 17 66 -58.117084954727240 15.116002030889895 106
3 17 66 -25.743350808267060 25.505484087966572 106
18 22 60 49.262598283603197 57.672350105382293 106
18 22 60 16.043423014938696 86.525190424313635 106
28 13 61 83.330549059809897 49.648963668848282 106
28 13 61 92.357453903556490 25.266285617782103 106
4 17 76 -16.652261544900881 58.267536770994660 106
18 22 60 -54.005965152097389 69.479174779141147 106
28 13 61 -83.103403783091736 50.028234824590939 106
6 14 86 -19.864331903032635 89.100678096756653 106
27 13 77 33.503006418652532 -91.030481493353250 215
4 17 76 57.531872216714788 -73.069033654754193 215
4 17 76 79.950415257059134 -47.507168935054480 215
4 17 76 91.683020034348743 -15.595635202876679 215
11 20 75 87.476095326266659 21.164421713571755 215
11 20 75 23.015635615178617 -59.741265241896215 215
11 20 75 -3.211732785075917 -89.942674924183066 215
11 20 75 54.972011405055468 -20.211027431057829 215
16 20 79 -16.253236599910377 -52.128402774005977 215
16 20 79 -48.474906044030526 -75.829964288679534 215
16 20 79 -52.890225703037331 -36.074399240389909 215
16 20 79 -88.291489748830273 -17.453161258986849 215
24 20 79 -87.134348464749323 22.530098038482578 215
24 20 79 -20.668556258917192 -12.372837725716344 215
24 20 79 18.431928018986248 -3.937665573743022 215
6 14 86 -60.228972267534722 1.743065261138963 215
7 31 80 -32.550158825518352 37.223810552663693 215
30 15 86 -68.938882914693437 65.363831148993910 215
6 14 86 -44.302282937314274 80.662129798013709 215
30 15 86 12.975432508216723 30.634384650982614 215
7 31 80 23.626155616698796 75.384380151166141 215
30 15 86 68.599469217024307 65.719957571064612 215
30 15 86 53.076833962010305 40.048031372592547 215
10 16 90 43.196139703380787 83.487085915882886 301
17 25 89 68.075833566013173 50.898731657011595 301
17 25 89 84.914149608489950 3.819318822380055 301
20 22 88 77.047091365613880 -42.517592971601161 301
17 25 89 38.719892921186712 -15.314176653030078 301
17 25 89 42.038444118942010 -73.876716332404698 301
17 25 89 -0.051081533128880 -46.886499023467252 301
20 22 88 -30.796595291567698 -82.435245607976384 301
17 25 89 -66.936981060342745 -52.387408473098901 301
13 37 88 -72.395920759278141 9.371801183140946 301
20 22 88 21.105478708486206 52.567792637920604 301
20 22 88 -18.996460375560847 34.461592547913334 301
20 22 88 -14.625920077487706 78.243990580717792 301
21 20 106 -55.910784264392120 70.526478736291679 301
23 19 117 -18.878828417996260 -7.118220870655975 301
13 37 88 -72.395920759278113 9.371801183140981 418
13 37 88 -43.388929072209294 -58.706054491566640 418
7 31 80 -5.405679431994457 -2.303281981971690 418
15 24 103 17.284723508168394 -52.404635400946802 418
21 20 106 58.163920135314598 -68.680116442044167 418
15 24 103 80.342003476662583 -30.678371491262975 418
7 31 80 75.239228055892170 24.084404944973173 418