22 10 76 100.000000000000000 0.000000000000000 0
22 10 76 98.000000000000000 19.899748742132399 0
22 10 76 81.766312060385914 8.217823563497323 0
22 10 76 83.766312060385914 -11.681925178635078 0
22 10 76 65.532624120771828 -3.464101615137756 0
6 14 75 86.755771184755062 41.102751320786574 0
6 14 75 64.176011190593613 24.545141632003997 0
28 22 75 55.853255915229681 59.569872103863474 0
28 22 75 28.185180894803729 25.357628320912294 0
28 22 75 12.390546168514760 66.425006053890414 0
8 12 45 -0.220377868080988 97.999752211907449 0
21 15 74 -21.469266314389209 81.341879004431377 0
13 25 73 -57.030486031960805 63.027959374854603 0
10 23 74 -83.845137366249659 23.216221484873959 0
13 25 73 -81.326729677440483 -24.717666555978173 0
13 25 73 -36.176673897820358 17.584384257199332 0
10 23 74 -33.658266209011188 -30.349503783652803 0
8 12 45 38.160659731233764 88.603852889660885 0
8 12 45 -16.905245765256765 49.169381609287811 0
19 31 82 58.311699061811481 -43.823217577865165 0
13 25 73 4.530219781351194 -59.429385794484560 0
6 14 75 2.009678730086296 -20.510921374509195 0
25 19 66 -37.586205732548081 -72.165425286107308 0
26 16 64 34.452880252554230 -87.458556141198429 0
8 12 45 7.878002714614198 -96.277619801445510 0
16 14 78 -68.874883487834040 -61.676448008704440 0
15 13 91 27.703349110890450 -12.214217067220218 0