13 13 104 97.000000000000000 0.000000000000000 0
1 15 104 90.979381443298962 27.345057180315223 0
1 15 104 69.695649803919792 6.202617219353049 0
1 15 104 62.027625519428859 35.206089486867114 0
7 39 100 54.426318638685480 -45.593594280778937 0
26 16 100 23.436153020205090 -91.031569972254857 0
7 39 100 -22.175264750648029 -60.297247644721686 0
13 13 104 9.641825249836922 -19.167297682424859 0
13 13 104 28.033462751863375 -0.789385124300793 0
13 13 104 36.451635066503627 23.810094034433945 0
26 16 100 36.510941585414407 52.810033391901825 0
13 13 104 63.600408608827486 63.161882327595166 0
7 39 100 -15.394137644394533 27.812075045119592 0
26 16 100 13.237208383830890 74.772122155530596 0
27 33 99 -76.259878675041520 -10.650394568650867 0
6 14 96 40.644913657658336 86.971207843524269 0
6 14 96 -67.820938385468423 35.585784845191498 0
19 20 92 -56.973759631466521 69.670587147345586 0
30 18 75 -21.958391454044861 84.432836007177414 0
15 14 114 92.247422680412370 26.578431270888437 104
10 38 113 69.161797345809518 -20.016138186402859 104
10 38 113 47.331770407307893 52.781182669960337 104
27 33 99 0.799166257484920 -0.844527125210458 104
15 14 114 -4.209300522024538 45.887852019431321 104
27 33 99 -49.299880929169490 59.148302937360000 104
20 34 99 -75.964671422440119 -2.317044600500587 104
19 20 92 -2.062418128705946 83.182073098839538 104
6 14 96 95.992870886722855 -1.169931162484911 218
23 33 94 67.824288995962405 36.453611922444296 218
19 20 92 65.645879055986796 -16.501600570127344 218
23 33 94 14.533392686828968 -2.483264821449631 218
20 34 99 40.517546289068122 -64.298743710225182 218
2 36 92 5.429460936000027 65.913507227209564 218
2 36 92 -50.500719598276007 20.572412121298303 218
18 37 98 -30.047442694219647 -56.451302739534476 218
19 20 92 -79.167521465969031 -27.533870947324154 218
14 14 86 -39.719499472998407 87.397719430283075 218
14 14 86 -63.248523198003937 72.219279373804042 218
12 15 70 84.678018677761827 -43.065451963361738 317
16 21 44 58.136923966750260 -67.387670027122169 317
22 15 53 57.037077816510930 -31.404474804271217 317
24 18 56 82.282925823944836 -10.152482935612284 317
24 18 56 88.448396975146792 25.315629017009289 317
24 18 56 54.649375424305049 12.921027683939482 317
24 18 56 26.677190712385180 -44.338045657857585 317
24 18 56 25.608423990135371 -8.353913909357502 317
22 15 53 62.026171364671029 45.085960167223206 317
22 15 53 23.783460553410947 24.595585456408571 317
16 21 44 20.760410982071054 -86.544816920804124 317
11 15 68 33.118155042044179 53.106346210970706 317
8 16 73 54.825083835457356 75.237980636780520 317
11 15 68 -2.746671463051658 -59.279141155875720 317
28 17 90 -3.895629136713168 -27.299774428810366 317
8 16 73 -5.365775285682759 5.667461886972461 317
12 15 70 -3.700151494368734 36.622682729114885 317
17 31 73 -33.808984459124773 71.399947968066897 317
30 18 75 -77.601187399464692 49.417160118658813 317
8 16 73 -92.126068182203724 18.675855034989734 317
17 31 73 -74.919514544491776 -25.061251772760397 317
8 16 73 -60.163791503064708 20.229196428942242 317
21 24 77 -46.656446385507763 -72.243864865303550 317
14 14 86 -37.743869527559355 0.295629296784174 317
28 17 90 9.287486837568615 92.535088416459573 317
14 14 86 39.848878191902372 87.338805274900153 407
14 14 86 63.355399237363144 72.125539079263206 407
3 21 88 34.173152737377961 52.802069173107562 407
3 21 88 5.104408406914644 83.117215602741666 407
3 21 88 73.734901327276717 38.700010865553843 407
28 17 90 -3.220409903589196 46.040303648034595 407
4 30 90 -46.035707210162798 65.427163026224548 407
4 30 90 -30.199392750563327 7.554793588498214 407
4 30 90 -71.420108396828311 -36.043974761189887 407
4 30 90 38.349159325926919 1.973327609181389 407
19 20 92 -89.370915416259066 10.622592793657731 407
19 20 92 89.993738737913830 1.061596897182810 407
30 18 75 84.436763339130763 -36.529891825895454 407
29 22 83 46.555352546315554 -49.375074438298604 407
29 22 83 4.249083392286174 -37.284599250497990 407
29 22 83 -28.993571682372362 -66.110384297696257 407
30 18 75 84.436763339130763 -36.529891825895454 499
17 31 73 44.669793978147155 -65.158341798651449 499
21 24 77 85.827322549016770 5.447082160848790 499