21 10 107 100.000000000000000 0.000000000000000 0
21 10 107 98.000000000000000 19.899748742132399 0
21 10 107 81.766312060385914 8.217823563497323 0
21 10 107 83.766312060385914 -11.681925178635078 0
21 10 107 65.532624120771828 -3.464101615137756 0
21 10 107 63.532624120771821 16.435647126994645 0
17 40 100 37.487037030544073 59.116174222209423 0
18 10 105 44.721695019744303 9.642345547047229 0
18 10 105 24.753220640444752 10.764856555125746 0
17 40 100 30.286236850145773 -38.928057744834419 0
4 20 104 -5.217517585666549 9.440148971577308 0
17 40 100 -53.005755692613498 45.720781527167397 0
18 10 105 -97.389926387933684 22.698066837351135 0
18 10 105 -10.716785673473435 72.397419522242316 0
18 10 105 -1.655315995741178 90.226882982468453 0
17 40 100 -61.270714216864562 -33.851138523767716 0
2 12 99 78.264417639476179 -58.980343603217932 0
2 12 99 -23.075472610853936 95.244540860805927 0
2 12 99 84.771235327053304 37.478138464396423 0
14 17 93 10.544804799486549 -92.400254825085440 0
4 20 104 -25.929262197315410 -86.183950721134096 0
9 11 67 -97.834619641853891 1.702775748396975 0
9 11 67 96.799999999999997 20.754758490524534 107
8 20 56 77.798355355433685 45.248380125587495 107
8 20 56 50.507015360368044 74.491888144868142 107
28 14 61 44.051096995240620 41.110439433603219 107
28 14 61 21.188382405780917 57.275100939521202 107
28 14 61 18.209584975833593 85.116199442837114 107
13 13 56 74.287959633957712 12.435621602740879 107
28 14 61 47.301792129612210 13.299776350113587 107
28 14 61 21.591703836034323 24.389923325534138 107
8 20 56 -8.366761400164023 40.467558745318200 107
8 20 56 -15.379786130491132 79.847978805696187 107
16 15 35 -50.372834937196785 80.545499566331614 107
13 13 56 -37.725312322728698 55.564703507828625 107
8 20 56 -70.524403124883747 51.928820870560443 107
13 13 56 -92.953912882392231 27.723096505488598 107
13 13 56 -96.978619844285419 2.036490387301434 107
13 13 56 -72.721012927983992 11.394294974607433 107
8 20 56 -73.933036906855378 -21.583439906288206 107
8 20 56 -41.247389152861814 1.474062796776918 107
13 13 56 -42.459413131733200 -31.503672084118719 107
24 22 53 -60.626178217194123 -61.419698664025319 107
12 29 72 61.079233235568424 -27.433282908575883 107
13 13 56 96.848431262648447 -5.420457726434112 107
13 13 56 26.380977280890480 -3.768308078594410 107
13 13 56 2.148934560604708 5.655497182670562 107
24 22 53 -7.640536765382581 -27.947571890818438 107
9 11 67 74.605691017147862 -65.076807449765568 107
1 23 118 42.394737954430788 -75.960488021678628 107
12 29 72 -9.410970045018168 -80.451436549086992 107
30 13 76 23.173713543280677 -45.521167717408176 107
30 13 76 75.239212864898818 -61.221408408092380 225
5 16 75 87.301459967244966 -34.849032807059729 225
5 16 75 55.687338788498387 -39.803560241187732 225
24 22 53 66.157850647370495 -3.274552844144786 225
11 15 73 92.162263047811749 23.045981643357138 225
24 22 53 59.379112938280272 40.200137667362696 225
19 19 77 28.031139268974844 -18.352811346654800 225
7 14 36 34.569377203391653 13.992998964928884 225
16 15 35 22.379265862608733 40.306516128153483 225
7 14 36 34.806003497623855 66.509115078457995 225
3 24 91 39.510679681362824 -76.386557659818280 225
11 15 73 12.268650929895589 -48.478281656019107 225
5 16 75 -6.537023837468379 -23.833878710438739 225
11 15 73 3.722777313238287 5.419095161425268 225
16 15 35 -6.838100937270509 33.498764863505642 225
6 30 113 -22.794914682391781 -76.683713164025122 225
11 15 73 -35.942756003802032 -33.647283611993075 225
15 25 113 -36.266356134277373 6.351407403533376 225
19 19 77 -68.734218992790886 -59.637296547136216 225
11 15 73 -89.256995485554114 -32.529813354702341 225
16 15 35 -33.976477711588970 46.285809324800539 225
16 15 35 -9.333383981627257 63.394810798186469 225
16 15 35 12.028345520988125 84.458440890292906 225
30 13 76 -68.569769316104555 -13.660826274998209 225
5 16 75 -93.999585344148045 0.279204455952957 225
7 14 36 -72.379315696457738 21.077376018885147 225
7 14 36 -15.060753396148252 94.811253061756389 225
19 19 77 -44.290690396409140 79.494243465860038 225
11 15 73 -72.824146112712540 61.005276353396638 225
20 15 98 19.121128540212172 -93.055802846188399 338
20 15 98 -10.849702525800691 -94.378408309854606 338
20 15 98 2.990303076486710 -67.761604502322541 338
20 15 98 32.961134142499553 -66.438999038656320 338
10 32 92 -45.899524632441526 -63.065312482504154 338
10 32 92 2.132327845072598 -20.769436234596476 338
10 32 92 65.111364154787736 -32.155435773485578 338
10 32 92 71.338428568225723 31.540903750782959 338
29 28 83 -80.756087357024910 -14.228645570979737 338
3 24 91 -39.193748937660942 17.021506830476831 338
22 27 89 7.289629600905648 38.004726784533631 338
25 17 87 39.080125025490617 68.424529556074447 338
23 15 83 -90.916396575713080 27.553744458560708 338
1 23 118 -65.606238020051208 55.897983271540966 338
25 17 87 -26.843631166231098 65.770182109498919 338
26 16 79 -90.393399466180540 25.788240206487767 456
29 28 83 -80.214591277378005 -17.018206315684189 456
23 15 83 -59.793568410282084 20.823329396566525 456
25 17 87 -70.279709417018267 -60.907819237430218 456
23 15 83 -44.851280209058302 -41.481162602389567 456
25 17 87 -43.690829383227253 -82.098181635196568 456
25 17 87 -37.685522660347388 -2.311802181161630 456
23 15 83 -18.204631508439430 -27.698705890111931 456
25 17 87 -18.112371101562353 -59.698572890106213 456
23 15 83 -13.040624318304253 -91.294100810470383 456
19 19 77 15.445420049915230 -72.732169977396168 456
23 15 83 48.195289432298097 -81.867051226589410 456
19 19 77 71.125935523176693 -56.763556054504818 456
19 19 77 36.503963418872623 -41.100891925794443 456
19 19 77 67.379214497431107 -18.948716618706129 456
4 20 104 32.086959897618115 -2.351826390052484 456
5 16 75 63.176842444311383 15.798082789687712 456
5 16 75 85.773774511388680 38.455943702754809 456
5 16 75 93.187954942400722 4.692537930158021 456