3 10 80 100.000000000000000 0.000000000000000 0
3 10 80 98.000000000000000 19.899748742132399 0
3 10 80 81.766312060385914 8.217823563497323 0
15 30 83 73.760954008286376 -30.972918231698195 0
9 29 85 44.711156884051313 20.379874165997027 0
2 23 75 48.475626234318810 72.243433343042483 0
27 17 82 13.021505900326979 53.723029693477315 0
27 17 82 11.579442589203541 87.692434360128630 0
15 30 83 -14.071261681682227 15.317536014223158 0
30 25 57 -26.107673898792399 68.984330039391097 0
13 13 73 83.099062829104440 37.420081827693963 0
30 25 57 -70.933597596471301 46.834012555213349 0
2 23 75 -86.985332011018571 1.597502717640346 0
2 23 75 -75.641068129133870 -42.981726492589011 0
13 13 73 -54.473824633257763 -13.862183179097803 0
2 23 75 -29.736706070340336 -40.017009984186117 0
13 13 73 -50.903949566216447 -69.136553297677324 0
6 24 72 -15.068712532331908 -84.669557118352429 0
2 23 75 15.400635868082265 -48.883822417857893 0
13 13 73 19.353798456641719 -13.101529233261491 0
14 17 68 25.833519281229272 -87.499297860841665 0
1 15 96 59.856831593546389 -73.770995056199610 0
11 12 115 80.316935017804397 -56.153271938024993 96
4 30 114 78.732699299542560 -14.183161178235654 96
25 35 114 58.082366153495727 47.449328151315846 96
25 35 114 33.559316390715772 -60.920357035202912 96
25 35 114 4.284000728700484 2.663885453713814 96
12 21 108 3.214683440707017 58.653675242010024 96
25 35 114 -51.185172958584559 45.362489300324597 96
4 30 114 -78.861056730932631 -13.451160964044135 96
11 12 115 -80.835105874455124 -55.404744005054567 96
4 30 114 -38.930547150054622 -58.234577589078562 96
1 15 96 26.437954456934921 86.161486556377241 96
1 15 96 -21.041981481917009 85.254694147900480 96
10 12 95 -93.903418375716626 25.762705921887065 96
10 12 95 64.260093890373668 -73.990812491824684 211
23 16 89 79.345171569791461 -50.401822869419661 211
19 19 93 44.345576536150880 -50.233455767046578 211
8 17 85 36.762149657610436 -85.425665654716752 211
23 16 89 12.002333428537675 -63.609352943753315 211
23 16 89 14.643750103379304 -31.718556184345292 211
19 19 93 43.721755419952629 -12.238576543459285 211
23 16 89 78.170968634932194 -18.423373134203167 211
8 17 85 92.298700353473109 11.399557581756543 211
19 19 93 79.145620586762206 44.910697410931874 211
21 31 85 -34.393656228693573 -71.120154746896105 211
9 29 85 -76.034939935502976 -27.922892203431498 211
23 16 89 -31.186748748562106 -24.229689357716211 211
23 16 89 -4.720484396304376 -6.242559202062925 211
23 16 89 20.270859848758263 13.743253586632331 211
23 16 89 51.199750864017943 21.953229260542038 211
19 19 93 42.776757170265618 55.924587449978745 211
9 29 85 -75.211165887696239 30.071257469774000 211
9 29 85 -17.733789801518601 37.839863409586911 211
28 22 69 10.042629818216067 80.612173530837310 211
22 20 61 -49.413031611299928 75.222020093724382 211
7 12 36 43.242804461492099 87.943503809577408 211
7 12 36 80.316935017804383 -56.153271938024993 306
20 26 53 82.006662297219890 -18.190858662243915 306
7 12 36 57.904565787186385 -47.569234107816655 306
7 12 36 45.106329236470955 -27.266398315939412 306
30 25 57 78.464182381646694 32.685961561191441 306
14 17 68 46.266179320048252 5.717672797436011 306
20 26 53 28.997566580029460 45.097807561492630 306
29 32 69 -1.743149859848963 -4.085607862438518 306
7 12 36 -8.570030947231162 39.381548642430111 306
18 21 56 -9.277905339586439 72.373955554394684 306
7 12 36 -36.573713654951888 90.919543935754447 306
18 21 56 -49.592721159742439 60.596195776453044 306
14 17 68 -82.859312351769134 42.229543646503693 306
29 32 69 -77.728602674360786 -6.501101929008126 306
17 28 101 -54.076062712269341 -61.642351038378756 306
18 21 56 -12.815346145169514 -88.072509349850421 306
30 25 57 30.404426829814295 -72.322867322462656 306
14 17 68 -19.848936603789618 -90.857139046410339 407
28 22 69 18.842268218851586 -85.959111956609092 407
29 32 69 59.506231192344664 -50.428250507857477 407
28 22 69 87.885541572546344 -4.486823208042573 407
28 22 69 79.072022821243777 38.621434553324193 407
28 22 69 46.145935862663741 9.434574537282284 407
29 32 69 29.896272326393017 60.931646638111417 407
6 24 72 11.776431499335253 -21.138897130474788 407
28 22 69 -6.525337381623022 21.063534740544057 407
6 24 72 -26.075729445683884 62.702244736670330 407
6 24 72 -71.633915386286702 47.587626190327214 407
22 20 61 -52.363346276304128 -73.198906868530941 407
28 22 69 -31.493137363749891 -36.751213115066342 407
26 22 66 -47.223612283125746 4.340783171447743 407
30 25 57 -79.648775024071156 -29.682867738223987 407
5 19 100 -90.556341448943115 8.974910772950743 479
17 28 101 -74.126894422552468 -35.059998905701079 479
17 28 101 -34.336611741788346 -74.464737252565953 479
24 35 100 28.458741563840952 -69.390921802513276 479
24 35 100 73.343576272240881 -15.675452771705984 479
5 19 100 82.929034904593593 37.466987733105753 479
5 19 100 -52.622596201861846 6.731928042402215 479
5 19 100 -27.669320003242355 -27.940042510170102 479
5 19 100 9.245717543756104 -18.924500213464160 479
24 35 100 23.257204969837090 33.226034013030343 479
2 23 75 1.491729287360215 86.987210230776071 479
30 25 57 -70.171683569307277 47.968060467867687 479
5 19 100 -39.907078301704942 79.906339507230740 479