19 10 100 100.000000000000000 0.000000000000000 0
19 10 100 98.000000000000000 19.899748742132399 0
19 10 100 81.766312060385914 8.217823563497323 0
19 10 100 83.766312060385914 -11.681925178635078 0
19 10 100 65.532624120771828 -3.464101615137756 0
19 10 100 63.532624120771821 16.435647126994645 0
3 32 99 53.113097196255730 57.122665433443252 0
3 32 99 57.888331006764687 -44.762585640427872 0
12 21 101 35.336905256527359 3.551492605704194 0
26 37 96 -10.028834096075336 -32.586433358464191 0
12 21 101 -53.118194837175643 -71.410485065148848 0
12 21 101 -79.951301010747272 -39.099737424807373 0
12 21 101 -88.979320076257011 1.918488667416476 0
23 34 103 -42.135408788340868 30.739452829807782 0
16 13 104 -65.572781132109895 71.478740717785541 0
15 12 93 -82.424220766649199 53.011770683600773 0
16 13 104 -57.294578148438582 -13.748743181177822 0
16 13 104 26.402197620174434 93.337687783795332 0
11 11 95 -0.207401631223604 14.398026458994142 0
11 11 95 16.122288513844929 29.140523525843161 0
11 11 95 10.634741536551445 50.445143404451585 0
15 12 93 -41.130187943558340 76.728468160136558 0
11 11 95 -19.292160754871087 69.510395806235110 0
11 11 95 2.660741415501256 70.949175253565841 0
22 10 83 -93.944723494488755 34.269358434964218 0
22 10 83 90.784922224442582 38.552969715804949 0
22 10 83 3.445038988947447 91.934524364702554 0
22 10 83 -82.735756084985383 56.167558831106447 104
22 10 83 -69.903837881306089 71.508415235299921 104
5 21 83 -85.335144103065304 25.276732006117403 104
25 14 81 -59.584898372614511 49.840016876954095 104
5 21 83 -43.875084495882106 18.563799906891585 104
25 14 81 -69.080402365624252 -5.719773781617636 104
9 35 79 -30.391032057403223 -35.788571980969508 104
14 11 78 -98.931158444476708 -3.691326161943095 104
25 14 81 -91.920422189837623 -27.688192148314926 104
28 21 74 -25.160982195869426 56.164097446999698 104
25 14 81 -9.451168319137018 24.887880476937188 104
28 21 74 1.034403775404392 88.993988610632741 104
25 14 81 9.823304898856176 55.115452381300337 104
25 14 81 18.323023669351777 28.436719637362053 104
25 14 81 7.509312541980352 2.609144225532095 104
14 11 78 13.394593221524621 -21.688252164266210 104
2 19 71 40.339491273984166 81.570371114493256 104
2 19 71 47.306807154088418 44.214561533828999 104
2 19 71 21.549784081596812 -50.558528609700460 104
2 19 71 20.957226221948851 -88.553908265429257 104
30 28 69 68.268558342342587 -45.424706293581764 104
30 28 69 81.505894553600797 8.988278645953692 104
6 17 63 -14.906954128403918 -85.429717522633595 104
1 13 60 69.272313306833254 67.899533202518640 104
1 13 60 -44.901878988312390 -85.981516986611425 104
1 13 60 -64.804029030151042 -69.251172587522035 104
1 13 60 40.693443771024903 12.905402733829998 104
7 10 54 -86.042726082683288 -50.957328111473174 104
7 10 54 85.598881036547937 51.699434864328204 104
24 12 38 51.163248315289501 -81.582808689564857 104
24 12 38 47.131052338752234 -11.465821742581245 104
15 12 93 -66.988179204657001 71.530300200997061 187
29 38 93 -68.696350061852584 21.559487196577891 187
29 38 93 -11.096100021595237 71.139838095899222 187
29 38 93 3.041618365635003 -3.533617152959941 187
15 12 93 -43.556699712697373 -21.660855008478983 187
10 24 91 -74.431239232136519 -40.174709535902238 187
24 12 38 -63.644756387191428 -74.520768812560277 187
27 13 88 -43.239681710339823 -60.076637567237505 187
27 13 88 -41.443548945782887 -86.014523122773554 187
27 13 88 -19.878747516513695 -71.490083742329645 187
27 13 88 -11.971271757656323 -96.258447174803010 187
10 24 91 17.075039505511079 -73.338765632443085 187
30 28 69 64.098799706631937 -51.140432889926544 187
27 13 88 94.167846876848486 -23.268360805574940 187
10 24 91 85.072515291396641 12.596314619565643 187
27 13 88 -82.118617496873341 51.628796813427755 280
10 24 91 -84.730684085085230 14.721113221271125 280
27 13 88 -94.720598232896208 -20.904742772927328 280
29 38 93 -31.394429591268768 46.331933466415727 280
18 24 68 -70.663848205592416 -49.016533504288063 280
18 24 68 17.734779658882665 84.151515675303685 280
18 24 68 -33.386104422407215 -79.255082054693005 280
17 18 66 24.487535052155156 42.697923616247699 280
17 18 66 10.728317746327111 9.431064144229573 280
17 18 66 -20.438769632691066 -8.585946271170805 280
6 17 63 57.266420219113982 73.277261925428490 280
8 25 62 66.195788882624583 32.237447412310679 280
30 28 69 6.489966002605787 -45.879956475013103 280
18 24 68 46.474719258420549 -12.618760774263638 280
18 24 68 54.058484559631090 -66.885575777712546 280
17 18 66 84.027989033614745 -37.460606761860127 280
1 13 60 -49.831360307879535 -18.438642014003015 280
21 16 55 93.871329390842519 -4.916657237996699 280
21 16 55 5.182336728125939 -89.860521565522390 280
1 13 60 -82.118617496873327 51.628796813427783 373
8 25 62 -83.893525955709492 13.670270762450095 373
4 20 61 -50.150133751572113 43.442463872091196 373
21 16 55 -90.080684093271685 -26.860200172154130 373
4 20 61 -54.642357603092904 -20.525769213062894 373
21 16 55 -71.036425224954584 -52.576269159394883 373
4 20 61 -35.151784561281374 -55.455950467986405 373
4 20 61 -14.646646756628375 -21.111528451999725 373
4 20 61 4.843926285183162 -56.041709706923243 373
21 16 55 -15.592271214696929 -85.678879473044546 373
29 38 93 60.360308611559759 -39.250899917291896 373
8 25 62 82.695879529688114 19.656843816119409 373
17 18 66 40.214305420035046 12.999827880577833 373
17 18 66 50.040875373254494 47.632738860662727 373
30 28 69 4.403115004847940 41.871243520397286 373
21 16 55 31.782960422327623 76.314589248054418 373
21 16 55 -29.567382654990389 13.906886049807717 373
20 15 106 37.740736940030637 -87.181630950696302 466
20 15 106 63.044617919968580 -71.065998559966616 466
20 15 106 82.061500990989984 -47.863452185417536 466
20 15 106 52.459064862633269 -42.995621532389315 466
23 34 103 75.996202778200711 0.759712639488058 466
23 34 103 10.531771765091797 -17.636163858518366 466
20 15 106 33.718540763031932 25.530649128267715 466
13 30 119 38.163009467777464 70.310630123490768 466
21 16 55 -1.273297241723760 93.991375743385191 466
23 34 103 -22.002575242107262 48.490858893762301 466
29 38 93 -71.919857866237365 -3.396180869773236 466