25 10 103 100.000000000000000 0.000000000000000 0
25 10 103 98.000000000000000 19.899748742132399 0
25 10 103 81.766312060385914 8.217823563497323 0
25 10 103 83.766312060385914 -11.681925178635078 0
28 24 103 50.433047455647966 -4.981666169423262 0
1 28 86 68.435349337030132 43.802728128052479 0
18 35 100 6.193948429209492 34.055522732045688 0
18 35 100 0.044661091580316 -35.673856049349418 0
5 21 101 36.371477566279566 81.228785659060676 0
5 21 101 -40.426678331542711 3.031062052855221 0
5 21 101 -48.884960650578464 44.170549898615860 0
13 23 98 -40.828322382372328 -76.824788261609129 0
5 21 101 -56.576840311804688 -35.739703583269382 0
13 23 98 -86.913873737414207 -3.870213425228705 0
13 23 98 -26.430888190329071 82.009876398302268 0
11 16 97 -87.189256247610317 35.128814312306986 0
10 25 95 50.215170370072727 -68.581605877265446 0
20 15 74 83.169924680971306 -45.910386935437174 0
20 15 74 13.262537254930905 -83.895093587703087 0
22 10 42 -72.781183599640329 -68.577688163392082 0
8 12 47 -89.227825227154796 -40.526475361574661 0
8 12 47 -61.023051559467859 76.682378538817687 0
8 12 47 -11.163858852082262 -95.399491582526281 0
8 12 47 6.214867459337995 94.629489627804617 0
22 10 42 98.000000000000000 19.899748742132399 103
22 10 42 100.000000000000000 0.000000000000000 103
22 10 42 81.766312060385914 8.217823563497323 103
22 10 42 83.766312060385914 -11.681925178635078 103
3 13 39 62.157818665671201 -3.803282325289676 103
2 16 61 84.144800066126621 41.900508610655038 103
6 23 65 47.338454674184042 29.005046661231624 103
3 13 39 62.789487520269887 61.520667276394057 103
6 23 65 27.989395474254103 70.737694649079302 103
14 30 68 -24.740853602698145 76.078184540706928 103
14 30 68 -70.677262004293240 37.479656289465737 103
14 30 68 -76.857710528473376 -22.201178624599940 103
27 13 71 3.889014659555390 43.995001355648625 103
2 16 61 -21.611514487035972 30.184751059443116 103
27 13 71 -39.775807793006798 7.578149176482825 103
20 15 74 -31.950924639267889 -19.306255292099571 103
26 33 72 -32.865461336857052 -67.297542237010347 103
15 34 93 16.945635835728361 -22.488451658610373 103
20 15 74 14.954762219952343 -71.447990282314819 103
10 25 95 70.133294571936204 -48.024170919298797 103
20 15 74 48.514164799238621 -81.678490521264635 103
4 13 85 3.374923174746041 -96.941270331910559 103
4 13 85 52.396593325797710 -81.630858183967234 198
1 28 86 69.081103057582268 -44.179194202109400 198
20 15 74 94.522486026173283 -9.513129633925608 198
24 23 81 59.821247869656986 5.973124606682020 198
7 19 76 80.428854296046083 42.569935360831714 198
24 23 81 38.643230730610433 46.808055610153183 198
24 23 81 13.868151689342902 8.049889264221047 198
30 23 76 -7.309865449703651 48.884820267692213 198
30 23 76 -45.915408108106199 73.897058793067373 198
7 19 76 -78.027445257172985 46.826464596837475 198
16 17 90 -44.418605402837571 33.925073832829277 198
30 23 76 -86.809455301208928 5.754864925209731 198
7 19 76 -83.525994744521938 -36.116591781867974 198
7 19 76 -51.084283253195949 -16.329339433106473 198
2 16 61 -25.121288902050257 7.142407930956079 198
30 23 76 -47.800822696508952 -58.200796140184167 198
4 13 85 16.917019789055672 75.512963868551537 198
4 13 85 2.239890417062234 96.974135164586812 198
4 13 85 39.347575539795081 88.660973935210734 198
9 30 93 13.985375782266843 -62.302682718508876 198
16 17 90 -16.043552059448359 -24.584468590637854 198
19 17 94 60.193818384645716 -70.892201463040251 291
19 17 94 81.652045360128994 -44.519023894369425 291
19 17 94 48.083090119400495 -39.122242997763799 291
19 17 94 69.541317094883780 -12.749065429092980 291
17 33 93 67.414663207573213 37.205687530396141 291
17 33 93 14.428244907872553 -2.144528171288988 291
15 34 93 6.519017014750183 -68.676055390605512 291
15 34 93 6.156421511008908 64.342891222842255 291
15 34 93 -47.591558107545033 -27.492980469778551 291
15 34 93 -65.804962945481009 38.022451942817568 291
16 17 90 81.652045360128966 -44.519023894369482 385
16 17 90 92.196899178448533 -12.195564024635985 385
16 17 90 90.418985572755304 21.757919201841560 385
16 17 90 58.931534883892695 -19.225182673644653 385
16 17 90 57.153621278199481 14.728300552832875 385
15 34 93 35.874368030637008 -67.000221778755403 385
26 33 72 11.085638000488260 -4.707257497414076 385
30 23 76 66.300228071730032 53.668505793233720 385
26 33 72 -30.243674727883089 -56.164889675745833 385
26 33 72 -76.465927339267054 -9.053284274004231 385
26 33 72 10.821591928099409 61.292214316166806 385
10 25 95 -69.764561125028607 48.558274382767628 385
21 19 95 -38.049788657174126 79.057015460264907 385
21 19 95 -34.720409885826626 21.951743907639173 385
21 19 95 -69.876391237601439 58.294853525930201 480
10 25 95 -83.398140505497707 16.424072583414361 480
21 19 95 -42.303193424721371 32.146837112217561 480
15 34 93 -64.872705849402479 -39.592070364871063 480
29 37 95 -1.957154025072654 -6.688676335682080 480
10 25 95 -12.997218319695627 -67.697831225506548 480