11 10 116 100.000000000000000 0.000000000000000 0
11 10 116 98.000000000000000 19.899748742132399 0
11 10 116 81.766312060385914 8.217823563497323 0
11 10 116 83.766312060385914 -11.681925178635078 0
11 10 116 65.532624120771828 -3.464101615137756 0
6 11 115 62.863438332737381 17.365575464187188 0
12 25 113 30.814450471445426 0.968552043250034 0
12 25 113 45.339205512571240 48.812376001994082 0
6 11 115 77.889564847212597 33.434661373814563 0
21 35 97 50.036469665489015 -55.869058551353781 0
6 11 115 91.902299763575940 -36.809880442156128 0
21 35 97 -14.114622210916622 40.735101150546591 0
6 11 115 18.673866304617576 72.998315820921306 0
6 11 115 37.726460087516053 83.998255372748787 0
21 35 97 -74.775210219352459 5.802407832240725 0
12 25 113 -20.124789237719575 -18.963122376706977 0
12 25 113 -57.861743704656305 -51.764376431397380 0
6 11 115 -91.863888263320831 -36.905636874928831 0
16 11 108 -59.341026641997125 49.135835775348291 0
17 15 96 -51.507760764008921 73.927768852152653 0
8 14 80 -26.265508524191993 88.204627815575151 0
8 14 80 1.570343223338627 91.232061958458658 0
16 11 108 96.799999999999997 20.754758490524534 116
12 25 113 84.015605735685654 -12.898759353744985 116
16 11 108 74.830338117958320 21.909728961473906 116
13 15 101 51.510493669419049 10.412561706191742 116
16 11 108 57.667292268429733 35.673080921188500 116
21 35 97 27.678811996816087 -33.542539802685710 116
14 23 96 23.672686220248593 36.278687748235804 116
29 22 81 55.017474606572833 68.566522005375958 116
3 16 89 67.435717947905232 -65.486059164150149 116
14 23 96 13.508521485365755 85.944865159469600 116
14 23 96 -19.016029897006003 53.415592843977208 116
25 13 100 -22.338331324566440 89.261963834977536 116
25 13 100 -47.872723442628747 84.363513145112563 116
25 13 100 -68.561888224522264 68.616816328711394 116
13 15 101 -83.649989147334423 45.029760333037899 116
25 13 100 -95.030611326774391 19.446925486038623 116
13 15 101 -67.037096626805180 20.049532109473894 116
13 15 101 -94.614469341088139 -8.549981947600379 116
13 15 101 -64.642857546923196 -9.854775594072196 116
13 15 101 -80.758647888546790 -35.158555976948421 116
24 20 94 -46.028226243542861 -39.494200376601519 116
17 15 96 -19.419485402892168 -16.757118090716887 116
17 15 96 -1.334428800927363 7.178853326874027 116
23 11 92 -57.740306559177540 47.195019712641233 116
23 11 92 -24.069372565457407 19.793223387390594 116
23 11 92 -43.382610272764694 9.257624246333453 116
3 16 89 40.578579178064246 -82.884165299517434 116
29 22 81 -36.028835437459300 -80.286505821467145 116
24 20 94 4.863529581136575 -89.868493255497555 116
23 11 92 -8.596687113910725 -61.943189917442837 116
8 14 80 -71.069998376363145 -62.492236128550104 116
23 11 92 77.753266341074095 44.648249195547393 116
16 11 108 96.799999999999997 20.754758490524512 229
8 14 80 95.906794284667185 -4.229280085136086 229
24 20 94 66.728535785977257 13.224350797394612 229
24 20 94 70.315721320499875 -26.614475740806938 229
17 15 96 39.915049201580999 -9.270913975183687 229
17 15 96 32.343773273425242 19.757964418921198 229
3 16 89 50.112366168880321 45.160269560690978 229
8 14 80 74.671037806809977 -60.334369250485707 229
19 17 87 44.517983608877714 -53.137611471001968 229
18 23 80 10.074814822387623 -32.798778565809123 229
18 23 80 -4.585865388612710 10.802419304785936 229
3 16 89 14.267758688988152 44.942437745620282 229
19 17 87 32.021675791888391 72.759670309327021 229
5 15 79 81.112353389060743 45.132120872428466 229
9 13 66 61.999713087423871 71.611942158812127 229
20 25 61 15.564471928566473 -83.562833925046291 229
19 17 87 -19.224021129057363 -60.030712244678028 229
19 17 87 -46.218050642794580 -80.702489396424909 229
19 17 87 -72.136384400076636 -58.697036089434533 229
3 16 89 -45.183471931321286 -39.656539524176253 229
18 23 80 -49.084970024626870 -0.852180070270400 229
3 16 89 -34.815279206415155 35.443493555557851 229
18 23 80 -80.662350028440258 32.597320256263131 229
2 11 79 -22.964509607958160 -96.299695214813624 229
2 11 79 -73.869078459501893 65.911753485580647 229
18 23 80 -40.839144901503666 73.975467837802142 229
5 15 79 -89.510862325035106 -31.824605666506073 229
5 15 79 -2.980498467785901 70.700885390107572 229
9 13 66 -96.880574980888539 -4.811880232552646 229
9 13 66 11.515047063002406 94.656660471804329 229
16 11 108 -22.881154377111070 -24.437911737441773 229
9 13 66 96.945713047934646 -3.244799165975341 337
1 23 64 81.865835922214472 29.444607464815338 337
9 13 66 70.996898336676793 -4.875447834698480 337
9 13 66 50.717375143801249 11.395413822559357 337
1 23 64 77.072326415604266 -40.359094401219537 337
4 17 79 43.972094703319016 -17.900807276128589 337
1 23 64 38.695305451371567 45.328728430925629 337
30 15 63 23.164647778718418 6.410715762955762 337
1 23 64 -5.228744971489359 31.665720180544930 337
20 25 61 4.219524384522407 78.726640339167517 337
30 15 63 43.995161138692339 82.957328321083295 337
15 13 61 -31.479096574403840 91.750021683154699 337
30 15 63 -32.885162391099257 63.785347915718745 337
10 16 50 57.699802511318225 -74.207363449693290 337
1 23 64 24.922443151836369 -53.073392847381307 337
1 23 64 -5.483175538406655 -18.555305529809029 337
20 25 61 -11.614729568790466 -84.202720009770857 337
1 23 64 -41.755180396773568 -46.845615947947039 337
20 25 61 -82.318431197604724 -21.181970757349685 337
15 13 61 -75.777059689883345 -58.614716566306470 337
20 25 61 -51.237583206453834 17.984097313762220 337
15 13 61 -59.496141328606612 55.075824393301460 337
5 15 79 -84.735433974249062 42.952371636449570 337
15 13 61 -95.481452131894457 17.096558097603879 337
16 11 108 76.369651711500495 62.997430879870890 337
16 11 108 -54.313981260563175 78.509672072015604 337
16 11 108 -61.288383109059296 -77.747888047696676 337
16 11 108 -72.990771772307468 66.883086322948074 445
16 11 108 -56.417653697623493 81.351388133547118 445
16 11 108 -85.959407290334283 49.111916051956520 445
5 15 79 -91.966452102122659 23.815366630559765 445
5 15 79 -60.445043502253412 44.110192300141783 445
7 22 76 -28.801797475993958 63.285827385364257 445
7 22 76 -32.841711363034321 19.471684739578087 445
22 30 74 -77.740979306643624 -18.876973709893420 445
22 30 74 16.096098403856370 37.052662392132518 445
22 30 74 0.088518523426583 -20.772569007072963 445
22 30 74 19.037092446855539 -77.701924758463193 445
15 13 61 -20.404540862415818 -94.829608837082120 445
5 15 79 63.484762866358878 -70.673084578233741 445
5 15 79 49.189600057298826 -44.297938696884259 445
4 17 79 -39.467546633817520 -46.155983065781825 445
5 15 79 -66.941949632229978 -62.561993546115694 445
7 22 76 82.994294239884709 -29.256574024028126 445
27 18 45 47.222927038658042 -11.356593896804366 445
4 17 79 92.607047486491155 8.540184765845080 445