8 10 116 100.000000000000000 0.000000000000000 0
8 10 116 98.000000000000000 19.899748742132399 0
8 10 116 81.766312060385914 8.217823563497323 0
8 10 116 83.766312060385914 -11.681925178635078 0
8 10 116 65.532624120771828 -3.464101615137756 0
13 11 110 62.863438332737381 17.365575464187188 0
4 29 109 59.160451104693607 -41.940008505725331 0
12 30 107 23.704361434621667 5.217872122095702 0
13 11 110 50.946719086122911 35.858595833974498 0
13 11 110 72.920504142369055 36.932267246415925 0
4 29 109 22.729558295871701 64.209818681271756 0
4 29 109 1.656268982338027 -49.507639471817733 0
4 29 109 -34.540879813536037 -4.189139727790980 0
13 11 110 -10.519587854310783 27.794880229207237 0
12 30 107 -36.107653255687296 59.830031376265651 0
10 24 102 -85.275273007406383 11.141266243668563 0
23 25 97 -48.338226050333596 -69.917207483614874 0
24 17 94 -88.109612883732609 -29.760647128024303 0
11 11 105 -60.851124053486217 -36.161802234044856 0
29 15 85 66.586181492644172 67.758987848319052 0
29 15 85 -79.970776806809823 49.778842772972993 0
16 12 60 -15.973498800420465 96.689437562088273 0
11 11 105 96.799999999999997 20.754758490524534 116
2 36 105 57.517302307316932 46.559208920349086 116
11 11 105 40.460063285613167 90.354763454530598 116
30 33 105 -4.468518396672195 76.870230540428338 116
11 11 105 -47.292862853552109 86.973473675110327 116
11 11 105 -65.332900746238266 74.381530503762690 116
2 36 105 69.870981094224774 -24.373058916157476 116
2 36 105 -68.699531117663184 27.502262165378831 116
30 33 105 -64.926832826844688 -41.394521123875350 116
2 36 105 -1.432862567456241 -14.384972058778136 116
23 25 97 37.683975484015363 -76.190012414489928 116
10 24 102 -10.449802810763764 -85.362764840509669 116
26 13 62 -47.442071919735675 -84.606440723875323 116
26 13 62 -16.105725464554794 32.366574379847286 116
16 12 60 11.863222619670026 31.736759464406042 116
26 13 62 96.945713047934646 -3.244799165975319 221
28 23 63 81.865835922214458 29.444607464815356 221
28 23 63 62.042950300496834 -12.065068583406232 221
28 23 63 36.005959150733297 25.856891965425312 221
26 13 62 56.775877164777405 55.261151957642198 221
21 27 66 12.424861167552557 -18.233150197262965 221
26 13 62 0.494492472547947 19.946246115424515 221
28 23 63 1.205763700343339 55.939218946805234 221
5 15 48 35.142027008242458 73.036880561685209 221
30 33 105 0.319682060432385 -76.999336382726298 221
21 27 66 -39.709630468345821 -32.304212057209526 221
21 27 66 -39.467251814467964 21.695243982533547 221
28 23 63 -85.971858173336557 -13.335651548526002 221
28 23 63 -42.035692155891255 71.629231548244235 221
26 13 62 -10.968633587274589 89.818180717840093 221
25 21 56 53.959940717795710 -70.776583682260139 221
5 15 48 -91.864766425484007 24.204641901735840 221
22 16 46 -76.873009518444078 54.097508330580311 221
6 13 44 82.088306988560646 -51.676976070120688 221
6 13 44 -44.782396939222188 -86.043808169896479 326
17 15 43 -66.259253891717663 -68.078713807715985 326
17 15 43 -84.184330793663264 -44.022703788194093 326
17 15 43 -93.714294375465158 -15.576618044641769 326
17 15 43 -93.898788158051673 14.422814650730789 326
6 13 44 -39.266659055034367 -60.635608005521675 326
20 14 45 -18.898845025219650 -78.359945839327580 326
20 14 45 -65.415536545673731 -21.915411722528631 326
20 14 45 -39.990959065293673 -33.645324763303961 326
20 14 45 -15.668243391958466 -47.516355809123660 326
22 16 46 -63.565639083460958 8.027498613297093 326
5 15 48 7.089431528556783 -65.491011082929361 326
5 15 48 18.753774577309770 -93.130531723508639 326
25 21 56 49.307982171151409 -74.092664240189222 326
25 21 56 77.795361704551254 -43.230564387456695 326
21 27 66 31.835365220131454 -29.385755860354564 326
15 16 73 68.760343174139749 -7.350647440017685 326
1 22 91 41.120147745287795 18.726537926790435 326
15 16 73 78.878216261086081 23.007689869466958 326
27 30 97 -10.019652381008328 9.307363703829960 326
15 16 73 16.001220873529299 47.240385664534443 326
15 16 73 46.687100933098023 56.316550326425656 326
29 15 85 77.599016756532123 53.981285860690662 326