23 10 78 100.000000000000000 0.000000000000000 0
23 10 78 98.000000000000000 19.899748742132399 0
23 10 78 81.766312060385914 8.217823563497323 0
23 10 78 83.766312060385914 -11.681925178635078 0
23 10 78 65.532624120771828 -3.464101615137756 0
5 20 78 57.128731068325393 25.334762625714571 0
5 20 78 35.978316840573925 -8.616083873224570 0
5 20 78 17.151228406382391 26.676135398041602 0
5 20 78 38.301642634133856 60.626981896980745 0
21 14 79 71.974576789263097 55.922355941144204 0
26 29 73 -6.376303864086914 80.748639301432391 0
2 17 81 -52.219626216162183 76.955250878964122 0
27 18 77 -37.255150102433888 45.315648248057784 0
27 18 77 -73.081052024322688 48.851854051345313 0
5 20 78 -88.859497871388129 14.282494111490724 0
5 20 78 -49.179245653636372 9.234961651406202 0
21 14 79 -72.488976698174852 -15.516936025969551 0
11 23 81 -39.728062662209972 -32.713520324257381 0
21 14 79 -75.154284737117081 -43.389792590332483 0
18 11 59 -97.488964459040460 -15.492198270003197 0
19 10 42 91.048055826361548 41.355187464691198 0
19 10 42 29.735847043016044 95.476590851550384 0
19 10 42 -9.788518985748086 39.876514576239451 0
19 10 42 -20.424185191412647 22.938905407242640 0
17 16 86 -15.064287002993098 -2.502625431324779 0
12 13 68 -3.893628958785211 -29.264845048900852 0
7 28 72 -5.196166238542127 -70.244149540739699 0
6 23 69 45.661305724727505 -74.054339234868394 0
12 13 68 -46.142010985070357 -68.137541368058677 0
12 13 68 30.894800427435641 -41.222185462917153 0
12 13 68 56.858025576632855 -39.839817982073569 0
12 13 68 76.980986358632521 -56.303913747286536 0
18 11 59 91.688746869334068 -37.338635453524290 0
18 11 59 -70.140649465417781 -67.881902776316309 0
19 10 42 -35.159303157327152 -93.615294698522234 0
19 10 42 21.866933423122802 -96.919768309622867 0