25 11 90 99.000000000000000 0.000000000000000 0
25 11 90 96.555555555555557 21.863775779997951 0
25 11 90 78.843192529652626 8.814936902970350 0
25 11 90 81.287636974097069 -13.048838877027592 0
19 27 85 66.125451760302809 44.623582084317519 0
5 30 74 40.813144234862193 -6.505488244391174 0
14 12 82 28.684952639373208 33.705293501592209 0
17 22 79 22.615101131576019 67.159096016004412 0
14 12 82 53.441157112361815 81.503233238907029 0
5 30 74 -13.089053904812285 29.354158334035560 0
14 12 82 -11.130752209161210 71.308479380488095 0
4 11 76 0.163575335745965 91.344401253672544 0
3 18 61 -38.520732071893804 83.547311151498903 0
23 17 79 -67.521256371399204 63.952169142475398 0
23 17 79 -85.995335039163649 35.409071598984234 0
14 12 82 -57.034444231791099 36.914662394467577 0
17 22 79 -87.928648887055488 -3.542979663632863 0
20 38 100 -36.520326409396546 -34.481376196630919 0
4 11 76 -76.356932651146124 -63.012846595819923 0
4 11 76 -88.387725271514824 -44.593833893568963 0
5 30 74 15.287995668263097 -78.525646692320649 0
17 22 79 64.018791084574204 -60.378757755270527 0
4 11 76 90.345312282649175 -40.481162885354479 0
2 15 72 -28.919554874377862 -86.933528412459495 0
21 12 116 -55.225443498770559 -80.850747495720242 0
1 11 55 14.026125408112746 -37.545069787565538 0
1 11 55 -35.373147959597958 -92.464806296387110 116
1 11 55 -54.920239852454529 -82.369698643062094 116
11 22 57 -30.870055749077586 -59.773490009893678 116
1 11 55 -13.824681750954561 -88.030440044603921 116
30 15 54 -67.870021110064144 -59.824118912656786 116
1 11 55 -54.981988718949765 -37.243184009832532 116
30 15 54 4.738297967994786 -69.825611455631289 116
30 15 54 25.451705111891997 -91.527103673705810 116
30 15 54 33.889045100826223 -62.738020779123502 116
8 32 109 8.790462257880804 -23.000618507764514 116
29 17 60 65.744368609560098 -65.777488521000024 116
11 22 57 82.519661133457774 -30.569683125922303 116
3 18 61 91.617370025176882 8.381975284491180 116
29 17 60 57.749073734276308 -0.446303503119147 116
29 17 60 66.232910331019340 32.478224080428106 116
11 22 57 -84.871302005783662 -23.256442028888742 116
3 18 61 -90.537267003516973 16.340235112564184 116
3 18 61 -56.417684146950684 4.857462551291887 116
24 26 70 -60.671083884690383 48.651395814598985 116
30 15 54 -28.777973883642918 22.886506246407812 116
3 18 61 3.992877774972047 26.768681096804503 116
5 30 74 32.602309739542456 65.310871001694665 116
11 22 57 -14.771803193204693 86.751333306302712 116
21 12 116 31.462100147619129 14.708754801753392 116
7 13 108 -21.859111080947109 52.476414387298050 116
21 12 116 -39.700931493198297 -20.053382089411546 116
19 27 85 -77.458342682129512 -29.819543070573605 232
19 27 85 -79.410396743851038 24.145162848574298 232
2 15 72 -46.283980875983652 -1.674220795291092 232
2 15 72 -35.458672837040126 -29.653011081184172 232
24 26 70 -44.442757872795326 -71.280020150530888 232
20 38 100 -17.069640247520503 42.547067083332799 232
10 31 109 9.727206916195236 -21.036963789870420 232
26 28 95 42.011474250058235 -70.420423396460023 232
26 28 95 77.416058608468461 -27.032459553843328 232
19 27 85 78.147866211621889 27.962671663674165 232
6 16 43 36.870866507592638 40.012953628573158 232
23 17 79 56.707483454414700 66.385451199054643 232
9 20 97 -1.821869341488053 -89.981558066653562 232
26 28 95 42.011474250058235 -70.420423396460023 341
26 28 95 77.416058608468461 -27.032459553843328 341
28 15 96 94.164495595190886 12.571705107234788 341
28 15 96 34.429168820845163 -28.094206410079984 341
9 20 97 59.513794912276076 17.504142859811800 341
28 15 96 85.255520907216976 41.218348366245785 341
28 15 96 68.337136208484793 65.992695162593535 341
9 20 97 36.940093460012179 50.525772176731628 341
9 20 97 19.629374323338574 14.465558603165501 341
28 15 96 2.390964401563934 44.925979207104341 341
9 20 97 9.125419540753377 79.271970443029460 341
9 20 97 -1.821869341488053 -89.981558066653562 341
20 38 100 -38.262233950427856 10.921310942973122 341
13 33 100 -49.200412642971074 -59.231067825604605 341
23 17 79 0.497399353690312 -53.054318896637540 341
28 15 96 -79.678887631223731 -22.149231808621060 341
22 20 101 -64.730390438623431 62.529805322448979 341
28 15 96 -87.821239910701337 36.227473284056643 341
15 15 97 -94.739089109400211 7.035978590155434 341
22 20 101 -30.653062257226694 83.475824133129549 341
7 13 108 41.896593551624747 83.151423232945746 341
7 13 108 65.267226822903538 71.757850461448896 449
10 31 109 73.654980520828602 28.564730778993155 449
7 13 108 96.582541301218143 -8.989589300879722 449
7 13 108 42.347848309474344 59.481772563432763 449
7 13 108 43.176142247670299 85.468575544021746 449
7 13 108 71.379188963533309 -15.376374951151409 449
10 31 109 11.658009462516294 27.951885288852406 449
8 32 109 29.724371328834827 -32.402125090866619 449
8 32 109 -32.411682539644687 -17.068801587678795 449
8 32 109 -69.752159846816809 34.908970146713237 449
11 22 57 -86.449845152535573 -16.444581876795166 449
27 15 101 17.847171344434091 73.533617103247266 449
27 15 101 -79.045084999566697 -52.696058082282363 449
19 27 85 -24.768718398905090 73.086057457066005 449