17 10 116 100.000000000000000 0.000000000000000 0
17 10 116 98.000000000000000 19.899748742132399 0
17 10 116 81.766312060385914 8.217823563497323 0
17 10 116 83.766312060385914 -11.681925178635078 0
17 10 116 65.532624120771828 -3.464101615137756 0
3 20 116 57.128731068325393 25.334762625714571 0
3 20 116 35.978316840573925 -8.616083873224570 0
3 20 116 17.151228406382391 26.676135398041602 0
24 21 116 38.340208583051123 61.776379258629518 0
18 16 48 74.987795518278588 56.681835920414912 0
28 28 108 -6.404327507049892 81.749523479849373 0
28 28 108 -57.384221361843565 58.575175105969038 0
28 28 108 -81.600742493445495 8.082006218656382 0
28 28 108 -67.759570516861032 -46.180521904484124 0
5 29 108 -20.681358850545156 -78.315269239752851 0
28 28 108 31.956968746011352 -56.447336830912789 0
28 28 108 -27.687428676946062 -7.062451293042461 0
13 11 106 30.567427003867635 94.162797358421884 0
13 11 106 -20.659787377481301 45.448258159167779 0
13 11 106 -4.213238406344097 -41.862546309424488 0
9 12 89 17.331727573798624 -93.677731949076843 0
2 11 112 96.799999999999997 20.754758490524534 116
22 20 113 77.798355355433685 45.248380125587495 116
22 20 113 50.507015360368044 74.491888144868142 116
29 24 113 66.858448946515821 2.630092410521819 116
22 20 113 81.112423139642033 -38.997112872822534 116
29 24 113 37.278942376212342 -35.172722181216898 116
2 11 112 71.503861760304346 -68.470415168620718 116
2 11 112 49.509641303851609 -67.966166705106787 116
2 11 112 49.348609721347401 32.935298734002835 116
2 11 112 33.726925438419528 48.426037262701989 116
24 21 116 18.559117680091838 -76.094209976096948 116
24 21 116 -7.066862537636148 -42.817955110493244 116
24 21 116 5.937280636254997 -2.881852893164364 116
24 21 116 3.139063759588975 39.024828940537788 116
28 28 108 -51.244404745018493 -64.015708871563135 116
8 22 104 -40.088751208949517 -15.276080290877459 116
3 20 116 -35.905870733614734 26.515109102690452 116
3 20 116 -27.978147893474613 65.721629103449516 116
8 22 104 7.843010440378741 87.649798557852435 116
14 18 100 -65.945618546300096 64.149632848098832 116
9 12 89 33.276097441974329 15.600276195858861 116
30 11 52 -88.011394285681632 45.332046897203824 116
30 11 52 -27.641848553488686 -95.062759314812624 116
30 11 52 -95.849684641230837 24.775753352352297 116
8 22 104 -87.704689996041395 -7.203287631233142 116
30 11 52 -5.721855351076294 -96.937298726560158 116
26 13 53 -87.338674439484294 -42.201373759082450 116
30 11 52 -74.128267045964733 28.265741554633891 116
30 11 52 48.975107468157589 -86.037427021514389 232
18 16 48 66.998261880581794 -65.933549161113575 232
15 17 56 84.812696101756174 -38.155033481195552 232
26 13 53 54.847601561422664 -39.601791646499933 232
15 17 56 92.858909517947851 -5.120832270009927 232
15 17 56 88.493873147719384 28.597804379276230 232
26 13 53 66.162531727759472 8.565051438524838 232
20 24 59 33.720859252543207 -9.226460217621620 232
26 13 53 46.447774675012298 25.515814086593387 232
20 24 59 61.392534006562386 59.363327562800862 232
6 33 82 5.756491312937882 46.968540215161887 232
18 16 48 31.862234919977801 88.435275687387033 232
27 36 97 -26.068139590414106 -14.253946404260995 232
20 24 59 -85.678605766707932 -7.428089517032095 232
20 24 59 -50.861877248781603 40.383683238029036 232
19 20 63 -34.635929205554291 81.282565986809445 232
26 13 53 -92.588200148859897 28.921016461989378 232
1 28 95 -24.558246424756128 -78.236133164548420 232
19 20 63 -65.814850883784260 -53.702633852153120 232
10 18 64 19.962407455646957 -89.808141549498345 232
10 18 64 14.662695899234214 -54.200374736360153 232
16 25 66 -84.985905612642128 1.547852447451831 329
7 18 67 -82.178565479615216 -41.360408311724804 329
16 25 66 -42.493760409962412 -24.803951970355762 329
18 16 48 -63.207699125045835 -69.575762815205124 329
10 18 64 -29.421506775161852 -65.768768397473366 329
6 33 82 13.812778177311024 -38.717028995941746 329
7 18 67 35.524003741892344 -84.864864096668526 329
10 18 64 -0.363620026756408 -87.707127321620931 329
6 33 82 75.483451336530138 -15.206859449790635 329
12 18 69 85.135040915526872 34.871547260073868 329
25 17 72 63.422678865916694 -63.730438948958799 329
26 13 53 55.381766073404165 26.168522718622313 329
19 20 63 55.914062262433198 59.164229420663794 329
19 20 63 26.313164460182772 86.067516381567415 329
19 20 63 23.710427984556404 35.438169079832690 329
10 18 64 -3.261180777513918 62.206290433147934 329
26 13 53 -5.930731235015458 93.091132999605250 329
9 12 89 28.540235140934143 3.804753791056130 329
11 15 101 1.880858797778426 8.079990976755836 329
12 18 69 -21.624773377940393 31.242142345309929 329
12 18 69 -39.258715928338219 62.627554085946201 329
12 18 69 -74.278418355411887 54.283667586286086 329
11 15 101 -54.721811630353997 27.702863734607323 329
25 17 72 -80.252845517569938 46.994476125743276 430
25 17 72 -57.998369461342605 72.699306322863919 430
25 17 72 -46.864571538784446 40.573949611698211 430
12 18 69 -69.336071466292893 13.740543361130843 430
23 20 75 -31.995273321499269 6.693218059303423 430
10 18 64 -23.524208014528899 66.655119649785092 430
23 20 75 -3.253985157156155 34.512965625631026 430
23 20 75 6.467978879982311 -4.287593845342933 430
18 16 48 -57.919535168528540 -18.285425772711605 430
18 16 48 -20.980934415917531 -27.580450236824277 430
27 36 97 48.507908989398899 55.883653830759798 430
18 16 48 41.411407955672871 4.370163625976293 430
1 28 95 39.018325238312315 -39.564710393507021 430
11 15 101 80.702419797963714 -50.121047861684161 430
8 22 104 86.934943240947945 -13.649748850918833 430
4 28 98 -8.193807042591635 -69.681392904873178 430
14 18 100 -50.426460113165092 -51.449469950324954 430
11 15 101 -6.281520981765809 94.792101433377013 430