12 11 87 99.000000000000000 0.000000000000000 0
12 11 87 96.555555555555557 21.863775779997951 0
12 11 87 78.843192529652626 8.814936902970350 0
12 11 87 81.287636974097069 -13.048838877027592 0
12 11 87 76.398748085208183 30.678712682968296 0
12 11 87 84.861216147439819 50.986017632067515 0
12 11 87 63.043340148006621 48.161077478124973 0
10 14 85 88.602132246115488 -36.954866546124379 0
10 14 85 61.831797560166606 -28.748211880410565 0
10 14 85 51.881129741859759 25.791342145562215 0
26 35 89 19.299118994239535 62.389328096184698 0
27 12 89 65.006607992204778 73.335809243150891 0
27 12 89 77.225784463148429 -60.333889432485151 0
26 35 89 30.636707105681687 -66.535330473080535 0
27 12 89 -4.364494554203006 -97.902763940995726 0
26 35 89 -1.621658890557139 -4.411278582909184 0
26 35 89 -49.012292320466550 47.106949871803351 0
26 35 89 -72.606301654830276 -18.796940176735941 0
10 14 85 -17.538581304895803 -75.487513813343327 0
10 14 85 -43.695041164030499 -85.479490976921937 0
10 14 85 -64.892895825379469 -67.186023351664929 0
24 15 78 -38.439617332630917 -55.302250508620212 0
1 16 91 -22.785866466839259 91.196514677674884 0
13 13 49 57.470251952816184 -2.102819785059403 0
18 12 104 -95.431820551970318 22.288284504118650 0
18 12 104 -87.152778111949431 44.815100885408128 104
23 26 100 -83.710215306075327 6.971359509486891 104
29 20 82 -55.200340688223562 43.071041631001087 104
6 13 97 -44.996506266142148 11.688215705238019 104
22 17 91 -48.757728388140869 -18.075070540554588 104
5 16 97 -77.353975479406884 -34.544880870223238 104
23 26 100 -44.633518867034979 -60.876833305959707 104
23 26 100 -6.422606241273847 -25.607495967324482 104
5 16 97 -3.155877447579968 -67.480261376220653 104
29 20 82 -40.612137709030208 80.315965229229278 104
5 16 97 -20.034690498398579 50.776691942743902 104
22 17 91 -15.682062872959335 18.065002399795148 104
5 16 97 16.252108338901678 9.745825216230195 104
23 26 100 45.331732043402539 -20.558885394574716 104
5 16 97 27.596052955116896 -58.630471745518214 104
22 17 91 57.104742365241933 -73.403326895988457 104
1 16 91 79.890596968216414 -49.532741858916019 104
29 20 82 89.629293473919674 -8.160254368950849 104
1 16 91 89.782887048163758 27.839417976974069 104
24 15 78 19.563155370862773 -88.571623299873707 104
8 31 77 53.693421681971941 57.948394870625592 104
13 13 49 27.228866917859655 93.099886178069454 104
1 16 91 -1.757666345392625 93.983565632605547 104
24 15 78 7.770132183761115 64.484056226721250 104
7 14 57 -19.940691029557435 -92.345297732885513 104
13 13 49 61.939874556938008 14.728075401873818 104
9 13 116 -72.160974020304906 64.821245193538829 208
30 19 107 -43.850359069542449 79.737983480096844 208
11 20 112 -49.211226379323200 41.108187963074961 208
28 18 112 -8.796097383173393 91.578538265391259 208
25 25 112 -4.866295431695313 48.758488561751733 208
28 18 112 -25.783742265265325 11.189080555173135 208
25 25 112 -67.273245786249049 -0.107870253885018 208
9 13 116 -81.653386479580135 35.066147907820692 208
1 16 91 25.188711640185012 90.562292406429336 208
28 18 112 36.975627276459861 58.670779118669856 208
1 16 91 28.983010481098624 25.623569300554962 208
25 25 112 10.933869988851527 -11.189859329377434 208
30 19 107 -30.678989802828774 -25.485659410448701 208
30 19 107 -63.876670910989837 -43.976575262316231 208
8 31 77 75.849734569143635 22.086596971703390 208
21 32 104 60.658732300646733 -39.054497638047600 208
15 16 82 14.448302521934856 -52.038956797625197 208
19 18 119 -18.501451223482707 -60.424284943639584 208
22 17 91 -49.368429567923556 -76.923668201319856 208
9 13 116 71.229574154848905 65.843357794988563 208
15 16 82 -43.744739955382457 -83.200947868614847 327
20 34 76 -65.665719267981629 -38.262426909680286 327
20 34 76 -69.999129529808883 29.599355821859348 327
20 34 76 -18.294455486609074 73.765255360830139 327
20 34 76 -5.898001526468846 6.904744375539842 327
20 34 76 0.932061572541187 -60.751373145816210 327
3 16 75 46.276526633159605 -81.819820842937986 327
3 16 75 49.764775032464740 -50.010512093693762 327
3 16 75 81.590880224946716 -46.678991678467071 327
17 26 69 83.866120094827551 -4.740664535691039 327
16 22 63 76.916402973583430 42.753560712592424 327
3 16 75 48.355957327976682 17.687628762546311 327
16 22 63 46.603874023018228 74.646359094376777 327
19 18 119 41.022044030309232 -15.511975387839220 327
9 13 116 22.068697129873719 49.685888449332687 327
25 25 112 83.962112299367888 -13.242495921401517 446
22 17 91 75.450605236218976 -54.371004860019340 446
21 32 104 30.880565391592384 -34.011448178981347 446
21 32 104 45.042510258731383 28.402006440836931 446
21 32 104 -16.090099413547975 9.459883152864803 446
7 14 57 90.989542051304170 30.608875139311326 446
16 22 63 1.602331518840597 60.479270523771760 446
7 14 57 35.225857723888325 73.342337247476081 446
7 14 57 16.889036398206191 94.502700752624349 446
7 14 57 63.101733690159321 70.708796073870587 446