10 11 109 99.000000000000000 0.000000000000000 0
10 11 109 96.555555555555557 21.863775779997951 0
10 11 109 78.843192529652626 8.814936902970350 0
24 31 107 71.952742806917485 -32.615989982853250 0
24 31 107 38.195964707632079 19.388624546586392 0
18 38 101 3.368228914648711 -40.176707816577206 0
19 29 103 -21.749903775771365 21.936732034605161 0
24 31 107 -3.030495991591053 78.941852613458167 0
19 29 103 -79.431182233900728 15.864655335835486 0
12 22 98 -61.006987945033472 63.420402252544420 0
8 27 95 -72.863092152914717 -39.748833969260751 0
28 13 94 78.313711420986039 37.459772784680652 0
13 15 88 40.902895062950059 65.308909041038930 0
6 17 84 -16.198796561313721 -91.578376213848486 0
6 17 84 -50.866787275008321 -77.856084876643081 0
7 18 76 39.149562332477473 -83.254499993546659 0
28 13 94 94.111111111111114 23.496782022908963 109
14 33 94 74.804636645488415 -18.255583702978470 109
28 13 94 68.390034671979507 27.294969329026046 109
14 33 94 41.678536567945144 64.744880798055846 109
28 13 94 84.427724736456682 47.759389609008821 109
14 33 94 -23.772670373248584 73.238378896073812 109
14 33 94 13.128244949665159 5.239579786203372 109
14 33 94 -52.322961991528558 13.733077884221327 109
14 33 94 -56.676015797229226 -52.123212039860135 109
25 32 93 35.050348299833907 -69.681224760048039 109
13 15 88 -70.752741419588247 63.395974490600594 109
23 14 87 -95.924166916088524 -3.814996914072864 109
2 15 86 -11.949455621437213 -69.545462607489341 109
2 15 86 -10.341546139296451 -39.588583145548682 109
23 14 87 84.546327437714908 45.474372087965065 203
2 15 86 93.311649308655291 17.830762835575207 203
9 26 80 81.240921891861333 -21.352110203923306 203
15 32 78 44.237838997031730 23.310758672564795 203
16 15 77 64.009522384943054 65.949714288388591 203
6 17 84 32.387926836507326 70.856311375082157 203
29 23 76 -4.255389930506333 86.895866740250341 203
9 26 80 -49.430381311653463 67.916400106193336 203
15 32 78 -76.238378789552115 16.483616094193938 203
9 26 80 -18.985148663990259 25.760880787488890 203
9 26 80 -34.560348317016491 -23.851750222853347 203
7 18 76 -86.051691045789823 -32.543915993007587 203
30 20 74 63.489781510781128 -63.789087183571418 203
7 18 76 39.257011882935359 -34.518404305241496 203
29 23 76 3.544367081549543 -54.658091524512074 203
30 20 74 -25.587690073948192 -86.285978679502577 203
21 17 71 34.251229616129315 -86.463016774706546 203
21 17 71 -59.495734555402947 -71.479070850935315 203
4 16 42 10.554328285585630 -16.293258097036997 203
27 15 66 93.311649308655291 17.830762835575207 290
27 15 66 94.219125476998627 -12.155508806692861 290
27 15 66 67.796514385841917 2.051729599326880 290
27 15 66 66.889038217498566 32.038001241594927 290
5 21 64 77.377938243364753 -43.973340482683724 290
5 21 64 48.596412479108807 -74.561308291635541 290
5 21 64 36.497218188543883 -34.341791915637664 290
3 26 64 2.281724420401467 -66.564454533773500 290
3 26 64 29.202669603141196 15.890629298681750 290
3 26 64 43.678092367351880 65.835219954701458 290
3 26 64 -6.812903304481431 53.399008471017623 290
3 26 64 -58.333815083965604 60.441426337816580 290
4 16 42 -28.106184928908267 89.601165280562086 290
22 15 60 -88.999674779788364 33.227366568717180 290
22 15 60 10.850873753254300 90.398886579662914 290
22 15 60 -62.258266692187235 19.629679504647005 290
22 15 60 1.582134089818748 -25.570423585727472 290
26 22 55 -87.702243889875618 -7.233008826261244 290
26 22 55 -73.237798062756028 -48.787548974292299 290
1 25 118 -41.213221559922538 -14.386582420804807 290
4 16 42 -50.535151350087673 -79.260320955846069 290
12 22 98 -87.689291820971349 -7.388376001296010 408
12 22 98 -80.305012494417184 35.987566856784028 408
19 29 103 -41.772499406943396 69.397826286540948 408
18 38 101 -28.719346764587556 3.681654714428205 408
19 29 103 15.334714193265874 79.535190580087573 408
19 29 103 34.828921481466267 24.909410199349075 408
8 27 95 82.913230445552387 -3.794234716346004 408
8 27 95 -64.525084735686193 -50.567300375462921 408
8 27 95 26.579859261395157 -30.479694979281462 408
25 32 93 -11.194054811085833 -75.802221559833242 408
30 20 74 74.776575038842836 -50.084566739269164 408
26 22 55 -80.305012494417184 35.987566856784014 511
11 27 72 -81.978164178165713 -12.983859132696519 511