15 10 61 100.000000000000000 0.000000000000000 0
15 10 61 98.000000000000000 19.899748742132399 0
15 10 61 81.766312060385914 8.217823563497323 0
15 10 61 83.766312060385914 -11.681925178635078 0
15 10 61 65.532624120771828 -3.464101615137756 0
29 17 64 59.000408442598506 22.733802085995030 0
11 19 55 36.600605657220825 -5.448618590309312 0
29 17 64 25.548269560993603 28.812815513009141 0
29 17 64 47.538919059536966 54.743710881897087 0
21 16 76 81.454306323144536 46.916905070724098 0
20 11 111 69.080525278440547 70.914603765759963 76
20 11 111 51.713611111792439 84.419798778357077 76
20 11 111 48.701226231144496 62.627012418397420 76
28 21 113 79.218901272421846 40.563107390710108 76
28 21 113 88.999552611628630 -0.282196615758906 76
20 11 111 60.627657542074104 14.517653726801584 76
20 11 111 48.206227269441740 32.675518964271888 76
28 21 113 49.905181584923113 -15.632445930551446 76
28 21 113 20.440494871729143 77.638043796386000 76
22 24 114 62.812628174030124 -58.741584434462084 76
28 21 113 19.941745444337144 -45.063594305173638 76
28 21 113 9.435341359658221 -4.398923235442332 76
12 14 115 23.738297748125781 27.545175414380218 76
12 14 115 3.572824943703925 46.970769525606840 76
16 39 94 -38.209900263131317 -59.841486628271170 76
28 21 113 -32.347005493578990 -0.128619799411275 76
28 21 113 14.908211477520496 -87.742493870082853 76
12 14 115 -20.600765551788694 32.841455226737665 76
28 21 113 -24.701133377139861 67.600439442287254 76
12 14 115 -87.315359381219452 -39.900225765382480 76
28 21 113 -88.863102940375867 -4.934464085203256 76
17 21 114 -81.231106426061103 36.366294130663533 76
12 14 115 -67.289588108854801 68.469784081306017 76
10 13 102 -47.803255773888885 30.155110606079070 76
30 11 96 -6.931986546526370 94.213545629128703 76
30 11 96 -76.735549925056219 -62.551222032021116 191
30 11 96 -61.026644046483781 -77.953503554514882 191
24 14 96 -53.163807777094398 -54.222178142714235 191
16 39 94 -70.871611749694750 -4.267862228391472 191
16 39 94 -32.021974102374415 63.368708165677980 191
24 14 96 -82.878300127918095 48.447779803688945 191
16 39 94 -1.912818163318477 -40.718990977876722 191
18 13 98 -21.621868793364307 12.419343012012916 191
24 14 96 5.370517369394232 11.778180598484653 191
24 14 96 31.103385415061254 0.740993359686478 191
24 14 96 47.621335836858677 -21.867795061258217 191
13 26 98 83.855538961605475 -4.924285273891574 191
18 13 98 91.067170270413584 33.403151033091177 191
27 14 99 64.287298299104023 29.962445117109883 191
18 13 98 75.746775537832022 54.409947676984487 191
13 26 98 37.048939934125251 59.255308302209954 191
27 14 99 67.608994996756223 -41.476300392051890 191
3 19 92 48.909544065754282 -68.666933611582678 191
27 14 99 22.130709769218591 -87.951487890037853 191
27 14 99 -5.291319030100020 -93.611199590234335 191
27 14 99 -31.770398495293769 -84.508543347359137 191
4 12 90 48.008657155423549 -85.435173307795182 290
7 16 90 67.543186462545378 -65.375209081775225 290
7 16 90 35.971947538109376 -60.154397576254496 290
4 12 90 55.506476845231170 -40.094433350234553 290
4 12 90 79.506451560386097 -40.059595555755628 290
7 16 90 92.733155192042332 -15.380569824573843 290
2 17 89 29.216697519584251 -27.853211883044775 290
7 16 90 58.285570101762303 -12.232691827646573 290
7 16 90 77.959449609285798 13.004948020870309 290
3 19 92 43.571992487618012 19.524364613285613 290
7 16 90 68.888222102451891 43.692287943373529 290
19 22 85 9.563989234276178 -87.478740902728191 290
2 17 89 2.667553427369878 -49.093337776523811 290
3 19 92 -3.881948279885277 -13.694128358986507 290
19 22 85 3.202864259919139 26.689103696853582 290
19 22 85 32.937656635034614 59.121219298657522 290
6 23 77 -34.767510276281321 -79.750988891603555 290
19 22 85 -38.944588996798949 -34.945274821157149 290
6 23 77 -38.609285765592496 10.053475958649420 290
5 19 84 -29.734339957057962 51.105093915747958 290
19 22 85 -4.002856528630303 83.025162220382782 290
5 19 84 -65.906782736930879 62.747876372567305 290
6 23 77 -83.037697650868608 -25.956516885802127 290
5 19 84 -80.193722504430980 15.947084455448307 290
21 16 76 -69.909538615886177 -62.838335516736279 290
9 14 76 -40.002469436975787 83.192106670080818 290
14 22 75 84.042180014152393 26.094290150697788 382
14 22 75 86.169751410477929 -17.854241564861692 382
21 16 76 76.512247618447276 -54.606556056698992 382
14 22 75 44.997638141003712 -33.373812722776634 382
14 22 75 42.870066744678176 10.574718992782847 382
14 22 75 50.015780500820675 53.990600590595371 382
6 23 77 7.708484917507491 38.657866313038461 382
14 22 75 16.713630430151156 82.747631047000397 382
8 13 78 -15.799707123414478 95.704593697556263 382
21 16 76 -42.306768299908626 83.941273257068517 382
9 14 76 -16.459348333068711 68.712652798937540 382
9 14 76 -40.288121152064022 54.009265912212761 382
6 23 77 -75.618788609193174 43.020911302274328 382
9 14 76 -95.286664860687239 11.681245641072415 382
21 16 76 -65.988841475665069 5.228529554024409 382
8 13 78 -95.783483947819164 -15.314183060740454 382
6 23 77 -74.742851970418201 -44.525341990019044 382
21 16 76 -45.183273076173521 -19.084601128264929 382
9 14 76 -37.925115324781380 -48.193348027709199 382
21 16 76 -50.783587968521694 -75.297954301739125 382
29 17 64 52.227174455434323 -76.950128319591698 382
25 17 54 -21.485456495176678 -90.484115507606475 382
6 23 77 -1.698904037829823 -55.720739062665729 382
8 13 78 11.782276416376321 -22.340239162857007 382
8 13 78 8.513565089069365 -90.241826448959500 382
1 20 100 -12.062460437319020 0.472663422698021 382
10 13 102 -27.185610438711905 29.803369756425656 382