2 10 120 100.000000000000000 0.000000000000000 0
2 10 120 98.000000000000000 19.899748742132399 0
2 10 120 81.766312060385914 8.217823563497323 0
2 10 120 83.766312060385914 -11.681925178635078 0
2 10 120 65.532624120771828 -3.464101615137756 0
2 10 120 63.532624120771821 16.435647126994645 0
7 26 108 60.439522766225650 -39.102007257758231 0
7 26 108 30.085929362926734 3.119543726392130 0
5 28 112 51.776921020290430 52.571549559524712 0
2 10 120 85.879960901318171 35.809011837776517 0
5 28 112 6.834100804815940 -45.618044116095760 0
2 10 120 -3.767109239571028 -9.126752749595878 0
5 28 112 -18.965645513926830 25.701461317695760 0
13 20 116 5.918068835093099 66.747785881490501 0
26 37 115 -72.034995163948679 -11.830446810238879 0
13 20 116 -78.026523739359320 44.853780143385876 0
13 20 116 -44.350809786225682 66.439569212741674 0
22 13 109 -7.998950275756965 96.669627052585483 0
8 14 100 33.010810632228647 90.145917164357144 0
20 11 58 63.469556570464029 -75.977729557737291 0
27 17 55 35.771676976314708 -80.079859003282223 0
27 17 55 3.403646775474321 -90.487097874254886 0
20 11 58 -31.223883518320040 -37.098077610296791 0
12 10 62 -21.420404431482883 -18.526814923178652 0
23 15 101 -28.596174919588382 -90.593922422910381 0
23 15 101 -55.420066129801057 -77.159680339983765 0
10 10 90 -76.744675371775372 -64.111268916476874 0
10 10 90 -25.360954101041020 -65.804139320687852 0
12 10 62 -42.194561986772250 -55.004618704037902 0
10 10 90 98.000000000000000 19.899748742132399 120
10 10 90 100.000000000000000 0.000000000000000 120
10 10 90 81.766312060385914 8.217823563497323 120
9 10 89 83.766312060385914 -11.681925178635078 120
9 10 89 65.532624120771828 -3.464101615137756 120
11 18 89 58.373368694676770 23.605162537105628 120
21 26 84 50.746088097807430 66.939036016136114 120
11 18 89 23.467985721766766 32.415056947056542 120
11 18 89 13.873681946168340 90.947902390635505 120
21 26 84 60.439522766225650 -39.102007257758231 120
6 17 88 36.273490482530953 -3.535128231571165 120
6 17 88 3.106978391250596 3.947015558744154 120
6 17 88 -11.459383949751137 34.668686869899204 120
8 14 100 6.762049517184517 59.748147837193486 120
24 30 77 -48.456605372959402 63.654987202333821 120
11 18 89 -85.722382866400807 33.401692707199643 120
6 17 88 -54.761206573455269 17.079757694550331 120
6 17 88 -83.229481172359201 -1.509414997137732 120
1 27 78 -46.806843835066388 -26.195271056753015 120
14 16 64 -70.703392830422345 -61.943766774930488 120
11 18 89 -37.739219503684510 -70.272228630806737 120
30 28 77 3.150698367705289 -49.200574294447733 120
14 16 64 -10.748042342659879 -90.947729966014606 120
12 10 62 -12.893349599723432 99.165324262563232 120
12 10 62 -11.603701357931438 79.206947389369276 120
12 10 62 84.213512708308613 34.388805583625981 120
12 10 62 -83.734700452056259 -28.504687795896825 120
20 11 58 63.469556570464029 -75.977729557737291 120
20 11 58 -24.878792448440283 4.839557159067430 120
12 10 62 43.149281517311508 -70.678067137900783 120
12 10 62 25.441808242857856 -79.975668454074210 120
4 18 91 6.803102270374382 91.748121503924139 220
30 28 77 46.090368519180721 67.820925456426167 220
1 27 78 79.430710876647765 24.078250967011492 220
30 28 77 75.990102777371249 -30.814027323356388 220
24 30 77 -7.636785837971711 45.971603162983818 220
30 28 77 29.668020985735048 0.654444811289202 220
25 31 77 23.646184949552460 -58.037441261262032 220
25 31 77 -28.065178586200318 -11.506051362267307 220
24 30 77 -75.251218992007665 27.152422363702740 220
14 16 64 -26.957147291529928 87.717544681937042 220
14 16 64 -56.405529649848674 75.195852444932370 220
15 20 63 -87.433217266817849 -21.340864986532878 220
12 10 62 -85.839747531489323 -51.298515999297422 220
29 25 74 -52.484433240657765 -61.901487684624506 220
14 16 64 -23.591864884047787 -90.991339759852053 220
12 10 62 56.585660659464061 -82.450366935096042 220
20 11 58 2.200625659393406 -98.975538628022733 220
8 14 100 38.572110434288831 87.910137621579381 311
8 14 100 62.297795538245509 73.040979395644456 311
3 27 100 75.599823983572321 34.258818042262973 311
3 27 100 80.676333127884462 -19.502032536087398 311
8 14 100 47.420226410395273 4.477779097763498 311
3 27 100 21.640681571333786 36.359044252879571 311
17 29 100 -13.647075958169612 79.842077363956093 311
17 29 100 -33.247230828878017 25.254222221587241 311
3 27 100 -82.998771965353882 -0.451499992455886 311
3 27 100 -65.154996591224659 -51.418152623344064 311
8 14 100 -53.328371871687885 63.277212298891484 311
17 29 100 11.172018985818909 -18.653746111458801 311
4 18 91 -79.949497393360204 45.520082013866030 311
29 25 74 -15.179762403797017 -65.787424278920881 311
14 16 64 -33.814815445209916 -19.742198166075863 311
14 16 64 62.678503005522238 70.052874751766893 411
15 20 63 81.062479176246228 39.100824413311877 411
14 16 64 45.295045920678817 43.186251968480434 411
14 16 64 56.172276840234325 13.091637042838574 411
15 20 63 20.404843584666910 17.177064598007135 411
19 25 66 8.114327801075412 60.466130443475414 411
15 20 63 -29.618052046224413 84.986887182595069 411
15 20 63 -63.520313988453296 63.758683414953801 411
19 25 66 -32.438447191360929 31.217669964112922 411
19 25 66 -81.915521267648799 22.690248466012374 411
19 25 66 -49.832557770663335 -15.659242446529070 411
19 25 66 -54.213245987567042 -65.466968461137299 411
19 25 66 -8.888145845729412 -44.356892735730945 411
27 17 55 92.911793469847680 4.049522714638073 411
27 17 55 88.158160521436884 -29.616528045612736 411
19 25 66 46.260094522974690 -26.692136555318324 411
19 25 66 31.120736090373512 -74.345046500559107 411
4 18 91 -16.779675590481911 -86.626548025166258 411
29 25 74 -54.213245987567042 -65.466968461137299 502
16 35 76 -74.459712261729976 -8.986169923854000 502
24 30 77 -58.909558284024676 54.126370123823179 502