30 10 99 100.000000000000000 0.000000000000000 0
30 10 99 98.000000000000000 19.899748742132399 0
30 10 99 81.766312060385914 8.217823563497323 0
30 10 99 83.766312060385914 -11.681925178635078 0
30 10 99 65.532624120771828 -3.464101615137756 0
1 12 101 62.203565730167995 18.282561812430856 0
1 12 101 80.734331614093762 33.534142574933249 0
11 21 91 51.933674025078560 49.643832902195939 0
11 21 91 34.727374983230106 0.005282418662076 0
28 17 95 17.386112576898228 33.817715311826397 0
28 17 95 18.550526256550896 67.797770355669954 0
2 14 94 45.008843698792276 83.951947466423249 0
9 31 84 -26.894099482376134 52.345068603262661 0
2 14 94 -12.933560887117089 95.124775967038332 0
11 21 91 -78.016261685898968 42.830630541206524 0
28 17 95 -92.674705255553491 7.771679728108104 0
2 14 94 -61.930532676377013 11.746079358469082 0
8 15 91 -91.861251203875625 -24.217979421464104 0
11 21 91 -55.892053475038153 -22.729082264574807 0
2 14 94 -78.126490577980292 -49.759247020182755 0
27 29 88 -40.318206563887784 -70.241767858930046 0
12 30 82 18.181810329706401 -77.906493780265720 0
2 14 94 -7.646757045248358 -42.285080173315436 0
8 15 91 19.731342890144084 -32.722672321332510 0
8 15 91 49.731342669648143 -32.719035048092266 0
8 15 91 0.145254286394206 -9.998563247354287 0
8 15 91 62.704059229781301 -71.366665580704250 0
15 14 79 -22.967866660255652 7.516676976677349 0
16 10 56 -36.836466846585040 92.968138145605792 0
16 10 56 -63.732263318360260 70.343670915475442 0
1 12 101 13.041220703010367 96.269643358999531 0
1 12 101 79.362074324123853 57.494879415233505 101
4 17 90 55.799371551706365 74.400471332073039 101
11 21 91 53.946922185708303 36.445650408422068 101
4 17 90 24.686139415322554 60.690373373725187 101
4 17 90 11.976684126781656 92.225587758101582 101
11 21 91 -13.190159863655154 63.754023635963598 101
11 21 91 -54.690440770843111 70.213643177739314 101
4 17 90 -82.029060927201357 43.820465120779879 101
4 17 90 -49.966016024138341 32.508473627494297 101
13 13 89 -74.221494094173963 14.854245137015841 101
18 21 84 -87.464550738530093 -16.460630732359338 101
18 21 84 -46.888096172143968 -5.366668740352974 101
13 13 89 -60.131152816500091 -36.681544609728142 101
24 15 84 -71.905273651892870 -62.085679677735669 101
18 21 84 -35.937199544748047 -60.569881200714939 101
18 21 84 7.122713858636885 26.992805468685496 101
9 31 84 39.675268265846647 -13.557548433169028 101
18 21 84 88.947246050603908 3.063889686873026 101
18 21 84 5.293726011047934 -52.569207615796607 101
18 21 84 35.726924804705035 -81.514335205526592 101
24 15 84 0.358739272065478 -88.229352117551883 101
24 15 84 -10.908114362755713 -4.166290051734100 101
15 14 79 81.134960508375144 -31.053088412112874 101
24 15 84 62.657869282779416 -53.404757250054573 101
1 12 101 -22.991907636896897 95.264747851534267 101
1 12 101 -26.355355754611146 -92.148169146412926 101
1 12 101 -23.111826005945719 -28.250920464714675 101
15 14 79 89.883479107394038 33.718840186914179 202
12 30 82 79.488107175450807 -9.035530845724889 202
21 23 80 53.018901656655537 36.881580988576900 202
15 14 79 80.022349980132063 -53.032287369651129 202
10 20 77 43.467311676182149 78.807314480609222 202
10 20 77 5.024546175652681 89.859634629397050 202
10 20 77 46.615301765625560 -46.710173040280154 202
26 16 69 15.975129860776926 55.565543054388236 202
10 20 77 -19.898980207439443 58.573570117680163 202
10 20 77 -58.722593979334206 68.203056796145603 202
3 23 79 -48.474623722969405 26.442080926026591 202
3 23 79 -3.080789372227056 18.998976537576553 202
3 23 79 -32.223624031015405 -16.591684991123991 202
21 23 80 -77.617458381757757 -9.148580602673952 202
5 20 68 26.695956698900570 -12.022715766609332 202
21 23 80 2.057635257275607 -47.264070969540498 202
5 20 68 10.985562951869554 -89.327025063138151 202
21 23 80 -30.853403766823057 -79.402264919329511 202
5 20 68 -61.119370238266534 -48.857686455231175 202
23 14 56 -28.934108101879346 91.535880333062622 202
23 14 56 44.703482335099338 -84.956451592068404 202
23 14 56 -81.556943137115525 43.011937358126737 202
23 14 56 80.022349980132063 -53.032287369651129 284
25 27 69 82.115374583543556 -12.085746025973339 284
25 27 69 72.171682817770048 40.990830672861421 284
5 20 68 39.330627312477446 7.368441208424327 284
22 36 117 30.282539553260634 -47.895761562460834 284
25 27 69 18.876013753022693 49.684026802072566 284
23 14 56 13.602385052759068 -95.031442801193322 284
23 14 56 50.490963025858200 75.789485665613682 284
6 17 48 3.568170181670581 -2.120850649622883 284
6 17 48 -17.337521387094135 24.692430761492769 284
19 23 118 -19.791325290249993 -79.098454709588864 284
25 27 69 -30.295637101059892 -30.214311745011081 284
25 27 69 -81.808323455444366 -14.014214691140936 284
5 20 68 -83.753161520230691 32.945529823727959 284
23 14 56 -65.308384905176453 -51.547560236633984 284
14 15 45 -48.861846170129546 30.189425119657901 284
12 30 82 -33.383022126048438 72.443490086384784 284
14 15 45 7.949325817968550 90.237787303041429 284
20 15 116 -57.623264979950250 -75.528533237780010 402
20 15 116 -78.302008949803010 -53.794008908288014 402
20 15 116 -49.139986756365630 -46.752953476787269 402
29 25 115 -17.814057353362116 -71.626355878510282 402
29 25 115 -18.016447791315152 -21.626765499081912 402
7 34 108 -74.669279322422994 -4.928854908179147 402
29 25 115 -25.578101576554175 27.798141097007679 402
29 25 115 21.005950007951991 9.634272071602638 402
17 19 117 23.008572814816478 -88.043202900765067 402
22 36 117 58.165552299311329 -45.746787053475977 402
29 25 115 84.491927863309257 9.279769713809877 402
22 36 117 16.256907982977896 72.192194473038356 402
17 19 117 -37.706415438826575 82.820445753175107 402
14 15 45 55.258476379685106 -77.275486334255987 519
14 15 45 76.599881476557172 -56.191264069937006 519
14 15 45 90.302517229506634 -29.503480845735101 519
14 15 45 94.999915807214407 0.126477753664769 519