10 12 90 98.000000000000000 0.000000000000000 0
2 17 90 88.836734693877546 27.514261191782229 0
10 12 90 74.132513018557262 2.518544260214910 0
2 17 90 54.988819185027580 24.302000974154453 0
2 17 90 69.130877987420774 55.221285778781692 0
5 25 90 33.830100931955201 77.977716502432429 0
19 25 89 41.870520626983108 -15.596748917815951 0
10 12 90 26.653392348242249 18.129190756985480 0
10 12 90 24.920195625238549 42.066526221054360 0
10 12 90 4.759971295053610 55.088252487437764 0
10 12 90 -3.169139323768785 77.740607879195110 0
19 25 89 -40.064910305906913 74.965345074771946 0
2 17 90 -76.121885226026521 53.427133458905004 0
19 25 89 -45.011896531235294 25.210673663070196 0
19 25 89 -84.852796281246299 -5.000296316551001 0
2 17 90 -44.540501140078106 -16.786680853437105 0
14 14 91 -66.011603194560607 -39.147176746104549 0
27 23 99 -5.293945023299427 -24.513765230648346 0
14 14 91 1.417439660842156 11.872459025537816 0
6 20 87 -35.825375174000889 -54.792995289433492 0
14 14 91 -67.517227259358293 -67.106667016413525 0