11 11 83 99.000000000000000 0.000000000000000 0
11 11 83 96.555555555555557 21.863775779997951 0
11 11 83 78.843192529652626 8.814936902970350 0
11 11 83 81.287636974097069 -13.048838877027592 0
11 11 83 76.398748085208183 30.678712682968296 0
11 11 83 84.861216147439819 50.986017632067515 0
11 11 83 63.043340148006621 48.161077478124973 0
11 11 83 61.130829503749695 -4.233901974057249 0
11 11 83 58.686385059305252 17.629873805940697 0
17 18 83 36.550741275713321 36.365222062269638 0
9 22 79 44.623767300099253 75.542080675609071 0
13 28 78 56.217199703948303 -42.923128409726701 0
17 18 83 32.135197940029826 -3.730562902444235 0
17 18 83 4.702573038746863 19.581474568045333 0
17 18 83 6.091505456528429 55.554671072371100 0
17 18 83 7.947776228349685 91.506781703343549 0
21 25 92 -31.979659213632157 75.544328914803430 0
21 25 92 -71.864935826669395 45.391970640507452 0
17 18 83 -30.824263446523517 32.559854268469230 0
17 18 83 -54.963972259286081 5.852655642723512 0
17 18 83 -90.949894583854359 6.859330590329874 0
26 27 67 -74.110224458475685 -34.871060134757151 0
9 22 79 -26.708067900867569 -22.459954072523612 0
24 12 101 -96.390489657280696 17.688230652885068 92
4 15 99 -85.104536645672653 42.216321989549975 92
4 15 99 -67.696857678415896 66.649347037073838 92
4 15 99 -69.410504150789194 16.648816361320574 92
27 19 99 -87.639984607045008 -12.051114689031923 92
27 19 99 -76.982066713457499 -48.525883861345370 92
25 18 99 -47.043007172628975 40.911855720230129 92
4 15 99 -53.780958637770212 -8.958161341182086 92
4 15 99 -44.792238369909299 -37.579882252862902 92
27 19 99 -46.732048320396913 -71.524500933236808 92
14 23 98 -9.595937041626193 -51.905397001335182 92
12 28 98 -14.458884629830976 8.442255197342210 92
27 19 99 20.668474157322724 -22.783834289472757 92
4 15 99 28.189096001381348 -55.941642526427565 92
25 18 99 13.745282112397257 -85.612777326775031 92
4 15 99 -18.368964325786678 -93.207194730868153 92
20 16 97 47.450415957751041 -81.144673426149211 92
4 15 99 71.902207382980066 -62.089230736536976 92
25 18 99 86.137061089972050 -32.317281859438971 92
14 23 98 86.565867069588336 8.680475706455358 92
20 16 97 56.332616812327430 -15.955891291984837 92
14 23 98 42.068577684308650 20.342003795118345 92
20 16 97 72.301827941569556 44.978370793558540 92
12 28 98 36.877928626628233 71.077170714721575 92
19 24 103 -30.947090173576179 79.705172876147628 92
24 12 101 2.850389731515918 92.103977337259835 92
24 12 101 -13.135299068286715 48.420350715529054 92
3 14 57 -67.257790287089733 68.501019304079392 195
7 24 54 -31.097274606489556 80.180792662885167 195
7 24 54 -79.597838574345616 32.560468275078833 195
7 24 54 -84.650964654984065 -15.172810648678045 195
15 15 41 -41.944251464839681 42.719571473041171 195
2 14 52 -46.403031983610703 14.064392599311766 195
26 27 67 19.901172316183143 80.578802053899921 195
6 19 119 -7.931502101149466 43.954462677212746 195
23 29 62 37.078583178980473 27.278365319754375 195
3 14 57 60.458547415840215 74.570530669739767 195
3 14 57 73.660585490959193 49.878301311840367 195
7 24 54 -8.928598121651687 0.966024702265351 195
23 29 62 -39.243968608029718 -42.507856103037042 195
2 14 52 91.686685425417068 28.452622299194399 195
16 17 59 75.514062871456616 2.005575588320792 195
16 17 59 47.657704847914751 -17.488611177591135 195
2 14 52 17.848183648671188 -25.996986220561951 195
16 17 59 5.217040298570385 -54.306952975561934 195
2 14 52 -14.860939830886412 -77.926324557404200 195
2 14 52 -41.493525480972636 -86.569552055904012 195
13 28 78 53.548253005224865 -62.101405781901796 195
16 17 59 87.226976481973068 -32.256078091009712 195
2 14 52 17.085380037342169 -82.945083358760670 195
19 24 103 -31.097274606489570 80.180792662885167 314
28 39 103 -65.498820257644837 27.402637552920581 314
28 39 103 12.186333682097995 34.403841546410469 314
28 39 103 68.143790791552277 -19.935490376641212 314
28 39 103 -20.593022772334116 -36.374077259056534 314
20 16 97 -91.625184920960677 -20.995844545999017 314
20 16 97 57.980439591508329 -73.988300593914516 314
20 16 97 29.611885280295716 -59.182047648223602 314
5 16 92 8.380200691221807 -83.123968404714333 314
8 17 75 -71.736554362507846 -59.185021485127109 314
8 17 75 87.030061870318903 32.783659509707903 314
22 20 108 63.157576154339779 64.118020667428368 314
15 15 41 86.894490448946641 38.397233358901275 422
15 15 41 94.535141128846817 9.386537793511224 422
7 24 54 81.525226430090925 -27.379507948873083 422
7 24 54 55.711210525600180 13.088214780268711 422
7 24 54 33.572142561103824 -29.501240131286696 422
23 29 62 2.713574286797268 13.588767574212280 422
23 29 62 34.906507262837678 61.834130733796549 422
18 16 68 3.374751463967286 93.939400959110074 422
23 29 62 -36.175206455102206 72.473129075062928 422
13 28 78 -75.734858002496267 31.436146127375824 422
18 16 68 -93.589191934836137 -8.778562125109321 422
8 17 75 -60.661657733084141 -10.964309455532648 422
18 16 68 -79.961832451176221 -37.731887901315140 422
8 17 75 -47.267765820795361 -42.214967999664566 422
8 17 75 66.137371412557599 -65.382322554627947 422
18 16 68 33.395384070591149 -69.500849584830519 422
18 16 68 11.936209017194287 -93.239084692514282 422
18 16 68 2.107881899630950 -62.785776398173425 422
30 16 71 -29.119218034046774 -69.776357899887358 422
30 16 71 -93.589191934836137 -8.778562125109321 500
8 17 75 -89.847568015481286 24.008634315667862 500