10 10 74 100.000000000000000 0.000000000000000 0
10 10 74 98.000000000000000 19.899748742132399 0
10 10 74 81.766312060385914 8.217823563497323 0
10 10 74 83.766312060385914 -11.681925178635078 0
13 17 75 57.812154090219899 -4.240038048365768 0
30 26 59 70.751532710026282 -45.247018928860953 0
15 18 72 64.351890907010159 30.143560401580075 0
15 18 72 30.893704867537171 -26.609595295791387 0
13 17 75 26.116091502969571 8.062791563764518 0
19 18 68 30.638560008217656 42.769379967395309 0
13 17 75 58.022585426506595 64.566516290557246 0
30 26 59 12.846789123447824 83.011806444732088 0
18 15 62 -27.373266333704212 90.970898040110029 0
19 18 68 -55.357591279660710 73.481542496834081 0
30 26 59 -76.427555422905982 34.854393870481147 0
19 18 68 -33.571457901761235 44.822086946520940 0
19 18 68 -40.474117079338818 9.490043469272077 0
20 22 60 -73.513890754959220 -13.057092833677370 0
13 17 75 -6.468111990859641 17.772049139538687 0
19 18 68 -15.179892389496658 -16.126400416243712 0
20 22 60 -43.056999338694673 -44.812057252770501 0
1 13 55 -77.931169931068695 -47.777225965339028 0
9 12 77 41.829502423403618 88.624447682400088 75
21 18 78 62.831801419320989 67.202416105397674 75
9 12 77 85.615720493290951 47.685935079587992 75
21 18 78 27.144995828338171 62.464071804758731 75
9 12 77 17.949355886136544 91.019985483949355 75
8 36 78 51.271010622464082 14.153250965596641 75
9 12 77 97.954431367312750 2.988206068264908 75
8 36 78 46.358763236454351 -57.678982924340545 75
9 12 77 90.238729717086457 -38.222658974051200 75
9 12 77 17.139849097625948 -19.596768485737144 75
12 20 79 -9.090894293340845 73.907859075134084 75
13 17 75 1.638023972438891 38.497545424359707 75
12 20 79 -35.028102794906403 43.456894966483674 75
14 28 98 -18.658154873585715 -1.665436589556833 75
28 32 94 -76.958709386197512 12.702639474172116 75
9 12 77 -64.870007438095115 55.009415352392210 75
13 17 75 -47.553978214581853 78.272156633901460 75
26 26 87 -70.939572105578961 -44.984187327074885 75
18 15 62 -50.449951817608053 -80.497219589256787 75
20 22 60 -23.931958533271210 -54.694195887142598 75
3 13 47 -25.673608947978206 -93.540717356594470 75
18 15 62 0.170569634018879 -82.766747177415240 75