6 10 93 100.000000000000000 0.000000000000000 0
6 10 93 98.000000000000000 19.899748742132399 0
6 10 93 81.766312060385914 8.217823563497323 0
6 10 93 83.766312060385914 -11.681925178635078 0
25 12 94 63.268619889259611 -3.691642601795420 0
8 14 89 86.755771184755062 41.102751320786574 0
8 14 89 64.176011190593613 24.545141632003997 0
25 12 94 62.510210723513893 50.491723464759481 0
28 15 88 38.530201460310096 38.083695590167153 0
28 15 88 41.869320967901238 67.897287807711564 0
18 25 85 64.168575356803970 -40.680696119781487 0
7 12 89 40.761959713616427 -12.025324125474929 0
7 12 89 35.114129181648863 11.300670178780893 0
8 14 89 12.816964710524335 24.673645036591033 0
8 14 89 13.463270946167349 52.666184904380252 0
8 14 89 15.784693872207797 80.569786743541698 0
24 10 87 36.691695583000111 92.355255739934137 0
18 25 85 31.830327495583379 -78.815165111315409 0
20 20 85 -11.954402084758421 -89.202535114176683 0
7 12 89 -43.914745075150762 -87.609903349932551 0
8 14 89 -64.213313692388482 -71.362807852850864 0
8 14 89 -37.698805290949863 -62.363872125219459 0
28 15 88 -81.802036562491068 -48.305556763470534 0
24 10 87 -56.806345576951379 -47.841410067468054 0
24 10 87 -39.170299798219588 -38.409024934826547 0
13 15 85 -92.786299209043477 -20.388788073101754 0
13 15 85 -62.959795678187746 -23.610540255354536 0
18 25 85 -73.890855166978895 14.866880895919479 0
18 25 85 -57.891554450896336 62.237994209798444 0
24 10 87 -42.684193575624391 30.714412953709409 0
13 15 85 -29.417024540335650 90.330718292247013 0
24 10 87 -4.588691048962371 93.255415890487313 0
21 13 109 -9.390226078538026 70.762188879678973 0
13 15 85 -0.998213125016207 -55.961567566910212 0
13 15 85 24.124202880794083 -39.564488130894567 0
20 20 85 -30.898658908893427 -9.571896835828415 0
12 12 84 -23.038855622022158 49.816666408641581 0
12 12 84 -5.771648258751375 -29.386874397956724 0
12 12 84 13.306781257363923 -14.826190100897723 0
5 11 75 -8.873736052115966 12.243299087036952 0
21 13 109 -7.608997094436698 96.701102182016797 109
27 33 106 -41.068039162114360 65.133832678409462 109
27 33 106 -76.423762898499959 9.402577542028588 109
27 33 106 -55.631415933946812 -53.236693747679418 109
27 33 106 -11.780389204791007 -3.910357427222131 109
2 37 105 12.431633590878363 -69.589714550613564 109
2 37 105 69.465556602475203 -22.439617775450486 109
4 20 104 83.842518886465058 32.717457523052552 109
21 13 109 62.196276632792525 -74.435362382520481 109
18 25 85 16.877682027830062 67.642496820383457 109
5 11 75 -83.440864536505472 53.278721131428668 109
5 11 75 -94.050043179321705 -30.912608721486485 109
5 11 75 76.502553193259303 62.835971822774667 109
26 12 99 53.870935490836779 66.935957209504195 109
19 17 116 47.326761746379169 38.683987543614492 109
26 12 99 20.668336032153469 27.267843779667317 109
5 11 75 30.925666733750425 6.681752191459603 109
19 17 116 80.327331047566332 46.867044783885049 225
19 17 116 91.804666298516878 14.862814195769221 225
19 17 116 58.349521955158323 20.925265594753320 225
19 17 116 69.826857206108869 -11.078964993362497 225
14 19 115 55.027187159553307 72.477642575538368 225
14 19 115 30.363094955322097 43.569468026785181 225
29 24 115 13.349842164174461 83.060596517428593 225
14 19 115 -29.544693339043924 86.070384543708485 225
29 24 115 28.968708404419971 -7.671373982245058 225
1 21 114 -62.484453706700023 63.377385911500497 225
29 24 115 -21.996190275763656 43.738126140646067 225
29 24 115 -62.749994925506456 18.378169386530701 225
26 12 99 94.318694074110439 -26.607967756940116 225
1 21 114 70.150199963894437 -49.077589303473886 225
1 21 114 28.303814275818457 -52.666461667432998 225
1 21 114 -8.548730070883643 -32.519750393025070 225
21 13 109 -6.891930853277142 1.439858208260937 225
4 20 104 -48.486063459515698 -23.245625000016027 225
26 12 99 8.293447232367750 21.799519717597668 225
11 19 72 -87.436191623716468 -25.217303470845856 225
9 12 36 -95.999283461339203 4.576545863881590 225
25 12 94 95.467907390940880 22.133202623993117 341
18 25 85 69.685677013313551 48.671412751184270 341
25 12 94 73.760545188167143 11.896483120285378 341
18 25 85 81.454048385611358 -24.294814294299201 341
18 25 85 36.770606157623398 11.033690841311767 341
16 20 74 25.062649544384904 54.483935396924167 341
22 27 74 -12.823107419013791 26.669021783715017 341
22 27 74 -47.495110933589821 68.067719496145870 341
10 14 72 -6.504738725327215 67.179245395176878 341
18 25 85 -80.341028535666368 27.754623647803999 341
18 25 85 -82.045323143404175 -22.216321709373680 341
30 18 73 -67.382172020748214 -62.638988607466331 341
3 25 76 -33.889711057649698 -35.671321696231267 341
10 14 72 13.724991232699878 86.537913371701023 341
16 20 74 -33.933170238739919 -80.671300710666145 341
3 25 76 7.657413863660679 -63.489236980684744 341
30 18 73 49.326884431780137 -52.875320522909774 341
10 14 72 40.972209909113957 -83.765438904364913 341
10 14 72 29.996650209377727 -27.373515784674815 341
23 16 69 3.616699147881029 -13.087222283803458 341
9 12 36 -6.756629183194192 -97.566140640545257 341
9 12 36 39.489604064594829 83.047250737965982 341
9 12 36 -53.932662545481648 1.839411788194300 341
25 12 94 97.585540622144478 9.003458306883569 435
3 25 76 81.454048385611387 -24.294814294299101 435
22 27 74 73.082164970177729 39.344595096044984 435
16 20 74 44.798140393943719 1.807760469627822 435
22 27 74 33.229094066941968 -43.746132526291717 435
16 20 74 26.131794622761102 37.185260883742060 435
16 20 74 41.472054807154144 74.126787888931304 435
16 20 74 4.703448758913275 89.877013578402114 435
22 27 74 -19.243715158586692 49.435285866688453 435
22 27 74 -1.975508106691827 -2.799386797281961 435
22 27 74 -54.729849554695555 8.732285171146371 435
30 18 73 -64.122116153669182 52.741208449656654 435
10 14 72 -50.451397670944232 81.674086912852857 435
23 16 69 -93.475467882104354 -9.916496569942332 435
30 18 73 -69.314866733346321 -33.838564877900829 435
10 14 72 -69.870731523422293 -65.833736612635334 435
11 19 72 -40.753664363101556 -81.364235638145502 435
11 19 72 -33.742317310553929 -44.016665268592249 435
23 16 69 -8.358783298482386 -68.113889197045239 435
9 12 36 -90.297534000692920 38.083531262130947 435
9 12 36 -13.258138933256083 -95.681919855110237 435
17 20 52 82.051607695031194 36.980179483889728 529
17 20 52 57.923065798707071 68.883368446081761 529
17 20 52 42.358364643875525 32.035843726491905 529
17 20 52 66.486906540199655 0.132654764299872 529