27 10 99 100.000000000000000 0.000000000000000 0
19 31 99 72.799999999999997 30.678331114974309 0
19 31 99 28.234723445874440 73.782114309194128 0
12 17 102 -16.355448693716273 91.550528660555614 0
12 17 102 -48.168583627580091 79.553677170278064 0
12 17 102 -21.872438004638632 58.001119888668612 0
12 17 102 25.039574491004714 25.888575881174472 0
16 31 95 -20.264334741678969 10.028064910945350 0
16 31 95 -77.989528605852470 -12.594976293622757 0
28 18 89 78.539298548896454 -17.984390265633198 0
28 18 89 -62.973448668528519 34.047465144577039 0
8 12 91 50.897495684291940 -6.325456592507607 0
16 31 95 20.471991960755311 -36.711123002330822 0
5 13 78 -78.783369090075468 -56.587814543565315 0
5 13 78 -73.616720707848486 63.163109741546386 0
24 20 77 -46.055389392769321 -52.359417100949912 0
3 21 70 68.349130187342737 -57.003477110029650 0
8 12 91 40.526133735413076 -74.748359990339381 0
8 12 91 17.015871163821689 -79.572005273196439 0
8 12 91 1.624156094027573 -97.986540488896907 0
28 18 89 -24.863972243285801 -83.901830439129597 0
30 11 48 -53.823505762957176 -82.370354574798000 0
30 11 48 -21.409324810057619 -33.555920070216402 0
17 11 113 -73.085104333590635 66.779993445254036 102
17 11 113 -56.532424732210281 81.271673748588313 102
17 11 113 -52.258601246690390 59.690792561421311 102
22 30 110 -75.703821236421760 25.863709134690986 102
18 16 113 -32.404379201186288 41.392982119518187 102
17 11 113 -36.261473921202153 14.669905569075389 102
17 11 113 -98.667940096541216 -8.101703345923845 102
17 11 113 -77.804825620362593 -15.082423534691374 102
18 16 113 -50.895368083451913 -12.873103487889367 102
17 11 113 -67.227905035884589 -34.373062480813545 102
22 30 110 -31.575557813171507 -54.619300094530885 102
16 31 95 26.067828198197368 -74.575252819077093 102
2 24 107 11.175898259220839 -21.629710771680749 102
22 30 110 64.856307873605871 -27.496023381134705 102
22 30 110 73.365872671373467 31.897472112501600 102
5 13 78 -73.749312859695280 -63.008244323443762 102
5 13 78 38.616644720435019 6.569796403630908 102
22 30 110 14.218747029239271 41.978024095086255 102
7 16 109 49.650990835265716 71.313260567122768 102
5 13 78 -21.483144849822793 -4.240435249059633 102
30 11 48 67.986578687120101 -71.964054349515550 102
26 14 71 -84.925725805962401 44.761826329256181 215
3 21 70 -88.443290122326133 9.939035785127690 215
14 20 70 -84.538507332906889 -30.874597615581148 215
14 20 70 -53.599122726398456 31.546534448429064 215
14 20 70 -51.452195831409426 -8.395807807722786 215
3 21 70 -47.881858524630381 -49.240056993083286 215
23 32 73 -1.644277809174767 -23.334726854640206 215
26 14 71 -17.452438303718473 -66.533130317948292 215
14 20 70 7.440771727894109 -89.691888797668724 215
14 20 70 45.572208102298518 -77.609109315084893 215
26 14 71 74.778054743920180 -60.201682108685944 215
23 32 73 61.937510385592567 -16.030193333891145 215
23 32 73 23.820704696445230 35.380983700444347 215
26 14 71 -21.557469182461965 42.918976497977717 215
26 14 71 -8.780249695686191 67.833684246349108 215
9 23 67 78.800514799575296 36.871111555280166 215
1 17 75 17.674338716163994 83.993967410935127 215
29 15 63 -40.273737514046147 -84.426936574658953 215
7 16 109 -65.389792348817295 67.529068234194938 215
1 17 75 -36.034773465622017 82.604971735055130 215
26 14 71 -42.005659251406804 86.322213774061083 324
10 30 67 1.535620255256926 79.985260332336509 324
10 30 67 -63.887770706563899 48.149275738535408 324
9 23 67 -86.998817614458048 0.453578754204457 324
10 30 67 -64.386348011543078 -47.480503259090078 324
10 30 67 -13.265984217364910 -78.892418284297918 324
9 23 67 -41.000326717177749 0.080972832590380 324
9 23 67 -3.651556749729398 -26.771762259363079 324
15 29 64 56.357908595169739 58.178914898599579 324
15 29 64 39.121802077981819 2.799165602235364 324
15 29 64 40.758216515321628 -55.177744868996768 324
29 15 63 90.142163676469025 29.989837073993389 324
29 15 63 -19.586440308923265 40.250407148725728 324
25 17 55 84.912881012888349 -1.579999840763946 324
29 15 63 78.748901994880327 -32.980722167894534 324
29 15 63 -65.278468614719202 69.019718452896626 395
6 24 78 -79.533154761342388 32.718149301394796 395
1 17 75 -92.801330827499839 -6.075606689453103 395
23 32 73 -44.007989326972442 -10.571140608011754 395
23 32 73 -22.439593244779566 49.685015014809451 395
1 17 75 1.713434464732217 7.051328187799561 395
1 17 75 2.175115146155377 -26.945537122819893 395
24 20 77 -19.895060423636377 -56.642462053165247 395
1 17 75 -49.645461085351826 -78.640499703542176 395
29 15 63 -74.683947976737358 -58.713779597365274 395
21 27 94 29.561840329649662 77.557060260973657 395
24 20 77 70.977617589487892 55.336947885842235 395
24 20 77 87.946729284612019 19.114727519354464 395
24 20 77 87.543647540800436 -20.883241492931720 395
4 22 78 46.017861750944988 21.558099644963395 395
20 23 56 44.618548208004277 -23.420138666563908 395
6 24 78 23.248616273167116 -65.280931887672693 395
25 17 55 -8.095773092059318 -91.710635921601636 395
25 17 55 70.286865879362963 60.899560629420328 489
25 17 55 87.478919199347089 31.566417213774894 489
20 23 56 47.645049786282385 27.924597945482112 489
20 23 56 31.591585841849820 71.032442885641245 489
20 23 56 2.285828993487819 35.575812820945536 489
6 24 78 77.662441448593697 -8.241079122580704 489
4 22 78 32.062040365721565 -14.291155244514542 489
6 24 78 -13.592102937019817 -8.660951048150565 489
6 24 78 -44.155537366487643 28.350891325279331 489
6 24 78 -85.876087420216990 4.614933303445355 489
6 24 78 -26.280353374324203 72.898369337466562 489
21 27 94 -70.391580126655512 -43.977556176675350 489