6 10 92 100.000000000000000 0.000000000000000 0
6 10 92 98.000000000000000 19.899748742132399 0
6 10 92 81.766312060385914 8.217823563497323 0
6 10 92 83.766312060385914 -11.681925178635078 0
21 17 93 57.812154090219899 -4.240038048365768 0
5 26 95 70.751532710026282 -45.247018928860953 0
5 26 95 21.792350866034681 -27.725645889998841 0
21 17 93 29.495177042533680 14.578803862889355 0
5 26 95 27.328807260350199 -79.430071721776955 0
5 26 95 -20.216767195215755 -58.372570690309935 0
7 23 90 -68.930238047348269 -53.081279965124253 0
7 23 90 -86.362553464510981 -10.512343177878186 0
7 23 90 -79.651235227174396 34.995438656849743 0
7 23 90 63.474103302009254 35.684077380499161 0
19 18 89 52.872216229935432 75.289632426616038 0
19 18 89 -46.236882152281098 -18.934367978535775 0
19 18 89 -14.228825830837946 -2.457586420132937 0
19 18 89 -1.331744513226834 31.152907379972508 0
8 12 84 29.094071274243564 93.581702360500131 0
19 18 89 18.191564725308577 65.632903621548394 0
8 12 84 5.112871449891149 92.631936608074994 0
27 27 88 -26.602310580675297 69.935081566725430 0
15 11 83 -53.431350099957882 -83.343211040226493 0
15 11 83 -64.214663835155790 75.349034157963402 0
15 11 83 -33.706024384002632 -93.085465676576064 0
8 12 84 -11.108314927913700 -97.368400107336100 0
15 11 83 -45.715936291335474 37.091980126806725 0
15 11 83 -58.234863841105344 8.588260908101907 0
1 10 40 63.273581059624306 -77.436773821558148 95
1 10 40 46.598386013928391 -88.479321996141692 95
9 17 57 41.088698572906083 -62.047459702647480 95
26 19 58 75.356242924972420 -51.014082881421515 95
9 17 57 91.111833413175887 -18.644940656641566 95
9 17 57 91.724542404547861 15.349538125829753 95
1 10 40 64.660152777375998 -24.058681649859579 95
16 13 114 66.666925211002635 -1.146395330078303 95
26 19 58 77.145634846261089 48.265422656052081 95
3 25 63 39.524183891044714 25.448182945161349 95
13 15 64 47.366024731212875 64.671970781593856 95
3 25 63 7.376797589906644 63.743685997156902 95
17 25 67 -9.714387753256972 16.755481269101697 95
23 12 77 29.375151983530003 93.493852450011460 95
18 23 79 -38.442970683690532 78.045743029411355 95
17 25 67 -72.556592683476282 44.277995191337595 95
23 12 77 -8.976804569582413 96.933438879773490 95
23 12 77 -96.651875851908471 16.199225114408147 95
13 15 64 -72.426076507284833 4.278208122807438 95
23 12 77 -46.699273545501740 17.812941875749214 95
23 12 77 -47.530705066305210 -6.172652167889030 95
13 15 64 -66.713757989353439 -25.172927969874930 95
29 21 71 33.668521693129740 -24.778961274714639 95
17 25 67 -11.552106210830924 -33.210735226353435 95
17 25 67 -52.132664670740617 -62.420635518580589 95
2 15 76 -24.866671742337950 -91.687778010260502 95
11 18 81 18.601074885366625 -88.867354946432727 95
16 13 114 -94.512854888308595 -21.824762561400767 95
16 13 114 -85.320503239338109 -46.145549373543005 209
20 23 109 -86.404492577807517 -10.161872975569374 209
20 23 109 -50.147860088528766 -38.471881815860762 209
20 23 109 -43.758989496113756 7.082287395676563 209
4 34 114 -6.967321896895534 -75.679960528432105 209
25 15 100 -55.966115372773274 -76.023817923701614 209
25 15 100 -16.997630058554982 -19.896030584764400 209
24 29 97 26.920994271100703 -22.570808517710589 209
18 23 79 70.246469758486057 -51.326732668952395 209
25 15 100 47.883618664698126 -82.049735304714872 209
27 27 88 79.048290860504196 -2.107549972689867 209
24 29 97 36.748729894897807 34.590503683014383 209
25 15 100 80.430879801840803 39.869687285368144 209
16 13 114 -94.512854888308581 -21.824762561400846 323
22 16 114 -93.726564278857140 7.164575945669103 323
4 34 114 -48.239231389256915 -13.593616330892331 323
16 13 114 -83.056753338371763 -45.164808347078633 323
22 16 114 -65.026790081508267 -67.878690114758825 323
22 16 114 -71.824086173344853 30.494416340270078 323
4 34 114 -15.298295121195714 -73.082226314514656 323
25 15 100 -41.137151443532161 34.888962606748088 323
4 34 114 7.048848718993817 25.994616743389351 323
16 13 114 -1.703476066174520 -20.183265525668077 323
4 34 114 42.243218363898521 -36.847240101674473 323
22 16 114 90.721953795085284 -24.607460242829024 323
22 16 114 33.007704812648036 -85.986890990184747 323
24 29 97 66.897963249729486 45.669054216590077 323
22 16 114 90.559682198152117 7.392128315913865 323
2 15 76 -82.494038102992576 -47.114049682255171 437
2 15 76 -93.072251015669096 -19.040905726258995 437
28 21 75 -57.158960002462067 -21.538009769086059 437
28 21 75 -50.164904705350949 -62.951572650115168 437
28 21 75 -17.796734837711035 -36.187761646829266 437
10 25 78 -82.710837758319599 19.593808137187978 437
28 21 75 -36.915313627479527 15.261375843239811 437
10 25 78 -57.385028471441906 62.705330772844206 437
10 25 78 -8.645477082522603 51.549339987311306 437
10 25 78 7.764217399150457 4.318820966045525 437
10 25 78 -9.506585360841278 -84.466708440527242 437
12 21 73 36.379074841335388 -81.225383432080633 437
11 18 81 21.201784311544071 -36.527620684053502 437
12 21 73 59.064131810474677 -45.878697727379759 437
10 25 78 84.654683913092271 -7.654050664480479 437
12 21 73 80.409005621534064 38.149597834788565 437
11 18 81 58.894476128097494 70.678431516247969 437
11 18 81 24.000964209091112 79.535226984031979 437
17 25 67 37.047418435814741 -76.501560685005984 518