21 11 59 99.000000000000000 0.000000000000000 0
21 11 59 96.555555555555557 21.863775779997951 0
21 11 59 78.843192529652626 8.814936902970350 0
21 11 59 81.287636974097069 -13.048838877027592 0
21 11 59 76.398748085208183 30.678712682968296 0
21 11 59 84.861216147439819 50.986017632067515 0
21 11 59 63.043340148006621 48.161077478124973 0
21 11 59 61.130829503749695 -4.233901974057249 0
21 11 59 58.686385059305252 17.629873805940697 0
13 18 63 36.550741275713321 36.365222062269638 0
19 21 64 46.775008996028198 75.717227454665036 0
21 11 59 22.387434286232128 96.435485097964005 0
13 18 63 8.033183897674320 71.237161824726400 0
13 18 63 -23.275465408592034 89.007037418472905 0
19 21 64 -56.574364837835994 68.704739597755747 0
13 18 63 -82.888069366006391 39.919518493790875 0
13 18 63 -48.105849861726895 30.635273432606859 0
19 21 64 -88.988993273732888 1.399670006652052 0
22 13 56 -24.295608466681056 58.023827317822700 0
22 13 56 -17.197064824118073 33.011616736695956 0
25 17 51 -85.561273133281958 -36.445418639548123 0
22 13 56 -61.469939234323505 -18.567845231255394 0
22 13 56 -56.553951096068104 -44.098866766331746 0
19 21 64 -28.162069338615815 -25.393224562150465 0
22 13 56 -35.035097847053407 -58.691294763322844 0
22 13 56 -58.431937819850319 -70.030954338783332 0
22 13 56 -25.968722984769716 8.535955088587780 0
19 21 64 6.473725757279041 -1.636926490371986 0
22 13 56 4.280379403432946 -35.566106141110232 0
12 13 45 -9.047439360870801 -57.890291389084524 0
27 12 45 -21.383393549586437 -79.634813325745014 0
27 12 45 38.635710326666953 -9.026564408325324 0
16 18 40 35.109284666331433 -38.818582165807399 0
16 18 40 19.030778512481255 -71.028543976722389 0
16 18 40 54.923428149369713 -73.806619217526972 0
25 17 51 79.259167470548363 -48.651663608509494 0
28 12 84 -1.428795842702536 -92.969506061478512 0
1 12 114 -25.369227189256598 -94.659401602904083 84
8 18 107 -49.852388612722564 -77.322308227354995 84
1 12 114 -20.492072008930322 -71.160181246751478 84
1 12 114 -75.749133834280855 -62.177718865814043 84
1 12 114 -56.357979024456704 -48.036180224582878 84
8 18 107 -85.555892277212209 -33.825867271218044 84
1 12 114 -97.788621200593809 -6.433161251420280 84
11 29 98 -75.915839237232575 28.245094315768508 84
9 20 98 -25.502394183948397 -39.554854611791313 84
11 29 98 18.985856146478319 -60.092517150096100 84
11 29 98 72.128479811391969 -36.857596233308811 84
11 29 98 78.279779039047042 20.815287497365276 84
9 20 98 35.930053719626102 -3.832243116665766 84
9 20 98 31.672625888664303 35.940540394978875 84
17 33 97 -15.918408466922195 12.614729605954050 84
9 20 98 1.815908478889249 62.559639281170256 84
9 20 98 39.797083045068575 75.106765588552889 84
6 14 93 -65.685258476483710 70.010333657807436 84
6 14 93 -4.998329143549189 95.869790370964864 84
2 12 92 70.913855626761034 67.640410112202105 84
2 12 92 -1.390540663688521 -95.670634765206415 84
4 18 95 -34.080856580132689 75.026485646525927 84
2 12 92 -56.098551256558835 -7.647455009837277 84
12 13 45 56.603211586426895 -78.772307558571541 84
1 12 114 -88.590215191147749 -41.901954278841629 198
11 29 98 -80.983924384112328 -1.613688739620297 198
9 20 98 -76.634402130754097 47.192885163569649 198
17 33 97 -44.714536442422030 -51.898194288896320 198
17 33 97 17.079616480601963 -75.081866658172203 198
17 33 97 -26.939298724903118 28.770162848944729 198
17 33 97 26.634092067669769 -9.777104226507808 198
17 33 97 61.600641726479701 46.199144352313361 198
14 21 96 68.077513708164830 -57.327586093560846 198
14 21 96 24.601809194827304 85.532163449437604 198
4 18 95 91.856133852935415 5.143021834642788 198
2 12 92 -6.027341441936912 97.814473137375273 198
2 12 92 -24.564187054335452 -92.134538799028448 198
2 12 92 -6.248142772020138 73.815488851105286 198
2 12 92 -30.247561066028350 73.648391426756191 198
2 12 92 9.261576491786276 55.500232686969547 198
2 12 92 -18.380279711445983 -15.408374853510747 198
29 14 86 -58.617138907556821 76.026515284420270 198
29 14 86 92.167152006510264 -26.855466687600696 198
28 12 84 -96.118097469495169 -19.113119547698787 312
23 26 84 -82.398623756795757 16.323810921044561 312
29 14 86 -77.922204567980614 56.072542614596856 312
28 12 84 -55.406369227727389 43.071113503510489 312
23 26 84 -36.143053501202260 75.826642307366029 312
23 26 84 -21.490086108449525 25.933851780207448 312
23 26 84 -45.418247811024877 -20.233702600931334 312
10 30 83 18.771928975863165 64.856469129899878 312
23 26 84 27.878598372307518 9.601889478038764 312
23 26 84 3.950436669732165 -36.565664903100014 312
24 26 85 40.413168916455398 -73.639498763435668 312
24 26 85 76.017290118674964 -35.740335798831026 312
24 26 85 82.490068849112049 15.855237029724744 312
26 22 83 -33.406403398215055 -66.706442931177094 312
29 14 86 78.239632750063905 55.628768340986376 312
29 14 86 -67.045087408621328 -53.883068256465386 312
12 13 45 1.456899618532795 -75.485868820529532 312
7 15 69 -56.914277784482564 76.064216187841922 398
7 15 69 -77.795413963609988 54.524064102289302 398
7 15 69 -48.700526966577364 47.210545754058948 398
7 15 69 -69.581663145704766 25.670393668506332 398
19 21 64 -88.874570793800103 -4.723416794844038 398
16 18 40 -24.536694467850904 69.685180322244719 398
16 18 40 -50.058975744415001 -0.935332719463641 398
26 22 83 -75.307888488887187 -45.527155976903863 398
18 21 76 -45.481548442055448 -76.501168300313978 398
18 21 76 -5.334890342259897 -88.839962545219834 398
15 17 88 -36.774530957348119 -39.512144975535577 398
10 30 83 -2.491117904811979 -7.361754783981205 398
18 21 76 18.130728400178207 -54.006577165177632 398
14 21 96 -73.044294055327683 -50.848118017865929 486
4 18 95 -46.475400224249888 -79.397967064628261 486
17 33 97 -76.941102824519987 3.011095506064656 486
14 21 96 -35.629883765219475 -31.765091459076967 486
15 17 88 -15.154683645932170 -63.777060784239353 486
24 26 85 11.333251362207200 -29.903925425896961 486
30 18 92 18.521260421504707 -73.312824579912103 486
30 18 92 54.512417524803944 -74.110703245897270 486
24 26 85 76.023375166843408 -35.727390448245401 486
5 21 90 88.481667189600074 9.591380054447164 486
5 21 90 47.276999490109766 1.456556161173248 486
20 18 91 61.514152557457606 37.765005212832122 486
5 21 90 48.594189359014422 74.562757195132278 486
5 21 90 22.693407833069386 41.499945512741071 486
20 18 91 9.773444634626195 78.297697495041206 486