5 11 99 99.000000000000000 0.000000000000000 0
5 11 99 96.555555555555557 21.863775779997951 0
5 11 99 78.843192529652626 8.814936902970350 0
12 36 99 55.111466503767076 49.383461399583567 0
12 36 99 43.003734935914672 -21.591201940800307 0
10 13 99 84.399031242442248 -47.810077654583004 0
12 36 99 -12.408260757979662 24.381732849354606 0
2 31 98 -78.158388258725111 11.500710621452129 0
2 31 98 -62.390391475809530 -48.460695945221779 0
4 32 100 4.809858378516694 -77.851559151879627 0
13 18 102 -16.087549746793705 -32.428015326631794 0
13 18 102 -56.554001779673939 55.480825274142504 0
22 16 94 63.351571914866391 -69.444786239972771 0
22 16 94 -28.027498382779324 73.980517270145029 0
13 18 102 5.951874954134112 75.164657308593519 0
20 11 73 26.825733498264860 95.296274965394474 0
20 11 73 -37.927067570135200 -82.600786505823152 0
19 12 45 94.744134143349299 -25.050929033212189 0
20 11 73 -52.158336906316741 84.145753851083640 102
20 11 73 -69.453748402850920 70.549109369243510 102
20 11 73 -83.319345163441852 53.468558251885185 102
23 28 71 -80.697584303139578 14.556781499963556 102
19 12 45 -60.704264023173096 49.278318996298410 102
3 23 60 -18.171207319630376 85.081180201893133 102
27 17 62 -31.761288730852812 47.460578302982128 102
27 17 62 -35.705929503117872 13.690179886946463 102
3 23 60 -47.820090163581952 -24.431298461780575 102
27 17 62 -77.904030316224080 -50.793326928729897 102
27 17 62 -54.441095423322253 -75.400047275241945 102
3 23 60 -17.822362699982151 -59.304444964778980 102
23 28 71 7.650358708989359 25.741415195772351 102
3 23 60 12.819547680441035 -24.995942691463199 102
23 28 71 39.089850105916504 72.083171536059496 102
23 28 71 76.243025265413607 30.182794741002759 102
30 17 51 21.906956037007273 -63.950005500893106 102
30 17 51 3.980378716532471 -92.840104593368352 102
30 17 51 53.736214514750799 -75.904013396029896 102
30 17 51 77.427396874665448 -51.516970147836204 102
8 20 71 88.526179469615158 -16.220836862304179 102
30 17 51 53.305278553090211 -27.556097716308919 102
19 12 45 -25.010726431456796 -93.558312291900165 102
19 12 45 43.269054782660142 7.539533699304208 102
15 13 83 -93.919096535289981 -24.252903042623196 102
19 12 45 -85.546869207909737 -47.809341856218694 185
30 17 51 -90.970849417899259 -19.321090967797286 185
19 12 45 -97.593890424933562 8.912494136102332 185
19 12 45 -74.054355749068549 4.233786275618998 185
30 17 51 -56.971063625691542 -19.200400935107247 185
30 17 51 -57.052351669830230 -53.200303762231329 185
30 17 51 -27.566928073269075 -36.270749859917338 185
17 27 120 -22.102102202587851 -79.930063622310968 185
28 26 81 15.033948115812084 -42.115863025851603 185
23 28 71 68.988816337415145 -44.323167986532738 185
8 20 71 89.992492224223071 -1.162472912867358 185
8 20 71 81.608081061915570 37.948927592118054 185
8 20 71 51.928820228164419 11.132114277293239 185
8 20 71 43.544409065856925 50.243514782278666 185
18 19 77 23.451702208513346 -86.321534789040669 185
25 23 75 10.516511795279371 22.708845692489771 185
7 15 78 10.145085111616297 60.707030415166500 185
16 18 78 31.144414652252106 86.163427623801113 185
18 19 77 -44.877255953812224 14.707412559655181 185
16 18 78 -23.812507601761290 45.125768479473848 185
25 23 75 -61.295105032713188 61.740668112911266 185
18 19 77 -16.791558119125423 81.453530155116283 185
7 15 78 -17.764924544043545 -5.808958599174799 185
1 14 113 -88.653785791975821 36.830778769263979 185
15 13 83 -61.770368198232141 -74.789181120365470 305
9 17 83 -78.491244411989612 -49.881104144328134 305
15 13 83 -48.595053749271848 -52.374652591506823 305
9 17 83 -31.874177535514374 -77.282729567544123 305
9 17 83 -56.962754016633859 -23.565251482917461 305
9 17 83 -19.353365200114681 -45.672141808666517 305
21 19 87 3.889378767068212 -73.163501412658150 305
16 18 78 39.538365000001413 -83.070558521817233 305
15 13 83 29.358167371007251 -53.789787079885890 305
15 13 83 55.233078426407403 -56.337134303004710 305
28 26 81 45.898115889715406 -18.470810551700879 305
9 17 83 81.722082027546776 -42.254070424046205 305
25 23 75 -86.951485201428369 2.905033780489376 305
7 15 78 -85.751549020929559 40.886083702295515 305
18 19 77 -62.739381157142901 65.914869733761464 305
21 19 87 -53.914109184558683 28.953882536313401 305
21 19 87 -29.561089864093585 -0.216829658918541 305
21 19 87 7.968516516362383 5.743761329233505 305
21 19 87 40.027887087202615 26.144662255455938 305
25 23 75 59.776595511738009 63.212013328370290 305
21 19 87 18.201733505574687 57.251237441920779 305
25 23 75 83.654319842790500 23.894659897979476 305
11 21 91 -24.089751786119976 55.609232951758983 305
6 16 106 -2.372737005707203 85.565388730285264 305
1 14 113 -31.960144132329560 90.523749298406329 305
1 14 113 27.437717153626629 88.932408601663553 305
1 14 113 5.515991144204817 -27.164977924936096 305
1 14 113 90.382702698514336 -12.488424965000480 305
1 14 113 -56.721221137847607 77.451294841541483 418
2 31 98 -11.726262517952012 78.124866510990429 418
6 16 106 -48.333586102337932 48.647691273392397 418
13 18 102 -81.725843905965959 42.247916372972604 418
6 16 106 -93.431080641961103 10.326333815801203 418
11 21 91 -56.448447098395633 12.548535729049512 418
13 18 102 -77.987675128922106 -19.963948886079223 418
4 32 100 -3.539800540139723 15.659021121002837 418
24 24 94 -37.022306384943867 -29.228859229406403 418