22 10 111 100.000000000000000 0.000000000000000 0
22 10 111 98.000000000000000 19.899748742132399 0
22 10 111 81.766312060385914 8.217823563497323 0
22 10 111 83.766312060385914 -11.681925178635078 0
22 10 111 65.532624120771828 -3.464101615137756 0
27 32 111 57.888331006764687 -44.762585640427872 0
27 32 111 49.822922313702406 35.487217606847011 0
27 32 111 4.408359094740931 -9.607321393246472 0
10 36 109 -33.968668712787988 -65.742904909053564 0
10 36 109 -73.776394040277225 -5.748363455258190 0
10 36 109 -15.160489608365971 55.516101124576650 0
11 17 95 25.583554649791068 89.411865719719515 0
29 12 94 1.588471787815642 -97.987125467478194 0
29 12 94 -56.332471243686136 80.191350428704439 0
1 18 86 29.552703937070241 -87.124265793221312 0
1 18 86 -73.373257658780375 55.501036571745459 0
23 11 85 -84.552525933527420 -51.496314025958917 0
23 11 85 52.980236259919693 83.630703487673060 0
23 11 85 17.898828949365384 -60.568904794527519 0
9 11 117 96.799999999999997 20.754758490524534 111
10 36 109 57.517302307316932 46.559208920349086 111
9 11 117 40.460063285613167 90.354763454530598 111
3 27 108 81.784471433402700 -14.152746459925602 111
12 24 106 7.246991679604598 79.314298133985986 111
12 24 106 -0.682937034171079 31.973868999952600 111
12 24 106 -37.715986933413092 62.511603283298683 111
3 27 108 -77.266571919184713 30.312981771139849 111
3 27 108 -79.562784280257176 -23.638175851221309 111
4 28 104 54.061780662440995 -61.654877111272569 111
12 24 106 30.794239770812148 -15.150882219904574 111
28 31 99 -21.984836621817259 -30.622439838353657 111
19 13 94 -37.555740943627981 25.511950295429216 111
24 16 89 -57.988321221742424 -60.834177568298145 111
1 18 86 18.006341106299658 -90.220683216009746 111
23 11 85 -24.152345331622705 94.776563015153016 111
23 11 85 15.062817803943847 -61.370454957493514 111
2 11 71 -49.302644967214810 4.583255977325194 111
6 13 58 -44.197962722838319 -86.345469430367885 111
19 13 94 96.945713047934646 -3.244799165975319 228
11 17 95 89.355660759606479 25.779175514630456 228
19 13 94 71.425493304904379 1.726959503494555 228
15 13 93 59.372821561183699 24.764604865773165 228
25 33 92 26.301771944615403 -7.208910381357203 228
11 17 95 34.855900248502536 42.053924382393831 228
15 13 93 63.669510969981893 50.407117615586152 228
25 33 92 -0.909264437506280 76.994631229603840 228
15 13 93 44.618606636442024 70.420975057127109 228
25 33 92 -33.903674169114517 19.833727401351112 228
25 33 92 -67.560937957245713 -36.939405278607211 228
24 16 89 -48.777014697786868 66.521881589733340 228
24 16 89 -77.720243719655997 52.873090662049187 228
24 16 89 -81.890038300489110 9.918645079397034 228
14 21 82 -36.551299804302843 -81.148028211509683 228
1 18 86 -17.578105011572578 -47.074315772781887 228
24 16 89 0.104685699652730 -76.114269503168657 228
1 18 86 32.629974734268565 -86.019095257047397 228
14 21 82 63.575192247012524 -62.283183370436333 228
24 16 89 87.584669459366424 -34.131007539970561 228
6 13 58 30.341860298553549 -55.103653608429909 228
9 11 117 8.123731282458003 32.860514841435204 228