22 10 88 100.000000000000000 0.000000000000000 0
22 10 88 98.000000000000000 19.899748742132399 0
22 10 88 81.766312060385914 8.217823563497323 0
19 25 86 70.291971924572152 41.283508471686559 0
19 25 86 48.941683891439219 -3.928936727641701 0
19 25 86 20.461701798175632 37.167177686830449 0
14 33 89 -8.313985264880301 -13.191136761223468 0
14 33 89 -73.667148625474141 -22.408730740323126 0
14 33 89 -63.959860219263788 42.873491585503487 0
15 23 92 -14.813999822131894 69.719057435856200 0
28 20 73 42.296456963861523 76.514902739932992 0
4 10 71 -53.390681913027635 84.554332147217053 0
4 10 71 -75.682751997174535 -65.361464565401008 0
8 24 85 -41.971573235831485 -69.783729428655349 0
7 10 71 83.766312060385914 -11.681925178635078 0
7 10 71 -24.069597025477741 26.818370834463387 0
28 20 73 75.239885850451984 -40.444749380833159 0
24 22 77 34.019005122144350 -48.497015644602392 0
8 24 85 4.056516962256244 -83.400443889813005 0
29 11 95 2.521096089690655 98.967894160210093 0
29 11 95 -97.965649272454002 14.273456575985030 0
29 11 95 69.155243280141832 -70.841741416091679 0
29 11 95 48.418598361769291 -78.189636184617854 0
7 10 71 23.447575176951432 97.212196859865330 95
11 17 75 45.231060990724274 81.259775545182137 95
11 17 75 71.415660027746540 59.571834811438578 95
20 34 75 75.496315612312770 8.735349390039229 95
11 17 75 83.132199355907588 -41.689776087784871 95
11 17 75 62.591976694825092 -68.784042142305594 95
11 17 75 39.541052878042166 47.739277224339531 95
20 34 75 23.900642068990081 -35.557838253331752 95
11 17 75 24.937834212968617 15.431613915292978 95
24 22 77 0.584754697938898 45.893516648619403 95
18 19 93 21.224490546166699 -88.490231105222463 95
24 22 77 -19.685170652735593 -85.770006741125286 95
25 24 78 -33.743715752780815 -41.970950704836149 95
17 16 66 -56.223495351075940 -75.332055398134074 95
17 16 66 -73.249769600129568 -48.237665107964894 95
25 24 78 -68.204120349875524 -8.557173381634044 95
25 24 78 -76.818868677916043 38.663437703405130 95
17 16 66 -41.031087123869682 20.796297712912555 95
17 16 66 -16.380274678086479 -5.936093773725439 95
18 19 93 -52.645750166751988 74.225500937211152 95
17 16 66 -22.126099834673170 91.358829382310262 95
13 10 55 -24.984371754566649 65.516416924647785 95
29 11 95 -98.376806948897411 11.090710281103274 95
2 14 113 -95.019885433609389 -13.682886105780012 190
10 12 116 -97.234809070883799 12.222598125962179 190
12 26 114 -59.855579239180251 5.382044260324998 190
2 14 113 -73.903282958501535 -32.070085455008510 190
12 26 114 -34.726388004582425 -40.142935123470579 190
27 16 116 -70.445585070185402 -62.236802168164701 190
26 40 107 5.818285341247361 11.935174128689876 190
2 14 113 5.227569809764908 -42.061594803912612 190
2 14 113 -5.819262570466849 -67.790323772967099 190
2 14 113 -9.971700423578129 -95.480705855488992 190
2 14 113 -37.098372196385640 -88.542141268316072 190
5 32 94 -42.144190083049040 65.634344989828548 190
9 26 108 14.662315652909822 77.339937929550715 190
9 26 108 59.281379196537173 50.635272260612922 190
9 26 108 70.713067674805558 -0.092594819876737 190
30 23 104 42.165399538799321 -39.917595058375845 190
16 21 103 26.567643088632881 -81.060152024627854 190
13 10 55 -82.978575380675323 55.808207530734961 190
13 10 55 -92.424696949165892 38.179515369564939 190
10 12 116 93.094648941902093 30.616765642111968 190
13 10 55 -94.046058041098348 33.990277535353570 306
6 16 64 -77.128100820484534 53.733193314981506 306
13 10 55 -75.022106830530049 27.818626189245531 306
25 24 78 -41.788240751297600 34.995683067078048 306
6 16 64 -66.246340409449331 3.344437260444799 306
13 10 55 -89.803848548885384 14.346428455696875 306
1 25 65 -28.267261923978779 -12.101908501400231 306
1 25 65 -71.438701152379252 -37.325445821699418 306
13 10 55 -69.137398455606672 -72.249706814565528 306
5 32 94 -27.097106086160110 -73.141963617033042 306
5 32 94 24.065274045938754 -34.691854914733938 306
25 24 78 79.980363524889526 -31.609198826077854 306
17 16 66 93.813220068576200 5.922815239807086 306
6 16 64 60.148210739914617 -66.346580936902100 306
6 16 64 61.867778704026058 4.054988688949404 306
6 16 64 76.222914143395315 32.654465721184891 306
1 25 65 53.006417795485618 66.447871843200716 306
21 20 96 24.177328732149025 -86.691734181394722 306
25 24 78 27.538895984988379 24.586131162337388 306
10 12 116 -5.906110233205322 37.906474966646073 306
25 24 78 4.370320038128499 72.408576074816480 306
10 12 116 -93.186876045678119 -7.391904621058210 306
3 16 120 -91.721784989899177 20.569738896415444 422
9 26 108 -81.540577345107081 -20.177567896716631 422
27 16 116 -60.062129734495912 15.915039216627665 422
26 40 107 -15.573409324057543 -18.096043627672444 422
27 16 116 -57.829394704384043 -54.844263986454905 422
26 40 107 -26.966063388561167 61.088597770559254 422
21 20 96 22.995823878788162 27.864964304535746 422
21 20 96 43.313185726185225 -6.590874207419457 422
18 19 93 36.904284649581577 -45.060680380447003 422
30 23 104 8.738090957726875 -76.216186040168282 422
30 23 104 78.295010591024905 -37.932720922065400 422
30 23 104 86.693694258535345 7.294064423049427 422
18 19 93 -32.318592033057747 -85.067670762756734 422
6 16 64 59.273448806277003 -71.979456261434109 422