5 10 93 100.000000000000000 0.000000000000000 0
5 10 93 98.000000000000000 19.899748742132399 0
26 39 94 51.271706504422347 5.153000388981617 0
26 39 94 8.640772551979808 70.472243115321305 0
21 20 91 -50.208007351109956 74.693748050495429 0
26 39 94 -46.974200077402429 15.782437671956764 0
26 39 94 -35.663483219410956 -61.393126363289177 0
16 11 96 -2.672053241667285 -98.963933488284994 0
16 11 96 19.249734008800864 -97.110492433054915 0
28 22 96 70.429596559906088 -52.760514861104845 0
28 22 96 28.274676921181999 -65.368557938946623 0
24 12 87 59.050088359092946 78.211808985493462 0
24 12 87 -97.558926421453279 9.287404131051158 0
19 16 80 75.712901955252235 55.709572584201027 0
19 16 80 4.560802294434049 -23.883036322065877 0
8 10 79 -74.119440272443981 56.576259934077541 0
9 13 68 93.774753126208736 -24.805154224850195 0
14 14 115 -85.562958555135296 -43.531369416688463 0
9 13 68 -95.252378215902155 -18.329878456081691 0
2 11 120 2.972792532047127 18.084160781193056 0