20 11 118 99.000000000000000 0.000000000000000 0
20 11 118 96.555555555555557 21.863775779997951 0
20 11 118 78.843192529652626 8.814936902970350 0
20 11 118 81.287636974097069 -13.048838877027592 0
20 11 118 76.398748085208183 30.678712682968296 0
20 11 118 84.861216147439819 50.986017632067515 0
29 20 114 51.262122758951023 -5.337256930626273 0
14 24 108 68.733481653219101 -45.719822703341606 0
29 20 114 25.781963410290480 -36.171677300837011 0
14 24 108 49.959955956007292 53.613190456593429 0
14 24 108 15.460007579091112 20.240243898188982 0
13 17 95 9.598145367764033 60.819038500978934 0
19 16 86 7.147169687508382 93.727893209321422 0
15 26 86 -30.763194188152227 75.650163517377038 0
19 16 86 -70.530970629706104 62.140020775918117 0
15 26 86 -81.197397713518811 21.517030570054303 0
18 29 85 -73.970259923102986 -33.006069849477456 0
26 27 84 -19.854525466086326 -47.410488760966430 0
27 21 102 -24.892899994177718 0.324349482340534 0
19 16 86 -39.103494490729013 34.486594784056095 0
21 16 73 -54.118665539959856 -73.390648594923846 0
5 13 72 94.111111111111114 23.496782022908963 118
17 19 66 76.077815892041443 49.931612522495669 118
5 13 72 68.532661321311068 18.833853077420102 118
17 19 66 41.043318759909724 35.214819030071631 118
21 16 73 47.176787945022667 69.673207787459432 118
9 23 62 8.891959579239185 62.238699262849309 118
17 19 66 -24.571369275296188 87.619905340835828 118
17 19 66 -31.354746070271126 50.230257050735588 118
17 19 66 -67.924347290893323 60.558096445529998 118
17 19 66 -58.583717962679884 23.723973084807554 118
9 23 62 -86.676300998044582 -7.497922732088959 118
9 23 62 43.185790963995068 -6.730500289904008 118
9 23 62 3.410364504030266 16.566474492958307 118
1 24 59 75.857148161398015 -40.517811797032053 118
1 24 59 29.150667400755147 -51.585993895086723 118
21 16 73 -47.730363411102857 -9.550712412996360 118
21 16 73 -62.376438160258957 -38.002293993677114 118
1 24 59 -22.458019227010688 -40.555689746334039 118
28 19 87 -52.295416269371195 -71.519050961430452 118
13 17 95 -79.612348009083618 -48.071551300957211 205
13 17 95 -57.013540696431008 -73.474187149341134 205
13 17 95 -46.313616384971581 -41.201727997162479 205
4 23 95 -70.278886158103703 -9.175709751039527 205
4 23 95 -17.295560426658525 -68.732663840322843 205
13 17 95 15.447873064072443 -91.708032460610042 205
3 19 95 48.348107694118866 -77.093842052383692 205
4 23 95 21.822645217341677 -44.530060939111763 205
3 19 95 -28.287774730996606 -10.039747433247410 205
8 18 96 -87.647168880562987 27.963794220778983 205
15 26 86 -43.849993054718595 32.183674512928533 205
4 23 95 3.034395817801126 17.940989371061875 205
8 18 96 75.741778820738205 -52.222437142193712 205
3 19 95 89.247070844121993 -17.775273436554212 205
8 18 96 89.970449327941864 19.217654584476325 205
3 19 95 57.027710159794438 2.372004223050514 205
8 18 96 60.057327660579134 39.247760727818509 205
16 20 92 -44.589719695979909 78.177726351141359 205
10 21 92 -7.127409638286053 61.517134370626081 205
8 18 96 19.642408162466616 89.878672673660830 205
8 18 96 52.127489875129356 74.363535996156997 205
8 18 96 -70.206066144514395 59.456776539870290 301
16 20 92 -86.430683043996012 25.094561732540786 301
10 21 92 -87.570089177201908 -15.889602937043641 301
10 21 92 -45.633871604352045 29.171346784286236 301
30 23 92 -30.742271570219543 70.574731288737382 301
24 31 92 -35.920164208811848 -21.913326931357954 301
24 31 92 6.322388008325198 31.303736772089454 301
24 31 92 67.570639147101772 40.929313764735383 301
24 31 92 45.282507779427881 -16.926016155137262 301
24 31 92 24.157045605543196 -75.215936792754945 301
22 24 90 -30.600777999791298 -80.371589419442799 301
28 19 87 -68.449494392097236 -59.963878439159096 301
28 19 87 -87.051738748362666 26.514048745652079 397
15 26 86 -82.004196801574693 -18.201969863962717 397
28 19 87 -51.022745104113532 14.434660641006408 397
22 24 90 -32.379101849177985 -24.313430488527906 397
28 19 87 -59.866946861990414 -57.380307821466424 397
18 29 85 -14.976088896217014 -74.374744296288426 397
6 36 88 27.613251685463396 -25.271301760987189 397
28 19 87 78.647666347531896 -45.777118499172701 397
6 36 88 64.253216953244859 36.708638100033710 397
18 29 85 -0.655224072482554 33.259829086813980 397
18 29 85 -50.017820254360103 63.711989899880884 397
23 21 88 -6.735488913781147 88.744764291153146 397
11 20 100 33.580408719654756 -80.952474853238954 397
23 21 88 -6.671357813016421 -88.749608364942688 497
6 36 88 -51.318307022774860 -53.314457366798898 497
7 33 90 16.367324682585394 -39.910903336381054 497
7 33 90 76.088235903097825 -11.814413110880075 497
7 33 90 57.286954464866739 51.450994627317790 497
7 33 90 -25.856059661567222 10.815675638806781 497
25 26 82 -83.997666377367381 -0.626133497336063 497
2 23 79 -73.115392031720617 47.150179724448627 497
25 26 82 -29.610434104901710 69.696102544012192 497