23 11 74 99.000000000000000 0.000000000000000 0
23 11 74 96.555555555555557 21.863775779997951 0
23 11 74 78.843192529652626 8.814936902970350 0
23 11 74 81.287636974097069 -13.048838877027592 0
24 25 74 67.367934888698130 42.937047946598874 0
24 25 74 32.333267532397244 78.610176253958542 0
24 25 74 45.999393159083965 -5.925647987251422 0
29 13 73 31.878740164350035 29.353342346973157 0
29 13 73 12.220300353587710 46.369386076543059 0
29 13 73 -3.800271331094265 66.847210250413838 0
5 15 69 -4.196233408548707 94.907279094814328 0
29 13 73 -31.996733770304488 91.570786979430608 0
24 25 74 -39.689092886184682 54.357515002455301 0
24 25 74 -80.908018030203237 26.055567896791420 0
2 29 75 -76.105340683308086 -27.730436698285359 0
2 29 75 -8.844321844728759 10.033705380535821 0
24 25 74 -23.971572639255214 -41.804179254154846 0
5 15 69 -55.396501063108097 -66.552388756171823 0
19 14 68 88.602132246115488 -36.954866546124379 0
20 19 68 66.835168814402280 -61.758078091455772 0
2 29 75 20.153883252407049 -72.932046870696922 0
10 16 71 -23.750021139074537 -82.803580651404147 0
19 14 68 15.465498925214124 -30.188403455558191 0
4 12 59 -50.809651725579982 4.536080314771268 0
21 12 100 -97.742822102138675 7.095119978525442 75
9 26 102 -79.751540797733441 -26.375968994284502 75
3 13 100 -73.244298981848132 12.077324804161348 75
21 12 100 -51.749118238120033 -0.688144431023902 75
21 12 100 -41.940387787190950 -22.592226400853558 75
21 12 100 -47.214222526062748 -46.005612895486692 75
10 16 71 -66.557751521377185 -66.249819128565576 75
9 26 102 -67.061515886095933 50.584118921445132 75
18 13 97 -47.719893148056585 84.450055049940971 75
18 13 97 -30.731957678563198 64.767320268302299 75
18 13 97 -29.890492523528806 38.780940443616004 75
9 26 102 -13.947383701977191 3.188563716230078 75
9 26 102 3.231131793569723 83.937832872505012 75
14 22 98 18.602876775824917 38.465759506531121 75
14 22 98 33.668119210845404 -2.874758999821200 75
14 22 98 8.723112670508003 -39.120402168380423 75
14 22 98 -22.872117715222505 -69.742966020426053 75
18 13 97 42.077284925131515 87.398524548926460 75
25 22 98 58.694488801081768 56.594814782972868 75
11 26 88 44.246070054901942 -71.402277867703290 75
28 15 97 7.874375089519676 -90.325803050532897 75
25 22 98 79.152982766159823 -38.455237864561525 75
18 13 97 96.657276949316909 -8.146828385516063 75
28 15 97 92.954585122501470 19.607271730244065 75
18 13 97 72.235374344935920 0.773411139414265 75
4 12 59 60.087111543027731 22.623347315425715 75
4 12 59 -49.769299418884302 84.421660936950545 177
30 16 62 -68.883815123950583 63.961082026255582 177
30 16 62 -37.211139179920046 59.395822061650136 177
30 16 62 -57.001108256163675 34.249110070590135 177
30 16 62 -88.813760867377638 30.791490392513651 177
30 16 62 -69.913048083931443 4.969734908471246 177
6 18 63 -36.007663955561100 7.504478900998407 177
16 24 63 -52.588752917401081 -31.083958341776128 177
26 15 67 -91.292043633007737 -26.282366128433178 177
2 29 75 1.290827036000898 36.102076173363251 177
16 24 63 -1.761381617277227 -16.809964255416791 177
16 24 63 -16.335800202775438 -62.543828326744560 177
24 25 74 37.212064708192834 76.421608463531243 177
6 18 63 74.166677912262060 54.436236896563486 177
16 24 63 84.881348108168822 13.825944573151812 177
6 18 63 87.608265696816844 -28.085437180075115 177
6 18 63 54.148885466288647 -14.801240757673835 177
26 15 67 -2.634071008170402 79.926671725893570 177
26 15 67 45.276035405950040 37.242884944435914 177
19 14 68 76.442152846171538 -58.074067088869796 177
26 15 67 49.452259100632048 -47.465314306167741 177
6 18 63 25.052829231361589 -69.683951124266031 177
19 14 68 6.529422674326604 -95.777693851647882 177
4 12 59 34.735163037832827 12.385491482548908 177
17 25 106 37.212064708192834 76.421608463531243 252
8 14 111 73.398238679021205 61.876478235412165 252
17 25 106 81.614076903243415 23.751683124180278 252
8 14 111 95.139066150929196 -12.828019797658548 252
8 14 111 45.427902932415051 38.296813352299374 252
3 13 100 18.866454984598260 43.143408333873495 252
8 14 111 0.588481787324181 63.015894232716910 252
8 14 111 1.044191399903870 91.012185571910436 252
25 22 98 59.470986725898349 -17.705325419586657 252
25 22 98 24.159993633643772 8.546032008911203 252
28 15 97 -5.911525019224957 30.103020803967155 252
11 26 88 -38.575943649095578 54.882765668928151 252
3 13 100 -25.944869692173064 91.780678491942325 252
3 13 100 -77.412539418666114 58.449112403469954 252
28 15 97 -89.084940959554629 32.998080159801219 252
3 13 100 -96.808979466224628 6.084529127886455 252
11 26 88 -57.811035744576856 6.485010691997498 252
7 17 96 -90.072773644504394 -23.149415715863643 252
1 20 86 -56.884319567561754 -39.505653546815786 252
1 20 86 -21.220577747021196 -21.392191167750120 252
28 15 97 -26.045708734509923 -56.057997244539628 252
18 13 97 -49.318393409369520 -71.626624288198784 252
4 12 59 97.120986925189669 13.096331496916884 363
6 18 63 90.566248041783098 -16.178835422681686 363
6 18 63 67.181499795021210 11.191834087499586 363
4 12 59 86.143950477215427 34.438886892647858 363
12 21 50 56.366539411919518 48.662310891404033 363
12 21 50 28.634628225361254 17.119623911046052 363
15 12 54 23.382828509506883 49.699043791463694 363
15 12 54 32.808163689276299 71.770814376285415 363
19 14 68 83.489611530835177 -47.386546259779621 363
12 21 50 53.724667975799733 -28.973286494991797 363
15 12 54 23.602874068316247 -15.494505697193691 363
15 12 54 2.838023572972258 -3.460346652789613 363
12 21 50 -12.463248044405862 25.777831930891328 363
12 21 50 -4.686537045334340 67.051585891936838 363
20 19 68 58.304311481702264 -68.710257508883188 363
12 21 50 20.737960727779388 -54.970923790203877 363
26 15 67 -4.613982443817571 -29.411601079613153 363
20 19 68 -31.929169057117242 -9.166093422836200 363
2 29 75 -79.522772771351526 -15.398980834977102 363
19 14 68 -92.527207765016783 25.587415328817730 363
19 14 68 -44.134601248849258 -39.825960105733429 363
19 14 68 -51.618061576660288 17.316873015119388 363
5 15 69 -42.914478043365605 44.979982632061621 363
5 15 69 -39.837973679874125 74.821817711383034 363
22 13 91 -66.288744019546328 -55.259493664046339 363
19 14 68 18.363861836375357 93.389374549948286 363
22 13 91 -67.379911364995351 69.777844223258796 363
7 17 96 12.749990222784326 -92.121863579276905 363
5 15 69 -19.237066933412198 -93.031904504849408 363
19 14 68 -12.871273463117433 -64.739208035732986 363
19 14 68 -40.722958635358992 -67.617338169403055 363
8 14 111 43.095095782069379 -85.783522424380919 459
11 26 88 65.470454282632630 -52.627175641732002 459
1 20 86 89.038094988910018 -13.123171901100626 459
7 17 96 89.885261230407451 23.867128305294941 459
1 20 86 55.889255503731214 9.263307071391923 459
1 20 86 62.472782097940268 48.717802095195516 459
1 20 86 25.012423816735108 34.692055860369209 459
1 20 86 31.595950410944166 74.146550884172797 459
2 29 75 0.362085474412744 -80.999190700334907 459
2 29 75 17.564180975600113 -25.608867444661186 459
1 20 86 -9.819032578694063 15.025595950835006 459
1 20 86 -9.434958265144314 55.023751994853725 459
10 16 71 -0.745323406505557 89.959267534538128 459