1 10 114 100.000000000000000 0.000000000000000 0
1 10 114 98.000000000000000 19.899748742132399 0
1 10 114 81.766312060385914 8.217823563497323 0
1 10 114 83.766312060385914 -11.681925178635078 0
1 10 114 65.532624120771828 -3.464101615137756 0
27 24 114 61.297085244103947 -37.199249612800891 0
1 10 114 63.532624120771821 16.435647126994645 0
3 13 114 42.603539204471261 -5.268835640161369 0
3 13 114 40.927084601893995 20.677059988347921 0
27 24 114 62.921479182066847 50.430154063614495 0
9 34 113 3.581208185318175 -31.465356054743978 0
27 24 114 4.392782904965404 26.528965619661612 0
23 24 97 20.000988000338246 71.920417829309827 0
18 23 90 -12.849512707421693 -86.045860000245270 0
3 13 114 21.399997335557078 -74.956628204674573 0
12 14 110 46.928707574762598 -83.747814331852382 0
22 10 99 68.373897987540374 -72.972666622437629 0
18 23 90 -54.930268664732267 -67.466032819636965 0
12 14 110 -44.415908998972590 -31.991418786232092 0
9 34 113 -52.513907614929245 15.320550295766221 0
12 14 110 -95.852879895713471 -5.312759706398154 0
12 14 110 -90.242815384999020 -32.744988492729462 0
17 15 105 -22.916338631661326 54.371592667010255 0
17 15 105 -17.142269268054282 83.810684415640253 0
17 15 105 -47.113379527694192 82.494420838499408 0
17 15 105 -70.488322261387282 63.689845538946109 0
22 10 99 -88.570056196705195 46.425694882386878 0
22 10 99 -96.385369224651427 18.681332381333931 0
11 10 65 50.918902995080757 86.065471112273329 0
11 10 65 17.745530447001727 -98.412886093003763 0
22 10 99 98.000000000000000 19.899748742132399 114
6 14 99 86.755771184755062 41.102751320786574 114
6 14 99 74.316022192544324 16.017842610352883 114
28 29 97 76.391526398109022 -26.932038440619582 114
6 14 99 48.312507510221195 5.634335295085766 114
2 25 92 47.815501585080483 44.631168308939280 114
11 10 65 77.464130516817633 63.231136117195263 114
4 21 93 53.295618976428422 -71.278166347903223 114
4 21 93 14.674059051130584 -87.781957092354304 114
2 25 92 23.238123604956947 -36.456521182949132 114
4 21 93 13.428824460786494 8.485415249520896 114
4 21 93 2.014435532091795 48.904615209249101 114
29 19 94 24.531002671145433 81.965229303250595 114
26 17 91 -9.901846505223116 92.471365491091362 114
29 19 94 -43.621801707039211 79.863248217385646 114
2 25 92 -71.559983309974967 45.871219611823093 114
26 17 91 -92.516285352204378 9.472958599587201 114
2 25 92 -79.371313524295331 -30.417011513756798 114
28 29 97 -36.141283726854553 1.942910051543425 114
26 17 91 -39.603356565897926 -43.926622883261551 114
21 16 81 -15.762652970377081 -66.743740406527280 114
26 17 91 -47.098766776770219 -77.090139370069025 114
20 11 77 54.523574211320181 82.632801327455070 114
20 11 77 -73.804545626792020 -65.984005977378914 114
20 11 77 -35.908958470634026 50.871662382688037 114
20 11 77 -12.758547495221826 -35.966960455812355 114
11 10 65 100.000000000000000 0.000000000000000 213
11 10 65 98.000000000000000 19.899748742132399 213
11 10 65 81.766312060385914 8.217823563497323 213
10 24 67 77.530773183718040 -25.517324434165815 213
16 19 55 80.277628055073677 42.854433071168344 213
30 12 64 61.978170087506840 17.831846512356030 213
30 12 64 49.600253820718514 38.393636047617228 213
7 23 60 35.320006386831125 -4.847269610367455 213
30 12 64 27.411335612291786 29.247494306984247 213
16 19 55 52.909052313493682 69.216547210163327 213
8 16 54 25.174721932031833 90.566182295848563 213
24 15 38 20.190687717357463 59.969460201039851 213
5 32 80 33.257653461336190 -59.808589649197515 213
7 23 60 -7.156633669924631 -22.503289815634911 213
8 16 54 1.992674000193462 15.408320136430145 213
7 23 60 -16.419984369226270 49.788169056561223 213
20 11 77 76.115308633776124 -63.304500563427609 213
24 15 38 -5.514805231834709 86.189777097709623 213
19 19 90 -7.318146956189736 -90.705262940623300 213
7 23 60 -35.000528816828663 -59.119099284335910 213
24 15 38 -72.961499226443607 -60.840937128134925 213
26 17 91 -47.128450221968720 -21.001996529919420 213
24 15 38 -31.323005584228891 6.822236070519740 213
24 15 38 -49.340868709277657 30.808828333844858 213
18 23 90 -86.143295066684956 -12.179191888382878 213
19 19 90 -85.975225848130208 29.820471833339653 213
20 11 77 -65.170600093302369 51.434530850598634 213
6 14 99 -47.791263269189791 69.405581224854572 213
3 13 114 -73.960649130400640 62.760038083240239 312
9 34 113 -74.347636002078985 15.761631289380194 312
28 29 97 -66.177881956317194 -46.706401486046296 312
12 14 110 -45.614537483696708 -84.470787673304130 312
28 29 97 -31.962444775538394 62.371668456170639 312
12 14 110 -26.511016312768142 19.718627208033386 312
23 24 97 16.216692065043262 84.457201578477395 312
17 15 105 8.935338653902340 46.142949758794600 312
28 29 97 59.931583198477398 54.490415077552697 312
17 15 105 28.659149813554585 23.538276053156252 312
23 24 97 85.614932610558924 8.129164415206105 312
17 15 105 89.926031825472776 -30.631826588110222 312
17 15 105 61.127961522847613 -22.225213307777953 312
28 29 97 48.978318033260685 -64.514528306675018 312
23 24 97 0.527888482713067 -85.998379832121373 312
14 20 95 -17.187763426499640 -45.722386021519895 312
14 20 95 26.144170268471093 -21.160154872663146 312
26 17 91 1.571289321971740 6.501615171735118 312
17 15 105 -26.266273251490411 -9.280340029334852 312
13 13 75 48.972368921793617 2.998616070752215 312
25 16 118 -50.242164762760503 79.446364800106664 426
23 24 97 -72.520740009787602 46.224909609784987 426
14 20 95 -89.815091625605561 5.766222011341355 426
14 20 95 -28.736397841714847 50.575930284193014 426
14 20 95 -49.907296650852160 8.480609650026578 426
5 32 80 -66.471798099017107 -40.810538559096543 426
15 33 92 3.091945612523247 8.197202684617075 426
15 33 92 -3.639937325150942 -57.458579635856815 426
13 13 75 -50.436179281757468 -82.856453094846017 426
13 13 75 24.485209616938537 -93.858800919330847 426
18 23 90 51.039004634696056 -69.550449059220782 426
14 20 95 81.171436130620947 -38.874129655755937 426
19 19 90 90.992970322482876 -1.131084387546764 426
15 33 92 63.761265892284996 43.168286644402912 426
19 19 90 14.227018669786332 58.991002975690137 426
19 19 90 54.214892660124477 -10.690007102033707 426
13 13 75 37.510600332598756 80.942650407059503 426