18 10 109 100.000000000000000 0.000000000000000 0
18 10 109 98.000000000000000 19.899748742132399 0
18 10 109 81.766312060385914 8.217823563497323 0
18 10 109 83.766312060385914 -11.681925178635078 0
18 10 109 65.532624120771828 -3.464101615137756 0
30 27 109 60.012280859995641 -40.049970612377699 0
18 10 109 95.512185170558482 -29.621318065625442 0
18 10 109 63.532624120771821 16.435647126994645 0
28 25 79 31.134131776789872 3.194133095852187 0
17 31 107 2.203341315985590 -44.753852923510877 0
17 31 107 -24.274982430545954 11.307705845166470 0
17 31 107 -75.289087070457910 -23.928087430820849 0
3 29 103 -44.115850516724755 67.932258413702073 0
6 39 109 23.874404120088133 66.781052775535684 0
15 20 95 36.992672239062394 -82.045976139072792 0
1 23 95 -81.131777308502819 31.410741964549423 0
23 18 90 78.566312060385911 40.057421550909162 0
10 17 70 1.574745873916452 -92.749736786298627 0
14 15 43 -27.661639696957373 -79.740749171914459 0
21 16 75 -55.779528389364955 -66.687614089438000 0
19 10 54 -40.511560322926528 -45.642682368897383 0
19 10 54 98.000000000000000 19.899748742132399 109
19 10 54 100.000000000000000 0.000000000000000 109
19 10 54 81.766312060385914 8.217823563497323 109
16 31 65 64.611901694133110 45.456596435145471 109
22 13 58 59.699833951682265 1.731642570177543 109
22 13 58 35.873410801636311 12.138446108005779 109
7 17 58 17.571092369507117 35.908703574195421 109
7 17 58 23.047405811688776 69.464775917110956 109
22 13 58 10.007189317088081 96.482413744536672 109
16 31 65 30.961343059185474 -31.586507756962156 109
2 20 65 81.545988536825817 -38.082171071931725 109
22 13 58 60.902634064761436 -63.828081740243690 109
13 29 75 -16.549061131530394 5.057202394096619 109
7 17 58 -12.937983322410405 50.915245495132680 109
7 17 58 -17.540284513547412 84.602317551725235 109
22 13 58 -47.540241165227307 84.551318558328973 109
10 17 70 -68.410208148836702 63.000344610429210 109
2 20 65 -84.896454145066556 29.876279446989574 109
22 13 58 -58.197308057888712 10.481548249689219 109
2 20 65 -89.457954386299917 -9.862778362037904 109
24 31 80 -9.684843953587865 -78.404105744499461 109
10 17 70 -57.398996388764807 -73.173459762147132 109
9 20 44 -59.375303829372378 -36.226278423103146 109
5 14 119 -51.636301267662922 36.930514385786182 109
23 18 90 -63.358317896149131 66.706248233358977 228
12 22 89 -82.199137951719976 31.421357704499471 228
12 22 89 -87.136045095849056 -12.300798553515151 228
12 22 89 -38.384879072664098 35.460010806595889 228
12 22 89 -43.321786216793171 -8.262145451418732 228
23 18 90 -76.637715164248974 -50.898532536836889 228
27 24 89 -42.196641705343161 -74.936262442097387 228
25 21 88 0.549809038459458 -88.998301725489284 228
27 24 89 -5.190499001372586 -44.365927112347315 228
24 31 80 46.194184946349672 -64.086638834802685 228
27 24 89 29.857421360536200 -11.568926055767470 228
23 18 90 70.637359116093279 -21.618636332829755 228
28 25 79 -22.349550487541904 79.639963694383852 228
25 21 88 4.112777442824445 42.013574012330196 228
24 31 80 53.575984603346676 58.056988156310346 228
23 18 90 75.207320981134032 14.090122376373138 228
20 16 118 -8.647058664655532 7.283377028865642 228
20 16 118 16.572273931219854 92.527616076221321 228
5 14 119 45.488944401116342 84.538487905049166 346
5 14 119 67.947539396208029 67.816899737460417 346
11 29 119 76.801918357082201 25.738401983652370 346
5 14 119 42.236921753909066 56.727980022199361 346
30 27 109 77.287535342343276 -30.259492406615792 346
5 14 119 45.773930346311573 -4.031783773300412 346
5 14 119 34.023051659279076 21.383110483466535 346
20 16 118 14.858329208462077 44.463695687987482 346
6 39 109 -6.499585923205196 -12.777039448268734 346
6 39 109 -44.434063079554676 55.377017238581530 346
3 29 103 -61.736316887018226 -52.436887562341724 346
15 20 95 3.384911355117161 89.936324002696480 346
15 20 95 -89.214279700118865 -11.866435757587830 346
29 25 79 -17.361385254684642 -83.208066327961376 346
13 29 75 34.222313674818722 -67.235527245199535 346
15 20 95 67.950620475270597 59.014516663493360 465
1 23 95 84.797493212002564 19.452124433089018 465
1 23 95 82.863551316833025 -26.507203986135170 465
1 23 95 44.028576312497542 -1.852696965863232 465
8 32 98 36.669133902822232 -56.358096766421269 465
8 32 98 17.519600679583135 46.337283433526345 465
8 32 98 -10.140520876503636 -11.376819483373477 465
8 32 98 -27.646606892898518 -72.936034491254986 465
24 31 80 -73.283484019995967 -29.504761817221926 465
8 32 98 -70.471770365727707 33.432462989138905 465
29 25 79 -31.650853577544215 75.168974819009563 465