23 10 99 100.000000000000000 0.000000000000000 0
23 10 99 98.000000000000000 19.899748742132399 0
23 10 99 81.766312060385914 8.217823563497323 0
23 10 99 83.766312060385914 -11.681925178635078 0
27 24 99 50.433047455647966 -4.981666169423262 0
10 14 97 86.755771184755062 41.102751320786574 0
8 22 98 50.755872835620607 41.017201031563829 0
8 22 98 11.967558381948926 20.245425425152991 0
10 14 97 58.394832455234685 76.197398528591975 0
8 22 98 23.442721069491284 84.820037897056082 0
24 36 76 -29.396357950504456 60.902853106227411 0
24 36 76 -73.875831030986703 4.285042529672488 0
9 15 94 -83.200308306397062 -45.855301740589127 0
9 15 94 -53.397313450909188 -42.422883111726492 0
13 20 93 -24.663565149274962 -22.438596571088304 0
9 15 94 -27.365521124138141 -57.334146916510591 0
25 13 98 -21.625380649655234 10.421248756397191 0
30 21 59 -9.357906747298902 -88.506664050278488 0
9 15 94 2.501846041488207 -54.516279177658163 0
21 25 93 35.391767091793554 -77.281451992830981 0
10 14 97 71.912258047882332 -63.597383141563164 0
25 13 98 69.470928140289431 -36.707981729811863 0
4 16 73 17.178357216282237 -27.210601750863816 0
6 14 50 -43.618724926091616 -81.351502436470838 0
3 12 54 44.765229442023340 -40.532697644816949 0
29 12 114 95.599999999999994 21.555509736491995 99
16 23 105 86.148247742528980 -12.144110131740813 99
26 19 104 64.693598010992275 23.962648306217474 99
16 23 105 40.191506687571724 -10.149629846652338 99
26 19 104 27.140138680063036 29.771063949079451 99
16 23 105 51.642230003483590 63.883342101949268 99
24 36 76 -18.159291958708501 -1.421268182441697 99
24 36 76 -11.453279942639146 -73.108292132668097 99
25 13 98 -60.372420133800901 -75.922137003563279 99
25 13 98 -54.925399532325201 -50.499116597500205 99
25 13 98 -80.715532937610035 -53.795936116007759 99
11 21 102 -71.715372409933238 -20.933988308091642 99
11 21 102 -87.133021493994164 18.133851364979048 99
10 14 97 -55.111190450899535 32.261920470398316 99
21 25 93 -47.474047496272739 70.506842322725248 99
13 20 93 -6.792856569809651 89.743284426312329 99
10 14 97 27.155243789952426 91.621177384795956 99
10 14 97 -11.257429495110506 56.037682687214556 99
3 12 54 83.984110398943741 50.504150329433607 99
3 12 54 16.856245074662834 67.747957546188857 99
29 12 114 97.972370114952028 -2.326949517899745 213
28 22 115 81.869057155147146 -32.271620357943718 213
29 12 114 73.208385754901116 -65.150074866891686 213
16 23 105 41.077254766913335 -51.272379761696037 213
28 22 115 46.162669356023422 -6.560652458259568 213
28 22 115 77.221213319933710 24.606106225341968 213
28 22 115 59.468093255837381 64.865598621418954 213
17 27 103 20.488150737708956 35.174453791968475 213
29 12 114 26.632505136460249 73.687398486220900 213
17 27 103 -12.101888353669505 78.231269187703731 213
28 22 115 -28.410523268025578 32.024901366479710 213
29 12 114 -46.875638767152630 60.573798185864831 213
29 12 114 -69.194387810106065 69.398391159915548 213
17 27 103 -77.370569372484155 30.046547139024412 213
17 27 103 -79.480856565351573 -23.912202734963767 213
21 25 93 2.184497185167402 -23.141375377075416 213
14 19 77 -37.367803092716471 -42.418707732152640 213
6 14 50 -64.015795068097376 -61.883664030075202 213
4 16 73 -8.801786402967782 -62.642028193466579 213
26 19 104 12.931890002058671 -90.076446538341287 213
26 19 104 -37.254226270840832 -83.024831375685380 213
10 14 97 -31.695779530844554 -3.824883727542939 213
3 12 54 73.208385754901116 -65.150074866891686 328
2 17 53 48.071813940034389 -79.612189421687901 328
2 17 53 84.654593053336924 -38.504543562726710 328
2 17 53 92.836997204269494 -5.503812323695026 328
2 17 53 88.611080304429080 28.232542345350709 328
2 17 53 72.541666025478932 58.195418120741053 328
2 17 53 51.442050321721936 -45.779638428132145 328
2 17 53 20.457083495626442 -59.777203601610061 328
2 17 53 10.785160168179754 -92.372508465163534 328
2 17 53 -23.137187347414752 -90.075915547112984 328
2 17 53 -53.967086189912777 -75.740039663116931 328
7 27 62 -21.440477854614354 -46.108641616414914 328
2 17 53 -77.583902406033275 -51.280971982316245 328
15 26 57 -61.497270307686968 -11.403406011805274 328
15 26 57 -12.545859874965515 6.139667169574590 328
15 26 57 38.281058556985165 -4.843245135994994 328
15 26 57 31.117560330667491 46.660971129875364 328
6 14 50 -95.514808063363262 9.639576786294874 328
15 26 57 -69.453422513406025 39.984332234584123 328
15 26 57 -20.502012080684572 57.527405415963997 328
13 20 93 13.071182300932708 88.973241690646574 328
6 14 50 46.687880632267088 83.882309231846847 328
10 14 97 46.687880632267088 83.882309231846847 421
13 20 93 68.783903992593935 58.041145332751832 421
21 25 93 7.695455445150618 84.650930092301422 421
13 20 93 -37.222920187905117 81.941773306933300 421
13 20 93 -69.054540051227974 57.718892039897582 421
13 20 93 -32.161099589459425 42.263341228168507 421
1 22 89 -85.872508619490205 19.233103322022206 421
1 22 89 -45.239825765549725 2.351602082763549 421
1 22 89 9.589065002191745 37.689091937843685 421
1 22 89 -1.825653016271092 -4.804486548310905 421
1 22 89 -29.730093937153892 -38.824218717935075 421
12 22 80 -72.207103834279295 -50.300438923190399 421
24 36 76 56.389801672298844 3.429917296073725 421
24 36 76 34.858715417411204 -65.275339596573062 421
4 16 73 -16.336986248743123 -74.385780360340945 421
6 14 50 -52.458127182266011 -80.399906048012298 421
6 14 50 -85.290927382443073 -16.762198638993688 421
19 17 42 16.638293585559310 91.499547466425952 518
19 17 42 48.414202161580690 79.404439605462841 518
19 17 42 73.719210321509181 56.696366987427808 518
19 17 42 89.171124813769211 26.410424067916701 518
19 17 42 41.400938483344788 46.135623386974743 518
6 14 50 95.922954315847662 -3.845365433844179 518
15 26 57 56.025538675538307 -0.982460401469059 518
30 21 59 13.916588990369618 19.894233695344546 518