22 10 45 100.000000000000000 0.000000000000000 0
22 10 45 98.000000000000000 19.899748742132399 0
22 10 45 81.766312060385914 8.217823563497323 0
22 10 45 83.766312060385914 -11.681925178635078 0
26 10 42 65.532624120771828 -3.464101615137756 0
26 10 42 63.532624120771821 16.435647126994645 0
5 18 53 78.566312060385911 40.057421550909162 0
11 23 64 37.684200904597901 36.950495828302707 0
17 12 39 60.180473474887201 63.763136885148434 0
32 25 72 31.271804166803690 -10.619254728927734 0
25 16 58 3.015028911528571 19.088566668355366 0
11 23 64 -3.445752155989339 57.549693900895001 0
4 17 61 -28.919789339871347 88.389172326351513 0
9 18 53 -44.442325020454660 57.019586960188036 0
34 27 93 68.373983948837250 -47.053143560915743 0
1 15 68 26.502314210346121 -50.333886359540280 0
1 15 68 0.231396602989470 -35.848069569746258 0
38 20 70 28.833835760684035 -85.256142977065878 0
38 20 70 -8.079066596584033 -69.847131342220720 0
38 20 70 -34.539129858168003 -39.849380556653912 0
8 17 74 -42.829931132008703 -82.550572373711574 0
37 22 76 -76.358304268904504 -43.742535010872430 0
38 20 70 -89.911537083334267 -3.989423431049346 0
38 20 70 -82.760128410100549 35.366101644705900 0
8 17 74 -55.708610623102871 10.122976136565091 0
8 17 74 -24.845709358484022 -4.141711926283959 0
36 16 86 31.223419837079991 75.411623060842345 0
14 12 90 -24.384835382929317 24.854625690364401 0
14 12 90 -0.198306303424495 92.398712472938882 0
29 11 93 -72.435112128203613 64.596121124319041 0
40 11 112 -57.402711241007765 80.659337600686257 93
40 11 112 -73.798670162981821 65.990577222626371 93
24 19 113 -82.950045936133961 37.420447340902619 93
40 11 112 -98.311906974399363 11.651993265405110 93
24 19 113 -70.014225461812103 1.690004457331812 93
23 28 113 -68.363950687037189 -45.281014194255285 93
24 19 113 -45.538664473331806 30.757975048674808 93
23 28 113 -24.050297359180977 -11.042145510570975 93
23 28 113 -16.555393946199008 -66.538329368833445 93
30 20 115 -29.845282325061525 66.461164776601805 93
30 20 115 -6.662562455280067 33.864209405904376 93
23 28 113 30.145974007907608 3.056229215080709 93
23 28 113 37.640877420889581 -52.439954643181764 93
7 14 109 18.423972802050812 -89.785778731966488 93
27 16 107 81.321357286615552 -47.146970730499966 93
19 24 102 85.682295794826800 -7.385403667221379 93
23 28 113 70.262154026006371 42.275639695050828 93
33 22 95 6.347253935537918 87.770794501803380 93
7 14 109 20.295570486221362 54.582777607117876 93
7 14 109 41.493711787239690 72.875913078711065 93
29 11 93 -55.384917404727318 -82.057972946396461 93
29 11 93 -98.457751149334243 -10.347523308297999 93
15 18 94 -67.625124583013474 62.376618416934939 208
39 25 94 -28.446892223149071 80.098528843197499 208
39 25 94 -38.166799359840361 31.052393365933874 208
18 21 92 -84.704608141017985 27.315368561976069 208
34 27 93 -80.430088084125686 -20.493924240608099 208
14 12 90 -77.935666485551351 -59.414071476821960 208
15 18 94 -48.753629702764414 -52.456433285016473 208
15 18 94 -35.454797649326089 -19.002867465892781 208
3 30 95 8.061441430026413 1.253907607860558 208
20 23 82 -7.872405555860325 -49.337857929090845 208
36 16 86 -30.471440424250179 -81.122816998079742 208