3 10 80 100.000000000000000 0.000000000000000 0
3 10 80 98.000000000000000 19.899748742132399 0
3 10 80 81.766312060385914 8.217823563497323 0
40 30 78 73.760954008286376 -30.972918231698195 0
35 16 82 84.144800066126621 41.900508610655038 0
9 29 85 44.644869815979554 20.342319673884017 0
15 30 83 13.769943999470001 -29.934304674067512 0
27 17 82 -1.005643097058805 14.682755134405880 0
27 17 82 7.577100503251582 47.581638280970772 0
21 31 85 -28.904064035087135 -73.522480114966086 0
35 16 82 -32.111370950427172 -26.632042045453318 0
15 30 83 -77.567332212293451 -19.578278102726539 0
9 29 85 -70.964846598228860 39.051127349794214 0
8 17 85 -38.464397508494017 6.497774082188226 0
8 17 85 -26.325318056930417 50.155743129306863 0
39 18 78 -7.057859803010090 79.375001375084381 0
39 18 78 28.729370516993722 75.466786178476085 0
33 12 85 54.516437687017643 60.136190405034171 0
13 13 73 -74.224201669336310 -62.448121561418432 0
28 22 69 22.841829843228261 -84.983826751994442 0
7 12 36 56.486733938833765 -80.082762745321205 0
11 12 115 6.602293111653239 -97.777347712380788 85
4 30 114 38.307867118547293 -70.231811288245467 85
25 35 114 73.379690148953273 -15.505517522598545 85
4 30 114 63.445303221334576 48.730826990242150 85
4 30 114 8.435431361560589 -18.196846294073492 85
25 35 114 -1.498955566058100 46.039498218767207 85
11 12 115 33.138439675843230 77.808206893441266 85
11 12 115 37.938089724880058 15.363446816691079 85
12 21 108 -50.376669288346164 73.370233687869629 85
12 21 108 -78.413754972257038 42.098492029416377 85
12 21 108 -12.686325399395885 -71.001440707477798 85
17 28 101 -59.475860577107255 -56.450172795240391 85
17 28 101 -48.076850624651762 3.618987944718924 85
1 15 96 -17.735620225761984 93.329779680483242 85
1 15 96 -91.015952409399929 -27.223085920039399 85
1 15 96 -94.966686609288914 2.515637981329142 85
10 12 95 30.169585475347638 -93.240528270949270 200
31 15 95 53.006818589787954 -78.837029262836325 200
19 19 93 22.860467514916550 -63.114513024313950 200
10 12 95 51.747833371026566 -51.866397897980576 200
31 15 95 34.436971599546389 -31.146019891566063 200
36 33 97 -13.253136664786609 -25.700510389582025 200
31 15 95 28.355488695415847 -1.768893318554060 200
36 33 97 -76.648988621602456 -7.343877945980381 200
31 15 95 -86.320050783260825 39.671763671095746 200
31 15 95 -35.256299223214540 16.959316584134065 200
31 15 95 -5.631726996197948 21.690565929315223 200
1 15 96 23.724628228248775 27.871537368830179 200
36 33 97 71.724426113853525 28.010831809112119 200
32 24 99 81.249325600330863 -28.187711675327972 200
5 19 100 -3.007858167624235 -90.950276466008916 200
39 18 78 -39.194199350412973 -83.233495284531259 200
37 14 70 -67.484298313551122 -68.277884275419964 200
7 12 36 -53.848907124664009 -46.140221636242806 200
23 16 89 31.900663560632498 -88.421420845807120 300
38 36 86 59.320819794526926 -44.238448649396190 300
38 36 86 -11.108645517323957 -59.194732141186265 300
38 36 86 -71.323689304302675 -19.721342348412769 300
38 36 86 11.153565688509447 9.277115739726561 300
33 12 85 -53.169278614308162 -82.322705322614794 300
9 29 85 -67.248827556708235 45.150805001108431 300
33 12 85 58.835338515665349 3.759096162061351 300
33 12 85 -35.909392941742830 18.715225983157850 300
23 16 89 93.847341584522439 -5.355042251744187 300
40 30 78 -13.895647996455892 70.338862306336864 300
40 30 78 45.899935143228262 65.390303224632319 300
39 18 78 84.369963074378035 36.683911062318408 300
7 12 36 5.533607207113484 -97.843646657702720 389
20 26 53 36.413072242416803 -75.697345857490504 389
7 12 36 72.989820689798933 -65.394847470355018 389
20 26 53 60.377879000646239 -29.548802683943613 389
20 26 53 82.116306258952363 17.689325775335266 389
20 26 53 30.337673356831118 12.896291789709036 389
7 12 36 53.672596458504358 42.887646608039539 389
22 20 61 14.718281669141525 -35.134603568762955 389
30 25 57 -17.779485960486355 -4.007523733180719 389
22 20 61 -9.155831184062018 -69.414429296828018 389
18 21 56 -41.069954204908200 -43.675572449440729 389
20 26 53 -68.751647973047412 -5.692367869956357 389
20 26 53 -43.734190555373729 39.894108461899826 389
18 21 56 2.066702043825243 50.442958499540936 389
18 21 56 25.578534003640069 85.245167594560044 389
37 14 70 -37.331580890485199 -88.444067456314784 389
13 13 73 -60.987557391926394 -75.428892629856918 389
37 14 70 -74.981014832889713 -52.338133680702640 389
37 14 70 -82.766788445315271 48.638037896778137 389
37 14 70 56.442262270595180 68.739705545179064 389
37 14 70 -78.667284779183689 -55.022343693001773 462
37 14 70 -91.197808888719507 -29.982655884637570 462
29 32 69 -45.747398703871148 -22.893212039805110 462
14 17 68 -88.579291887787875 0.906555317913913 462
6 24 72 -60.787074143134156 31.049425666202829 462
14 17 68 -21.408167667211487 19.634447577720316 462
6 24 72 8.381020957532492 -8.536534674935055 462
24 35 100 4.336027783412652 -67.397710590994734 462
22 20 61 -50.174915266850277 -74.715981409363792 462
6 24 72 62.713225800613905 -58.847695874020545 462
26 22 66 85.898227182926874 -19.117912198519043 462
2 23 75 83.088240519540960 25.794268498387595 462