35 10 108 100.000000000000000 0.000000000000000 0
35 10 108 98.000000000000000 19.899748742132399 0
21 27 102 63.555536398472611 6.387571744954824 0
37 18 99 86.031410620422946 -32.597490496358425 0
21 27 102 42.312506086616132 -43.258512321863037 0
37 18 99 19.836631864665797 -4.273450080549786 0
21 27 102 21.843344181647275 40.681784383046050 0
2 21 100 65.830577863493488 59.894365495917235 0
24 40 99 -24.663668402212245 -41.471881178617537 0
21 27 102 -29.925864573663024 25.321152076753997 0
2 21 100 15.130108736240352 -87.704502789934011 0
37 18 99 -82.653806032380572 -40.402330976833618 0
19 23 83 -72.658136528504556 -0.639451413486055 0
37 18 99 -14.281681733535912 67.514274066773567 0
37 18 99 -48.705554322685956 78.049785253515509 0
10 13 98 44.363647270783225 86.260459080818293 0
10 13 98 48.901827707429781 -83.771183869352427 0
10 13 98 -68.701400293265664 35.142446780499505 0
13 12 96 -74.823036525993984 63.289123907901981 0
27 10 78 68.924298197683129 -72.453026975805884 0
27 10 78 -15.728017357652845 -90.666943333369062 0
27 10 78 -35.529866425839877 -93.475283320041228 0
13 12 96 95.599999999999994 21.555509736491995 108
17 24 97 85.033238766358068 -12.858783181294388 108
13 12 96 71.621093155273400 20.549514442305988 108
4 15 95 79.823534364081965 -51.509255106497378 108
15 20 89 44.327165963025628 3.844977979887229 108
3 21 95 49.001447027186749 44.577656464529326 108
13 12 96 81.917728116388162 42.228520611352330 108
17 24 97 7.312926013599387 27.634598425919965 108
16 35 82 1.866522624825887 -31.113479756491728 108
3 21 95 -34.638323804350854 11.352932703030005 108
15 20 89 -29.320469697826177 52.006597085244294 108
3 21 95 6.121540386275719 72.618824553386105 108
11 30 86 -78.709107233239592 -14.313505459753447 108
3 21 95 -68.844743456401972 35.723424175049423 108
20 22 80 -2.107868130967368 -87.974751445755459 108
15 20 89 37.223641893727965 -73.242734639584938 108
20 22 80 -44.434978019114922 -75.957440244131277 108
25 12 78 -75.598140153002817 -62.361215554276541 108
25 12 78 38.946973528943175 76.008653309572566 108
1 16 74 -60.660961346694805 71.807017543515883 108
1 16 74 52.551912756532182 -36.769558539246617 108
6 12 67 62.900016252193680 74.508071989504757 108
36 14 113 -34.058633962787539 85.674828393084681 108
6 12 67 -58.980248557775909 78.264489265968976 221
31 15 67 -75.857539034052934 57.189455074315362 221
31 15 67 -89.908453190335024 30.683383857086795 221
6 12 67 -48.866352676076339 56.499629742091024 221
6 12 67 -63.047668679334109 33.421678116945202 221
34 31 66 -67.285315753902822 -9.369002495442814 221
19 23 83 -28.404065136640359 28.104299339832224 221
33 13 69 -23.323537972155250 -7.535401047950625 221
33 13 69 -29.963561837313328 -32.673222812577151 221
23 21 70 -51.559197191705088 -58.934002192484073 221
40 21 64 -20.056000217175487 -86.710765509760421 221
34 31 66 12.034632062630187 -45.793882443203479 221
26 13 46 13.807156090388306 -89.758165202859871 221
5 12 45 -85.173335096978121 -48.471672020447947 221
19 23 83 64.562954907211292 -58.314876778137858 221
34 31 66 78.755287490712135 -6.213267437933204 221
34 31 66 58.986660710450934 52.550678951181446 221
31 15 67 36.659525478361822 12.332535877091050 221
31 15 67 9.469733250079919 25.009885701989838 221
29 15 65 13.041516355808604 54.796499565361941 221
29 15 65 24.197065824167797 82.645264637784649 221
5 12 45 1.974495989391805 97.980106989061184 221
40 21 64 -26.061097105736152 80.573053252015001 221
5 12 45 0.670844858450121 -0.516170849534969 221
36 14 113 40.611880929438854 -86.516757128768234 221
36 14 113 64.177427096932036 -71.395082822404333 334
32 37 113 69.995352605788256 -20.728015186972730 334
36 14 113 38.305658115987249 -60.687535493691584 334
32 37 113 -3.267554095933889 -31.146580424794927 334
32 37 113 -72.773166569770041 -5.750324113343958 334
32 37 113 -40.407745126351074 60.796497710014940 334
36 14 113 -3.447373907195896 95.938082184000251 334
36 14 113 9.534530544179415 71.129411183413339 334
12 15 117 -75.485570331284507 -57.679534254020297 334
12 15 117 28.219711294799762 10.236412678815967 334
12 15 117 -7.301767456390573 20.696694187851918 334
1 16 74 89.567154138977770 28.525863693227556 334
14 20 54 53.947103368029175 33.966168200319608 334
38 15 53 20.502304331346807 44.283407045860130 334
39 17 51 41.189624117801586 68.697230999779293 334
12 15 117 -89.707851909292401 -31.265017284825916 451
12 15 117 -94.984198116844539 -1.732659256756918 451
9 25 119 -55.843053525046372 -9.977099810484571 451
9 25 119 -77.396854685311382 35.138680749578427 451
12 15 117 -61.939395395429365 72.031321645855314 451
12 15 117 -40.636510733215047 50.908180187530647 451
12 15 117 -32.036688729502806 22.167215320211618 451
9 25 119 -5.878521083045921 -8.094150567333124 451
12 15 117 -29.684885878589490 -40.238465698029309 451
28 18 84 -60.219560869095289 -52.753801219867292 451
8 30 76 -6.108270629714710 79.766465572408094 451
32 37 113 41.166245057323778 32.288890165107091 451
1 16 74 39.571435347865787 85.264890221647960 451
32 37 113 61.860978533027208 -38.758474362858337 451
28 18 84 91.453441690158428 10.013391185047780 451
19 23 83 4.589766625594537 -56.647249800376201 451
18 17 74 -14.331392862855875 -91.889124376122354 451
29 15 65 17.635298894662515 -93.348788063348280 451