38 10 112 100.000000000000000 0.000000000000000 0
38 10 112 98.000000000000000 19.899748742132399 0
38 10 112 81.766312060385914 8.217823563497323 0
38 10 112 83.766312060385914 -11.681925178635078 0
29 34 114 40.132522644008674 -6.016907864694588 0
10 32 113 31.337035197160070 -71.428217288771464 0
29 34 114 44.144869190254099 61.864614475282671 0
29 34 114 -16.648426876849818 31.398647343129337 0
29 34 114 -75.978016440087714 -1.827845132871392 0
25 19 108 -0.128538180020598 90.999909219384818 0
25 19 108 -72.704821373486084 -54.726674931421528 0
33 19 104 76.939401460554393 -48.593502681856954 0
33 19 104 -4.285535282111411 -34.931197239877939 0
30 16 100 -80.860422045918199 47.933205051988601 0
33 19 104 -53.378735590346409 69.607081252558771 0
30 16 100 -48.831649890181303 -80.321043126958685 0
36 14 99 -44.315010796467575 -37.903516625056810 0
4 12 75 86.991704062054851 45.126970033228119 0
4 12 75 -29.327342854139687 -16.658050999410548 0
18 13 65 -86.451422006933015 43.990358409305756 114
28 16 58 -92.684984882934458 15.668234656470112 114
27 17 57 -91.375653073332842 -17.305780115958882 114
27 17 57 -62.952173308364088 1.351813460127284 114
9 39 93 -47.749470499055995 -52.545105072306981 114
27 17 57 -57.841089965486603 34.965453951186277 114
5 22 57 -49.161449798108187 72.987340366313447 114
27 17 57 -31.286365057991034 13.732305689865388 114
18 13 65 -15.482274454695435 -11.767316272093666 114
18 13 65 0.225788154558181 -32.485828985697623 114
27 17 57 7.515809253795181 -61.586612349254686 114
19 15 54 -8.290971144324368 -89.410086133913993 114
13 17 53 28.087120295717977 -88.657282123319504 114
5 22 57 45.747836917141399 -53.885179966306069 114
5 22 57 82.718404493684176 -30.027746469211593 114
5 22 57 86.915724181898042 13.771597218050807 114
19 15 54 80.632082916349333 50.234123905677563 114
19 15 54 55.671821288939057 33.591247366712601 114
19 15 54 55.203781015749186 -5.290214359733318 114
13 17 53 30.023049078087691 14.456449639120628 114
15 18 52 56.426589943210651 72.663883376686925 114
15 18 52 27.654167960051353 51.027161507997761 114
11 15 72 23.462700623833069 -16.863860515134856 114
11 15 72 25.416985686759247 83.951241077153043 114
11 15 72 -2.487197791727663 94.967435719539282 114
37 19 88 -7.863488605127216 61.395192763642569 114
36 14 99 -92.791308606838669 -24.612457151418830 207
31 33 101 -74.680254377149836 18.757921157852014 207
12 35 100 -47.632982450852246 -43.631541745309093 207
12 35 100 15.756502979868895 -73.326206869340950 207
12 35 100 69.422332202827050 -28.382032899711799 207
36 14 99 20.571358964054106 -24.563340240608429 207
31 33 101 -8.994560553440166 12.324444112127001 207
40 25 95 79.218480072258913 30.812861195304759 207
32 18 89 -61.840955364300278 68.115315749327777 207
37 19 88 -25.407309094704566 61.666329821139215 207
23 32 92 25.249555383656535 67.572435240191368 207
39 15 80 39.999522401108401 22.946899131545198 207
39 15 80 -91.294113846881203 -26.275174155706178 308
2 27 73 -61.433913820387446 -55.811058337118155 308
35 17 77 -62.739785199123908 -11.830441016050489 308
17 32 77 -14.447459164714573 -20.128106120542842 308
17 32 77 -47.432251129520836 34.717162581857117 308
17 32 77 16.557540826544255 35.860196010724188 308
17 32 77 76.724981212540612 14.045542279858427 308
35 17 77 59.289653108100325 59.838656761082738 308
35 17 77 33.992868930984542 -9.932918470500120 308
16 16 79 88.177759742266034 -32.568123784387801 308
16 16 79 56.225717040761708 -34.319399662496195 308
16 16 79 26.263638895539412 -45.556564483730817 308
14 23 87 -0.987720385455141 -73.455729656512460 308
32 18 89 -37.947369307318262 83.809290431634125 308
32 18 89 -91.661886106361962 7.880268740615801 308
22 15 74 -66.711912070737313 67.635203761548709 397
22 15 74 -84.476119821805511 43.460156233634940 397
22 15 74 -93.816116177901407 14.951131906799116 397
22 15 74 -93.800488760023725 -15.048864022930802 397
22 15 74 -64.456578695705105 21.116969954583901 397
22 15 74 -64.440951277827423 -8.883025975146001 397
7 16 73 -45.145070481472963 45.367034913087508 397
7 16 73 -33.993366218866960 15.373043980912858 397
7 16 73 -34.423019728809578 -16.624071480662643 397
2 27 73 -60.636127475939560 -50.710329448315157 397
11 15 72 -38.921113677948767 -86.661103789809815 397
7 16 73 -19.324380651645303 -62.640944450292785 397
34 16 73 -8.527906800884434 -92.764625373942152 397
2 27 73 23.645997699080354 -64.236746566937484 397
34 16 73 66.594461586516502 -66.341372355431247 397
1 20 85 83.172315877442102 -34.385547423052486 397
16 16 79 93.999985366964296 -0.052450076240468 397
1 20 85 58.136880426893335 -3.188961523287650 397
1 20 85 77.376883173963037 31.879860730856421 397
32 18 89 62.992250644202237 67.052042167095877 397
14 23 87 34.726581647241034 37.352682642785823 397
32 18 89 28.666290658724922 77.902317328372220 397
20 22 87 2.751848858544411 5.688563152557627 397
21 17 118 -4.723008924254493 43.965534050565367 397