40 10 119 100.000000000000000 0.000000000000000 0
34 35 106 68.000000000000000 31.638584039112754 0
34 35 106 12.265486752318289 73.990254998403032 0
5 13 111 20.258837339499593 26.660493258136384 0
3 32 103 -23.804823721239813 17.528474098920899 0
5 13 111 -34.040013609406344 61.349027358244015 0
34 35 106 -67.014071281137845 -33.676612809583091 0
5 13 111 -96.922921517456430 3.866171817312491 0
34 35 106 2.186649589660298 -44.224609347404012 0
32 15 103 -58.621244610317461 74.756602921329474 0
32 15 103 -89.817183071363544 30.949533520316042 0
29 22 103 52.834480187366431 -70.374126661229582 0
10 16 90 21.263163672750544 -91.522459303164794 0
29 22 103 80.299897734299819 -35.998978094676389 0
24 10 98 -31.557582209518884 84.214668270863385 0
16 13 98 -63.126187718719898 39.410666250935229 0
24 10 98 -76.970656454893884 57.777230584340145 0
24 10 98 -65.339255286428227 11.292209627566244 0
31 13 86 -7.265903820567075 -96.727486484816041 0
36 10 79 48.412501062424091 -38.681129002147628 0
16 13 98 51.640139206910810 -15.908725703236588 0
39 14 97 30.182880668667128 0.479869600295959 0
12 11 73 57.822481137964978 80.358948941917376 0
1 10 49 98.000000000000000 19.899748742132399 119
1 10 49 100.000000000000000 0.000000000000000 119
1 10 49 81.766312060385914 8.217823563497323 119
21 14 38 86.755771184755062 41.102751320786574 119
7 15 48 62.897056041382726 24.617554576209457 119
7 15 48 60.739178602861372 -5.304737531186337 119
21 14 38 61.695801674444517 53.592664376621123 119
21 14 38 37.063058669269395 11.441645507851339 119
23 21 57 27.723719333840563 45.172591844675509 119
25 28 83 -4.755309842666939 81.861999904108345 119
23 21 57 -52.694942304337594 71.723378723694623 119
23 21 57 -27.232758478320061 38.321624356444822 119
30 29 96 -76.162579156235552 27.572840554976441 119
27 22 60 -85.035311179798157 -22.649411748539855 119
23 21 57 -43.780257276231382 -10.524209588831329 119
27 22 60 -52.776867761770397 -52.572527031643347 119
26 18 75 41.243157741291867 82.237472842536434 119
19 27 73 -5.542121201514455 -39.538774026910225 119
2 20 60 3.409422625013001 6.600903725776330 119
25 28 83 38.602165982434023 -72.345509753298543 119
13 19 61 -6.511102538311452 -85.528567189838668 119
12 11 73 -36.181881660636535 -81.096314232910544 119
35 15 78 60.439526711295208 -35.303240972922907 119
12 11 73 74.523555744089094 -57.158220410191177 119
31 13 86 89.181081713459960 -38.154091057410533 119
31 13 86 27.080481891979460 -16.392159427700232 119
31 13 86 -68.339904040437915 68.837907549138492 215
8 19 86 -39.223338993647417 82.112908109440497 215
8 19 86 -47.068245367262691 44.931495495216019 215
8 19 86 -10.945744307945489 56.728313592466975 215
31 13 86 -21.013475123393256 26.353310773904411 215
8 19 86 -46.449449324873385 6.936534099552990 215
31 13 86 -72.504219568742826 25.514718820864598 215
8 19 86 -90.998021863407558 -0.600014122166893 215
6 36 85 -57.146888665589458 -47.013116423427228 215
6 36 85 27.084694355084608 16.995635164030944 215
6 36 85 14.522977052762734 -53.900085852237368 215
25 28 83 79.641425108176620 -19.525455352915465 215
28 20 79 85.495483619703336 28.116228065532518 215
35 15 78 72.100343963993595 -61.859036528819402 215
35 15 78 -17.856535233985515 -14.497456700462237 215
38 21 91 14.163102926777015 87.865843850073617 215
28 20 79 52.431262421028414 73.150274920448879 215
39 14 97 48.777486799813616 82.684682871097749 306
17 20 97 70.218296293695545 56.297343326402014 306
17 20 97 87.678572353279463 20.309306982040006 306
37 36 97 66.874465406877960 -31.682895646456984 306
17 20 97 47.781880616952336 23.182282529532081 306
37 36 97 4.739600450876225 59.006326384253605 306
11 22 98 11.845608671683753 1.443277062958817 306
11 22 98 -30.604314379358726 13.019288161803384 306
30 29 96 -80.878050707813330 4.443074802923807 306
11 22 98 -74.894123796318482 -46.204655834468909 306
4 31 95 -22.341524893827657 -39.332658410581082 306
38 21 91 -71.136268386374226 53.484870010702416 306
18 23 89 3.138254789916203 -86.943380178559707 306
35 15 78 -55.043405343634390 -77.428828792487622 306
35 15 78 -55.043405343634390 -77.428828792487622 404
19 27 73 -73.015457494817113 -39.468252644658030 404
15 20 74 -89.892524539879958 4.397048083325757 404
14 31 75 -38.987039726713483 7.500532566367067 404
35 15 78 -34.301635698481562 -55.754443172880848 404
14 31 75 6.538933606552455 -34.587301210851258 404
35 15 78 -25.901951963058387 -84.554535414831520 404
19 27 73 59.793045212687915 -57.565543028737764 404
15 20 74 20.658320722994670 -83.593861051917898 404
15 20 74 87.791545837217456 -19.815258754599895 404
14 31 75 47.732903536245544 11.749043502899546 404
13 19 61 -67.967455771721276 -60.509709600353482 482
2 20 60 -86.158921354846186 -26.012309989107685 482
22 19 61 -47.248555449197752 -28.654927079900848 482
22 19 61 -30.020954715719043 -62.525412357910142 482
9 23 71 -63.058581592805616 10.255779330269043 482
2 20 60 -73.475146305909234 51.975021648145884 482
2 20 60 -21.208482934831011 0.378064902437483 482
19 27 73 11.563702699675314 -82.190515145444380 482
19 27 73 59.681296446617608 -57.681390885197537 482
2 20 60 87.752953202115776 -19.985474833170159 482
15 20 74 48.554606851166739 -12.017435968365316 482
14 31 75 71.541501548252640 33.508410231184719 482
28 20 79 10.424329115491425 -24.103871332039063 482
18 23 89 19.372834756235576 19.564587041560713 482
33 31 83 24.047287353695783 73.361887093831911 482
38 21 91 -33.503154222495922 42.851434147412206 482
38 21 91 -26.786931290533211 84.310960791214811 482