5 11 99 99.000000000000000 0.000000000000000 0
38 28 99 75.777777777777771 31.332545301359250 0
10 13 99 77.024860606480530 -9.648484266214506 0
22 16 94 48.714807246520436 -3.360330422977829 0
14 36 97 11.807127928034994 33.270574661715912 0
2 31 98 12.837251183562394 -33.721505811116259 0
10 13 99 50.365429243601646 63.507264289682311 0
4 32 100 -43.724062195892856 -5.975914651599462 0
2 31 98 -38.850158440197710 -68.787100456201344 0
2 31 98 -50.999042472277196 56.602633285998294 0
10 13 99 -80.390160325240487 -54.280955434499596 0
13 18 102 -91.616993686104919 8.386087760106726 0
22 16 94 34.175499968960580 87.567318115102594 0
24 24 94 60.561773289790764 -61.059574318823962 0
11 21 91 9.261577247683540 -88.516796072187290 0
11 21 91 -9.891464887447817 88.448623066616406 0
37 11 90 -88.243059205841874 37.189152981067018 0
7 15 78 -85.849943832733132 -26.818421610190679 0
19 12 45 -95.647919295868149 -21.341872794370541 102
30 17 51 -92.696476458107668 7.507546353602496 102
19 12 45 -72.901745649258757 -13.686052496173062 102
30 17 51 -75.853188487019224 -42.535471644146085 102
30 17 51 -46.422270745399402 -25.511339334803342 102
28 26 81 -50.817805243997370 17.263411120010947 102
27 17 62 -78.088039988427212 50.509979318603897 102
3 23 60 -40.902860437471034 65.249803665018291 102
36 11 62 -20.308702600726825 38.196510649282345 102
19 12 45 -12.826564694163409 16.447542573827199 102
20 11 73 -24.217237960079558 -8.454477988035260 102
32 20 70 -11.105796496764633 -36.545225624117613 102
25 23 75 -43.012512812781253 -65.371627652973729 102
34 15 75 -17.354527564953912 -93.401393849327832 102
20 11 73 -9.177849638383552 -68.720592847635501 102
8 20 71 16.780189601422734 -85.666984759328017 102
34 15 75 51.310371720008668 -79.951521273547598 102
23 28 71 70.685482679681940 -41.563957202609878 102
34 15 75 94.812205503010205 -5.970400962662566 102
35 29 77 74.051341167438096 32.823754680165536 102
25 23 75 43.839749895271098 75.147031405905039 102
25 23 75 22.082300658699936 34.617864097434108 102
16 18 78 8.924741101808024 -4.213548785782521 102
34 15 75 41.399349381516373 -10.078684511364557 102
18 19 77 1.998004217397874 71.504461073272111 102
15 13 83 23.472913122062472 -31.587819385546194 102
15 13 83 31.723220169630025 -56.244105270100206 102
9 17 83 55.342340210589114 -74.741055518472649 185
21 19 87 78.043053416901543 -46.800446721870642 185
15 13 83 94.987795491584535 -19.654991926961273 185
15 13 83 69.241063349727625 -16.034800769650303 185
28 26 81 34.038093367777869 -37.389628953205190 185
28 26 81 43.953839298607505 13.656213018842205 185
28 26 81 -5.211029572166304 -3.279420093610852 185
21 19 87 90.207196308122136 11.985897305913952 185
18 19 77 19.736945303925907 -80.056679051094349 185
35 29 77 3.586586039883752 51.012402122470768 185
8 20 71 -32.827943883019252 83.799320405438493 185
35 29 77 -53.205605140220968 39.237555161153786 185
35 29 77 -80.082131126019192 -12.159452056530718 185
26 28 89 -20.137013934437917 -55.175614470628744 185
37 11 90 -37.965103593666285 -20.489028892014723 185
24 24 94 55.362528130494695 62.337234157856663 185
1 14 113 30.459352151310370 91.039704890352454 185
6 16 106 -64.126979417152924 -54.235967287084947 185
1 14 113 55.433143143445257 78.378355693637189 298
6 16 106 75.464427645776112 56.045697070296328 298
33 20 109 40.402478344978363 47.881157204003287 298
33 20 109 21.789294005611456 83.286656335476451 298
39 35 108 -14.253914630258940 41.742858829337010 298
39 35 108 36.039632111280739 -6.945529479956654 298
39 35 108 -31.272522404658691 -26.156824449903258 298
6 16 106 -12.951096341435830 92.726215569613629 298
1 14 113 -56.027134063603917 16.130398225685326 298
29 26 88 52.287896847683619 -65.741735931187563 298
24 24 94 73.363849267296501 44.874777110147285 411
31 40 92 67.414747664611937 -18.848124503957951 411
26 28 89 22.853740728726279 32.516422226836333 411
35 29 77 -1.585128894359300 -18.978642114766590 411
31 40 92 -45.115626400154866 34.557287753854588 411
26 28 89 -78.131253546380094 -24.889901953829970 411
4 32 100 -36.882111551050244 -68.729250305353148 411