3 10 92 100.000000000000000 0.000000000000000 0
3 10 92 98.000000000000000 19.899748742132399 0
3 10 92 81.766312060385914 8.217823563497323 0
24 19 91 80.277628055073677 42.854433071168344 0
17 12 92 61.978170087506840 17.831846512356030 0
17 12 92 49.600253820718514 38.393636047617228 0
2 26 92 38.404251332624852 74.706850285503151 0
2 26 92 12.647497247793964 29.533964402337041 0
24 19 91 -6.380721293371732 70.312965115322129 0
17 12 92 -25.674651935256300 94.577017546565926 0
2 26 92 -51.298857915454789 66.516367734340250 0
24 19 91 -83.824454551570355 35.418368386074974 0
29 27 94 59.150220146399406 -21.065488860784768 0
27 23 89 -86.758412768358625 -6.479028778691010 0
24 19 91 -51.218761710121221 15.902508314608141 0
24 19 91 -47.705617694122672 -21.934746066792918 0
12 19 94 -76.160861482657396 -47.120041398296500 0
27 23 89 51.098202755486270 -70.412880037385321 0
4 16 90 22.626786185254087 -43.759954522832352 0
4 16 90 18.698551895407732 -92.121464149321596 0
27 23 89 -9.772864674824451 -65.468538634768620 0
4 16 90 -44.786889916122412 -82.644627724015621 0
12 19 94 -6.010309862197380 -23.637411692239603 0
34 12 80 21.781559677990675 -9.903803737256778 0
20 11 74 10.058667629734735 98.487680475857118 0
20 11 74 -47.436435240618906 -55.774943885655354 0
16 12 113 97.198972566801146 -12.504388507969455 94
10 27 113 79.905649991565554 22.451884095225068 94
16 12 113 73.456558225333225 -16.011204904369265 94
19 20 113 42.896682845560171 -6.519418098254155 94
10 27 113 28.233092481210733 38.134575201635144 94
18 16 100 84.150787907749589 -41.888481644778516 94
11 21 113 47.542097674416709 -47.255398767287275 94
16 12 113 20.080388551888298 -28.956367862082491 94
16 12 113 10.897764488213657 -6.782522563956512 94
11 21 113 -13.849988673442056 15.047473163247833 94
38 12 102 -9.558593606207589 47.767252019115972 94
21 36 100 -70.259878002146507 23.228205766341258 94
19 20 113 -35.207810598527281 66.901453535795440 94
19 20 113 3.239464875711297 77.938074785435774 94
38 12 102 -66.852449331049797 71.657170042078974 94
21 36 100 -56.748908514017003 -47.492750841236052 94
25 14 97 35.292944510979289 89.277141910709361 94
25 14 97 54.894200326464087 69.282373333505888 94
34 12 80 -36.426784720980429 -90.978510401585197 94
40 21 75 -7.196292133567677 -75.662561097111507 94
35 12 66 97.323472712168140 11.495288567228929 207
32 18 65 90.287555634339981 -17.667973782411021 207
39 26 64 73.333699100133359 40.965455890189972 207
32 18 65 58.640169074191533 -0.508634520290951 207
1 13 64 58.791520943109063 77.152816314091666 207
32 18 65 33.380262678992722 59.397029836597078 207
35 12 66 37.641667835381028 90.482621771093932 207
33 19 61 7.060755771958409 85.402482268165599 207
1 13 64 2.913422650808574 53.672376249083129 207
39 26 64 18.584386715486705 17.959341019862322 207
39 26 64 -30.837258877730530 34.130331925135614 207
32 18 65 -29.904562460510419 87.004121419881201 207
35 12 66 -58.672621058920818 78.495372717608532 207
32 18 65 -74.977940490296788 53.313304529296559 207
39 26 64 -83.387622194132760 10.124448864435884 207
1 13 64 -92.966483377171571 -27.680913432942948 207
1 13 64 -67.075689295882228 -25.300413098922164 207
35 12 66 -83.735995151820305 -50.914468630580103 207
39 26 64 -46.484939225121963 -58.421720614228477 207
32 18 65 -37.732694358027672 -15.300980711179253 207
32 18 65 -8.468837016031380 -36.268256487190058 207
32 18 65 -4.653775367723824 -72.065537174689396 207
1 13 64 -27.498613867853219 -93.020568883159982 207
33 19 61 59.055509854212588 -37.506303258151334 207
32 18 65 28.833482059973861 -58.851772004568268 207
1 13 64 21.353752097227328 -88.935881426061741 207
9 13 64 28.546237139704544 -27.853102833847732 207
8 12 56 73.311754336040494 -65.033734908676806 207
9 13 64 52.495782141762625 -78.879142147434749 207
28 13 118 90.277562500886731 35.481850415367141 273
22 16 119 93.761498992151772 6.691883646980070 273
30 20 114 85.425023751775697 -28.329583777538236 273
22 16 119 62.581449800881416 -0.505652905894221 273
30 20 114 57.279750824924463 35.101818051312733 273
22 16 119 61.816337074898520 70.814832278573732 273
28 13 118 35.099474366645808 59.536124594252108 273
28 13 118 36.798028569030635 85.480582839156000 273
30 20 114 5.682044493299394 74.489880632343201 273
14 27 87 10.864005226550802 27.714087645629487 273
30 20 114 45.618467862341127 -32.258719588543251 273
30 20 114 -28.398549556763882 53.549176031141442 273
28 13 118 -25.099966676881941 86.383903850700875 273
37 15 95 72.838516596794776 -60.988117694994088 273
19 20 113 39.548884170647909 -71.795539817407530 273
19 20 113 8.343785313439568 -46.770716035573322 273
28 13 118 17.458060833977225 -15.054316780050510 273
19 20 113 -15.328904372285688 -11.310667148567228 273
19 20 113 -43.906135779358848 16.677577617880551 273
30 20 114 -68.084083572083301 48.543340444655797 273
25 14 97 -53.897460977721749 79.442203520263462 273
14 27 87 -82.350983964610705 -10.359316582691690 273
4 16 90 -77.570360077984162 -53.092741852082582 273
9 13 64 94.401605500404557 -22.301051072673403 392
5 17 54 92.684846385123180 7.649787615752317 392
40 21 75 61.437124375643698 -13.973807580659670 392
13 34 81 39.997986624765090 -64.623223890217005 392
13 34 81 -27.724287948247778 -70.762729298428312 392
7 23 72 2.006287886153870 -22.130508903355938 392
7 23 72 28.649228053207576 15.368207598076435 392
40 21 75 67.470148671696435 36.078980696466232 392
36 36 95 -72.106819897871077 -16.631491941975167 392
7 23 72 -76.060022764512567 42.235919985976764 392
26 24 75 -31.436174161494797 27.480848455992600 392
26 24 75 6.536806920227007 56.841582570915513 392
23 20 61 47.819970857909219 72.063289942115858 392
25 14 97 -91.349452962804733 29.517409157924526 487
6 22 95 -87.773869794013066 -6.304584156281969 487
6 22 95 -55.788760565344120 23.910524442399538 487
6 22 95 -45.614263555114775 -18.896946991788607 487
12 19 94 -78.390358047107711 -46.216358199735474 487
18 16 100 -57.542226351116156 -74.329618501354588 487
36 36 95 -6.985878607916355 -62.161804282331637 487
27 23 89 51.472221212504785 -70.139934726594760 487
6 22 95 80.433962846612701 -35.698426026783423 487
14 27 87 81.930922500583549 13.278702429204923 487
14 27 87 -8.104615872552138 12.631236126336409 487
6 22 95 30.331222915673127 -17.760971701420324 487
5 17 54 73.847069723255402 56.529729287240144 487
18 16 100 39.334616824520872 19.157030656807613 487
23 20 61 36.875758889753826 55.072960516086397 487