33 10 98 100.000000000000000 0.000000000000000 0
33 10 98 98.000000000000000 19.899748742132399 0
36 16 97 84.144800066126621 41.900508610655038 0
36 16 97 75.120301509441120 7.549874371066199 0
9 15 96 55.056903511142650 31.181633949266740 0
36 16 97 59.170410122031839 61.907503560429433 0
23 18 99 86.454311550506745 -24.505393782375034 0
9 15 96 54.643882960582658 -15.724924949485741 0
9 15 96 36.145476490465718 7.893054601405900 0
11 38 93 6.140198206381825 51.581534491357260 0
22 22 93 65.610436333293066 -58.645295157880291 0
9 15 96 34.772389533440204 -38.199883213630180 0
26 19 95 10.482237325123005 -14.409370278916413 0
23 18 99 35.434695652128966 -84.902192810556969 0
23 18 99 9.732933853843711 -59.694665354175903 0
17 19 100 -19.784870708120330 -37.385492042694928 0
23 18 99 -23.847875937718669 -0.609249867830776 0
17 19 100 -46.156573216454220 28.908914467468549 0
23 18 99 -48.008232303203449 65.862552429467087 0
1 16 91 -78.746745651740923 51.331764525097149 0
20 17 91 -1.044129226601259 -92.994138493553223 0
30 13 81 -19.680524120039529 -69.484889560934633 0
22 22 93 -53.546587187549349 -60.648047800019853 0
30 13 81 -35.078017602406263 -90.435240261113236 0
13 15 93 -85.344255212451756 -41.729583058447886 0
13 15 93 -94.101323530603509 -13.036138607298000 0
10 18 43 -81.316793738157742 17.386809934650831 0
20 17 91 -62.687263570124372 -19.131779410316341 0
12 12 85 -15.151340674051513 96.821675650542389 0
18 20 76 -85.155955642682613 29.128391966970472 100
18 20 76 -64.123238928730515 63.152278100547861 100
37 23 76 -85.888016319840503 -13.865376036833982 100
37 23 76 -46.608181978757955 10.074018569903933 100
37 23 76 -45.515975268644020 -35.913013129286902 100
37 23 76 -23.275886666003629 49.717479511633307 100
39 26 78 -2.807661024269578 -11.892191028372798 100
39 26 78 -5.249701007651449 -63.834817461000995 100
24 17 80 -44.340276730329641 -81.749249901621653 100
30 13 81 -68.341904764380445 -63.751420818227551 100
30 13 81 -41.854100410177182 87.505624269842258 100
24 17 80 -11.859105204892014 88.053586526681386 100
27 33 78 31.209282745233402 62.654492854317951 100
39 26 78 79.117959818637885 28.219646243998209 100
6 15 81 28.365904612053665 14.738783522286193 100
6 15 81 38.155965396483950 -13.618838201637702 100
6 15 81 29.703005952607995 -42.403338833751995 100
6 15 81 34.940647235248065 -71.942585841663089 100
6 15 81 64.835729559202662 -69.435784524450597 100
6 15 81 83.254958425227144 -45.756003951543860 100
28 14 59 95.648747425084323 -8.204700848441995 100
28 14 59 70.192028658046041 -19.864695257356654 100
12 12 85 4.156888982111717 26.693847814427262 100
34 36 84 27.076067615545380 68.868618125227513 185
34 36 84 72.803414740028856 13.253784447898280 185
29 24 85 72.187855914788472 -46.743057863448982 185
12 12 85 25.415904658381621 20.897336518878266 185
29 24 85 -10.562556546380314 22.142458736751081 185
2 31 87 -45.823770938801005 64.352016417112338 185
29 24 85 -82.711073917945427 23.555853865656559 185
2 31 87 20.333225840217978 -28.410100114371769 185
2 31 87 -41.460611502097713 -23.358202796390035 185
32 17 65 -91.527279573045291 -16.485056686514774 185
25 15 50 -82.460017225479106 -47.173568437989601 185
10 18 43 -59.113095341592505 -70.495687521548405 185
10 18 43 -23.152608064147579 -68.809462516182251 185
29 24 85 15.791193279268168 -84.537791636739584 185
31 13 111 -15.072342128749703 95.821837295858174 272
5 33 110 -45.987169159557347 61.759050127817353 272
5 33 110 -76.922314659903435 3.457962892051185 272
5 33 110 -51.343106532565365 -57.383668509303618 272
5 33 110 19.881642016605596 65.918342644459145 272
15 28 112 73.376494034250896 36.604509602527713 272
15 28 112 26.925652451088194 5.326413173622022 272
3 22 113 -19.873204397844315 -12.276626269415182 272
15 28 112 9.480877462443654 -52.753012942875955 272
19 29 114 78.448688408830435 -20.169365060264891 272
32 17 65 -14.293913140402523 -90.959809874715418 272
16 15 49 -9.590847514947018 28.032034288899855 272
16 15 49 92.531387384152865 21.516095109564759 386
10 18 43 91.283413331821635 -11.460298883179636 386
16 15 49 65.313104275188167 8.900031357338118 386
21 28 63 61.975136442888456 51.770277108331115 386
32 17 65 34.196609595552054 16.367544922921883 386
28 14 59 20.653399733433808 44.252692701454876 386
27 33 78 -15.770305758403936 14.548927313143086 386
21 28 63 -49.486608634707252 65.384062016941996 386
38 15 41 -85.366163550928320 41.684746857767507 386
38 15 41 -94.108158295043111 12.986706369018616 386
11 38 93 -58.215607917966558 -42.366767574852688 386
27 33 78 3.817355888373406 -76.905317072498320 386
21 28 63 49.721644661394620 -31.173730471462598 386
22 22 93 -0.169490345532190 73.619463868188532 386
7 18 108 -26.077481926262990 -88.226781287687402 479
40 21 92 12.922148087604281 -88.056902561934493 479
22 22 93 -9.929041306145461 -51.631318925004528 479
14 38 101 49.216425858634956 -41.541040739548905 479
14 38 101 -8.122345979343930 8.341473672940367 479
14 38 101 63.746564625504618 33.057049500185187 479
22 22 93 -53.318408226715022 -58.936306141433093 479
7 18 108 -85.182314121004552 -34.755911166167252 479
40 21 92 -88.907081728661822 4.065810926869108 479
35 29 89 -62.974638997802316 46.815178337518510 479
35 29 89 -12.397743606905685 75.204923891473356 479