13 10 87 100.000000000000000 0.000000000000000 0
13 10 87 98.000000000000000 19.899748742132399 0
37 39 87 51.271706504422347 5.153000388981617 0
37 39 87 8.640772551979808 70.472243115321305 0
12 20 88 -50.208007351109956 74.693748050495429 0
20 21 90 -39.781131340658170 35.041758735170205 0
7 14 90 91.343970913334473 -29.534369432644176 0
20 21 90 65.498841694749657 -53.135837515682006 0
34 20 91 24.872719575636765 -47.611509360790606 0
20 21 90 -3.907606053167864 -18.410604294338107 0
19 24 91 3.260954885974520 -85.938153187229005 0
19 24 91 -32.103036720986282 -53.482212319295350 0
20 21 90 -76.412673121100426 -45.630071076953811 0
20 21 90 -50.631649476177685 -12.473792337928614 0
34 20 91 -89.994408050350629 -1.003254537486374 0
34 20 91 -80.681554215551614 37.897526347370814 0
33 15 93 42.251665702941850 -85.086995159817732 0
33 15 93 -2.052336114439159 17.541557997441370 0
1 11 84 -30.775270880478729 -94.095072677761181 0
1 11 84 -64.321526831179398 -75.257831393854744 0
1 11 84 88.439838891151112 38.597430940010653 0
3 12 77 59.050088359092946 78.211808985493462 0
26 11 79 19.203551561421726 -97.119635540027730 93
3 12 77 40.766892040010021 -89.118238949152087 93
11 13 78 21.467715950283548 -73.226675078414559 93
11 13 78 -1.618861256367165 -85.185351965150645 93
3 12 77 -24.678636344263680 -94.841788828488404 93
11 13 78 -22.667718288436255 -69.922795899945982 93
39 11 76 44.482354470819260 -66.420324090618379 93
21 15 82 -48.317260328989441 -81.795124269730536 93
11 13 78 -43.398246806524583 -54.230594417657812 93
11 13 78 -19.443137422515044 -44.123530828259639 93
23 23 70 15.969854343374280 -37.648964110010851 93
11 13 78 51.496424793244643 -43.468138627964244 93
23 23 70 83.006134837092816 -26.057274980441946 93
39 11 76 70.764441972370321 -57.777000007714840 93
23 23 70 84.690716604609776 19.911868847440569 93
11 13 78 56.172238142836029 -2.058483589999911 93
23 23 70 39.812720883613430 30.009665640119341 93
11 13 78 68.331199345387176 51.980018077559819 93
29 21 66 -76.328810230299453 -45.770216613283957 93
29 21 66 -88.819175437087281 -5.670456302266317 93
32 19 60 48.432551247212629 77.040820216857270 93
32 19 60 -84.376609786178449 34.082073308280044 93
16 15 67 -46.014222861926747 -26.353064590258061 93
32 19 60 -53.148739219346893 12.429819387239496 93
32 19 60 -19.450139241043459 -5.131625869409741 93
38 16 57 1.459612834756021 22.935833369513183 93
38 16 57 9.076830537320067 54.016019895204195 93
16 15 67 15.238004899144158 84.397592113955511 93
8 24 56 -46.783013976146322 54.956017690498150 93
24 17 46 -15.935224896114219 91.624606997848900 93
4 11 40 -26.585267580771276 26.371913007158593 93
4 11 40 10.436675548726823 -2.528108686449698 93
6 12 95 -24.678636344263754 -94.841788828488390 175
18 14 44 -47.919138616387301 -83.185071703181563 175
18 14 44 -69.883839748941156 -65.819821801219675 175
27 21 45 -19.917669038148055 -62.187031283681875 175
38 16 57 3.079805593533909 -91.171788666919454 175
38 16 57 -51.166422370091347 -42.375029486807257 175
38 16 57 -24.029739480019831 -25.416242922795668 175
38 16 57 6.182736056126704 -35.961683737562367 175
8 24 56 -83.814563088497835 -19.264449493411853 175
10 20 56 -86.558547661902992 24.649905205944890 175
24 17 46 -53.400943458976968 8.231218184075505 175
8 24 56 -12.671935954761601 12.937378797735910 175
24 17 46 22.874420312433323 -7.494374825623296 175
24 17 46 39.153784367689795 -37.343701550968767 175
24 17 46 27.903832335214581 -69.428566818988941 175
27 21 45 76.131870158384274 -46.097053552118915 175
27 21 45 88.794047156167764 -6.051213897083535 175
27 21 45 81.681864958965761 35.342225974396158 175
6 12 95 -80.389319629798734 56.049596693090095 175
21 15 82 -56.753405052721646 42.998024293370790 175
27 21 45 -23.434749225881504 56.631335479306941 175
21 15 82 10.413223921279489 44.371045359205041 175
17 13 83 27.454386740574272 22.153962522651426 175
17 13 83 48.891758808998247 7.442093885392740 175
6 12 95 48.681869634958773 35.359793430572878 175
6 12 95 57.421042802202010 57.712127813203608 175
21 15 82 -50.308080682837300 80.585960427416467 175
5 23 97 8.826833686655618 86.551065892154796 175
33 15 93 46.637682359039346 82.764283263841222 175
35 14 115 45.763673756727314 84.390083329072667 272
2 32 115 0.209714192995584 77.999718076139587 272
2 32 115 -58.226762903167547 51.900328340178277 272
35 14 115 -93.388117363869469 22.240942768510124 272
31 18 116 43.213762113574646 52.491839637419133 272
31 18 116 78.851392567629119 47.396813080054670 272
35 14 115 57.288084786697453 23.753129831778566 272
35 14 115 29.288178303003757 23.680763372642666 272
9 40 118 63.286921778072660 -29.912631643774063 272
35 14 115 49.651573311052076 -82.162773004184942 272
9 40 118 -13.870032010067860 -8.774881476484559 272
30 24 112 -84.724231066905588 -14.758206873519246 272
5 23 97 14.701482120926407 -70.018180553143210 272
35 14 115 -21.471116964720732 -62.237237461908080 272
5 23 97 -57.576157940387745 -54.148602463009567 272
14 14 105 49.651573311052076 -82.162773004184942 390
36 31 105 67.592184475405489 -40.893723208369693 390
36 31 105 76.295905356662075 20.492311382742137 390
14 14 105 28.720335267654338 -63.564835646224530 390
28 16 104 21.019541009569217 -34.570047014564466 390
28 16 104 36.966833429528684 -5.241403882457490 390
15 32 103 -17.279624510844574 -63.504004926332215 390
40 36 102 12.377256843883064 40.577290155442242 390
8 24 56 69.945833710659883 -50.035790655496946 495