25 10 103 100.000000000000000 0.000000000000000 0
18 35 100 68.000000000000000 31.638584039112754 0
13 23 98 78.856023393423570 -25.336382008103456 0
13 23 98 33.959469027496873 -15.321422893489544 0
5 21 101 12.643918394957360 23.170749053955102 0
5 21 101 22.325396502072294 64.039673454548947 0
40 14 99 54.136314185211475 78.636437347841991 0
29 37 95 -35.124134017999012 56.067757560399194 0
40 14 99 1.155645194393363 91.911552285568320 0
5 21 101 -84.983287287803662 26.435598759222920 0
40 14 99 -54.659679058489054 8.957647393143318 0
5 21 101 -87.643409692026466 -15.480075502257744 0
20 15 74 71.451036776168976 -62.607901606830339 0
21 19 95 37.894128530186492 -57.136712616243997 0
11 16 97 6.065658059167276 -42.578262579393993 0
11 16 97 -4.940546054895300 -12.530575962957247 0
11 16 97 -36.831486879001105 -15.170252714641544 0
10 25 95 -57.742866982397160 -50.436584848438670 0
24 23 81 7.993802649230737 -86.631975154703426 0
19 17 94 -31.886031365454002 -83.533775845234459 0
4 13 85 -19.540458004213498 -56.191741934381575 0
22 10 42 35.332493512671348 93.550066286331614 0
22 10 42 -22.576556323983024 6.573641942747045 0
22 10 42 98.000000000000000 19.899748742132399 103
8 12 47 97.977492277647784 -2.100239744283584 103
3 13 39 76.748586798466192 11.103304179829136 103
3 13 39 76.500036277674837 -14.895507766846704 103
2 16 61 84.144800066126621 41.900508610655038 103
2 16 61 54.540309845483620 29.752498124330415 103
34 24 64 40.226657175667292 -7.598798335737198 103
6 23 65 15.633964323786586 32.453660493816017 103
2 16 61 43.464865319556147 59.774732027774434 103
14 30 68 -8.728588335238875 79.522397761095789 103
14 30 68 -37.044478900066061 26.624284925941343 103
34 24 64 -85.921761012370112 3.667558388513534 103
34 24 64 -48.332410409785965 -26.182746823929556 103
20 15 74 -53.713501882694118 78.357256942148098 103
27 13 71 -75.552572881730470 60.834272667229328 103
27 13 71 33.607728641804030 87.048104692630432 103
20 15 74 -86.244248702376254 -35.331108277025102 103
38 28 76 60.301189671733518 -55.567675173374134 103
26 33 72 3.165892533166463 -76.934888863690702 103
27 13 71 -40.455559195737827 -62.334582392151376 103
27 13 71 -66.184646139263705 -58.591043284236726 103
28 24 103 16.966535984021640 -84.309766081414907 179
29 37 95 60.205979134003854 -41.282442714983468 179
21 19 95 90.827284014313165 5.603969894930998 179
10 25 95 49.154684153497961 19.724678830405360 179
10 25 95 -1.752962219012137 -39.026431541800719 179
36 25 95 -32.262254299329470 -78.639347323877232 179
29 37 95 -67.554944537770965 -27.664588710094499 179
21 19 95 -19.569978186362800 1.204824242964094 179
9 30 93 -69.680539154386523 39.301685245724599 179
19 17 94 -22.733764776408350 37.065533304730394 179
36 25 95 14.752116886924167 56.007779104070863 179
16 17 90 50.459567916712402 78.120624713699570 179
16 17 90 75.166443742431269 54.763178643281066 179
31 19 86 -42.830492896874354 80.290403400473679 179
4 13 85 21.830726906956247 -9.230297443403316 179
20 15 74 5.223544993183548 94.856283807158434 179
35 13 73 7.178023601227501 18.770256215194845 179
20 15 74 55.318955689579120 -77.232202748687556 282
7 19 76 23.077491671519475 -88.025163323625534 282
7 19 76 33.211008838752122 -51.401239041519972 282
30 23 76 74.642128621011764 -44.511949267671412 282
30 23 76 86.999763321125869 -0.202933654384132 282
30 23 76 74.942357653210436 44.188720612598537 282
26 33 72 -18.507444476987121 -56.805088283282835 282
35 13 73 14.885630398120140 -25.168044325519009 282
35 13 73 40.410789692515138 -20.221708004992372 282
35 13 73 -60.332295642532365 -75.954026242866618 282
26 33 72 23.319153968545912 22.485153133226859 282
35 13 73 44.459014322461385 63.339850589173743 282
6 23 65 -75.465485245734669 -43.289265836068445 282
26 33 72 -44.950214604573915 3.666226469909063 282
31 19 86 23.849274200381224 87.819201317906732 282
1 28 86 -22.298580174494042 78.909906362900102 282
16 17 90 -65.433008081272675 66.087226098816600 282
16 17 90 -37.306383920418497 85.189399098610508 372
16 17 90 -4.193497785694071 92.905406604359570 372
37 30 89 -64.725932939853635 47.016524808471004 372
37 30 89 -4.736164073336344 45.908539546009209 372
15 34 93 59.241282436198119 47.607462180992229 372
9 30 93 78.886194709446741 -13.302942691873021 372
9 30 93 19.027685246288453 -9.184830885596881 372
36 25 95 -35.182220913215431 0.104198890315317 372
24 23 81 -86.993310716361592 -1.078837618256578 372
32 31 113 -61.864176526687288 -49.130679444465990 372
32 31 113 45.666305068701377 -64.463854844186130 372
28 24 103 -9.325717171159486 -65.400599190658752 372
24 23 81 -86.989800988991647 -1.332112568677225 485
17 33 93 -60.292131587736520 47.894246717189993 485
17 33 93 -31.960880638064651 -11.715653631885557 485
17 33 93 5.497181906457719 42.624879586060061 485
17 33 93 70.470743895651367 31.030215190899263 485
6 23 65 24.019231739943930 -10.223333912277363 485