14 12 79 98.000000000000000 0.000000000000000 0
28 26 80 77.632653061224488 32.080697914408788 0
14 12 79 74.713116186769724 -5.806982199827542 0
14 12 79 52.590812179416140 3.499126837048597 0
14 12 79 40.457497332673093 24.206194974035178 0
14 12 79 43.153053469064119 48.054339076156936 0
31 27 74 49.263187737134672 -35.358651220518347 0
15 26 77 10.517899443463449 0.804902739792352 0
8 13 102 19.995057275329529 38.635888445030062 0
15 26 77 19.292922212233456 77.629567501425498 0
30 29 84 -35.495373616062338 72.808505353812521 0
17 15 75 -76.365272578259351 56.509690709188554 0
30 29 84 -54.845279436669685 18.131443026602348 0
17 15 75 -94.999893329629231 0.142363475181703 0
30 29 84 -71.898089915470763 -37.305022001157994 0
17 15 75 -13.975380474472679 34.430257671226308 0
17 15 75 90.673221127825684 -28.343728941415346 0
31 27 74 -31.987922661374117 -76.588333340071770 0
16 20 60 -23.389688534503108 -30.381511658641319 0
7 12 72 57.244732944102942 79.542696397333273 0
36 17 68 9.009945922331703 -92.562524136265097 0
24 16 68 38.038853651259629 -76.867858925901785 0
25 18 97 10.040816100270451 -57.577708763360292 0
31 27 74 45.685791182129456 69.295082683137508 102
31 27 74 -6.614703474863639 82.736000011721785 102
24 16 68 81.907223039661574 46.121652333054300 102
12 14 71 56.729048985572192 29.810320342625676 102
27 26 66 -55.739352751670545 62.842060396082161 102
12 14 71 -20.391361790345115 44.119893454244050 102
27 26 66 83.998224550335067 0.546143196870489 102
38 26 65 68.224812333558319 -49.003826198071003 102
35 15 61 45.719537928282428 -83.274989352291996 102
16 20 60 39.952111992796610 -12.718093251891004 102
13 24 58 18.879994806813272 25.907880875633417 102
13 24 58 -83.355971345073428 21.160861067529787 102
21 33 95 -31.115140299758600 -1.640357577421426 102
11 16 55 -92.293937432221099 -17.827762429908521 102
33 19 47 12.421514498203397 -90.148244450853966 102
11 16 55 27.194635588962846 -58.418843365460653 102
33 19 47 -7.802575913215037 -57.977043555786757 102
16 20 60 -46.400086098138431 -52.388465245989636 102
35 15 61 -81.256208249368072 -49.218173685492694 102
8 13 102 13.719675051239275 -32.739563030786307 102
22 31 100 39.360472481823876 -68.496373670491380 204
9 22 99 80.633118123667330 -35.246280110881344 204
22 31 100 36.051554622563621 -6.584734517577097 204
26 39 99 -24.965993534833117 -40.890110435350834 204
22 31 100 -15.125007138131956 28.414687282699990 204
6 19 98 32.608926716213574 43.296607816991447 204
6 19 98 68.669229018159768 31.311008211954825 204
8 13 102 79.594855186636067 -0.261683356401139 204
39 24 103 -23.146261035309287 82.826629776209785 204
6 19 98 19.422217890692941 88.903191462435402 204
6 19 98 -62.697839523502132 65.954385139163961 204
22 31 100 -76.212285523119320 17.815422236714227 204
40 20 103 -83.886765266855406 -32.603843532066904 204
2 16 95 52.640379046084519 77.878048857714361 204
29 14 113 -71.362892980369253 -64.213219086667550 307
5 16 116 -85.972022311083748 -38.010674549953976 307
5 16 116 -54.018525226149492 -39.735210442041613 307
34 30 116 -67.671045754945325 4.192100916733907 307
34 30 116 -12.622653378990726 -19.675753968507536 307
34 30 116 -19.476680902508424 39.931479709183485 307
34 30 116 35.571711473446179 16.063624823942042 307
20 24 119 85.931705671397538 -3.426654403978375 307
3 18 119 80.222710199941275 -45.036837901613808 307
3 18 119 47.295952294662328 -30.482504737667362 307
20 24 119 20.189043846929223 -62.563893647847294 307
20 24 119 -29.167370588379789 -71.078792132232309 307
10 15 106 88.112860525025880 35.512305051873724 307
40 20 103 -63.332653836334266 63.945093307047841 307
2 16 95 -33.305370866947833 83.803650089361994 307
2 16 95 -1.345210546725777 82.207356787457982 307
18 20 86 30.712258909337024 65.826921748253369 307
35 15 61 65.592360926768350 68.721482725946416 307
10 15 106 88.112860525025880 35.512305051873724 426
10 15 106 94.793159465027856 6.265534186148912 426
10 15 106 66.124563446646590 15.103611032095355 426
10 15 106 59.444264506644615 44.350381897820149 426
39 24 103 38.194770176771520 77.052965751771069 426
40 20 103 71.142710466241283 -19.534780969984258 426
39 24 103 22.563450694441045 31.669468186672404 426
22 31 100 -16.410681906315542 70.476902886980056 426
1 36 109 -31.253630935684683 5.141714327433142 426
1 36 109 -31.720211024081927 -66.856773872119433 426
2 16 95 -80.429631469634359 -48.652588642936593 426
18 20 86 -66.462046955270978 60.686047115587911 426
32 20 86 -88.954772054757399 -13.676568600572018 426
35 15 61 -92.620093372590034 21.130979713508395 426
19 15 39 -80.178000565152388 -50.955747716763248 535
19 15 39 -92.069644336039630 -23.413256754137510 535
33 19 47 -90.386953229012946 10.545078756283694 535
33 19 47 -58.111004340053540 -25.089791759144497 535