11 10 79 100.000000000000000 0.000000000000000 0
11 10 79 98.000000000000000 19.899748742132399 0
11 10 79 81.766312060385914 8.217823563497323 0
25 24 81 77.530773183718040 -25.517324434165815 0
29 17 79 54.768793634636154 8.583882098846740 0
17 14 84 72.300502548921003 -63.155659533991638 0
29 17 79 44.392470077130255 -49.659670368559070 0
18 20 80 27.698943216896641 -16.639583134170074 0
18 20 80 20.576129217022004 22.721127234460084 0
29 17 79 51.871019794315096 42.460170366163617 0
19 13 83 76.125308311994999 60.116033089382277 0
1 34 75 -5.736906667205346 -59.042931380833309 0
25 24 81 -15.867023897463788 -1.934431795384372 0
29 17 79 -12.678970884623530 38.941432941490866 0
21 18 83 15.036755599218948 60.315213736493718 0
21 18 83 -2.097695551055764 91.976082072325084 0
21 18 83 46.882851896841785 77.102892271732998 0
17 14 84 -46.872055372432584 -83.779534643990559 0
19 13 83 -68.945727648267365 -68.231126614258258 0
1 34 75 -63.610136850248168 41.590269173121499 0
13 17 84 -37.215808384350424 85.229006836283816 0
14 11 61 79.187730667639471 36.312218913590002 0
26 24 57 -79.511113876908624 -32.771676338772622 0
27 11 57 -50.698248173025632 -52.641723392818648 0
27 11 57 -60.616361056320656 -3.310034907092631 0
5 14 73 -92.212445246786785 3.042792545081412 0
14 11 61 88.589815674745580 -44.191000879303502 84
14 11 61 76.642997316369076 -62.664590977385643 84
14 11 61 66.617808171517538 -43.081547735592224 84
9 22 63 79.172815605785516 -12.563163303819369 84
14 11 61 97.918131954811727 14.595870459827887 84
9 22 63 68.844454272152277 30.207445204382967 84
9 22 63 36.968201435546824 -0.122482344109509 84
9 22 63 26.639840101913578 42.648126164092822 84
39 13 55 55.438776674047297 62.538356236020576 84
39 13 55 52.643103264998011 -62.593278124660721 84
7 14 54 42.205596811208196 -37.692305070840192 84
27 11 57 19.192282245737470 -27.925660165311310 84
27 11 57 5.667094887110913 -10.574311315321332 84
27 11 57 6.053510438900318 11.422294855207232 84
15 15 54 -8.979663310334411 32.635585194645856 84
7 14 54 -4.189453525197836 61.237226584859499 84
15 15 54 18.869967298226992 78.823104762766960 84
35 27 90 12.813079138178189 -66.276914650833035 84
3 20 64 -17.906629792598302 -30.705866265827979 84
15 15 54 -18.945871016282887 4.278701441648336 84
3 20 64 -43.783791888723528 28.937932709763281 84
3 20 64 -37.420245261146775 68.428504677242515 84
7 14 54 -71.182329116133673 64.413321771217710 84
15 15 54 -13.552883024101209 94.028290220204624 84
32 22 71 -85.206337261860739 21.997274613416145 84
32 22 71 -85.204929884092138 -22.002725364075765 84
7 14 54 -49.431444401125013 -17.970637021797032 84
23 20 43 -55.272279497233619 -51.465183523878018 84
4 14 90 50.931792985486481 -81.375379957844444 174
36 19 90 71.846175168436332 -55.849146042409309 174
4 14 90 38.847265709716055 -56.117426744625433 174
36 19 90 17.932883526766208 -81.643660660060561 174
35 27 90 48.432592025059797 -16.253639676305156 174
34 16 107 90.300998172721421 -26.109954596095395 174
28 23 94 4.742865643131399 -41.768562814044010 174
35 27 90 77.728150370214991 29.109013037635730 174
6 30 91 20.910239838413126 33.661489594429838 174
37 18 89 54.689216064288360 67.763993390071533 174
13 17 84 26.889135126195796 89.027941749571994 174
24 21 87 -8.543244207862390 75.296718398121953 174
6 30 91 -39.084542388017994 34.452757945310523 174
33 33 95 -75.035434117805806 -17.282465875922480 174
37 18 89 -35.517503206995222 -49.521155931946808 174
30 18 87 -33.994733348367951 -85.488935568138643 174
30 18 87 -24.235935963127588 -12.764613816276800 174
17 14 84 -63.152041050031876 -72.303663193610660 174
13 17 84 -85.991844811673730 31.502337748846749 174
17 14 84 -43.419378055080287 78.238705459776455 174
17 14 84 79.346413011924739 -54.038382119943797 281
24 21 87 86.762043876578076 -19.832996303099090 281
24 21 87 48.585619269856750 -37.341868461160075 281
6 30 91 74.312881302468980 29.624241298726215 281
10 25 88 26.255931181129640 2.874857286470837 281
1 34 75 18.756255498795390 61.396262470042814 281
1 34 75 -31.385412888920705 15.463560706524561 281
10 25 88 -38.885088571254954 73.984965890096532 281
13 17 84 -75.778462536774981 53.913120996308393 281
1 34 75 -60.510578447640967 -45.983365426335283 281
1 34 75 0.506657091462493 -75.998311156180762 281
5 14 73 -95.148995715980320 -12.754160663891597 281
5 14 73 47.970024457586177 -83.155737947171062 281
7 14 54 -94.782053652253921 15.243434831469575 281
34 16 107 93.188534334699895 -12.324652877483388 372
33 33 95 59.947404446777064 -48.325031816797946 372
20 19 99 62.038001920297432 3.632926208933878 372
20 19 99 26.135834053502421 -8.818352539229783 372
20 19 99 33.303794281388889 28.499476258429894 372
33 33 95 -17.815778788786716 18.971136994792332 372
33 33 95 -76.042849481346508 -12.103100543136801 372
33 33 95 -20.018235023987973 -46.992104181881388 372
31 19 103 13.172692559078028 60.728946366484308 372
31 19 103 51.149783284319774 62.048256810146967 372
31 19 103 -81.951170284405009 39.560152793138364 372
2 20 66 81.430223552271201 37.469913961634454 372
34 16 107 -50.692416223502669 55.304685004672038 372
31 19 103 -21.938984468884261 75.260640565168302 372
34 16 107 91.923147152529282 19.650318510763356 479
8 28 107 78.888381202578728 -22.374613096914615 479
8 28 107 48.186727410473281 24.459225678373677 479
22 18 50 64.146685046057186 -65.948485938662330 479
6 30 91 23.675907002295865 -40.139260368478972 479
10 25 88 -2.302244639290919 8.338937177291257 479
6 30 91 4.742608356590592 62.885889853553742 479
16 26 86 -12.242138532262722 -83.103128967307171 479
16 26 86 -58.814850012043912 -59.973439271570690 479
16 26 86 -50.385455207524402 -8.661205805958033 479
16 26 86 -47.709393929923273 43.269889850098792 479
2 20 66 -88.306482467327015 17.377144594198029 479