22 10 76 100.000000000000000 0.000000000000000 0
6 14 75 93.200000000000003 23.016515809305290 0
28 22 75 71.294945165134294 51.585179983213152 0
28 22 75 37.409509146230405 79.652549396978515 0
21 15 74 75.003795093198761 0.435591847037879 0
13 25 73 75.231035373157340 -39.563762670943596 0
10 23 74 38.199952045083513 -9.023643687068414 0
21 15 74 42.167526888164666 28.768661744917992 0
21 15 74 18.849810229037946 47.644150872479280 0
39 20 72 -4.205354256139756 73.977767991314295 0
10 23 74 -16.064987705407653 32.645588101439067 0
10 23 74 -46.637973417897669 67.015524741239290 0
36 39 79 -70.902611312247615 3.717486933983416 0
10 23 74 -64.857502706226370 -57.987104969224319 0
39 20 72 -27.658036562092619 -36.418615949558450 0
21 15 74 -29.295962364437521 -71.380269215186672 0
21 15 74 0.873530338473366 -16.146721854567534 0
10 23 74 12.261783755444352 -52.400103546636608 0
16 14 78 -4.032259898565824 -85.619136365206316 0
25 19 66 44.410112043503844 -79.427589339494844 0
8 12 45 -82.130117195375433 53.466287036541985 0
15 13 91 -85.257479886269053 -46.261886293604903 79
29 23 95 -86.390551082233841 -10.279721966470898 79
29 23 95 -50.095336580070381 -38.540249283595450 79
29 23 95 -43.768609250178159 7.022592169645755 79
29 23 95 -7.473394748014698 -21.237935147478805 79
31 23 96 -13.800122077906920 -66.800776600720013 79
23 17 97 -88.136079707463452 29.682174007300222 79
11 22 96 -55.188312780851987 50.549484676135535 79
11 22 96 -12.602688380449948 39.483112441844717 79
31 23 96 23.566826939660814 12.710623549172201 79
23 17 97 32.199002195512961 -26.346841170804876 79
31 23 96 32.197638113262734 -66.346841147545874 79
23 17 97 71.584318347026638 -59.369060686451377 79
11 22 96 85.007912807601414 -22.752027604045217 79
31 23 96 84.109610850505476 22.239005431370600 79
15 13 91 50.900944231753236 36.138086746499695 79
4 15 100 -50.531463156920509 -76.537746485502907 79
16 14 78 69.118469057923249 56.066001569879475 79
24 24 98 33.268371611112158 68.666418747661680 79
16 14 78 -74.622659242456095 -60.394194485763968 179
36 39 79 -70.597727099908923 -7.547246406921317 179
16 14 78 -47.133481957452936 -55.070179816957477 179
25 19 66 -20.120867678530225 -36.114476985932171 179
30 14 78 -22.845426550220793 -69.001811614246037 179
30 14 78 -47.054601306459816 -83.070068706788788 179
19 31 82 21.800211506856868 -63.365589255571827 179
30 14 78 66.403227458179501 -69.329729432165507 179
1 23 78 65.992034611366364 -32.332014361600280 179
1 23 78 86.552011296835474 8.817558645819467 179
19 31 82 21.753119346778281 -1.365607140022320 179
10 23 74 54.361437668741502 41.677366458621137 179
19 31 82 2.780956703773256 57.660294332529247 179
25 19 66 -41.424183987211848 81.024915803681168 179
26 16 64 -70.738978013905239 61.903125846343421 179
26 16 64 -42.762572167222537 46.050514921327121 179
4 15 100 67.681754331823825 -66.664684283109352 261
4 15 100 85.094968960274684 -42.235604146855621 261
4 15 100 94.022258706260459 -13.594663209253412 261
20 26 100 45.316552050678013 -32.301946805960796 261
3 18 98 35.822255186107313 -75.265400194246553 261
20 26 100 -2.275884611359473 -53.253318421441023 261
20 26 100 3.375913656525181 -1.561373436374573 261
20 26 100 50.968350318562671 19.389998179105650 261
23 17 97 -25.518332384073382 -89.430502136217200 261
20 26 100 -54.116683489747047 -57.319221968079802 261
20 26 100 -82.830847028743264 -13.966058159012981 261
24 24 98 -78.186243733130340 35.817751058707415 261
3 18 98 -57.096373985224268 72.138783450647438 261
24 24 98 -30.348215169202049 39.757677849497036 261
3 18 98 11.608610265127389 41.661568464318741 261
23 17 97 40.685968164912055 61.142514477483253 261
26 16 64 73.579830867091545 58.497935771873188 261
26 16 64 -34.188055043886791 -20.348290572362309 261
34 16 115 42.034548005193777 -84.077920847265602 361
17 17 119 67.885127136492372 -63.565788862109365 361
12 21 117 33.147632402584009 -48.161034413833057 361
12 21 117 5.305706515189101 -79.606656730473716 361
27 22 118 83.486103010572876 -27.822124363678888 361
12 21 117 45.342777097379880 -7.970507596273279 361
27 22 118 86.519668173831249 16.073177006744181 361
34 16 115 -30.504897151614653 -88.912604560711259 361
17 17 119 -24.793221651588830 -56.410654419490427 361
5 23 108 -64.757588589854890 -58.098663668169642 361
34 16 115 -89.697001256017401 -28.114906467530936 361
37 16 111 -58.865536645600976 -19.546313235463028 361
5 23 108 -86.334553408171701 10.739873733501188 361
37 16 111 -47.336979630196865 10.304857145990638 361
7 28 108 43.165361659627230 40.981089538155715 361
5 23 108 17.715421702234657 85.177249508962149 361
37 16 111 0.173334732104863 50.345149590461645 361
7 28 108 -10.490688495683731 -13.744068601965314 361
9 19 103 -75.204055227728134 51.238170120573372 361
9 19 103 -23.331062362248879 76.278589725371162 361
26 16 64 -40.621640765483363 45.847751773030751 361
9 19 103 -58.121361997033233 -70.020763203565707 480
18 31 106 -75.531970813268217 -23.149975919287652 480
11 22 96 -26.680582286230333 -43.705798427287462 480
40 19 84 -87.375409853168733 25.427106657871722 480
11 22 96 -46.588821591725996 21.249282105363388 480
40 19 84 -14.683389915292778 -4.500347591788604 480
2 21 46 14.617964681211753 -31.729571209253397 480
32 22 88 5.469653808249587 -73.745144609739583 480
32 22 88 49.459196410624592 -72.785904476177663 480
32 22 88 78.514121343656512 -39.743335914761616 480
38 20 87 89.997607118206602 0.656287282314196 480