3 10 111 100.000000000000000 0.000000000000000 0
3 10 111 98.000000000000000 19.899748742132399 0
7 14 108 86.755771184755062 41.102751320786574 0
7 14 108 77.291936981849346 7.768131948139056 0
12 18 108 84.601776633706464 -23.385780234187862 0
13 28 108 45.218624596546967 34.884596183632759 0
7 14 108 55.577835001006278 -9.909474653591486 0
13 28 108 47.975321337937771 -51.215670145343772 0
7 14 108 27.925817798337508 -14.310150127119442 0
21 13 105 35.498341625428118 -90.271079210588795 0
21 13 105 13.713583872157766 8.646600662736386 0
13 28 108 -10.347234189443746 41.844146267893862 0
13 28 108 -65.916693897696845 48.774885603118904 0
12 18 108 -91.401208366156993 10.479461303251867 0
24 18 105 -33.615031021901984 81.525497436464804 0
24 18 105 2.089145154738880 86.131124814726206 0
21 13 105 32.648306550485572 91.340506235653848 0
21 13 105 55.737629494537941 79.387131566328904 0
1 14 100 -93.573707536780859 -21.446707388804494 0
34 13 101 -68.791857960563931 -10.729434807510456 0
29 22 94 4.000380520088875 -75.010723834434017 0
34 13 101 8.456331027422886 -40.295532562079060 0
35 30 99 -25.958890088376315 -14.515839865100519 0
24 18 105 -65.611108392204827 -41.565822925825863 0
30 17 97 -55.071147556673310 -74.941101585118929 0
34 13 101 -28.302207130890871 -88.484506935358979 0
34 13 101 -28.270356780058741 -61.460834015514401 0
17 10 79 74.743204823244525 66.433826720658786 0
17 10 79 20.628446613380266 63.855670495024519 0
17 10 79 98.000000000000000 19.899748742132399 111
20 30 78 78.568999917341699 -15.063606871820529 111
2 33 81 40.665567978103908 -65.385866829294301 111
2 33 81 16.557648651895256 -3.946398848516544 111
2 33 81 -24.596531751354565 -55.544203407787947 111
14 15 73 2.798576439725366 -94.958769842026769 111
20 30 78 -77.219953723388883 -20.906428364445219 111
40 38 82 28.795836072019569 65.990907138130609 111
40 38 82 -41.453140716712355 36.989506135141042 111
11 17 83 -21.501647543501228 88.243168639973902 111
11 17 83 73.707520765007970 31.684291695403054 111
14 15 73 -92.558601003657429 21.398723799463973 111
22 10 60 82.682850793809962 -56.245410342609809 111
22 10 60 -59.926813584829503 -80.054837540083071 111
22 10 60 -79.355877696091710 -60.849360514987616 111
22 10 60 -88.482929459435994 46.591535650550028 111
22 10 60 76.758373886893651 64.094867487497325 111
22 10 60 -37.720852704884912 -14.596038619744949 111
37 13 93 -50.954327945510038 82.538817919942460 194
28 17 93 -70.926558582975815 60.153331475286535 194
25 19 92 -35.357954440191520 54.596857833316491 194
28 17 93 -59.689211518057974 28.064049293495959 194
28 17 93 -91.569750806505169 16.247484027828619 194
28 17 93 -91.290136370695450 -17.751366184601913 194
25 19 92 -56.689778663985393 -7.810780358418906 194
28 17 93 -67.583182291127144 -42.123077824723538 194
19 14 92 -62.660822862978627 -72.729782607501420 194
15 21 92 -32.088087746215365 -55.691359338893776 194
15 21 92 -23.528072390666001 16.386206298772962 194
37 13 93 -26.194803275441878 -17.509052165917680 194
19 14 92 -4.719830264337613 -33.874428243855625 194
15 21 92 8.561311491973242 -66.256696133068942 194
19 14 92 -18.806945989904506 -88.073627228107100 194
40 38 82 60.723491636535840 -38.686658727105936 194
19 14 92 37.866200266245215 -85.393662818715555 194
23 22 91 86.636875743287760 15.428926127314128 194
19 14 92 50.768646139444925 12.351572542492825 194
23 22 91 56.869241691645200 47.830900804291616 194
11 17 83 41.019514149274798 83.464959467775728 194
33 23 76 2.434607007298456 72.919584138036939 194
18 19 74 18.266208941123317 34.017651278487236 194
5 15 72 9.142130846433590 1.264770505614710 194
38 14 119 -71.073790996405961 64.533063102561641 287
32 16 115 -46.475773200325435 81.706808195106433 287
4 18 119 -43.789306208219521 47.813108262813330 287
4 18 119 -76.607284157925136 33.015124505130800 287
4 18 119 -91.998792872573745 0.471285464739488 287
38 14 119 -90.684301773302096 -31.501704904475851 287
4 18 119 -61.427387149907204 -18.538952622673090 287
4 18 119 -14.849560862904266 69.225514464553115 287
4 18 119 -10.775745808703785 33.456756715587758 287
32 16 115 -68.574934999593509 -51.779177648031215 287
24 18 105 -35.575313027391985 -43.592300973022965 287
30 17 97 -46.938512209199814 -76.696344598455823 287
2 33 81 3.061141978208511 -76.882304646801799 287
30 17 97 -39.252796911652290 13.108352343744269 287
29 22 94 -10.077651158946871 -12.772352250767756 287
2 33 81 61.538565586846424 -46.281799289930383 287
27 28 78 81.194607325255959 11.464542786238411 287
31 20 59 68.927490933251818 57.870553770000235 287
16 25 62 32.195174426538749 31.875613415180133 287
1 14 100 25.375877647643428 -6.523568756336850 287
26 17 43 41.828358757435730 83.062557170239160 287
5 15 72 -47.937804451849132 82.018088884929981 406
5 15 72 -71.123106392519787 62.980185273451774 406
9 22 69 -11.312419029293427 87.269864075210293 406
20 30 78 -32.459215079632870 39.763937952195406 406
27 28 78 -81.522920913290633 8.832517521373006 406
16 25 62 -73.035516433887736 -43.483483522313549 406
31 20 59 -37.369241706619071 -9.994394400509968 406
31 20 59 -28.371133360327207 -48.969181714726233 406
20 30 78 11.773564807534228 -0.775686903659222 406
31 20 59 11.588068109295325 -50.775342812224665 406
6 20 58 35.927400963826472 -82.518009306965482 406
6 20 58 -3.378643229495339 -89.936559695864432 406
39 16 46 67.569183779894473 -65.348338948429642 406
39 16 46 -39.101886775735423 -85.481240342999044 406
11 17 83 85.141340977652405 -37.415933190649234 406
8 19 54 90.980316665694289 -1.892611795902702 406
8 19 54 49.189062257513179 -35.562920824413055 406
11 17 83 86.623695944393774 33.842802793699235 406
11 17 83 58.816660358065207 14.278325496805843 406
20 30 78 47.506282759920765 59.897130375796181 406
11 17 83 92.998931266396468 0.445851217408773 489
36 27 83 73.316395815744798 -38.906376143108453 489
23 22 91 54.442773641295922 6.312938159699716 489
10 30 88 17.045595085807001 -29.818087788768445 489
10 30 88 7.888127513202335 29.478967683292687 489
36 27 83 -3.674794381147194 -82.918610011602880 489
10 30 88 -54.989970019099644 -58.104244227926436 489
10 30 88 -44.949102003106120 1.049631126824416 489