10 10 74 100.000000000000000 0.000000000000000 0
10 10 74 98.000000000000000 19.899748742132399 0
10 10 74 81.766312060385914 8.217823563497323 0
35 23 79 77.961298070185492 -24.562076810579150 0
40 26 74 46.035183904103341 12.609461148648316 0
13 17 75 79.520970435641985 39.585415262714896 0
40 26 74 48.057334995411459 68.894793367414934 0
8 36 78 -8.153696698243223 42.735284275405022 0
13 17 75 10.265471771216486 92.431705000580607 0
21 18 78 -49.356630624605273 77.639699982588013 0
13 17 75 -75.473472235545756 54.339258264263265 0
13 17 75 -89.960932804360780 23.580300442727264 0
13 17 75 -92.424478663748005 -10.330331249983747 0
7 24 108 -53.981256824924692 3.921640355763280 0
8 36 78 -48.565679340100360 -55.833455832811836 0
8 36 78 21.884931960081506 -70.689813644559877 0
9 12 77 -21.651864054204985 -95.578223372158504 0
9 12 77 69.845439947406007 -68.743105243750094 0
37 13 71 28.265324482337270 -22.106991667425380 0
21 18 78 -0.571426746719272 -10.729743381767449 0
24 16 98 -93.961880433941332 2.676756492046596 108
17 17 98 -88.097020711169421 -29.797901634440407 108
16 20 98 -82.179907209327581 36.694180070772923 108
24 16 98 -63.662879520261932 -7.617443021895943 108
17 17 98 -55.541364812900298 -39.602455119097172 108
16 20 98 -28.332563834457307 -14.528940221590677 108
14 28 98 -15.894632382563820 -60.889460723392631 108
33 36 97 -26.381115081305666 41.437048090631805 108
16 20 98 9.504553805891003 -1.553866862628783 108
25 27 97 23.812391788693709 79.510816857216057 108
14 28 98 46.270512562876377 29.304912709474369 108
14 28 98 80.632443888658301 -14.913383001263362 108
16 20 98 66.399364250562826 -60.754624738542162 108
17 17 98 40.187165423437875 -34.641014634857342 108
39 16 95 -58.339607127469421 -72.483602300254873 108
9 12 77 -10.843637905368414 97.398231590605675 108
37 13 71 25.104151466970823 -60.573671459583586 108
18 15 62 64.632392933009697 69.625094497264698 108
18 15 62 89.119595260301139 32.904372667475542 108
18 15 62 17.799933452496106 -87.604180133987470 108
37 13 71 -96.993214881013898 -1.147286819179907 206
40 26 74 -77.421765024592389 32.586351444689271 206
15 18 72 -67.359017851243209 -10.247526728145523 206
15 18 72 -38.747966576225778 11.602135624813698 206
15 18 72 -34.131129551959333 -24.100592784810164 206
15 18 72 -62.742180826976764 -45.950255137769382 206
37 13 71 -66.979412177873385 70.162371284802987 206
37 13 71 -90.081047274777944 -31.335660331573362 206
36 20 65 -37.471132704696188 55.388697316122439 206
19 18 68 -8.381801756893047 30.938527071128583 206
19 18 68 -3.764964732626609 -4.764201338495280 206
18 15 62 -31.027206526118885 89.790380638382231 206
37 13 71 -9.145833529206147 72.320248533272718 206
18 15 62 13.405469688171074 55.723901851008215 206
23 29 97 37.018271537043375 18.596612846208878 206
36 20 65 75.708815871829486 48.663900370658951 206
36 20 65 25.481709260882166 -29.025942008064263 206
36 20 65 -7.684161683945870 -51.387180893041347 206
18 15 62 93.210181983542952 18.353800004217266 206
23 29 97 77.716645875369736 -22.828117615834554 206
20 22 60 48.150236478301068 -64.383230843510049 206
1 13 55 -37.944123471039937 -64.552845048092820 206
34 15 54 14.075055646954644 -78.801346230447464 206
11 18 49 -17.596075280579200 -88.071700364514271 206
6 19 53 26.883586862697449 86.938327321129208 206
3 13 47 57.619245386337724 78.032189262566504 206
3 13 47 95.822382037783555 15.068878545036313 303
6 19 53 80.201331918436622 42.997050579182265 303
11 18 49 65.405561671003156 9.084144735165260 303
11 18 49 90.459059206638599 -16.767784810458799 303
2 18 48 43.580454608871676 37.713931701304190 303
6 19 53 75.599554079844737 -50.652812586554660 303
6 19 53 48.622271990006581 -23.890408900687852 303
2 18 48 26.700829041905440 5.916475187944200 303
2 18 48 7.603236709087842 36.433387991986265 303
2 18 48 24.482862276054078 68.230844505346255 303
34 15 54 57.482804355662040 68.292672836392143 303
28 32 94 28.778594004797810 -70.871558780393229 303
6 19 53 6.423338445379738 -25.032246515993936 303
34 15 54 -6.294015274449997 6.499783459330089 303
34 15 54 -24.787523078683119 30.121598992746840 303
6 19 53 -17.746912930548177 63.384638672577353 303
2 18 48 -52.750144185901718 75.375210038623294 303
33 36 97 -72.841958544637393 13.040286629569451 303
31 21 87 -77.493362110958671 -43.769610790362705 303
20 22 60 -36.166373340642700 -31.891900607916845 303
12 20 79 -47.955041928252996 -72.203527875139514 303
5 20 83 -79.286113751482191 -42.587699705279078 400
5 20 83 -89.909981442929563 -4.024330619129195 400
5 20 83 -51.201190313084581 -14.105475854965974 400
5 20 83 -40.577322621637215 -52.668844941115864 400
38 23 82 -78.530563686482182 37.442630344079227 400
5 20 83 -37.822709612429705 23.590893388532862 400
38 23 82 -9.190684052066885 -23.277027724360444 400
12 20 79 -2.793572987889934 -65.798516057115037 400
28 32 94 -24.831332246685427 73.941902456284694 400
35 23 79 4.978487470891302 27.720969445303901 400
35 23 79 34.145306080297871 -7.850039708302846 400
23 29 97 62.650983247236915 -51.340571657846183 400
12 20 79 89.409578963545556 -10.292093546092161 400
26 26 87 76.831435440940325 33.954830703224246 400
7 24 108 45.539947304133875 72.952814884257279 400
12 20 79 4.920196286416449 89.865408631481415 508
12 20 79 43.375770006261241 78.857736312703835 508
35 23 79 -36.658115393302950 78.899826209005596 508