36 10 93 100.000000000000000 0.000000000000000 0
36 10 93 98.000000000000000 19.899748742132399 0
36 10 93 81.766312060385914 8.217823563497323 0
36 10 93 83.766312060385914 -11.681925178635078 0
26 14 91 86.755771184755062 41.102751320786574 0
26 14 91 64.176011190593613 24.545141632003997 0
26 14 91 61.126580571241270 52.378592242694658 0
26 14 91 61.058249042235261 -3.913793230496021 0
15 22 90 67.621280726339819 -39.310496680301064 0
26 14 91 37.679687974175117 -19.322974986416185 0
26 14 91 36.024225656046625 8.628043680409837 0
15 22 90 26.293262780256434 43.287939258873330 0
7 18 89 43.774772104255753 79.265666143084971 0
17 39 89 12.838771861275177 -66.141015170429313 0
26 14 91 10.357563674405220 -13.199126217225071 0
7 18 89 -2.888518088801110 15.930606323985335 0
15 22 90 -16.494379902719373 53.545503961763927 0
15 22 90 -58.863166585397209 65.415041233188703 0
15 22 90 -83.174191423173980 28.741153092755571 0
17 39 89 -64.638524108185095 -29.374499163655120 0
35 13 88 -30.335491083192188 85.692411142545581 0
35 13 88 -4.344293315191106 86.368901042437429 0
35 13 88 -48.329782007468211 32.037686494781894 0
39 11 52 20.687128607282222 96.814475725408784 0
39 11 52 -35.874009581768881 11.522966577630005 0
39 11 52 -14.874361076003485 -24.523924176455203 0
39 11 52 96.799999999999997 20.754758490524534 93
22 16 63 83.065869424428698 44.000697003158471 93
19 14 57 72.253014152208024 16.017091787568223 93
39 11 52 57.269398078513454 36.029369253067287 93
19 14 57 58.351074173605596 61.005957827676639 93
25 17 63 92.715406026657973 -7.270040255181158 93
25 17 63 83.906289647129441 -40.109033367210685 93
22 16 63 60.992406993535596 -16.361318072106378 93
22 16 63 42.861297270898291 10.006519537862463 93
22 16 63 30.496113048600847 39.520960395663693 93
22 16 63 30.253850003647223 71.520043329664318 93
10 22 65 46.618467592997504 -51.537870860997714 93
27 20 67 20.780125265322170 -18.426240491022551 93
29 26 71 -8.456881264219636 55.226508271028479 93
29 26 71 -60.358767872326410 58.419338758108317 93
10 22 65 -86.152245591032681 17.938522225155282 93
3 24 66 -40.469486930686124 12.545419112796729 93
27 20 67 -86.725043935234837 -24.057571665311240 93
3 24 66 -44.188284052394181 -35.310307273578147 93
14 15 73 -1.689493445513832 8.408741062718994 93
2 14 86 -35.031985434362028 89.379863484605110 93
2 14 86 -7.647456024389708 95.218317817248391 93
9 33 80 -2.148382142262285 -76.970023088023098 93
14 15 73 -50.048015423349447 -73.867583477431594 93
18 13 85 -75.465530155314724 -55.077296832368880 93
31 13 105 -9.009904457449576 96.580648277321217 179
16 32 101 28.957588120150916 72.425534794461086 179
16 32 101 -41.854324567481228 65.819567873087223 179
5 14 102 -3.737908492791291 40.068085864839261 179
16 32 101 -77.016975387378068 12.344452283515952 179
5 14 102 -31.824590136756903 20.926311951410714 179
30 13 100 73.112599526843496 63.745962934349052 179
24 24 99 -74.139376711466767 -43.581565148984950 179
5 14 102 -44.326928457605973 -20.018502336377743 179
5 14 102 -36.279079481928676 -46.837005778305482 179
24 24 99 81.420072093478240 27.690645718234983 179
34 13 99 96.817123679610006 -5.953533606783452 179
24 24 99 -23.661259909080890 -82.680981969948334 179
24 24 99 61.157709940972914 -15.822992143942431 179
24 24 99 1.375919434777870 -41.728086461773913 179
34 13 99 38.242065626789127 -44.872488622639210 179
34 13 99 27.071273187077807 -68.350422864579841 179
34 13 99 47.297711965112342 -84.687227153008536 179
34 13 99 68.093518837513159 -69.081637881026239 179
34 13 99 12.615420455732437 -89.961260928145435 179
34 13 99 24.291563748961657 -12.678589983077131 179
13 15 97 42.421191217263470 27.395196225409425 179
35 13 88 -34.340293809404585 90.717937702991065 284
23 17 83 -58.202651879736720 72.535862262512467 284
18 13 85 -29.100475360026138 65.251404711286966 284
38 16 86 -46.170525696704075 41.807570095267309 284
38 16 86 -77.888020030037808 46.050275978891875 284
9 33 80 -68.169813308562624 -1.976346410348391 284
38 16 86 -79.875112358020246 -49.557708036123323 284
40 15 86 -49.078075689572252 -46.016164242483299 284
23 17 83 -24.235304593283320 -25.845970285622315 284
40 15 86 -21.457446883449379 -57.725172072114972 284
18 13 85 -44.495700937020025 -73.638652212019494 284
12 34 79 24.524691971574512 -40.794640293186632 284
18 13 85 -3.069711415796169 -78.841307712226978 284
37 35 82 74.712848655288965 6.556694732247738 284
23 17 83 75.312703061804555 -45.439845293901925 284
35 13 88 -25.713984617874313 -91.617727052153398 284
12 34 79 2.531562861453040 30.489152799840248 284
1 25 76 43.282610272652832 73.154737700203995 284
4 18 75 -4.155316655711001 83.656269753349378 284
11 15 112 -51.200119436281184 -80.022170488624852 372
11 15 112 -73.600373841904172 -60.066504562292842 372
11 15 112 -88.660978778528403 -34.120827100662929 372
21 29 112 -34.885217635010747 -39.158690714933243 372
21 29 112 -71.037520134853068 6.195592698652895 372
8 33 99 -10.109676154738452 17.675916210419086 372
8 33 99 27.467172448065291 71.934375911022144 372
8 33 99 73.085713983448585 24.237953946848471 372
28 23 105 34.424715407880988 -16.275342501847987 372
13 15 97 92.989533419802655 -19.440850659562344 372
28 23 105 67.820008577075967 -47.910044873508127 372
28 23 105 23.725906097460964 -61.013865939029841 372
13 15 97 -21.215458201555204 -80.981384040823357 372
13 15 97 -73.600373841904172 -60.066504562292842 484
12 34 79 -75.186193569912433 -11.092172756843357 484
20 34 78 -53.966930784033565 53.512338593555505 484
33 24 78 -35.222742406783887 -53.126950871307578 484
33 24 78 -17.238764123702953 -8.623282201031941 484
4 18 75 -17.278554006112593 90.362888242119894 484
14 15 73 2.270928095312399 -42.392675288845822 484
32 20 69 1.486939254267623 -77.383893637127400 484
1 25 76 46.089899055129131 -71.419333552533274 484
33 24 78 78.645476113949840 -34.797831639487882 484
1 25 76 83.851652880034067 13.924809129258286 484
33 24 78 39.532095682523924 -6.974397789106508 484
6 26 74 41.929260814018747 42.968105145091194 484
32 20 69 -3.330863141280347 34.750977937181972 484