17 10 42 100.000000000000000 0.000000000000000 0
17 10 42 98.000000000000000 19.899748742132399 0
15 18 50 72.977701869358270 7.334535004941795 0
30 20 51 85.334819202976007 -28.600150901619358 0
15 18 50 67.721689165241273 -62.271765806073326 0
15 18 50 47.531985971687256 -32.466130685240977 0
15 18 50 37.364958666704425 2.068367367861427 0
15 18 50 50.610695313732279 35.542991498351434 0
34 15 52 83.292345912269951 40.115705589031279 0
16 25 57 37.235860153213075 76.410017135519340 0
30 20 51 -5.720223370332775 89.818032958830145 0
30 20 51 0.573648692223898 50.316296611421706 0
34 15 52 -40.503903564385638 85.932728317253776 0
34 15 52 -65.280565869798366 69.017734820254105 0
10 15 58 -83.547254847474960 45.220086327328815 0
33 27 91 -43.294446896267367 33.232115187757302 0
16 25 57 -84.973124967627925 2.137295776416622 0
16 25 57 -71.473516701233805 -46.005830177907363 0
10 15 58 -48.157948312291339 -13.503764540465996 0
16 25 57 -21.543332827117080 -43.364478573729215 0
16 25 57 6.514444211010769 -84.749997148210156 0
10 15 58 -44.858901216059550 -75.866544211170577 0
10 15 58 14.979191280550122 -27.051746343815424 0
12 20 71 -0.569158438166539 4.305052297380129 0
11 12 81 72.667745988901032 65.752556550240371 0
11 12 81 32.542783686881883 -58.453123871548350 0
20 15 87 -65.280565869798394 69.017734820254077 91
20 15 87 -83.547254847474989 45.220086327328772 91
20 15 87 -93.482361624295336 16.912955541373449 91
20 15 87 -94.095127629717780 -13.080785769483384 91
7 26 90 -52.510432587406179 18.429870501454999 91
7 26 90 -58.391520159523893 -33.236490014543058 91
9 33 83 -17.386172782900907 65.835422636048008 91
33 27 91 -0.494887074480573 8.262126160020905 91
7 26 90 -7.574035437816097 -44.262969351076308 91
36 20 83 -41.029421477799382 -75.834113532364569 91