26 12 116 98.000000000000000 0.000000000000000 0
18 14 111 92.571428571428569 25.426966241470851 0
35 23 111 63.130254527808823 3.016761625419454 0
30 28 109 61.711596371080560 53.997026523067333 0
35 23 111 76.780686449185978 -40.911198813916307 0
18 14 111 42.278225948579149 -27.547807799504376 0
35 23 111 17.249806190325028 -0.297519646814415 0
18 14 111 23.698577384314476 36.136164631440671 0
9 22 110 14.687875045227692 70.990249662558270 0
15 35 113 2.705640860167975 -56.444356199277976 0
18 14 111 41.266227363183596 -86.678131493532078 0
15 35 113 -40.736547804129572 -1.555593742327114 0
26 12 116 64.576746171687631 -73.714610857532364 0
13 26 99 -32.896880676818320 77.290330842448711 0
18 14 111 -56.352744645779964 44.889367192125491 0
2 17 110 -85.923140173980414 35.583900610283195 0
26 12 116 -75.395827756333205 62.605663936558756 0
2 17 110 -92.970998045364993 2.322395842387277 0
20 19 97 -84.898342111759760 -32.760822741112570 0
2 17 110 -10.065226121279245 40.852499536832674 0
20 19 97 -53.418622265660730 -54.045259271383202 0
26 12 116 95.061224489795919 23.819395426849606 116
2 17 110 92.860222927345077 -5.096959670605017 116
16 14 109 70.235115785555323 16.095126749153998 116
16 14 109 77.621783941853096 43.103220601714881 116
30 28 109 50.820258985579656 -21.148172452668057 116
16 14 109 42.511823679455922 20.021839725663355 116
15 35 113 -5.003788861211518 8.052438534076213 116
33 39 99 -48.683123450444704 -51.681268280768435 116
13 26 99 -83.949231277177631 2.920028762005614 116
28 16 98 63.319173200319682 69.474328389901828 116
28 16 98 -12.561500226825856 -93.156903727267860 116
20 19 97 7.833802793017600 -64.713422668706045 116
20 19 97 -52.013951414889974 34.623938617374627 116
37 17 98 -23.530749800033551 56.640006062934482 116
37 17 98 -49.229390316645521 78.901629444843337 116
37 17 98 10.452654291319835 57.702195482852581 116
34 13 91 -87.553866377976462 41.753089493682296 116
40 14 91 39.377784855018319 87.552213335311464 116
40 14 91 -19.406916097896637 87.364491340919528 116
40 14 91 8.563806590914790 88.644597690255210 116
40 14 91 39.860811305545191 47.896059596242196 116
36 20 73 44.394948824720416 -78.288495443778046 116
17 15 63 73.983807821063749 -59.593591772068130 116
1 13 41 89.858986255499318 -36.528928113674304 116
34 13 91 96.993696693092843 -1.105803693387806 232
3 26 94 76.644023249145363 -34.375771994014414 232
3 26 94 41.723060441290286 -72.905323724762638 232
3 26 94 25.815971249963184 -23.398106943174476 232
11 27 95 60.964804331229992 16.270010393362242 232
11 27 95 7.942091004724340 26.497027138004832 232
3 26 94 43.090924085991141 66.165144474541549 232
11 27 95 -10.200902310039822 -62.279784105595809 232
3 26 94 -62.801462675380691 -55.785090174998956 232
25 28 79 -31.680897313031345 -11.647681495972135 232
34 13 91 80.285336297632938 54.435877650461208 232
12 15 86 -91.287750846445419 -26.297272584762514 232
34 13 91 -96.993589163877829 1.115195547372558 232
11 27 95 -68.511198059492074 29.199949364645164 232
11 27 95 -38.030182633788840 73.774692197532517 232
29 13 83 1.191697466372322 65.923315158529604 232
12 15 86 11.287016046539096 92.040063477662670 232
29 13 83 96.993696693092843 -1.105803693387756 327
14 15 81 90.661734678460277 -28.380448641493906 327
14 15 81 91.285204064561128 26.306111816295278 327
14 15 81 69.620410730717325 -6.996747219005348 327
14 15 81 61.622244045772263 -35.910918998252896 327
14 15 81 40.580920098029317 -14.527217575764329 327
38 13 80 63.911918102185624 20.415168290677649 327
8 19 64 72.677840997881830 54.762500197549478 327
8 19 64 38.008822091124216 39.204250680239269 327
19 14 48 44.296370429697049 71.599724683409988 327
10 26 73 4.374573980172038 69.099691035097905 327
33 39 99 14.125705710235515 -61.602918650691166 327
25 28 79 1.908979135383639 4.273872344281475 327
25 28 79 -41.157741389495200 40.068530929494727 327
23 26 79 -83.721306347773194 6.836875267423807 327
23 26 79 -71.703976482154474 -43.755454021717540 327
38 13 80 -27.255931143617882 -93.091966449819722 327
38 13 80 -32.938001356423094 -39.489405199777302 327
14 15 81 -37.918670598987731 -11.935949265971628 327
32 13 69 -59.038323152479954 76.964124105607468 327
32 13 69 -81.756939007573735 45.787372837451812 327
32 13 69 -32.997973591695938 80.248354093441066 327
1 13 41 -38.871282894704009 -64.803357285287277 327
29 13 83 -27.255931143617882 -93.091966449819722 426
12 15 86 0.679148345266018 -94.997572377009305 426
23 26 79 -53.794961927008984 -64.514355544108582 426
12 15 86 -12.968401466979190 -68.281577465303585 426
25 28 79 29.742865531554671 -63.306874320396076 426
10 26 73 -81.463507718148648 -20.486505564764730 426
21 17 73 -38.630894632935167 -24.276921939307179 426
21 17 73 -6.696111217249559 -36.902310822771177 426
31 22 70 -83.604024638423667 27.465743468143174 426
10 26 73 -36.417524071007620 18.666075053864976 426
10 26 73 12.664721455866967 1.492456505649812 426
21 17 73 48.434357256898807 -22.372437264521086 426
7 17 72 -68.155662923448205 63.275632051093012 426
22 18 71 72.903977497494182 -47.397178727342336 426
22 18 71 90.590679903436381 -16.041468593402801 426
27 26 70 79.682150789302241 26.584861210675911 426
7 17 72 64.636300349244195 66.866648466648115 426
24 17 70 36.282770033156964 85.630371940807578 426
31 22 70 -29.260217653167835 66.129460571979351 426
22 18 71 4.537609628745686 44.735375617909867 426
24 17 70 40.083783074804913 43.346999330481978 426
1 13 41 8.031373806547695 75.537869216154604 426
17 15 63 30.268206474671548 -90.049073714317856 512
17 15 63 56.838828501339790 -76.120612021943714 512
17 15 63 31.491115826771278 -60.074009198681736 512
6 15 61 58.061737853439496 -46.145547506307594 512
39 19 59 86.662289167812276 -27.760540992467821 512
6 15 61 54.637159257187939 -16.341650757088775 512
6 15 61 76.145640279934554 4.572106535520049 512
39 19 59 0.392729839108465 -73.817749190486637 512
6 15 61 8.502478994704457 -40.799088275281278 512
5 23 67 41.051843200182745 19.146927512986750 512
1 13 41 74.474913562585556 32.522216950971654 512