37 10 100 100.000000000000000 0.000000000000000 0
37 10 100 98.000000000000000 19.899748742132399 0
37 10 100 81.766312060385914 8.217823563497323 0
24 25 100 70.291971924572152 41.283508471686559 0
24 25 100 48.941683891439219 -3.928936727641701 0
24 25 100 20.461701798175632 37.167177686830449 0
32 13 99 43.020799280369715 67.746371933717739 0
27 30 99 -5.564111445789948 -11.285449125244725 0
27 30 99 -34.379609049368952 41.342177629703414 0
27 30 99 -79.966035189124611 2.330926024498517 0
10 34 104 -52.133391508627149 -55.300176218599916 0
32 13 99 -77.202397380057761 45.242023727310738 0
26 24 98 10.481592057039041 85.358867307092453 0
6 12 96 -69.549967832395083 69.042030492395071 0
6 12 96 -27.407212166484229 -94.089556919252828 0
3 18 96 2.517503200184635 -91.965548862805463 0
26 24 98 41.159925465933568 -75.510665045666187 0
3 18 96 75.928996173503776 -51.949856016008823 0
2 15 53 85.507022483853973 -20.370409979096785 0
6 12 96 7.630425516592213 -62.404459143609017 0
17 16 74 -29.322845012260977 89.309410256629292 0
15 11 72 49.540022680655184 -39.923964032719823 0
15 11 72 23.196355286003929 -45.472187281459441 0
23 13 47 -92.072326198160312 -30.523544166095174 104
2 15 53 -94.962385011567250 -2.673094258507493 104
18 18 48 -64.733239551521720 -15.909361283443539 104
18 18 48 -70.618448193697802 19.606329885926321 104
18 18 48 -36.918353086972807 6.945224491937599 104
18 18 48 -31.033144444796722 -28.570466677432258 104
31 11 51 -55.879958123347656 -43.524925879401891 104
1 34 86 -36.610758646309975 58.944314730710758 104
31 11 51 -14.213181156629112 97.974412381033659 104
31 11 51 1.612684999402774 82.692332666172689 104
31 11 51 18.022360092601431 97.345747399116547 104
40 19 60 -1.900196816917905 18.892137542848051 104
19 18 69 15.358516732068473 57.157021624847175 104
40 19 60 35.416568681192246 26.065631305238568 104
12 21 68 23.402999209887746 -12.087666698448359 104
19 18 69 1.365791360744426 -44.264699970856427 104
35 27 73 33.198828187553758 -76.071267946401989 104
19 18 69 -11.768597709827928 -77.783169860498305 104
7 27 75 72.972864696877593 -39.546947011510198 104
7 27 75 81.858691965949561 13.716943887899479 104
5 18 77 71.761733712835351 57.569554232494362 104
39 20 83 -49.670347933681981 -75.052358631471236 104
5 18 77 42.404325153619212 81.644799027654756 104
28 17 87 -83.960165833047114 39.996131729046340 190
28 17 87 -92.725101338655605 7.145318868745242 190
28 17 87 -59.892995113862071 15.980068488506635 190
28 17 87 -68.657930619470562 -16.870744371794459 190
1 34 86 -37.962738123873407 62.024219347796603 190
8 30 88 -21.938683487918752 -11.741227098113837 190
28 17 87 -52.974043271265614 -47.037210483170796 190
8 30 88 -12.542080703393111 -71.000858012504835 190
10 34 104 23.626468973639525 33.201145793790204 190
30 24 88 81.376230087249354 27.819223152112890 190
21 18 92 64.024349340030383 66.067258847221382 190
30 24 88 30.560740534521884 -24.382843976978009 190
39 20 83 88.641775535052858 -15.576765710291234 190
38 19 94 66.639538831911565 -47.777721908189179 190
16 17 84 35.098080401297196 -65.131004020510915 190
3 18 96 63.532779565359917 66.540107609616811 294
26 24 98 81.167747169426775 28.421766648820615 294
26 24 98 33.900307488176537 36.775756472813114 294
3 18 96 29.596816107785212 78.554698081462050 294
14 27 78 79.874673447708716 -22.561838170279835 294
14 27 78 -11.448982100923523 60.109036005787921 294
30 24 88 -5.562308966213642 9.449909686781147 294
30 24 88 -50.239417885952363 26.998583100284591 294
30 24 88 -85.842988009930593 -5.194363245568326 294
16 17 84 40.097352268729431 -3.753203987428432 294
29 21 105 13.791301173055018 -31.175670611562865 294
7 27 75 -34.182462485015471 -32.762491483493633 294
11 30 72 -0.965167733797788 -79.994177608408705 294
20 29 109 55.053020519487262 -59.415191085116561 399
20 29 109 80.663488535641179 -7.375745200349904 399
34 20 111 32.420436871353715 -15.955253701242686 399
34 20 111 42.101033939595304 22.855647349909844 399
29 21 105 78.163298096115597 42.561706153980396 399
25 33 106 -10.361758434944981 15.328668124092999 399
20 29 109 22.630931029993683 67.821357537668732 399
25 33 106 -76.216693472514692 10.955164814676969 399
25 33 106 -56.702791288386599 -52.094082774396455 399
22 23 83 10.575443932960347 -86.354849230490885 399
29 21 105 1.813887528709323 -43.236000343082864 399
7 27 75 -32.727269487523067 76.275329116897566 399
36 24 69 57.268071157366307 64.158927873794994 510
11 30 72 5.584369879351470 79.804854570700087 510