5 10 93 100.000000000000000 0.000000000000000 0
5 10 93 98.000000000000000 19.899748742132399 0
5 10 93 81.766312060385914 8.217823563497323 0
5 10 93 83.766312060385914 -11.681925178635078 0
5 10 93 65.532624120771828 -3.464101615137756 0
26 39 94 45.631106615552163 41.312338629587330 0
28 22 96 37.648165857959469 -19.163050222910059 0
16 11 96 13.330983497911053 3.145572371686641 0
28 22 96 -12.691645362748805 23.438989707866185 0
26 39 94 -70.826321910492865 4.963076125875805 0
28 22 96 -40.245073567199256 57.743633623554842 0
16 11 96 -7.291480530122936 55.994146285288302 0
3 28 97 -55.589231061442440 -60.281318747996572 0
21 20 91 5.261386442893098 84.338908248616974 0
21 20 91 -21.141124997008291 -26.854862331357140 0
30 25 87 -8.485129507232621 -84.575425374310058 0
8 10 79 -85.610986207162000 51.679386999432552 0
8 10 79 -88.238693357188481 -40.838772315014651 0
2 11 120 35.680459476172643 90.312181705943800 0
8 10 79 55.446797892056210 83.220505907603510 120
8 10 79 70.898533511759638 70.522322323374283 120
19 16 80 81.525412472986105 46.793237984878559 120
11 15 79 51.548716370357738 54.692458881312959 120
38 33 79 53.319946572805371 6.725149768022710 120
19 16 80 30.167960181543755 77.139357660308974 120
11 15 79 22.526434123737751 47.095937756645007 120
13 25 80 -10.217967395515345 70.069926725605868 120
38 33 79 -62.504780343187981 44.968349249775919 120
11 15 79 -94.550350726947826 9.232073299706713 120
38 33 79 -57.115061306484456 -20.811213904028897 120
19 16 80 -23.709358486888597 15.036505955522081 120
12 19 76 -5.460268886117760 -14.829373049507016 120
11 15 79 -16.810318136113494 -46.878965590172356 120
11 15 79 -40.158725961240776 -65.716477422458894 120
29 20 84 81.512057309667256 -38.154744307169992 120
11 15 79 65.181451274662436 -69.111347908493329 120
3 28 97 27.437028551657654 -48.511383022428106 120
12 19 76 -7.764705747290614 -79.653603597497082 120
36 12 71 -66.398627347622323 -72.077890412744324 120
36 12 71 8.723154262902444 12.735650218682657 120
2 11 120 96.040216511054339 24.026585535814394 120
36 12 71 97.993717019309727 1.109695786892377 120
25 12 104 97.993717019309727 1.109695786892377 240
20 38 98 63.090758223665453 -34.692307890409808 240
20 38 98 -3.161121931073012 -71.930572833371002 240
20 38 98 -65.890887835449263 -29.023971131742901 240
3 28 97 -73.405221371720344 36.546866833816708 240
25 12 104 51.554746918267632 -83.343314490085973 240
25 12 104 -51.889488414651829 -83.135317357099893 240
25 12 104 14.042444750579081 -24.983397269446499 240
40 23 90 72.904408444797269 25.513109385258002 240
40 23 90 28.064152004736876 15.249026260612972 240
40 23 90 41.595323492269323 59.213869012236572 240
40 23 90 -26.183442108887526 17.282818369065239 240
24 12 87 76.577846445134824 60.319802035633103 240
30 25 87 -6.371310542082405 61.003287748746018 240
24 12 87 20.110410565809094 86.843536338182105 240
24 12 87 -16.179958565553484 -23.655217913031890 240
32 19 85 -46.984080362963880 77.932638813571245 240
36 12 71 -21.076242684550159 94.955680458029690 240
37 13 120 70.315074399861302 -66.819086436002465 344
27 17 116 83.919607709347062 -40.081160685655014 344
18 18 118 49.158212362413664 -44.161037342393215 344
18 18 118 42.001675039209672 -79.442533534329129 344
14 14 115 95.337313239357599 -11.260404268968667 344
14 14 115 67.454132017520095 -13.815439484023120 344
14 14 115 19.650481254663113 -56.542224881264048 344
14 14 115 21.204691761581444 -28.585393342261192 344
33 36 114 64.595582167463533 36.102780563918706 344
33 36 114 -4.099385321667157 14.538888483237223 344
14 14 115 19.855888839904779 58.426755141847138 344
14 14 115 38.872441486760323 78.978415060923552 344
7 20 108 6.625759594540096 89.755775913282378 344
23 30 84 -46.655558350805748 64.986605350445558 344
29 20 84 -84.152620893817385 31.911383497138605 344
15 15 113 -94.990143236209633 -1.368461897306211 344
7 20 108 -60.017426221830561 0.013227153153782 344
15 15 113 -81.072993863359628 -27.945010833046172 344
33 36 114 -35.265828596134831 -50.366063666959974 344
9 13 68 39.179405294014899 -8.438193203607842 344
9 13 68 85.537836163097225 -45.741431815533886 464
6 21 65 88.208058949494529 -11.846448259393838 464
9 13 68 94.575425476736726 21.552004451888415 464
10 20 68 61.646564373453060 19.386339094393840 464
9 13 68 82.786775337631795 44.725863170232699 464
10 20 68 52.745623292717141 58.383431907541691 464
10 20 68 23.423620783159500 31.176444407461947 464
10 20 68 14.522679702423581 70.173537220609802 464
35 16 69 58.857880187918269 -34.375696064491947 464
17 13 60 44.818526464914761 -9.000579374309268 464
10 20 68 11.872194155644202 -7.119306569234285 464
10 20 68 -15.517185733419815 22.032397828494084 464
10 20 68 -24.418126814155737 61.029490641641935 464
10 20 68 -64.374551018672435 62.896082399020194 464
31 13 54 -45.621234202607681 35.742572342375524 464
1 15 63 -87.614269605486413 36.725192463718152 464
1 15 63 -11.513792107833909 93.563751748776639 464
39 23 58 -65.568303559638650 5.774015085380384 464
39 23 58 -78.012281404742041 -38.510828996885230 464
31 13 54 -64.940427232689288 -72.053736272561096 464
31 13 54 -45.758830526391321 -54.501917341266847 464
34 27 75 39.716867002741161 -72.880521921063178 464
4 21 77 -0.243735964086987 -46.288225846306382 464
12 19 76 -26.147449880832703 -15.808763821536417 464
12 19 76 -24.303311780678783 -78.243457210289208 464