19 11 97 99.000000000000000 0.000000000000000 0
2 14 98 92.888888888888886 24.241582476968254 0
2 14 98 74.227729287533037 3.366690325564822 0
29 17 96 62.937916634883287 32.237785390838489 0
31 24 96 48.885652588270716 70.754455485283046 0
20 12 53 81.157261317438682 54.800043241910060 0
36 21 88 24.940200332879677 32.654385717830017 0
4 30 92 -4.337291366075412 79.882337870181090 0
7 35 93 -59.554275492031842 45.588247066751478 0
7 35 93 -71.246858525477307 -23.428298065600529 0
7 35 93 32.794427763707247 -22.792084967551176 0
32 23 94 -19.069388792350555 -48.756378376761930 0
38 13 86 -12.221736153666676 37.611360469706604 0
38 13 86 -24.360798127155967 -13.147376884842302 0
38 13 86 -1.282574015633241 11.012618103631471 0
10 19 85 86.524143198772123 -28.188164958336259 0
10 19 85 -52.252492779842321 -74.502865705236644 0
37 15 83 68.970993376619759 -57.306663053551830 0
37 15 83 50.161243497243994 -80.677442019502564 0
22 20 71 15.618039320582174 -75.041215869900924 0
33 15 67 -17.376468499071958 -86.718649395242977 0
20 12 53 -96.577744860562206 16.635480084690961 0
20 12 53 97.991993286632692 -1.252697773819918 98
25 15 59 91.653491861659305 24.992747539331290 98
13 21 57 65.052006669675720 0.736593978210386 98
13 21 57 80.288682148481101 -38.402181173211666 98
13 21 57 53.737897731613664 -70.945319418455171 98
5 13 58 65.402915804006568 34.734783088506298 98
5 13 58 46.294558472722677 -37.770077133325550 98
5 13 58 34.665144243335710 -14.515900633579706 98
28 13 59 32.772460258725260 11.415118384854551 98
25 15 59 37.725614772654865 38.973533803037412 98
23 14 65 57.202704732498816 60.459412111734636 98
20 12 53 82.186944839694917 53.263041758148475 98
24 26 67 22.789793788553659 80.849398878873558 98
24 26 67 -3.149925923131669 35.781328792844761 98
28 13 59 -15.373883149060301 72.816107984014067 98
28 13 59 -34.166878542989409 90.783392812940235 98
3 16 61 -42.684429158441446 63.062438076257507 98
24 26 67 -53.413578588675726 22.455968733261138 98
26 20 65 -89.821933265991902 -5.658648633702075 98
3 16 61 -84.461986115444162 -41.257398141842607 98
3 16 61 -56.558489758578602 -19.426122113942519 98
20 12 53 -91.217539699207791 26.310903798003419 98
24 26 67 -47.044481420712685 -60.334356558208356 98
26 20 65 -20.700871833147467 -22.624752557397876 98
23 14 65 -7.552509154735318 -53.979505927133360 98
23 14 65 9.011397116117923 -6.096562278770270 98
33 15 67 14.068261710589921 -34.652264344613023 98
23 14 65 18.867433576959556 -63.252403319748204 98
26 20 65 -4.603616981084302 -87.851382682757333 98
14 13 103 -71.089848832288922 57.220166843885735 98
14 13 103 -89.061821056005613 38.431654013170380 201
6 25 108 -84.997517508163256 0.649628701244659 201
17 33 110 -57.977198444807577 -50.671929709568026 201
6 25 108 -35.035490741785246 2.597930884102446 201
6 25 108 -2.122890032944646 -35.041951084102848 201
6 25 108 -10.719139214014087 -84.297453314990349 201
39 37 86 24.131710985630637 21.124728765746077 201
14 13 103 35.150431343711375 -27.646039135430307 201
30 27 113 38.498624176665878 -67.505662876170163 201
14 13 103 77.448701445400516 -58.401187012090908 201
29 17 96 87.928624635360052 -30.291202843960381 201
31 24 96 85.340879808606729 10.627051966229317 201
14 13 103 68.746586646979011 43.697120524760550 201
30 27 113 6.766204082256372 82.723747994860929 201
11 16 106 49.667172815048161 79.807092069315132 201
8 15 111 -34.851692947530275 88.376238314894735 201
32 23 94 -31.486572184271310 50.525532083059595 201
11 16 106 -67.553022697522408 65.365045126795579 201
16 14 112 47.762496598986026 83.275109838605729 314
8 15 111 20.368136262892929 92.790834812368331 314
8 15 111 26.601477125530224 63.445554754236731 314
8 15 111 -1.928951317299280 72.719963245811016 314
17 33 110 67.126953867782333 37.722301950339954 314
8 15 111 19.244750131092040 34.361563144945805 314
17 33 110 71.681556793336441 -28.120355895395083 314
17 33 110 7.627628975811440 -12.211417176948256 314
31 24 96 -19.589993107924585 37.948026243829275 314
9 24 79 -62.894163755444481 58.654276617339121 314
21 29 79 -80.534019524392548 8.675926419971560 314
1 15 77 -30.812086420963350 80.829495080848616 314
22 20 71 -80.461005940721904 -40.324019182208445 314
27 19 78 -45.152755934547613 -23.761184838368216 314
32 23 94 -45.788318717767424 -65.756375752907303 314
18 18 119 52.658073935246286 -75.439560241494888 314
10 19 85 18.289314016667962 -89.143148883129058 314
1 15 77 -15.710292020137269 -88.979474382862946 314
15 15 74 -2.345546999476199 -62.120889339478488 314
23 14 65 26.218232192551319 -57.109849699933044 314
23 14 65 25.600127547944158 -92.523691395928381 433
23 14 65 51.208806401854147 -81.201343257962321 433
23 14 65 72.461180544495292 -62.971241960898766 433
35 25 71 81.248360505466550 -24.974064850835621 433
22 20 71 87.853546673613366 19.538534665302752 433
22 20 71 49.799937289071728 7.212837410837823 433
35 25 71 23.685192216134226 -53.570732295559814 433
35 25 71 6.928153749544972 -6.462328991804675 433
40 29 73 19.825006968680146 45.974978119107135 433
15 15 74 63.813673954236464 44.976390699885506 433
34 19 83 -6.634329462367511 -85.456882975547259 433
40 29 73 -31.500314043776619 -44.399815242973794 433
15 15 74 -71.668242072069916 -62.359145907390271 433
15 15 74 -87.540096200320306 -36.901647080295291 433
40 29 73 -66.582972768904455 1.786839288137379 433
21 29 79 -37.843636086155570 52.165907630412271 433
15 15 74 -5.477198825077883 81.972177759778049 433