4 10 98 100.000000000000000 0.000000000000000 0
4 10 98 98.000000000000000 19.899748742132399 0
4 10 98 81.766312060385914 8.217823563497323 0
4 10 98 83.766312060385914 -11.681925178635078 0
13 16 97 84.144800066126621 41.900508610655038 0
13 16 97 58.886613569827034 -4.132050807568878 0
1 33 97 35.243836968737497 38.786699344211790 0
10 24 99 69.709472675939509 -42.640046350952318 0
1 33 97 15.133828893587719 -26.193189333824471 0
10 24 99 -18.508074008024842 19.820095369166168 0
1 33 97 -75.364969317455447 15.783580068507906 0
31 13 99 -7.723168908672255 55.213397306085795 0
31 13 99 -93.286750020641904 -26.581615274212911 0
1 33 97 -51.464862673236972 -45.737025442125557 0
32 15 102 -42.383404486974221 50.657874058964026 0
32 15 102 -53.432842167997073 78.548910736240728 0
29 14 103 8.054429852796915 77.123837222301233 0
29 14 103 32.801826646910875 90.222171158900892 0
25 21 93 42.281630538326887 -78.315156381254980 0
10 24 99 -2.672770993351676 -80.340442269374677 0
15 10 73 -75.083511124869318 66.048969387581110 0
15 10 73 -33.749684753330946 -94.132665844810646 0
15 10 73 -29.314098875967876 71.969684184950935 0
21 11 64 54.738969682112128 78.232102124357297 0
15 10 73 73.168356297838642 68.164445546579017 0
29 14 103 -15.792348374638010 91.798003916581891 0
7 11 109 24.552591974070832 95.907091642666302 103
7 11 109 2.765636474730428 98.961362434485721 103
3 12 109 45.639720470859814 86.723790941942681 103
3 12 109 -20.033781390600783 95.930431059146287 103
7 11 109 -42.140652877164847 89.583287364810957 103
3 12 109 -61.125994520975979 76.600344606415547 103
14 25 112 -73.957311141267510 41.896493036455318 103
23 13 112 -41.315183892734694 61.351351778954367 103
23 13 112 -36.447750680406600 35.811028877246059 103
23 13 112 -49.140194802941380 13.119579778602478 103
20 26 113 -83.600415900885864 -8.183548203494020 103
20 26 113 -62.764519055779665 -55.826652664266661 103
20 26 113 -2.761996251586609 55.464780390919842 103
38 13 114 -46.549162419980000 -20.357480004422630 103
38 13 114 -16.608871055269621 19.005706648281667 103
28 16 114 65.718806297471190 67.208916810460948 103
33 36 113 72.330310464782272 15.630936890289313 103
33 36 113 51.381078543445952 -53.253964807441683 103
38 13 114 40.502346968950931 52.886550423125243 103
38 13 114 24.913627271481605 27.986427772733403 103
38 13 114 7.321983783719471 8.841348002738291 103
25 21 93 -18.607279913972956 -39.728881657903912 103
38 13 114 -23.456241047850234 -6.076428910412423 103
18 19 90 -24.378149923656796 -79.310405874782333 103
21 11 64 93.528780696471486 -32.455618641944596 103
21 11 64 85.880258217736383 49.250190339276074 217
21 11 64 94.636476385537932 29.067805856815568 217
9 15 58 68.646301251913187 29.782506160099690 217
9 15 58 85.273877040785933 4.812049148156699 217
9 15 58 55.335039029899662 2.897374617613318 217
9 15 58 38.707463241026915 27.867831629556314 217
30 20 71 58.187941262769684 63.183444864535566 217
17 29 70 9.258248843755396 60.559478443131439 217
17 29 70 2.434710236003383 2.962262183415227 217
19 29 76 -44.034172928300976 37.670228091290475 217
30 20 71 -88.403466626251031 16.876821041337131 217
34 19 72 -32.482705583484247 84.259535900933173 217
16 34 74 -68.337417870498001 -33.256537985679429 217
27 22 77 -37.154932830863252 -79.771617548687331 217
34 19 72 -16.510996334398836 -44.348067671099614 217
37 24 77 8.839873272341777 -79.080378423222555 217
16 34 74 58.288941536937223 -48.768835279341204 217
22 13 118 -69.856777971785533 -67.298072568244180 294
28 16 114 -45.133480109008637 -82.455860757436284 294
33 36 113 -36.800504169712973 -31.127880941403006 294
40 28 104 -80.495711268787801 15.634592010409122 294
40 28 104 -26.975172772286193 32.113425678011019 294
1 33 97 24.827706848513056 -0.096226027541190 294
1 33 97 22.702497819600939 -66.062001143001112 294
26 23 92 74.537258997723214 -44.868664133293848 294
26 23 92 86.998009314959120 -0.588536519075014 294
18 19 90 81.233332514743353 41.013969431757502 294
1 33 97 35.144037258243074 65.092525508880186 294
24 20 84 -65.852839700107268 61.346585100003537 294
8 21 82 -29.885030600987005 81.026948628384872 294
5 17 86 -83.643725635929698 -40.653747204179311 412
5 17 86 -92.666176105709368 -7.872725445845216 412
5 17 86 -89.303136972274771 25.960541729924085 412
24 20 84 -56.469824267689106 -15.542413419827428 412
8 21 82 -48.800922402599682 -55.818807798962567 412
8 21 82 -51.312173181898586 25.131886024382357 412
8 21 82 -59.301686395304571 66.364975632278728 412
35 27 81 -10.772255629049532 -26.530234883467298 412
2 34 81 3.141943936683866 32.861642090113399 412
2 34 81 70.916466638163016 27.328643573333665 412
39 20 81 47.915093999494736 76.184931364539437 412
2 34 81 64.398826039661003 -40.358285453094751 412
35 27 81 13.894041663140520 -74.567447311888856 412
6 17 76 -28.104186966348955 -87.687995775468082 412
6 17 76 -92.666176105709368 -7.872725445845216 498
6 17 76 -89.303136972274771 25.960541729924085 498
6 17 76 -61.684187671749683 6.131430818563871 498
6 17 76 -65.047226805184266 -27.701836357205416 498
6 17 76 -58.321148538315079 39.964697994333157 498
6 17 76 -30.702199237789994 20.135587082972943 498
19 29 76 -19.166282200716648 -24.394432208666277 498
37 24 77 -51.490907809507732 -66.395843842699335 498