14 11 100 99.000000000000000 0.000000000000000 0
14 11 100 96.555555555555557 21.863775779997951 0
35 23 97 65.805567622359632 7.357286125077776 0
10 16 90 80.423103625780030 43.514272188475104 0
32 27 92 37.741656548991728 48.738645397896477 0
32 27 92 16.492947657017105 -0.905008480762767 0
2 15 90 30.230863745324772 90.061617114126975 0
26 28 95 -10.259842481673328 75.587408699193276 0
17 25 89 -60.745256863642439 59.455981772821666 0
26 28 95 -81.310856035849355 10.608708249234681 0
26 28 95 -69.159122376646124 -44.056960767761602 0
20 22 88 -20.349891762434130 -33.209887114067214 0
32 27 92 -14.046588543035156 -81.802771042933955 0
20 22 88 -25.773977193443912 28.055192002041068 0
40 23 87 78.855810174432463 -36.752703325522511 0
8 11 81 48.319542668454886 -21.801570699417606 0
17 25 89 28.431624529056222 -51.809414875242325 0
8 11 81 -51.966786796704170 -84.264186164858273 0
8 11 81 -43.686975757685808 0.340133235416236 0
27 13 77 43.573149035384702 -86.662452556687740 0
29 12 51 64.825207411572052 -73.496207276611656 0
29 12 51 95.333333333333329 22.705848487901886 100
31 17 42 92.794251905035622 -6.182783627525019 100
29 12 51 72.698829171615358 14.725922338295454 100
28 13 61 76.723854432219198 39.399778373611483 100
31 17 42 64.643261993374935 66.859918328217304 100
31 17 42 36.291685464690033 85.626593801995924 100
18 22 60 42.778187009969471 30.873837765208577 100
5 26 111 51.051687449403957 -16.505492219141654 100
39 18 80 74.821739072432933 -53.532302044436335 100
18 22 60 35.726856295190530 -61.993397755612008 100
28 13 61 15.811206922368925 -33.212033818876307 100
5 26 111 3.123721342735145 3.666519700297748 100
19 13 65 9.633964925989506 42.119305405454341 100
3 17 66 5.232427381991279 71.794656578587478 100
13 37 88 -22.813501960049798 -69.343666821987455 100
12 22 67 -76.145797798260986 -44.111421170331283 100
12 22 67 -87.982923019757663 -1.733567679497071 100
3 17 66 -85.248787786784831 37.170474585129071 100
3 17 66 -66.191496026831828 65.327527534186586 100
3 17 66 -38.287242837000505 84.753094550821885 100
19 13 65 -55.249621403113899 37.394117793898204 100
37 19 69 -48.742184408270681 -13.614831636877810 100
37 19 69 -24.500288501688253 51.497720697021734 100
28 13 61 -34.885168122541671 21.229680204443035 100
4 17 76 92.794251905035622 -6.182783627525037 211
4 17 76 88.815235298233873 27.583581691276994 211
4 17 76 61.562213442086367 7.254469568305507 211
4 17 76 65.541230048888110 -26.511895750496514 211
4 17 76 57.583196835284610 41.020834887107526 211
36 16 75 35.461808930255273 -12.938818532417152 211
39 18 80 29.188818845095934 20.557225758943236 211
11 20 75 24.871679038167866 58.311196462531981 211
36 16 75 56.837406275368089 74.869948897329621 211
7 31 80 -18.556978665009833 31.572615907457177 211
27 13 77 -4.538278914409402 73.279642381452135 211
27 13 77 15.429551509251956 89.931541617632490 211
25 33 74 -76.830204875244178 5.110735644504253 211
27 13 77 -33.338056614557232 -9.870353757486040 211
27 13 77 -48.407684197009374 -31.057763333132556 211
27 13 77 -72.557474340183035 -40.690397242955598 211
11 20 75 -63.152820178278290 56.315512256175978 211
7 31 80 -32.409157559932829 -72.046141508448940 211
38 14 81 -34.013879439573948 73.834705520315651 211
40 23 87 14.956042655969833 -46.112807582641103 211
28 13 61 -17.545717270483763 -30.632639570530408 211
11 20 75 41.801088993775828 -79.703632031008681 211
38 14 81 9.170292677768689 -89.255130959619592 211
38 14 81 71.807494276696943 -63.715647730382010 211
6 14 86 1.609158892845134 -11.603958082641270 211
21 20 106 41.801088993775828 -79.703632031008681 298
21 20 106 72.210686753299555 -53.717936656361317 298
15 24 103 85.203166843380373 -11.679912664874109 298
15 24 103 31.545210161822894 -36.915585226038722 298
26 28 95 40.193075424320071 14.360280699381736 298
13 37 88 10.589859620213108 72.227798479700184 298
20 22 88 67.457841516974838 56.510526611160735 298
13 37 88 -24.390881927017016 7.017770717047849 298
6 14 86 92.521303329138988 25.608756906133763 298
7 31 80 -8.899737903197533 -74.187641461478719 298
16 20 79 -45.109152063015600 60.119119876667042 298
28 13 61 -78.015987474935457 57.641180577003404 298
6 14 86 -39.898418100888925 -41.567374356483157 298
40 23 87 -73.873662289123374 -26.915317082849498 298
20 22 88 -86.480482817041562 16.282693012256285 298
37 19 69 -61.517531328872145 -67.056642767150478 298
6 14 86 92.325398039676202 -26.306289681658882 404
20 22 88 87.499857294034967 9.368829890840892 404
30 15 86 64.171913133370879 -19.350623816305745 404
6 14 86 51.593111180204332 6.779315743957572 404
30 15 86 60.292380998196677 34.443782206077671 404
25 33 74 12.327435488702463 32.609660544013956 404
20 22 88 51.010475249776441 71.707261939025017 404
33 16 117 18.929563652969556 92.074272301811732 404
15 24 103 -19.229003916773713 80.077451013431329 404
15 24 103 -62.427206759590092 59.151025825385219 404
16 20 79 -87.087374907983914 22.710991427858307 404
20 22 88 -45.571804289713725 16.350378545484347 404
16 20 79 -88.327542372964487 -17.269778758054866 404
25 33 74 -13.321997754670361 -28.202398903876485 404