11 11 83 99.000000000000000 0.000000000000000 0
11 11 83 96.555555555555557 21.863775779997951 0
17 18 83 71.111111111111100 7.950463919999259 0
17 18 83 77.174358980644996 43.436193802201103 0
38 17 83 84.927863729457314 -24.206920101146231 0
38 17 83 51.102399848716644 -20.766281606228631 0
38 17 83 36.158625942937604 9.773587768949742 0
13 28 78 6.205400048129270 -23.809209292858313 0
38 17 83 4.115627773258105 21.142240648597191 0
9 22 79 31.873541464160120 48.537463362209770 0
8 17 75 31.411336002543422 87.534724370019688 0
9 22 79 -4.749073376654394 72.925658912954248 0
13 28 78 -53.560941939535205 62.090462218844365 0
13 28 78 -80.925421845307824 13.231632520553738 0
9 22 79 -79.954861243962753 -36.758946713129056 0
35 20 76 -38.267041029435191 -41.870271958232046 0
35 20 76 -34.253494164130956 2.018641549229494 0
23 29 62 5.602423422169792 -80.806019898264537 0
35 20 76 53.827977409128415 -72.128696425502952 0
3 14 57 59.805915853793628 75.094956081543543 0
39 11 40 -30.510525676202413 93.549615260321545 0
30 16 71 -39.300739144669905 -77.855428178631598 0
39 11 40 -65.993797126323258 -73.795790807129961 0
39 11 40 -22.240063161534252 30.596210997064780 0
39 11 40 96.555555555555557 21.863775779997951 83
39 11 40 99.000000000000000 0.000000000000000 83
39 11 40 78.843192529652626 8.814936902970350 83
39 11 40 76.398748085208183 30.678712682968296 83
7 24 54 44.600213647862923 16.054991965005733 83
15 15 41 60.842820412712499 51.511694088616480 83
7 24 54 22.504854891400164 58.667139545516207 83
23 29 62 -8.397908271540544 15.608815972771350 83
15 15 41 -16.494680888504604 58.857426045109875 83
2 14 52 -4.596271321278459 85.304124322409848 83
16 17 59 -35.590141892974408 85.920555166025011 83
2 14 52 -63.352741464928371 72.127873591822620 83
2 14 52 -81.470440562440416 50.779595454885850 83
3 14 57 -53.923439820041231 45.763346846786419 83
16 17 59 -72.652032375298646 21.060314221232989 83
23 29 62 -77.135520836190807 -24.720667979032736 83
37 12 91 -48.656803624613289 4.774461550823525 83
14 23 98 -51.620767248992877 -70.030681766103811 83
31 18 95 -16.138453795563592 -90.573452562483553 83
33 16 64 -15.009191096620901 -56.592211182028123 83
21 25 92 25.781337790534657 -80.995818544727044 83
13 28 78 66.847552201673892 -47.491101952307702 83
33 16 64 31.237444269106589 -21.646949557018992 83
37 12 91 -38.240575342671598 -37.689215124190135 83
37 12 91 3.311606735163895 -23.683514809555163 83
24 12 101 19.701247379599231 94.557803859788422 83
24 12 101 53.236030963583033 77.418001318258703 83
24 12 101 42.828864341800660 88.145835858488724 184
25 18 99 63.587611833390184 66.487710302928136 184
27 19 99 83.793282956762752 35.492051664110534 184
4 15 99 94.940164276260262 3.371232296463052 184
25 18 99 87.391206538133673 -28.753730537258317 184
25 18 99 62.510170841708913 -2.735773994262141 184
27 19 99 51.587676885000640 -38.086857793286910 184
27 19 99 45.821334531347304 34.032211680554198 184
27 19 99 22.937459526959135 64.369124258856203 184
27 19 99 8.106860063956010 29.382650878877314 184
27 19 99 -14.777014940432160 59.719563457179319 184
14 23 98 -56.246751045990834 66.372456612440743 184
12 28 98 -37.885023300316419 18.792555874905254 184
14 23 98 -86.877087368847086 4.622952552829286 184
12 28 98 -54.415471318118463 -34.712063442783048 184
20 16 97 0.483679716793719 91.217360182965038 184
19 24 103 35.929918352232740 -78.134761580246021 184
14 23 98 9.602447985564851 -39.200659509025414 184
24 12 101 70.496035663246630 -68.075758943740468 184
5 16 92 28.595126165546688 -5.137803264258714 184
8 17 75 -21.046630533320045 -64.903460639315270 184
30 16 71 -50.859381274250580 -79.052661792000464 184
1 16 113 71.873197562435323 -60.582534382040677 287
10 23 116 83.781443194532216 -23.445037347834866 287
1 16 113 92.878156712557072 14.479226694740618 287
10 23 116 53.984590744564628 11.599899291783426 287
10 23 116 38.533211565622921 -31.727400202514243 287
10 23 116 8.736359115655333 3.317536437104055 287
36 26 116 23.570261724576561 50.018235932818683 287
40 19 117 68.559772370146987 50.989797496542565 287
28 39 103 -20.229313734989042 -51.500250788480344 287
36 26 116 -79.936725420966951 -25.809299273187101 287
13 28 78 -41.498546328885219 12.118347478029234 287
22 20 108 -80.742607230983793 39.757155048407128 287
5 16 92 19.938990516293281 91.860963728839508 287
21 25 92 -20.004297364737390 82.612517737587211 287
32 17 72 45.869988277246513 -80.900829263025898 287
5 16 92 90.877129128536367 24.028054464632110 404
21 25 92 83.424638425621367 -16.288944212389563 404
34 27 78 47.939051090672272 21.721226682960278 404
13 28 78 33.573348786513392 74.811965963067166 404
34 27 78 33.338719497098154 -30.267525152005728 404
34 27 78 -4.384694506240209 8.371108829188996 404
32 17 72 73.422181607463614 -57.080497965597957 404
32 17 72 -5.424804364694232 52.358813605436957 404
30 16 71 -9.196725726005525 85.142538367032969 404
30 16 71 -41.190169199702375 84.494792509952291 404
30 16 71 43.955186809729312 -71.936345891256735 404
26 27 67 0.983670359548242 -73.501201786161317 404
26 27 67 -48.205150477203581 42.070860140636171 404
23 29 62 -80.929760761371526 -3.372509912093520 404
18 16 68 -14.558023185267444 -33.408113083006569 404
23 29 62 -57.927529309441667 -56.616263989279410 404
29 16 91 59.635284018447493 17.103668996071328 496
29 16 91 90.877129128536396 24.028054464632003 496
29 16 91 69.259512852122583 47.622093256787295 496