23 10 78 100.000000000000000 0.000000000000000 0
23 10 78 98.000000000000000 19.899748742132399 0
23 10 78 81.766312060385914 8.217823563497323 0
23 10 78 83.766312060385914 -11.681925178635078 0
31 10 78 65.532624120771828 -3.464101615137756 0
31 10 78 63.532624120771821 16.435647126994645 0
27 18 77 78.566312060385911 40.057421550909162 0
5 20 78 40.784241580620311 35.993537908132836 0
27 18 77 58.220806640926583 69.756923385565443 0
33 29 79 59.160451104693607 -41.940008505725331 0
21 14 79 41.544346161713591 -2.714087909289165 0
33 29 79 0.087664592835296 8.702722209856484 0
5 20 78 6.886382297392352 57.228771271919456 0
38 13 76 29.452805178456309 81.306905716950553 0
7 28 72 -38.685926428313408 72.300754466209568 0
5 20 78 -78.043627985840061 44.824012881577232 0
33 29 79 -80.896529314057105 -4.092865126033367 0
5 20 78 -73.121049561841701 -52.472012644596447 0
27 18 77 -44.936792831430374 26.170930936259364 0
38 13 76 -1.326360635502613 89.190480448967293 0
2 17 81 -43.290020161865741 -30.583438343428035 0
5 20 78 -35.780366729400001 -66.813330771149310 0
5 20 78 -3.147135146384962 -89.944958393288445 0
27 18 77 34.563051673555620 -85.260749814971277 0
8 18 75 13.732240894431715 -55.899596528965361 0
18 11 59 -40.926279734003593 -2.550416258734266 0
32 21 91 -80.615552737894674 -37.711174163153842 81
32 21 91 -88.932833032636566 3.457052037384592 81
28 18 94 -52.561669824536921 -10.619115299279841 81
32 21 91 -39.762408235944960 -47.459024403223005 81
36 13 93 -66.394992027223822 -68.594432622618967 81
9 25 94 -53.160592640290723 32.376713468878236 81
9 25 94 -33.233062494249879 78.234030685202981 81
9 25 94 -3.483225908531580 38.047624735889016 81
24 14 105 -24.886098308233315 5.445216035885174 81
9 25 94 0.098775388489500 -24.500669931285820 81
9 25 94 -2.501127220534595 -74.433029242894463 81
37 15 86 -43.367623676870458 -84.523660691083094 81
7 28 72 49.693239416363454 -65.227156586102865 81
28 18 94 84.849206589662344 -35.561385534098648 81
28 18 94 52.717684728917078 -19.326691114047215 81
28 18 94 82.843103449731728 0.382675869587505 81
17 16 86 87.617850250848932 34.045738608815817 81
37 15 86 58.699086004903961 22.878595980217622 81
17 16 86 36.931491800854943 44.950565592552906 81
15 11 84 79.019419206646319 59.640014991985822 81
15 11 84 19.611580380995424 65.663379703827601 81
15 11 84 27.468538540014531 19.663167237183291 81
34 17 82 41.362697634405762 83.295421509256585 81
16 15 62 11.322783215949514 94.322821099904615 81
19 10 42 25.914161309779509 -94.867592554573037 81
19 10 42 57.101445362714848 61.357057396482688 81