22 10 76 100.000000000000000 0.000000000000000 0
22 10 76 98.000000000000000 19.899748742132399 0
22 10 76 81.766312060385914 8.217823563497323 0
22 10 76 83.766312060385914 -11.681925178635078 0
8 25 76 70.291971924572152 41.283508471686559 0
28 27 79 47.310008688948507 -5.362277681367427 0
22 10 76 37.093487714911049 30.199256301112186 0
8 25 76 25.334023956246902 63.164617092534819 0
4 28 75 -2.463233348682785 18.039097856480211 0
25 15 79 -14.481313093600829 59.325484950106983 0
34 17 76 -24.532881855416456 89.705839876053659 0
34 17 76 -55.136491617799066 74.893039009512577 0
25 15 79 -78.687494919232904 53.228546319955946 0
4 28 75 -81.349144070244037 10.311001844567773 0
4 28 75 -68.997390195595528 -44.309819974772388 0
25 15 79 -50.397074811013596 43.245954967984204 0
32 38 114 -1.788373598564526 -47.957451783009809 0
38 16 73 -41.843705208745654 -84.173061809605045 0
38 16 73 -38.003206232937607 -7.901417315474870 0
3 15 117 -37.152134182519440 -87.434083318143564 114
3 15 117 -62.564085542358512 -71.489406209930479 114
16 16 116 -81.457163252581452 -46.911944692607797 114
32 38 114 -71.732115419961559 6.205128312719360 114
12 13 112 -52.498659295600888 -45.361122790021646 114
14 34 110 -8.635944914790130 -28.477335088578066 114
16 16 116 -7.478300870289502 -78.463931894784352 114
14 34 110 -7.902614115099425 39.518710575403205 114
12 13 112 24.178794934062246 5.170738387508798 114
35 21 107 -52.253473855476486 72.045641575566776 114
12 13 112 -20.711979636087030 84.739503966825851 114
20 22 102 30.293584273224013 -82.621418239346838 114
12 13 112 63.931053060840284 -72.950808457014531 114
35 21 107 78.374658538787031 -42.171233073370473 114
14 34 110 74.927864522948241 12.720657138320902 114
2 16 102 44.610418063347609 -27.039277974418518 114
29 15 94 7.254184196615729 86.115614602795290 114
29 15 94 37.226573891536738 87.402415277256239 114
29 15 94 62.624938588118837 71.436104784865918 114
15 13 92 -62.025918550860140 -74.577378794927242 231
30 35 93 -69.884184916982605 -27.225001349659845 231
29 15 94 -93.493766737591301 16.849794693611681 231
30 35 93 -48.955594898788512 39.573158204704725 231
30 35 93 -1.570986807759631 -11.950612193623069 231
7 32 90 6.095792455999579 77.761438479064793 231
15 13 92 50.833465084779469 82.613309021455535 231
29 15 94 70.967658444118797 63.155296333394652 231
30 35 93 73.822660388033569 13.236873242312910 231
15 13 92 91.825133167332339 -31.259317311830124 231
15 13 92 65.982828065707679 -34.118559700041388 231
15 13 92 45.341040833017260 51.873608967828240 231
11 22 96 37.074562983348365 -53.849555871751676 231
33 19 90 -2.099753679755683 -65.948023294481231 231
19 16 88 -33.730522577714183 -80.931162449008937 231
26 13 53 24.295767451978829 36.606111847561429 231
9 15 65 73.534735498221920 -60.146842603802085 327
9 15 65 88.623664927285162 -34.217627253453536 327
9 15 65 58.623841019154291 -34.114838727148424 327
9 15 65 43.534911590091056 -60.044054077496952 327
10 18 61 91.989503004722792 -1.389725492352945 327
40 26 61 74.422969038965007 38.951529872718176 327
10 18 61 55.989902524142991 -1.220122312433773 327
40 26 61 23.495186627428623 28.446246504659740 327
40 26 61 18.099516325050033 -27.887551349259716 327
40 26 61 -22.631269854759587 4.438955687143547 327
40 26 61 -20.358965337675389 56.389284196034026 327
21 19 60 -64.714716001030808 63.976601448544663 327
21 19 60 21.304888261904864 73.392910374962554 327
26 13 53 52.190976045272727 81.762473173466120 327
36 16 52 -86.566640644476124 36.636276114394228 327
24 13 48 -57.831521987666051 32.725655220080164 327
24 13 48 -72.514300803989045 11.268348626965153 327
36 16 52 -93.602180530488255 -8.638969842399423 327
27 17 69 -61.595339425125928 -16.674025688881660 327
26 13 53 -84.417290432815562 -36.146019736811475 327
21 19 60 -56.827288790315329 -52.356874414058893 327
27 17 69 -21.877108694430060 -43.726410274443644 327
36 16 52 -30.614054570462361 -75.548820251679530 327
2 16 102 -85.178336495676874 -39.757401723820458 396
6 31 101 -78.707230716920208 6.794985862641138 396
6 31 101 -38.179777428804030 -40.125431121647935 396
1 18 90 -29.725687343468127 8.139756755630909 396
13 27 103 11.425338303008484 -10.069940887191834 396
20 22 102 11.318807777440789 -59.069825083454198 396
13 27 103 60.277492998832003 -57.058074255759443 396
20 22 102 86.584737538794144 -15.718881173230216 396
20 22 102 83.371515972061616 28.163634788859795 396
33 19 90 -19.243004694214722 -86.400679780066994 396
19 16 88 54.076989753454100 3.959694332245774 396
11 22 96 40.882530721655854 39.595438338204147 396
26 13 53 -50.969470952328564 -82.225594299173920 396
26 13 53 33.134351527620872 -86.439188446235931 396
23 13 38 91.535055124156088 -32.098811246177121 499
21 19 60 90.999941384919140 -0.103285726409819 499
23 13 38 91.607684052400174 31.890942641377443 499
27 17 69 63.025066634846254 -22.761758373914866 499
21 19 60 55.100257133355029 12.355152002214105 499
17 20 70 26.932344801381113 -14.618329694782894 499
17 20 70 17.997433206311669 24.370993905252718 499
17 20 70 48.092448161715183 50.720378619777620 499