13 12 115 98.000000000000000 0.000000000000000 0
25 37 109 63.938775510204081 35.225459347689515 0
11 36 109 63.632794415738829 -37.773899386273555 0
11 36 109 1.402317750978249 -73.986711678012099 0
25 37 109 -62.216071817683556 -38.185866594550959 0
11 36 109 -65.334614480877875 34.747491285487982 0
25 37 109 -1.395838970673787 69.972950633177504 0
35 22 104 -18.139080242892675 1.034266165497344 0
15 14 102 15.065644641894242 -25.889793915311632 0
15 14 102 14.789954832934050 21.609533891314751 0
32 12 98 48.018386872971099 -85.429705150595467 0
36 13 91 30.349866835074266 -1.812159555444488 0
24 12 72 -97.999082850752487 -0.423981616758539 0
13 12 115 95.061224489795919 23.819395426849606 115
25 37 109 70.583137119114369 -18.628493079803821 115
35 22 104 65.227841984463296 40.127960302108043 115
11 36 109 10.068249959903852 22.199786728535130 115
35 22 104 36.771224168535326 73.687175168940243 115
2 28 97 -16.903256646355018 80.238892781166015 115
35 22 104 -63.165644205685716 61.270722144273137 115
15 14 102 -88.939058920783737 36.136460788037326 115
33 16 102 -93.773018596473037 6.528474806991415 115
40 21 65 -58.742676818943153 18.439610560959004 115
6 23 102 -81.484200663610196 -30.484832986462397 115
20 19 98 -41.493358819491249 -17.650014382420288 115
2 28 97 9.853506134274806 -41.799852997711412 115
6 23 102 -37.975550182606014 -59.502433934869771 115
36 13 91 -25.997349934908843 -93.451258934066246 115
24 12 72 -72.638426898182303 -64.348564123046671 115
24 12 72 -33.869669407941601 44.015408161330328 115
13 12 115 98.000000000000000 0.000000000000000 230
2 28 97 75.142857142857139 32.826072265931600 230
5 18 77 54.650157204294473 74.009190764025391 230
27 22 96 26.738580186997339 45.357072720022245 230
19 15 95 22.665525453531195 82.132203245122895 230
27 22 96 -11.303540425448048 67.465827983676462 230
19 15 95 -44.414564631339843 83.978249854402989 230
27 22 96 -68.188405710872075 55.626804030157160 230
27 22 96 -86.595065698455855 15.661883561057230 230
27 22 96 -83.352959261425667 -28.218507798307002 230
19 15 95 -50.370953812479840 23.199371078280151 230
29 22 95 -42.117393252257749 -12.868325522400442 230
20 19 98 36.820416871121623 5.615953346322591 230
29 22 95 1.791943835254739 -15.691465004466581 230
20 19 98 -8.289892848869547 24.049654369233082 230
20 19 98 -22.382590580575201 -48.806293794267887 230
36 13 91 -54.367892095743294 -47.836506712591856 230
24 12 72 -75.442212369246292 -61.285410943413808 230
37 15 63 -54.235458240858641 -77.996891408594479 230
31 31 118 69.515905372429216 -32.212673798484857 230
26 14 90 25.726961046851386 -42.582261777351022 230
29 22 95 9.423260321632212 -74.678824563146151 230
26 14 90 -21.182379755337784 -93.633897643431752 230
30 13 78 42.019244818921962 -87.426443738994095 230
13 12 115 97.999999999999986 0.000000000000007 348
31 31 118 71.408163265306115 -33.791629423207546 348
29 22 95 69.931721339355960 19.187801672636596 348
10 16 88 37.737670150587860 -0.999894284430416 348
6 23 102 28.566923804732131 36.906535400518464 348
10 16 88 62.333858652841471 56.420481976327750 348
8 19 84 38.790290396678444 82.318365939450942 348
6 23 102 -1.784988244631833 71.471856677018621 348
6 23 102 -16.543478535369751 27.903669150588346 348
39 33 75 7.681377672849536 -39.698980610759243 348
3 19 71 34.721760653976709 -84.115392985398060 348
3 19 71 -2.712223708954202 -90.649672954594649 348
29 22 95 -38.172962245666341 -70.069682127800334 348
29 22 95 -45.767739649461419 -26.730100263333718 348
26 14 90 -48.450261399762056 9.169817244359299 348
21 15 89 -73.744801412686172 -59.889099714417803 348
28 14 89 -81.392315139483244 -31.915620599397972 348
9 28 84 -63.202299761702577 48.493822179867017 348
21 15 89 -37.907936289168660 83.267305993246168 348
28 14 89 -93.924250519660276 19.855356061277099 348
21 15 89 -76.505236849963694 -3.330371504941812 348
38 12 49 10.436476187463860 5.216600562980123 348
30 13 78 96.979064599309240 2.015199603762674 466
18 19 78 86.512261754619374 -28.224609228476872 466
30 13 78 71.073212271954802 -0.195414608013102 466
30 13 78 82.111690370267283 23.345018720051947 466
18 19 78 50.118171039995246 23.989006968011310 466
30 13 78 72.029446723204856 47.310584914933926 466
18 19 78 48.844031262767601 -23.214178946282679 466
30 13 78 27.888990030808049 0.970242629741733 466
5 18 77 13.377750808708853 28.364109392924508 466
14 20 71 42.609483341447955 62.259355921812144 466