29 10 61 100.000000000000000 0.000000000000000 0
29 10 61 98.000000000000000 19.899748742132399 0
29 10 61 81.766312060385914 8.217823563497323 0
29 10 61 83.766312060385914 -11.681925178635078 0
25 12 61 63.268619889259611 -3.691642601795420 0
32 28 62 63.287584602238859 -43.691638106040941 0
25 12 61 40.377495276795045 -10.902496502452330 0
25 12 61 45.578274922080332 12.527225883465654 0
25 12 61 66.582696001691772 24.138181705893661 0
37 14 43 86.755771184755062 41.102751320786574 0
32 28 62 49.372345793461236 60.246405778950191 0
32 28 62 7.113236222554477 23.501778167908906 0
32 28 62 -3.578989955752998 78.471554403144907 0
33 15 57 -46.347529490934470 82.927115650352633 0
26 13 63 -38.002278603040075 56.199661831889159 0
22 26 67 -73.653271763041928 40.388062080266863 0
34 20 64 -89.961741017522755 -2.623957525602073 0
34 20 64 -50.114361092009922 0.866932485818587 0
14 16 71 -85.806296113211999 -38.383323818186703 0
22 26 67 -44.293699780090556 -44.763319561391555 0
39 12 103 -32.666694302230503 27.691900772711840 0
10 28 83 -69.181634418398644 44.021602188005836 103
5 18 83 -91.911700544661485 4.029801854741024 103
5 18 83 -56.148611153341122 -0.093478051890244 103
28 19 87 -85.063020202639933 -32.330830394613614 103
17 32 82 -35.873250423904203 -45.798070242294997 103
17 32 82 -7.531450775745299 11.584352089841000 103
5 18 83 12.743909953691617 -34.120240100563755 103
10 28 83 37.234236542057936 -73.058959951056508 103
27 20 88 -7.829987117198412 -89.588199074153550 103
17 32 82 73.735134321630966 -25.438749312240958 103
5 18 83 89.312924032743254 22.072643718445534 103
28 19 87 52.333022867995517 20.853254590443647 103
1 19 88 70.761321820365282 54.085735655240590 103
3 21 87 30.763897311629265 54.539643870592215 103
19 22 79 3.662225967971722 87.923763005000609 103
12 16 72 -34.335463469752966 87.504719577387704 103
6 11 91 -38.793949044408407 -91.082542331337265 103
6 11 91 52.580948964961308 77.949390925095855 103
6 11 91 -76.110072127609314 -60.963761099761591 103
6 11 91 -19.820366735157588 64.738253738673549 103
39 12 103 -58.247099814496856 -78.811644845162576 194
24 14 103 -75.468961968196993 -59.333260313611930 194
39 12 103 -49.633761405196907 -56.410519841116944 194
39 12 103 -34.540487282992579 -75.070452216985757 194
24 14 103 -63.139900388618642 -34.193764682892422 194
39 12 103 -37.194995562912709 -35.885483804100488 194
15 13 104 -90.080862216389789 -35.978302660795421 194
23 29 72 -80.842700417266244 4.993106475005789 194
4 36 100 7.831337935144880 -52.517660201724979 194
4 36 100 71.530851355789437 -18.956194352136070 194
4 36 100 10.616012631479265 19.428469554055454 194
39 12 103 71.560249045144943 -66.956185349800450 194
31 18 103 62.531111440566072 34.288567657458231 194
31 18 103 59.509333863885395 70.161522097775375 194
15 13 104 92.244517159089611 25.450382289046178 194
15 13 104 49.380704815194306 -78.491687842178663 194
15 13 104 -42.167686267188600 -11.385027743863406 194
15 13 104 -38.114564526378047 14.297110098500287 194
36 22 95 -39.110343388037229 49.282941865926851 194
36 22 95 -3.845743684755842 75.596588663117970 194
13 14 93 -37.502828357004027 88.371589695020731 194
11 13 108 30.654171926276614 81.491995589839746 194
11 13 108 56.517903283106357 78.833537333303994 302
8 15 94 75.233726466751790 58.007640892609743 302
36 22 95 39.551566281007851 48.220739213379986 302
2 18 94 87.796195513535352 27.492327172305227 302
16 22 94 53.709898486779636 6.560906890733680 302
16 22 94 10.552259275081973 15.129347686639100 302
16 22 94 -3.606072930689812 56.789180009285403 302
17 32 82 62.455261794700547 -46.726226834139062 302
38 17 79 24.243771240127611 84.090941484713809 302
12 16 72 36.051641105357916 -86.811745597070370 302
3 21 87 11.031115104073802 -59.554209416794173 302
35 22 92 -11.513198807441553 -22.937902799945785 302
3 21 87 -32.444766891821274 14.623639467764370 302
35 22 92 -47.564535108781314 54.877739992622764 302
3 21 87 -83.390386977448273 31.097320780919784 302
16 22 94 -87.214408298711064 -11.732305191466761 302
12 16 72 -26.931299538246257 86.788076717433540 302
37 14 43 94.949031560960407 -14.166206465943695 302
11 13 108 28.263560346767221 -17.469987292882326 302
11 13 108 75.427617416879983 60.989134530773455 410
10 28 83 79.475691466172179 20.189464231965303 410
16 22 94 82.837584183094677 -29.697384509560795 410
16 22 94 42.113373747499224 -13.037892188444328 410
23 29 72 45.054621992106618 -63.953008399286801 410
23 29 72 -10.592774269466894 -80.304378045509580 410
23 29 72 -61.567396252331569 -52.635118682381531 410
23 29 72 -80.974769188885716 2.021572359992284 410
38 17 79 9.625418365154040 -34.614100267593656 410
19 22 79 1.337653190600765 3.495123660629577 410
19 22 79 31.797073035547303 35.247662814361476 410
30 17 66 47.177985204359942 71.086573803051849 410
30 17 66 -36.394070867402405 13.360061552512374 410
30 17 66 -14.315368956356815 39.216026472104758 410
30 17 66 -23.888176044954690 -26.248069499799517 410
34 20 64 7.217964046908723 69.304488875000573 410
23 29 72 -56.120517296834436 58.407940713020409 410
37 14 43 -22.697619440374414 85.461774062042139 410
37 14 43 88.443286866273127 37.333430170426595 518
37 14 43 73.908870628156208 61.265641614778403 518
9 15 34 59.468836284048564 36.116379038293346 518
21 22 56 87.989853620132848 1.336285862977775 518
9 15 34 51.458347580169402 7.205618572248451 518
21 22 56 77.638048529251904 -41.428654583144812 518
21 22 56 36.240760872764199 -26.520114256003097 518
34 20 64 16.625073159650075 10.617801619037376 518
34 20 64 27.023454574368881 49.242582057947715 518
9 15 34 49.148322864933931 76.362504681826081 518