32 10 117 100.000000000000000 0.000000000000000 0
32 10 117 98.000000000000000 19.899748742132399 0
32 10 117 81.766312060385914 8.217823563497323 0
13 30 119 73.760954008286376 -30.972918231698195 0
20 15 106 59.856831593546389 -73.770995056199610 0
13 30 119 18.868663379253718 -55.197625237105171 0
16 13 104 58.793611573587384 9.338105824289997 0
12 21 101 74.132104912531133 39.681649158765268 0
40 32 105 13.876924212324646 6.601100802266764 0
19 10 100 43.287150437421971 36.585073077277258 0
26 37 96 -43.745448823062880 -31.354954390161289 0
40 32 105 -42.100664463224213 37.625439088055622 0
9 35 79 14.422886497933604 73.598876326404081 0
16 13 104 -86.721368084328134 43.455774272039775 0
16 13 104 -82.498574934776286 17.800988792209740 0
19 10 100 -76.704138805682845 64.159762235208916 0
11 11 95 38.377200333810137 -91.258920082031452 0
19 10 100 17.746875786303900 -95.181892050394424 0
19 10 100 -1.667542277658740 -99.986095547092049 0
11 11 95 -65.747382693949106 -74.015415076154255 0
15 12 93 -97.982980021689656 -1.826369641985412 0
15 12 93 -23.146682978233372 -95.227260104999147 0
22 10 83 -87.636730917972471 -48.164337367090269 0
22 10 83 -90.652020747682215 -28.392943201709581 0
14 11 78 60.146413657281151 78.634654727843909 0
14 11 78 -60.933402663888614 78.026408605038412 0
36 15 71 -35.673040178346135 84.183850208415450 0
22 10 83 70.575240524645139 -70.845856794088434 119
5 21 83 78.988775974574025 -41.009429038192621 119
5 21 83 88.999728189894881 -0.219959370856138 119
5 21 83 79.190516217995125 40.618495062316761 119
5 21 83 51.745643267867422 72.411245002379346 119
39 34 82 27.713085837889530 -60.904242457943916 119
25 14 81 44.272913116222881 38.218288065596262 119
25 14 81 56.801272304010141 -13.940726060977145 119
34 10 80 7.051014864345149 -99.751106206311235 119
5 21 83 -20.971265766373332 -86.493965177670844 119
25 14 81 -19.362823699728001 -51.530943081200903 119
39 34 82 -65.549298844112258 -38.461531704357057 119
39 34 82 -70.088634710999543 29.386787581293571 119
39 34 82 -9.060598672104803 -0.606191884497495 119
34 10 80 -51.953510432795056 -85.444910636675459 119
34 10 80 21.313473562411247 31.227999418131844 119
34 10 80 23.990011848221151 51.048093837800835 119
24 12 38 3.209093671456777 43.727256546617660 119
34 10 80 31.735644055863848 -17.088502987029962 119
1 13 60 37.686564301182088 5.128304799730529 119
34 10 80 59.995601081646960 10.723559747261131 119
25 14 81 8.313955070300736 69.221185041429777 119
25 14 81 22.601730586320443 93.301456443634294 119
1 13 60 -60.919650645474185 75.483747689376003 119
25 14 81 -36.593745675353880 63.768358349508681 119
7 10 54 -13.172650877632623 58.528862335944552 119
36 15 71 -16.327549993136881 84.511581642191260 119
7 10 54 -25.274152796129762 42.605494246353388 119
15 12 93 82.741115500711658 -52.515786252306015 202
29 38 93 71.904651515970528 -3.704199018254627 202
29 38 93 35.167734152536234 62.826988425170732 202
15 12 93 83.730242109028794 50.923929113565279 202
38 31 94 41.849204824928442 -65.814344117118523 202
26 37 96 -2.364301838372555 -14.150373803811810 202
38 31 94 -56.786391155499850 -54.920904758885470 202
15 12 93 -6.171780595240882 34.701474733536259 202
26 37 96 -71.814236389608951 11.397749235444550 202
15 12 93 -30.057813927599192 37.037585100250084 202
10 24 91 -26.023146779445963 72.810779827637987 202
6 17 63 -66.311620241979853 65.205590411278749 202
2 19 71 -19.992548820922970 -88.776674817448594 202
24 12 38 10.357116203365560 -95.093147956272020 202
24 12 38 -1.119859886916939 -64.183553575925657 202
24 12 38 -77.427189494080537 60.075205593054307 298
35 16 49 -87.634781296890736 34.002133860187790 298
4 20 61 -89.979487169896174 -1.921428802347425 298
24 12 38 -64.789282768884931 17.813150043811767 298
35 16 49 -54.538886441384740 -8.243123195643850 298
35 16 49 -73.573901998794653 -33.966034825728869 298
30 28 69 -31.108718091263363 -45.485937416443150 298
8 25 62 4.336661956142130 -84.889300639586793 298
21 16 55 12.885785996696704 -44.790516641325546 298
1 13 60 -33.632971595789598 -86.408158082542002 298
8 25 62 51.312598540802043 -67.764424523421440 298
17 18 66 83.307722640772525 -39.036179992516139 298
21 16 55 93.762107902297345 -6.683346595677268 298
1 13 60 53.703250961277192 -29.839699329895300 298
4 20 61 59.014622461231390 2.730061688409304 298
1 13 60 86.271652580556776 21.332596705825335 298
30 28 69 3.840452382414247 -1.730303685438621 298
17 18 66 34.958982600859215 32.146488917222690 298
28 21 74 69.233121352462874 50.755180779785746 298
25 14 81 -68.994797662278557 -63.614505333923717 298
18 24 68 -43.848370657461871 47.095878740804054 298
18 24 68 2.655165879646141 58.987938677663635 298
27 13 88 38.944934155583830 66.202695671405451 298
36 15 71 66.917964480178114 67.431343081905325 386
36 15 71 84.608328642214403 43.202207401602081 386
36 15 71 93.861297150179439 14.664818351609988 386
36 15 71 93.754136302447890 -15.334990256991411 386
2 19 71 63.295618781207502 -0.226095181298651 386
30 28 69 35.722892442945046 37.836284700617412 386
28 21 74 24.471738205578109 -9.854506111938640 386
28 21 74 -8.328618780444497 16.377851418208706 386
17 18 66 68.712647599370641 -36.827403884447371 386
39 34 82 -16.841200704455197 70.715094161901604 386
17 18 66 -68.084294187016610 61.875107151873095 386
31 16 86 -49.862340648367095 33.170396576162730 386
17 18 66 -83.654458707294580 29.416364465017871 386
28 21 74 -60.790862176617296 -2.178824309262339 386
31 16 86 39.388335069998433 81.683343100785834 386
28 21 74 -85.705545863507353 23.990819249001021 472
39 34 82 -70.325627160939078 -28.815033652949065 472
39 34 82 -30.762399024431858 26.490942329928984 472
26 37 96 0.150231927498361 -37.426263863941585 472
3 32 99 69.137688721805077 -36.110663220256527 472
33 22 91 86.721442992582212 14.946281319589644 472
37 26 97 38.749970948057275 13.291630334831096 472
37 26 97 -11.278651223892169 83.239365846754239 472
33 22 91 31.087597960097412 60.676100788697980 472