2 10 120 100.000000000000000 0.000000000000000 0
2 10 120 98.000000000000000 19.899748742132399 0
2 10 120 81.766312060385914 8.217823563497323 0
2 10 120 83.766312060385914 -11.681925178635078 0
2 10 120 65.532624120771828 -3.464101615137756 0
2 10 120 63.532624120771821 16.435647126994645 0
7 26 108 60.439522766225650 -39.102007257758231 0
7 26 108 30.085929362926734 3.119543726392130 0
34 28 119 51.776921020290430 52.571549559524712 0
34 28 119 6.834100804815940 -45.618044116095760 0
8 14 100 33.010810632228647 90.145917164357144 0
13 20 116 6.586029643599183 68.751269476139242 0
26 37 115 -29.212793084551986 24.395387213710880 0
26 37 115 -58.614063280116440 -43.513119697333877 0
13 20 116 -89.905190218690677 4.129984472252247 0
23 15 101 -27.574785818577496 76.369582081901143 0
32 12 99 -9.491355962683347 96.419259501923548 0
4 18 91 -80.113598513534257 45.230645951746503 0
10 10 90 89.095732123624572 45.408705303667617 0
31 16 83 -58.136068845824056 71.172661866183802 0
20 11 58 63.469556570464029 -75.977729557737291 0
22 13 109 39.772602443718043 -72.175839880892823 0
14 16 64 15.919900974832778 -88.669736710818697 0
15 20 63 -19.936662462656855 -85.459307073950512 0
10 10 90 98.000000000000000 19.899748742132399 120
10 10 90 100.000000000000000 0.000000000000000 120
10 10 90 81.766312060385914 8.217823563497323 120
10 10 90 83.766312060385914 -11.681925178635078 120
9 10 89 65.532624120771828 -3.464101615137756 120
11 18 89 58.373368694676770 23.605162537105628 120
21 26 84 50.746088097807430 66.939036016136114 120
6 17 88 24.602574721181391 32.799371279554776 120
4 18 91 13.873681946168340 90.947902390635505 120
21 26 84 60.439522766225650 -39.102007257758231 120
6 17 88 36.273490482530953 -3.535128231571165 120
6 17 88 3.645566823652000 6.026179090671304 120
35 17 87 -9.062193803559493 37.562076411684600 120
1 27 78 -28.862639322060279 76.855108329174527 120
39 12 74 7.083483372328072 61.726451308804926 120
24 30 77 -70.460476500384431 37.885633838419167 120
30 28 77 -79.677599674363933 -19.377309156118670 120
39 12 74 84.916279117634332 37.586360850513941 120
36 19 71 -37.591412332044271 1.545234546480496 120
14 16 64 -37.989603864806853 -33.452500287408917 120
37 22 73 -59.191535417907765 -64.987847097260627 120
24 30 77 -7.261468477163959 -67.683797306345966 120
14 16 64 12.031101520574921 -25.925004904238044 120
12 10 62 -40.033081150979804 -90.618953786243651 120
22 13 109 44.505937110061637 86.187131069291539 211
7 26 108 65.109120753264278 53.073556454573975 211
7 26 108 83.875166039483901 4.577829381814723 211
7 26 108 70.498573999914896 -45.672213259032262 211
22 13 109 49.096242215400174 -13.069449661669058 211
28 28 107 23.348908207902188 18.837834639981217 211
25 31 77 13.844659572748519 -39.400532457260681 211
18 37 102 -39.600993804451576 2.641852526041351 211
23 15 101 25.949399247174018 65.219181657314735 211
23 15 101 -10.304881582503484 45.603903322983342 211
3 27 100 -44.405256074328420 70.122558659630485 211
8 14 100 -80.969724933383560 51.574253695154958 211
17 29 100 -51.878708296780495 -62.206106014261650 211
8 14 100 -22.264083236305126 -93.382603292298924 211
32 12 99 -93.649335041662326 28.875630664185987 211
32 12 99 20.093767647325262 91.576563518320071 211
4 18 91 -84.813834357451896 -28.675858902621034 211
36 19 71 41.948958357615581 -80.754472896001460 211
27 17 55 66.128476373303158 65.391319091646153 320
33 24 61 81.521501044473013 27.390598158053891 320
27 17 55 92.196948316097917 -12.195192544555006 320
27 17 55 58.653869004421892 -6.639850044707522 320
15 20 63 39.330912475889633 39.878762003732774 320
15 20 63 33.811040153072057 83.407515031724500 320
15 20 63 3.389807691125753 57.435441269773477 320
19 25 66 17.290609304393470 0.645803459817989 320
19 25 66 -26.857764228682690 24.117512268168110 320
19 25 66 -38.967726046298822 72.628839036005331 320
16 35 76 -73.825916933204041 -13.218698459820395 320
38 20 73 -60.544503250372415 -66.591013854465714 320
19 25 66 -21.974941097202802 -43.409364316247206 320
37 22 73 -76.368598161279607 43.724560774020375 320
4 18 91 -27.876536595549428 -86.002452612048145 320
38 20 73 8.838603175500459 -76.204569596198681 320
19 25 66 52.803668989046095 -66.609102540833348 320
4 18 91 -59.996673485156272 -69.745244789272533 411
16 35 76 -72.733531730220960 -18.298452449563655 411
29 25 74 -21.795497101408728 -50.005180886189308 411
25 31 77 -10.958547026132514 4.936247135531893 411
16 35 76 37.367008566675629 -40.015289842044410 411
25 31 77 78.095687916749810 11.919040599377873 411
38 20 73 6.135517994469907 -85.287731753633693 411
36 19 71 -81.807169579953381 -39.857082247911102 502
16 35 76 -34.801641561739501 -66.436780059001990 502
25 31 77 -49.131622439822820 -2.011228854268275 502
16 35 76 -40.115351056749844 63.370013488981670 502
16 35 76 13.603704776541164 18.489471598539179 502
25 31 77 27.933685654624504 -45.936079606194546 502