10 10 104 100.000000000000000 0.000000000000000 0
10 10 104 98.000000000000000 19.899748742132399 0
34 19 104 80.277628055073677 42.854433071168344 0
18 17 71 74.033873422557264 7.400018281343792 0
34 19 104 87.171645257842428 -26.117125857201014 0
40 37 98 31.175610851565338 -25.450694487116994 0
40 37 98 24.538264621735983 48.251039787086967 0
40 37 98 -35.970636447780223 5.652062201239895 0
1 15 100 -26.749518488924760 56.827945032793210 0
1 15 100 -13.476326250111461 83.731892099933873 0
1 15 100 -43.467183081177538 84.472504372650107 0
30 23 95 -79.242218455915150 -35.911987054255583 0
31 30 95 -32.701198638853434 -61.268119929516139 0
28 14 90 -86.692209805813491 0.330220782553141 0
28 14 90 -81.857449807167143 27.909653259590975 0
3 15 95 -63.091512773348477 50.019370744053617 0
14 16 77 73.655869068087938 -58.402165643276334 0
29 18 73 46.141043626652902 -78.375507399911825 0
3 15 95 13.391790830830313 -74.315157499311297 0
22 13 93 -3.089352644448450 -96.950791127448980 0
10 10 104 66.909744234863055 68.589616811902573 0
36 12 55 95.599999999999994 21.555509736491995 104
37 14 55 95.897140712408657 -4.442792273389912 104
4 15 57 70.999855637394901 10.427486671320487 104
37 14 55 76.270648834217837 38.944477029286475 104
4 15 57 71.156407076198548 -19.572104853348787 104
36 12 55 48.628492711100776 -4.689461460496100 104
37 14 55 43.951556492842705 20.886430852585491 104
36 12 55 51.205563045782974 45.853997592856757 104
36 12 55 67.542248948444410 63.435598592702682 104
16 21 51 39.000537576485911 79.999737929227678 104
36 12 55 10.952104395932512 97.386094537673060 104
37 14 55 4.903849590619034 72.099366520588632 104
37 14 55 -14.535808423621704 92.251281970226813 104
16 21 51 -27.902898903080590 59.904398161829448 104
16 21 51 7.425129636791956 37.190296826184422 104
4 15 57 -26.052432807835931 23.951988295029839 104
17 20 63 -59.606815286421707 33.907058183321745 104
4 15 57 -62.796352210468996 68.761424541213543 104
24 31 68 -77.796140117057774 -13.739016809332238 104
24 31 68 32.538870191732840 -44.565820963141874 104
17 20 63 2.310837164209094 -3.489477171527052 104
17 20 63 -28.958925455769329 -28.433453311874057 104
17 20 63 -54.581856392814394 -59.149335363272485 104
6 23 71 -19.977921657602788 -84.675159558412915 104
13 13 84 -92.053092847064349 27.887168445316767 104
7 13 109 -96.971369458182252 2.356587661156620 188
8 22 109 -81.309409723919330 33.656795604273029 188
34 19 104 -65.658328755063792 -4.238371165465935 188
7 13 109 -91.531925531620374 -23.068054908008225 188
1 15 100 -45.776141762807846 23.342394603543607 188
40 37 98 -10.713549360245423 -15.058316509816940 188
38 27 103 -63.354146934586865 -51.458419353301295 188
23 22 78 -54.851707400672360 68.813444872575772 188
40 37 98 3.081480873721361 57.644483579615255 188
3 15 95 49.497993364321644 81.086057080768029 188
35 31 78 68.535103674801633 39.210187764100503 188
9 14 84 30.668532332330209 14.749791695652881 188
23 22 78 48.264793901151556 -16.656761423109149 188
3 15 95 29.212062781518831 -48.374161015178146 188
30 23 95 1.055348772951099 -73.892771013368204 188
22 13 93 -34.549434232971912 -79.212491598242622 188
14 16 77 93.999540961707638 -0.293766894404655 188
18 17 71 87.111414008871932 -32.566878102988483 188
22 13 93 61.932860086515831 -48.877623713750936 188
13 13 84 46.892591082772277 -70.085884092552192 188
7 13 109 -96.971369458182266 2.356587661156638 297
30 23 95 -81.592672353973441 -30.193307505755943 297
28 14 90 -70.098744416602841 4.976134067441262 297
31 30 95 -30.845912836010925 -14.903886377862269 297
33 26 77 -49.898790963034301 -67.563053054489373 297
31 30 95 -47.510406004418030 42.735463613615906 297
13 13 84 -90.005624554697732 36.166110497519540 297
2 21 84 0.442343231385657 25.370733822221819 297
9 14 84 12.522975862462715 -7.478289226157512 297
33 26 77 1.623402044941045 -60.530014760200288 297
14 16 77 33.562935200555032 -87.803925770567588 297
13 13 84 -20.206106530449233 -92.848315386269149 297
2 21 84 48.138453653424719 -53.795775838087351 297
2 21 84 83.421947444742273 -31.012556884698473 297
2 21 84 88.354849837999851 10.696752315749755 297
23 22 78 48.624779364203320 -5.750785498377968 297
35 31 78 51.302699048586938 47.181517929339890 297
18 17 71 -32.306392563887464 87.208353954813276 297
11 19 119 -3.865135195318032 65.138127873171186 297
27 16 75 24.428756875482872 85.740449865749369 297
7 13 109 -10.621690349865720 96.416698212039847 416
21 30 80 26.866375394520205 75.353817906996056 416
21 30 80 -30.683709044825715 58.383615167365747 416
35 31 78 71.444415897388808 33.714914163926565 416
35 31 78 12.303520674389620 15.104312018315273 416
35 31 78 -47.785538030034672 -0.170013630179049 416
33 26 77 80.933386694507959 -22.489706938002591 416
21 30 80 29.045710637867590 -43.553160440245520 416
27 16 75 -72.708577727071912 39.677722720332838 416
12 21 75 -21.924926437436717 -45.283523447713620 416
12 21 75 -18.204064065825840 -87.118379527441334 416
15 21 75 -63.694541518948370 -49.676615290863978 416
20 15 38 67.619416885308070 -66.727913650067876 416
20 15 38 -93.520245871096336 16.702203812961017 416