9 10 107 100.000000000000000 0.000000000000000 0
9 10 107 98.000000000000000 19.899748742132399 0
9 10 107 81.766312060385914 8.217823563497323 0
9 10 107 83.766312060385914 -11.681925178635078 0
9 10 107 65.532624120771828 -3.464101615137756 0
39 16 108 84.144800066126621 41.900508610655038 0
32 15 102 60.266141492102420 20.974886922073097 0
4 37 104 19.109966434311140 -10.808272999691113 0
4 37 104 29.002990485293118 62.527448685765094 0
36 29 99 27.139718833098506 -76.317990419430970 0
32 15 102 69.574554503908402 -64.686794367804922 0
32 15 102 86.276629443118054 -39.766106321022860 0
17 14 95 -9.916178617728242 95.486488057846742 0
39 16 108 -23.624338486515384 68.801541870683948 0
24 17 109 -56.195981348939782 74.101360852750958 0
24 17 109 -79.074850952227777 48.950668502921999 0
6 16 99 -46.712798371641810 42.493304275050932 0
23 19 96 -67.986671747840731 14.700817672131528 0
36 29 99 -74.008634373339675 -32.919933751350797 0
6 16 99 -38.901605893177134 -4.768618483799688 0
17 14 95 -31.015960969605263 -33.713680310289973 0
23 19 96 -38.980557433791176 -65.738127271364533 0
22 13 65 -13.837081835237264 -85.532208074092551 0
20 11 40 60.284435787575433 -40.403184787751961 0
22 13 65 -21.467574536200441 18.405818955843877 0
20 11 40 -9.488107601442163 -60.243092886906410 0
20 11 40 -79.645823605056748 58.800873992417706 109
20 11 40 -90.665210813173417 39.759521478544244 109
28 17 60 -92.247812486680658 11.804282757635189 109
18 25 72 -55.484449294059736 32.113274036560036 109
5 15 55 -92.829664765249404 -20.190426928903999 109
33 16 51 -56.739389429231380 73.094063746583146 109
2 15 57 -66.078422694726669 -6.612096851744470 109
33 16 51 -67.175015036242613 -37.592695381090678 109
28 17 60 -25.743463879115943 61.769197332726371 109
28 17 60 -13.535833390741999 30.036347510195103 109
13 23 78 -28.084613614087949 -7.298006134357342 109
2 15 57 -36.900745660732412 -44.261174501478266 109
38 34 79 11.967308762800080 -47.854676534129268 109
33 16 51 51.230627477654167 -78.812580266387840 109
38 34 79 73.570677627534764 -19.061883260196357 109
29 22 73 80.044830110960064 36.562619880248491 109
14 24 67 49.104814711581021 70.602529502428567 109
12 19 67 10.904517268539202 90.344294247839088 109
12 19 67 39.822226045028074 28.616418136316288 109
35 17 73 11.464261131866472 54.348646082991891 109
12 19 67 -51.777526861506963 -74.833733784343039 109
35 17 73 11.230296938945683 6.741738938834136 109
11 13 118 94.191351693551510 23.173028851267809 188
31 16 120 80.408101990650962 48.688162157356807 188
11 13 118 68.203405754008145 22.381406565469828 188
11 13 118 52.025655600398849 42.735285801806931 188
27 27 117 81.574320012111897 -15.317647161413536 188
27 27 117 31.839783658329161 5.717463812248196 188
27 27 117 38.490111360604651 -47.871463602399203 188
31 16 120 28.286028580828589 -89.643184833675718 188
31 16 120 1.953307929710213 -25.198528303850395 188
8 22 115 18.526348707757585 52.874143612854382 188
19 17 93 57.318178822390429 72.264749019831740 188
19 17 93 1.058071185455056 -70.998122858028552 188
34 37 114 -46.799971381983170 -45.985970579320693 188
34 37 114 -68.693948148655636 24.701042240152773 188
40 26 114 -33.569224349442301 77.000695948652378 188
23 19 96 -16.432240143616369 4.583540496744993 188
19 17 93 7.343088939364295 90.236353142707358 188
19 17 93 57.041306934660597 -73.452633058222233 308
19 17 93 79.630511450568946 -48.041457576980399 308
19 17 93 91.576535108937946 -16.209201628749398 308
26 25 92 39.631947060837746 -35.230725874203713 308
7 29 90 58.222009009078590 15.468481188240251 308
19 17 93 71.455722942443231 59.523773895585542 308
26 25 92 29.488762633213973 61.189379612307363 308
26 25 92 4.281769576246198 18.008278410207641 308
26 25 92 -20.510664499675038 61.428725351609557 308
19 17 93 -61.713386231596139 69.573399800712906 308
26 25 92 -79.024535866807625 31.306911873189204 308
7 29 90 -77.760498223010984 -22.678291737013705 308
25 19 82 -36.895211877384192 2.501628276559196 308
30 25 88 -26.718474285374448 -40.305310553300806 308
10 27 81 13.847473850429900 -81.836712226003186 308
3 17 79 -60.468275569266822 -65.304328799979544 308
3 17 79 -30.151303036915920 -82.164786024961828 308
25 19 82 79.095487503489693 -44.998931727156659 401
10 27 81 82.995795538614672 0.835417807129737 401
37 19 81 45.943904544428634 -26.425495122465193 401
38 34 79 26.048411567972916 22.698525063425556 401
25 19 82 73.706198045000875 45.887647257032043 401
13 23 78 47.621781163675116 -72.809106290346946 401
10 27 81 4.799891091065497 -46.996595164744740 401
34 37 114 -40.570043545822145 -1.857155302861837 401
25 19 82 -19.389169826186251 49.982699909829847 401
25 19 82 -24.517040245115901 87.635122739797467 401
30 25 88 -59.204267013379635 -60.990612125215200 401
30 25 88 -62.774970208418821 57.308839766061652 401
15 19 74 10.730749853224722 73.436767441266539 401
14 24 67 -68.028033486571388 52.613559658608182 515