21 10 107 100.000000000000000 0.000000000000000 0
21 10 107 98.000000000000000 19.899748742132399 0
21 10 107 81.766312060385914 8.217823563497323 0
21 10 107 83.766312060385914 -11.681925178635078 0
18 10 105 65.532624120771828 -3.464101615137756 0
18 10 105 63.532624120771821 16.435647126994645 0
31 14 109 86.755771184755062 41.102751320786574 0
40 21 98 35.336905256527359 3.551492605704194 0
18 10 105 49.796632918172662 30.972584413855262 0
31 14 109 61.038713074753247 52.176726314743803 0
10 32 92 21.145350296834120 75.079119339695097 0
4 20 104 -29.922646884889318 84.880122545871856 0
17 40 100 -61.324510444257839 33.753583791534069 0
17 40 100 -52.932924298724245 -45.805081870743656 0
35 12 100 -90.171912906100886 -9.511036525815893 0
10 32 92 57.888331006764687 -44.762585640427872 0
37 20 99 8.774227808068652 -27.680288751899209 0
35 12 100 -2.311385429749465 -57.698769378698302 0
35 12 100 -13.044255932257359 -79.165149855536868 0
35 12 100 2.337102464342927 3.665578875415946 0
35 12 100 -10.225612127294855 24.114984785834253 0
24 22 53 22.082194116406221 -85.184368888930294 0
9 11 67 -11.489922272946137 47.080208927035308 0
9 11 67 75.864029289698806 63.605416907144971 109
9 11 67 59.943827485845439 78.789196888578587 109
8 20 56 83.507807426328043 33.562569908267037 109
19 19 77 48.626158032664804 51.005922096924849 109
13 13 56 53.696570291722693 19.410179986267032 109
28 14 61 27.440471698257756 25.704406439950489 109
28 14 61 15.626264947628581 51.089924336053933 109
28 14 61 27.569556983655421 76.414966790947830 109
28 14 61 95.980537564022200 1.932979286315295 109
34 13 60 93.730173520234430 -24.973076940311969 109
28 14 61 70.911909387482865 -10.539545772646042 109
8 20 56 66.991096354285119 -44.312718930623170 109
13 13 56 45.393846660937690 -19.361590585732536 109
8 20 56 15.211019906450780 -6.020040109546148 109
8 20 56 -7.950341161507886 26.592094955175526 109
24 22 53 -16.283006283380310 67.757209943071899 109
38 13 48 -46.744409721497220 84.993883072776455 109
10 32 92 -64.619973920848125 43.683623595907299 109
24 22 53 -87.854270645558330 -5.062324499376700 109
24 22 53 -74.421699504965559 -46.961799824885432 109
7 14 36 6.897756614960636 95.300852248527804 109
7 14 36 -52.133253762792521 -0.589187696062940 109
7 14 36 -44.177520067734406 -27.435161348983730 109
7 14 36 -39.333545555218457 -55.012976906458476 109
16 15 35 -15.570227774148080 -22.678815311391801 109
16 15 35 -10.466285954197389 -52.241456903417344 109
5 16 75 -23.383948002284530 -80.421840279294429 109
2 12 99 -97.008960145462851 13.901857843324443 201
20 15 98 -86.691709127285336 38.852896527674147 201
20 15 98 -70.008965755548147 13.919263146380541 201
37 20 99 -52.067980165252294 43.971235395282889 201
17 40 100 -57.668246696990465 -39.678373491047338 201
10 32 92 -9.616121188596907 13.940589890629420 201
37 20 99 2.257075648449682 -36.685758949364441 201
17 40 100 62.097291391427127 -32.309849919926748 201
37 20 99 31.899968086414720 -84.156948828279909 201
2 12 99 3.912200893546524 -68.642926540110707 201
2 12 99 -19.292864658914596 -74.768686305722042 201
2 12 99 -37.315319296698625 -90.617696647980580 201
14 17 93 91.523275440641171 16.507272718911778 201
14 17 93 79.473674903082042 48.300465809340047 201
22 27 89 42.104102144565076 71.527928689428933 201
25 17 87 -0.886358157789395 62.156678879948601 201
32 19 86 50.916835912261874 26.379997136148482 201
23 15 83 6.222507265501532 93.357064012083413 201
30 13 76 -38.428834965296396 -89.063037469030959 301
5 16 75 -61.313642058946556 -71.250524892574504 301
5 16 75 -30.988443824197191 -61.033756713587863 301
19 19 77 -6.565898573105958 -86.104442453279972 301
19 19 77 1.899455759839324 -49.059364831311292 301
30 13 76 22.768509911465333 -73.318024703952673 301
30 13 76 45.708578114757231 -85.555396596165323 301
19 19 77 48.001060992458484 -53.637619069284682 301
12 29 72 -75.769399559848267 -28.635608782424480 301
11 15 73 -31.791951358066967 -30.044171759235621 301
12 29 72 -36.165332318351936 13.737942613830207 301
11 15 73 -3.240289223763339 -15.450094956713727 301
33 17 84 27.629258112339368 -23.880459555241735 301
11 15 73 59.552121719257684 -21.659923778882693 301
26 16 79 90.153683139566283 -26.614158193914044 301
29 28 83 80.366931476435099 16.283621374313032 301
22 27 89 52.916832676380736 63.943794221956551 301
26 16 79 37.045300002781033 23.980130093265132 301
26 16 79 13.835324643613589 46.009588639194945 301
3 24 91 6.629085713198492 85.355110880966876 301
31 14 109 -30.968949546291462 90.867618896938495 301
23 15 83 -24.968729029277398 62.495143612832535 301
39 16 114 -56.504443320429388 75.121554064385421 301
33 17 84 -78.233195045571193 50.284860474715572 301
33 17 84 -91.078949024319570 18.804920755626672 301
31 14 109 -78.714641652441529 54.954573872678843 415
15 25 113 -43.999038459234356 72.726093079876193 415
6 30 113 10.607437817641248 79.293645791733368 415
15 25 113 61.567607344702665 58.604007762682187 415
6 30 113 79.720124515071319 6.685936531371297 415
15 25 113 70.468848883384197 -47.530425382598480 415
15 25 113 -16.116311732299970 31.222436008828836 415
6 30 113 24.643316637188882 -17.116274163915538 415
6 30 113 -79.245990479012548 10.957782303014323 415
27 30 114 -64.576657707184495 -47.221343472725657 415
39 16 114 34.490165390998534 27.817450026491802 415
22 27 89 28.339581399259789 -78.011974248282741 415
25 17 87 -7.030579148664653 -51.840391514064123 415
25 17 87 -28.927553969535094 -77.850437528905502 415
33 17 84 -21.871637866884161 -10.381364551751830 415