32 10 118 100.000000000000000 0.000000000000000 0
32 10 118 98.000000000000000 19.899748742132399 0
38 24 117 66.666735395262052 6.700259009211815 0
1 25 118 64.257898760353058 55.641014071494212 0
20 28 117 68.370028143318706 -45.271837290768410 0
1 25 118 23.668530627449648 -16.797706578159250 0
20 28 117 15.223693152200152 35.525182485964706 0
40 29 115 21.725000657528625 -78.032200702212549 0
38 24 117 -17.865604762463750 -42.796083400806154 0
20 28 117 -69.865437213724817 -42.928087343079639 0
38 24 117 -85.747353641294410 6.587210601976672 0
20 28 117 -33.747521190033339 6.719214544250139 0
10 11 109 31.650313651253239 70.897009396375893 0
10 11 109 -22.809753075588628 44.154027602079566 0
38 24 117 -14.541717584841116 78.163432023852963 0
38 24 117 -59.702540288995685 61.899973207109284 0
33 12 101 19.341438140857697 90.326152034937820 0
28 13 94 -16.424654427999787 -95.599323883178101 0
28 13 94 -53.858024947429314 -80.674116969211894 0
10 11 109 -30.312495553849384 -76.025671468180008 0
10 11 109 96.799999999999997 20.754758490524534 118
19 29 103 66.261059704467641 46.588324361807381 118
24 31 107 71.993995113517059 -13.137159743352179 118
33 12 101 39.750626512148841 15.312184383293381 118
19 29 103 8.458721435268448 41.804007209582764 118
24 31 107 10.198664568396822 -18.170759133384177 118
18 38 101 -51.702061127305257 12.313665715142124 118
33 12 101 -97.734760704532164 -7.205314013131932 118
33 12 101 -29.562978515016685 57.145139269847661 118
12 22 98 -77.376083276315313 -41.915888834864482 118
14 33 94 -20.891889447419874 -74.111597981131041 118
36 21 92 -14.223359428370015 86.363217342790534 118
13 15 88 43.689544479569264 84.357712766336533 118
13 15 88 23.646230824558778 -92.010085141747837 118
23 14 87 -49.014408384316020 82.544459358187638 118
23 14 87 -70.747674784755446 64.890419266255918 118
34 12 47 23.178917987994620 -65.014129542569975 118
4 16 42 49.419277514961394 -74.783650098642525 118
10 11 109 -64.886950011964800 -74.770874798579030 118
23 14 87 75.278379121453213 -59.574874207561329 118
10 11 109 -46.771938032731235 -87.254717996577980 227
10 11 109 -64.886950011964800 -74.770874798579030 227
18 38 101 -28.734201177165666 -41.695525190631869 227
23 14 87 -79.192520836730424 -54.263658589557132 227
18 38 101 -68.126050761062288 23.298952931433725 227
12 22 98 -8.721281715667097 14.868447925014564 227
8 27 95 24.221927435435425 -79.387015508283852 227
39 22 98 30.260942336604874 -30.760579292749263 227
39 22 98 67.516741970203270 -56.440141333354163 227
8 27 95 82.423835449317465 -9.762753188718740 227
39 22 98 78.833723295590204 39.105550390632771 227
39 22 98 50.047614707741971 72.382568772221745 227
36 21 92 11.855114060078801 52.625724533370025 227
13 15 88 16.648927300025210 88.305121313872277 227
23 14 87 -14.851309663959295 -91.808051800577843 227
23 14 87 50.876880793661002 16.424832647970273 227
30 20 74 -46.440751816191359 77.092519551166049 227
34 12 47 -92.627067069245285 -32.003538025498614 227
34 12 47 -20.688021515843538 58.097865511738341 227
34 12 47 -8.644019637350510 78.857008527548430 227
34 12 47 25.630239796312416 22.638295317931195 227
34 12 47 -65.051688543487714 -73.295824012293281 336
4 16 42 -79.882343203412006 -49.546051753215359 336
37 17 42 -91.136426503267046 -18.524355973004951 336
37 17 42 -91.704150038408898 15.470903843440734 336
37 17 42 -46.901752153305253 -50.677693916453563 336
37 17 42 -37.892083024745432 -83.462230853764055 336
37 17 42 -61.979529661543708 -1.035063061022959 336
26 22 55 -72.728658316073791 49.543337186182669 336
37 17 42 -41.536631330757082 26.132710271311833 336
26 22 55 -23.711463616623433 -8.555376962823859 336
26 22 55 -7.916030976847235 -49.622447807020826 336
5 21 64 10.781544723624771 -88.344543087688663 336
5 21 64 50.094528108873185 -73.563158262470722 336
31 24 64 34.327516586693562 -31.415781740800298 336
22 15 60 71.122708355984599 -44.343034452072629 336
3 26 64 75.890230984889058 -3.621164063018981 336
3 26 64 68.991000715941169 47.919117481575185 336
27 15 66 47.030340972465382 82.541789585722228 336
3 26 64 17.375326551722864 54.229599283565207 336
27 15 66 9.695642479365791 94.503939160821858 336
31 24 64 -26.076160672997709 78.967591480991928 336
27 15 66 41.019147663530205 17.942869604058437 336
21 17 71 9.453060361765354 11.965693898290457 336