30 10 99 100.000000000000000 0.000000000000000 0
30 10 99 98.000000000000000 19.899748742132399 0
30 10 99 81.766312060385914 8.217823563497323 0
34 24 97 77.530773183718040 -25.517324434165815 0
28 17 95 54.768793634636154 8.583882098846740 0
1 12 101 75.161326206252824 29.202917365210524 0
35 20 100 47.223294032524279 44.806325911413140 0
1 12 101 83.175288600365150 51.825393064075911 0
2 14 94 72.300502548921003 -63.155659533991638 0
1 12 101 54.094638723611695 -81.717623933652959 0
1 12 101 46.650958247827845 -58.901146971281349 0
1 12 101 42.858122767058802 -35.202741982425664 0
28 17 95 25.273953620368562 -78.497668937119684 0
28 17 95 -5.555779240736808 -92.833901765616844 0
28 17 95 -2.556454634231102 -58.966453501763112 0
2 14 94 -36.301540084861642 -88.871807607740166 0
2 14 94 31.448028632150535 -11.840170380983068 0
11 21 91 -40.242836262305694 -54.094427251513430 0
2 14 94 -14.514520824036547 -30.365672865559628 0
2 14 94 3.591669711250437 -9.007633060842435 0
11 21 91 -79.680435003048331 -39.648811807228071 0
11 21 91 -88.990412293486685 1.306338331082046 0
21 23 80 -46.620474250200644 -10.559088345110515 0
11 21 91 11.244864630270193 25.145384485656876 0
36 12 69 -16.578485959455662 7.398610269654732 0
8 15 91 16.099770843940306 60.816519674440364 0
8 15 91 39.931761747123346 79.038380435367088 0
11 21 91 -28.711473523191454 38.087217484356295 0
11 21 91 -44.911728147644730 76.837078775758101 0
8 15 91 -75.433624678734674 57.747452479116262 0
4 17 90 -7.349837894392138 82.590721152775288 0
13 13 89 -70.928803440073153 30.112210746724912 0
36 12 69 66.092463444845521 72.358733237887449 0
16 10 56 -58.906498488652318 -80.808566599132305 0
16 10 56 23.408462177844854 -51.562191557316829 0
16 10 56 18.642434680826348 -32.138366447476500 0
16 10 56 96.785179385850725 25.152118225881026 101
23 14 56 84.414645919777811 45.718350300929927 101
23 14 56 67.632130606363020 68.131453159637331 101
6 17 48 92.986588785657503 -1.579337204980295 101
23 14 56 71.573370881939979 20.836596837747251 101
23 14 56 54.790855568525174 43.249699696454663 101
23 14 56 62.243658686028276 -5.563336312574483 101
14 15 45 43.620661623901512 84.393352104849384 101
14 15 45 29.712307000123733 57.812199540311489 101
12 30 82 22.514213154245361 13.346215711127577 101
14 15 45 13.646530929252926 83.147764251614760 101
6 17 48 -1.989417395125287 53.453223701003232 101
14 15 45 -16.333675179225498 82.058158041485129 101
14 15 45 -46.320648810397124 82.942133405066542 101
14 15 45 -69.874727684770789 64.362430275581787 101
37 13 41 -87.242539880846110 42.399755130648771 101
37 13 41 -43.454912215837496 55.089170299310595 101
37 13 41 -61.867713953212245 36.732462201720509 101
12 30 82 40.589910068397558 -43.866275766413487 101
40 12 66 3.523779404660093 -24.115276864617627 101
5 20 68 -23.303772036415342 -6.671582196444499 101
24 15 84 34.617595938674931 -88.468197966425407 101
12 30 82 -9.044560254193044 -77.577095332183063 101
40 12 66 -50.557982513512805 -83.951714718422110 101
40 12 66 -24.782990434994005 -38.637375052704243 101
40 12 66 -46.591772568463156 -28.618541694729021 101
40 12 66 -55.301054402655403 -6.254543618968754 101
40 12 66 -46.011864905837619 15.874870256961406 101
24 15 84 85.520466453774247 -41.367255378244181 101
5 20 68 -68.991413247261775 -57.794332751105905 101
26 16 69 -89.637770270040548 -28.303182524504813 101
40 12 66 -78.990561403606662 -2.406523601884466 101
40 12 66 -97.085038986965017 13.360209762555435 101
15 14 79 -22.667646324683204 27.322466460325899 101
39 13 115 59.851476295384714 -76.333484037236246 185
31 17 115 77.199404171981570 -51.857998375284723 185
39 13 115 47.249538344890922 -53.591646822712342 185
29 25 115 22.098467073816629 -82.077145131805366 185
29 25 115 54.776336778827790 -16.344535453709703 185
39 13 115 23.048297863607878 -44.089017756653469 185
20 15 116 14.788601433033829 -17.335000957773300 185
17 19 117 24.232731732153489 15.327032091215706 185
27 29 88 -18.858565714872871 -46.884511454482876 185
39 13 115 -10.674770121795017 -5.689542226545353 185
22 36 117 -24.189188016040461 41.409932388143275 185
31 17 115 -75.648796014691641 54.094913453369855 185
31 17 115 -90.036714725562916 23.289267945291943 185
20 15 116 26.201481551120381 49.269984587283545 185
17 19 117 56.922365125118617 34.701960959047440 185
20 15 116 82.589077469214573 12.403533269063722 185
17 19 117 -90.107930179892307 -12.710661615181728 185
20 15 116 -62.452832464265114 7.068002908468800 185
20 15 116 -57.556657718337121 -22.529758372704769 185
11 21 91 -68.495407756527229 -56.827626347288785 185
24 15 84 -44.689130015091990 -83.832461842022781 185
33 20 84 50.373730266764014 74.582084303211204 185
15 14 79 -30.577223789519664 91.000183435670237 302
38 22 79 -57.254573994582394 66.827492521408345 302
38 22 79 -82.450472945786487 30.755804509330066 302
38 22 79 -87.033753660543979 -13.004834630080747 302
15 14 79 -56.401516301471204 5.907225923371014 302
15 14 79 -46.491503310849694 32.474089350005173 302
15 14 79 -52.115296055821489 -21.762763523786035 302
38 22 79 -20.442546666534412 7.625510764046117 302
3 23 79 -18.551724645575074 -37.334747154309461 302
10 20 77 -15.748653189046099 60.404211577486493 302
3 23 79 17.018150959067487 32.559345876263109 302
15 14 79 13.533181054663824 -4.276166672979382 302
3 23 79 27.431780154303254 -38.566528920519175 302
25 27 69 1.858695086048726 -82.979185658676471 302
10 20 77 -43.863756708535448 -72.095371901912401 302
26 16 69 44.857080447676545 -82.606551397033115 302
26 16 69 -69.285392849545957 -46.605365705089525 302
9 31 84 70.976102264664235 34.689953982614682 302
10 20 77 63.922782819647054 -15.819952816017832 302
10 20 77 68.599561086926741 -55.545608821157643 302
24 15 84 94.888252261141133 -4.606471841447103 386
24 15 84 91.593409862899605 25.212046122575710 386
32 18 84 84.670514642358114 -35.984773866153716 386
24 15 84 67.417237001973987 7.449369922221099 386
32 18 84 62.101526169577802 40.018422999434534 386
33 20 84 49.174038270624685 -22.420107810884573 386
18 21 84 32.210989725374077 14.967358529481787 386
18 21 84 26.810890930186833 56.618756261157216 386
12 30 82 -16.579108175373925 29.817488051995234 386
18 21 84 -8.016335286072760 80.093515345788532 386
33 20 84 -48.773547952543417 75.638224596568548 386
33 20 84 -76.732838384907325 47.032664323804724 386
21 23 80 -86.842180209852756 5.237913363110991 386
33 20 84 -81.829578116633854 -37.468922392480401 386
18 21 84 -47.668289810149162 -14.797213563165549 386
10 20 77 -46.263361227454020 -55.773135464661877 386
21 23 80 -8.596755816732816 -35.031225310748169 386
4 17 90 -14.414824897528884 -74.605839297129450 386
10 20 77 -51.407572254866366 -73.873280114400586 476
3 23 79 -10.270127524608753 -86.391692196809487 476
5 20 68 -23.300023920026156 -45.413383301435474 476
27 29 88 25.587450632166771 -48.732243332935568 476
27 29 88 -5.493695992939053 0.236750167734556 476
7 34 108 75.329788671284632 -10.070895627480084 476