6 10 92 100.000000000000000 0.000000000000000 0
21 17 93 89.599999999999994 24.916661092530056 0
31 24 92 67.362603602345246 -9.528922099710602 0
19 18 89 55.069769582446639 30.631832770675278 0
40 22 93 52.592623819065473 70.555055948006071 0
31 24 92 15.183146935189434 43.786958531963499 0
21 17 93 16.276405781190874 84.772380148626652 0
19 18 89 -18.306401517536131 90.160277636433392 0
31 24 92 -32.334831903185915 50.572361034078853 0
40 22 93 -77.476843172250852 41.729351445504719 0
31 24 92 -85.929260937359800 -3.487422366036405 0
14 25 85 -14.614853358119131 4.888640078333879 0
32 19 94 -48.008875935837750 -23.761652347378277 0
7 23 90 -58.446182597286551 -64.444113306062633 0
1 10 40 -74.481602743462886 -35.602038125250800 0
27 27 88 -10.473057825698234 -50.352296544210411 0
27 27 88 38.233198175794243 -73.669685470011643 0
8 12 84 90.809327713264835 -36.846519513583260 0
8 12 84 82.053798402077405 53.583338527859937 0
8 12 84 -47.938233095483447 85.474708584955678 0
8 12 84 -29.636798291677234 -84.319207668900560 0
8 12 84 68.428759353439631 -45.513131302003885 0
15 11 83 2.333867469426083 -86.129141912200936 0
15 11 83 -56.841078437719943 15.977357079609668 0
39 17 78 28.881746532732532 -30.674914251089238 0
32 19 94 -77.420792967012133 -47.822806445868956 94
21 17 93 -54.354573529889151 -75.462443217695210 94
21 17 93 -41.631591438098724 -43.932683835613332 94
21 17 93 -20.687509883900287 -70.715989230039256 94
32 19 94 -60.970441795120614 -13.568084927201674 94
32 19 94 -22.972791305683099 -13.145524537968367 94
5 26 95 -79.371797528514961 27.497595478376365 94
5 26 95 11.442384504704705 -42.138552560927572 94
32 19 94 11.348448567573589 -87.138454516817603 94
24 29 97 -42.927091766674067 68.689626527267876 94
33 16 97 -37.516341442668633 24.016102142781765 94
33 16 97 45.968222138606549 -81.993429940549021 94
5 26 95 69.487505467614056 -47.196256036769554 94
5 26 95 83.954951898000303 2.750645706821160 94
33 16 97 82.674819600766526 44.731132379816984 94
19 18 89 59.816118761008525 69.900156912334069 94
7 23 90 44.534561359123259 31.854473801462131 94
5 26 95 15.848184868111723 71.579677436131405 94
19 18 89 40.303577939963866 -8.926634316228824 94
15 11 83 -98.922548794022731 -3.915270117653662 94
15 11 83 -12.796942900490201 94.998828896431391 94
39 17 78 -5.054879094673076 18.078639534085472 94
1 10 40 -96.552982411566660 -26.029244849432338 94
1 10 40 -15.185841532493509 -98.840225702645952 94
15 11 83 -81.108626918201836 56.766104670339516 191
11 18 81 -56.710754974472643 72.442323749485865 191
35 26 80 -81.640370117249205 19.769925824811860 191
35 26 80 -77.634772889855157 -32.075567623046211 191
18 23 79 -38.227858709442522 -2.953494984279691 191
26 19 58 -40.942290608519833 38.970611341249615 191
37 21 77 -32.946848580001479 -46.635424108492387 191
23 12 77 -59.896042252791986 -65.681183751689304 191
37 21 77 -17.721189220417639 71.540235998642871 191
23 12 77 -9.946300455994816 39.469203824719131 191
37 21 77 3.960392706123447 9.542562093734798 191
37 21 77 6.558807350669149 -32.376982767045959 191
23 12 77 -4.552100133219838 -63.450246755311817 191
2 15 76 -24.511546596300267 -81.633219473968865 191
13 15 64 2.360604408281844 -94.970666770469720 191
10 25 78 37.678892116128409 -76.192526463565684 191
23 12 77 73.048300251694940 -65.329517297606188 191
28 21 75 59.037209696212116 -35.451610050845076 191
10 25 78 84.961823474050234 2.547263622856434 191
23 12 77 89.805910500438259 39.228796045599886 191
10 25 78 52.842150992282320 40.866014120021148 191
39 17 78 40.893541627636566 0.601504508564307 191
16 13 114 -90.576199875728861 34.712418758594382 274
22 16 114 -93.815044254398160 5.893850315821890 274
4 34 114 -66.826579530894278 -36.196799143032827 274
16 13 114 -65.228959798709241 10.776039936496240 274
4 34 114 -47.934658220705394 54.478524224337974 274
4 34 114 -8.635092339814051 -1.015116146189918 274
25 15 100 -19.475393028581887 -48.800970548691708 274
16 13 114 -35.830847464873948 -71.527587326874396 274
16 13 114 -96.542847093541525 9.406310385749567 388
20 23 109 -83.573357438678372 -24.176309197784967 388
25 15 100 -87.898890886508099 36.038659532809248 388
9 17 57 -66.663987887913621 12.099593246918237 388
24 29 97 -47.744780056709011 54.028861962693455 388
24 29 97 -21.745722783353528 2.182463622048981 388
7 23 90 -42.754233788126626 -45.384777893119079 388
13 15 64 -87.898890886508099 36.038659532809248 502
13 15 64 -94.753990840240064 6.832365611389758 502
3 25 63 -79.478446117798654 -30.135968587390309 502
3 25 63 -54.912736157596498 13.413151887668938 502
34 20 58 -57.380134869089083 -69.336282871272729 502
3 25 63 -29.621674852138739 -33.917814560413078 502
34 20 58 -18.211081966383283 -77.447096314142343 502
17 25 67 17.637125352600492 -50.245882517417058 502
17 25 67 67.621370336058220 -51.500973523552595 502
17 25 67 43.716188539704099 -7.585802075825562 502
17 25 67 81.019025040631391 25.708317359670644 502
9 17 57 91.801217730681884 -14.884099675960794 502
18 23 79 35.082674720573280 39.631381651445565 502
14 25 85 -12.908793291936455 40.536366736546398 502
29 21 71 13.678670010825131 78.074438012576366 502
9 17 57 51.671269404240704 77.324510461782936 502