20 11 86 99.000000000000000 0.000000000000000 0
20 11 86 96.555555555555557 21.863775779997951 0
39 26 86 62.669479718877326 7.006660838297714 0
39 26 86 71.396223017109961 -44.255839602148541 0
17 26 87 31.664916580299749 -77.803168688445197 0
11 17 88 33.269507769765745 -24.372339295413557 0
17 26 87 10.947861271700546 12.380131337394433 0
14 30 82 50.864151611052165 61.748182814459412 0
10 34 88 -11.729884674939740 75.089345485978328 0
11 17 88 -62.363948334664286 68.990854090316375 0
11 17 88 -82.993744529702070 41.964727676210970 0
21 16 90 -50.196073189102250 38.316062902078215 0
14 30 82 -69.998993128849918 -3.203141833320373 0
27 14 77 -29.048850645457147 12.893001511898404 0
21 16 90 -26.104936886080718 -16.962205266440179 0
14 30 82 -46.264775242804674 -58.309283971359122 0
6 20 66 1.388655375829977 -43.171564517129092 0
13 13 74 -86.661548688599325 -43.574946688361273 0
31 16 106 -80.545581261204248 48.460389384472990 90
25 14 103 -93.575727255705914 21.437893286555379 90
30 15 107 -94.700284889441946 -7.540294547199959 90
31 16 106 -67.300534539793858 6.959832375587980 90
18 12 107 -71.164863937527684 -20.772224134988555 90
40 22 107 -37.430527915318073 -16.530223057589964 90
30 15 107 -52.909053014201703 34.416803430286272 90
30 15 107 -27.163413556491200 19.016736907261755 90
40 22 107 3.817020906894342 -1.212269011464779 90
31 16 106 -6.020175155373071 -37.916895063673927 90
31 16 106 -33.492930989136681 -54.325663661542805 90
26 18 108 -67.279219485755419 -50.519522620639506 90
7 36 82 -18.152111980555368 71.739116461281981 90
25 14 103 13.884930573370600 33.351255041323505 90
40 22 107 44.775142089190084 14.863560958287245 90
40 22 107 38.218158638766688 -28.645127461738404 90
26 18 108 17.248164473030762 -62.707707291942121 90
30 15 107 -12.452108341382727 -77.091510500739545 90
30 15 107 -41.223199850096961 -85.589998213102945 90
35 16 96 44.791006805316812 -82.642396561123903 90
35 16 96 69.918640006767845 -62.828208470431520 90
9 14 95 87.827427579287018 -38.760069205370272 90
8 21 93 87.774889838289653 14.716273776881046 90
13 13 74 84.000902206894665 48.506168972901982 90
19 15 101 65.112847003095737 69.175986839014058 90
5 13 73 73.257576381826013 -16.028605634279113 90
26 18 108 35.978124774489906 84.673340182794462 90
19 15 101 36.362015904681982 51.675573173492751 90
33 12 116 -57.948380659617094 -79.031545467162132 198
26 18 108 -74.484558339940889 -54.000468228562070 198
16 35 108 -21.711594072084075 -49.100035351406405 198
30 15 107 -64.149314781586938 -22.660673388941582 198
16 35 108 -36.866486806217566 19.239771688245877 198
16 35 108 5.739574243799041 74.780059424287160 198
16 35 108 64.968445635420267 37.471336668411517 198
30 15 107 -43.294386893134721 84.561197150629113 198
40 22 107 14.632843729810300 -5.190106623791376 198
12 34 100 69.210971353573214 -31.398112113547029 198
34 17 94 -92.646310363770425 -8.103158395337239 198
34 17 94 -89.367423693904925 25.738367903075769 198
21 16 90 -73.530836799134860 54.690095235385272 198
5 13 73 -75.351330644496429 -61.083360828492189 314
32 25 72 -81.655209008513793 -23.609888643869724 314
32 25 72 -39.064510151034547 -49.802108306042612 314
32 25 72 -37.676731970830176 0.178628700553730 314
22 17 70 -91.386738261961725 17.247146715897724 314
22 17 70 -25.315812696715241 -89.488041812885996 314
32 25 72 8.641865854496650 -64.772134639315283 314
37 17 64 47.891565194816330 -79.720750016483521 314
3 23 67 49.608609169200989 -39.757620009062556 314
3 23 67 9.755612126728785 -16.785057532649482 314
3 23 67 49.576933342563763 6.242369084871015 314
5 13 73 77.287529538027329 -16.738554710572036 314
29 14 63 -63.042940726095253 29.802191170052794 314
15 16 63 -35.254435033255348 41.107010998736683 314
37 17 64 -5.397995082229649 27.050233507049743 314
37 17 64 26.472206439836739 38.894652232461212 314
37 17 64 59.941924152279512 44.876123309829637 314
29 14 63 58.837082018859789 75.856428728921628 314
15 16 63 89.208335142125549 29.628920688580724 314
38 13 44 85.571878806972649 -41.383423490708097 314
23 25 76 20.409420281981191 82.513365970329048 314
29 14 63 -16.690569824097242 94.537954700463743 314
15 16 63 -44.335918647196721 82.887431602801840 314
38 13 44 -19.631668544319691 67.698619047025787 314
9 14 95 -16.690569824097242 94.537954700463743 390
35 16 96 -44.335918647196721 82.887431602801840 390
28 33 96 -66.332621450667304 39.102216452299388 390
28 33 96 -72.247674521893558 -26.632189661733296 390
35 16 96 -21.999524868872498 59.972687157802262 390
35 16 96 -33.214368338444018 2.988765899981453 390
28 33 96 -7.346783513525384 -38.626952949098154 390
2 20 97 6.606704518501566 -89.757180522815062 390
9 14 95 -26.398408546387898 -81.592469163932662 390
9 14 95 -54.293593316022942 -79.172000889419920 390
2 20 97 38.368638524655559 -65.442996428161209 390
2 20 97 10.877734224274757 74.638492097254669 390
28 33 96 18.345105134644985 22.167182110872997 390
34 17 94 47.493243405780703 79.958688275879481 390
2 20 97 64.979375060392343 47.351400750579415 390
2 20 97 69.299709126066077 7.585401284188791 390
2 20 97 85.152255929084660 -29.139205723349157 390
2 20 97 45.421539915047489 -24.505610465676064 390
27 14 77 72.006692027270518 -60.495132590583069 390
38 13 44 -26.191960569119612 -93.396901455806784 487
1 19 43 -52.097568089836095 -74.611281982853583 487
38 13 44 -20.795797395165057 -67.963037750108100 487
1 19 43 -36.379913733562994 -40.014239601506461 487
1 19 43 1.313779678029068 -44.829369609398363 487
38 13 44 3.677256612459026 -76.741968638315100 487
38 13 44 22.889011507274951 -94.260772075237284 487
29 14 63 29.228155419447202 -68.015481936609177 487
24 16 75 -78.527481134414330 -51.666572430191259 487
10 34 88 -75.980273211029882 -1.731497264581982 487
36 33 76 -48.842546055612431 59.526512536897201 487
24 16 75 -28.797245865334297 14.814255377571913 487
10 34 88 14.946104812974959 39.032415329031096 487
36 33 76 76.108875279066595 11.680715036139098 487
4 19 98 4.087556579974208 90.908150796314800 487