13 10 98 100.000000000000000 0.000000000000000 0
13 10 98 98.000000000000000 19.899748742132399 0
13 10 98 81.766312060385914 8.217823563497323 0
19 29 98 75.152608858698386 -30.217302687888765 0
31 15 99 56.815130666178383 9.779408346130687 0
19 29 98 19.569992484212221 -13.647065605496053 0
1 31 99 28.129143186017590 45.739304373344922 0
31 15 99 70.476714068864538 63.702690477369252 0
30 14 72 71.739876152665488 34.644081522418020 0
29 33 97 -31.251517412418558 21.865947950476077 0
18 22 96 -86.121456272421696 18.085761513338564 0
18 22 96 -84.112005881448894 -25.868329412606194 0
3 25 96 -17.495283657078605 78.211010137578569 0
19 29 98 -35.112936420297871 -40.013688790907509 0
18 22 96 -14.721807653405243 -86.759831600897769 0
31 15 99 -69.348517369247915 51.065581412034184 0
39 23 87 46.437695351179670 -73.569969759889304 0
22 13 80 -55.470839841081037 79.573776631030512 0
22 13 80 -49.558652036510694 -83.384291136424821 0
22 13 80 11.765821128599836 -63.881773958110514 0
24 11 74 -79.804062457759414 -58.585933595343818 0
24 11 74 17.860811965410150 -91.991743180386308 0
24 11 74 17.563611880532804 86.388653054877580 0
25 13 51 41.530507836941325 87.648771388483297 0
38 10 64 88.561593972747247 46.441835375082448 99
38 10 64 77.548553542416130 63.136533350184969 99
38 10 64 68.597041202634273 45.251611577061851 99
40 11 63 79.678262248577653 27.413266919248407 99
17 23 61 44.950215159311071 68.269596242901116 99
33 23 67 46.304036932304065 20.920110172441557 99
38 10 64 22.657210888980867 43.938094838280826 99
38 10 64 12.698422541105655 61.282331190516842 99
33 23 67 83.318741525033218 -6.391272874064818 99
40 11 63 49.944516208759637 -12.884429620871671 99
33 23 67 15.953047001322311 -13.646020797185976 99
40 11 63 12.312567724866735 20.158518996127246 99
26 11 62 2.100742650641973 39.644889326525742 99
32 14 56 85.672007460387633 -43.316361085706241 99
26 11 62 62.708779495840545 -33.432527747965111 99
26 11 62 40.951455334595366 -36.691184732444597 99
32 14 56 69.529101028980349 -66.194441685853391 99
26 11 62 45.863551964357875 -58.135794934075122 99
12 17 55 -14.280339108149413 62.353041175846116 99
9 22 59 -52.372572149357012 70.718552632674786 99
26 11 62 -81.794395378706412 55.773442467108396 99
9 22 59 -63.672734014809990 28.194367257590148 99
32 14 56 -95.355969438819855 11.101310390348218 99
9 22 59 -70.800803067956295 -15.224414756344540 99
32 14 56 -23.336850570221308 92.000631299452465 99
12 17 55 -75.784465492508431 -53.904682449809485 99
12 17 55 -43.541598295885045 -43.115914450593465 99
25 13 51 -51.819466129799281 -71.951255685339561 99
25 13 51 3.151427059554159 86.768887019775121 99
15 15 41 20.443798221557774 -52.673550005897667 99
27 28 79 -11.846326593045267 -81.069814539412576 99
15 15 41 -37.880787719904518 1.665599733999613 99
34 14 70 -10.919058732810443 -39.080051807106315 99
24 11 74 -12.161261907500954 5.474272991855576 99
8 16 102 -23.166932960658205 30.129398314386318 99
27 28 79 -50.853537543232790 64.326648594023709 201
28 22 76 -83.836332046021823 26.748260299862004 201
28 22 76 -86.306236375442424 -17.182361965290461 201
6 25 75 -62.441027901749038 -57.672506747782336 201
28 22 76 -42.351718298280254 -15.182276815997113 201
27 28 79 -9.647126506993146 -53.003034023716737 201
27 28 79 4.934877391518910 1.065118915918436 201
28 22 76 37.639469182806017 -36.755638291801191 201
28 22 76 81.495804882193070 -33.202918344680413 201
28 22 76 87.383122996222937 10.401433335217504 201
22 13 80 -48.999889762291126 23.368572590575869 201
22 13 80 -23.913168740362828 30.199123693374332 201
6 25 75 5.661345761426912 54.060139849092181 201
30 14 72 -38.077051914946999 -88.125694989976850 201
30 14 72 84.122623168477247 46.253478477346711 201
7 24 72 52.851555286022560 67.843298149843079 201
15 15 41 21.360761746119266 90.850469254244103 201
15 15 41 28.608860231917333 -72.636665339199510 201
15 15 41 58.528638031669971 -74.829128888139252 201
14 17 85 40.383522148331444 28.785032063425003 201
23 12 111 44.924240797202131 0.142722901072222 201
8 16 102 -9.524407977146129 93.516232027840360 201
36 27 86 82.170180776187337 11.707322119455537 312
36 27 86 71.982077124051685 -41.322881953066570 312
16 38 89 19.011019293447994 -3.652375820193356 312
36 27 86 48.767251319762529 54.136608040021159 312
16 38 89 -15.468266440879333 64.076339325235267 312
37 25 90 -74.241872313297478 41.390148530973327 312
20 17 89 -41.197651016160407 15.465653572231446 312
37 25 90 -84.667510753157018 -7.510833699666200 312
27 28 79 -60.917333054906294 -54.891516042805939 312
36 27 86 -13.044243168079475 -81.968577639068570 312
5 11 105 28.282123973272334 86.142225634407311 312
5 11 105 -50.061801383287907 -17.432772976246831 312
23 12 111 -11.856663440911799 -42.986663186445540 312
5 11 105 -25.385921983010192 -24.386685678366192 312
11 29 90 3.714370481941668 -80.914791304945481 423
39 23 87 -47.647350375547568 -72.792375989452410 423
20 17 89 -21.553141298674127 -42.475841678083377 423
39 23 87 -78.105768027215447 -38.320868999525693 423
20 17 89 -44.192866511090820 -17.109666516930989 423
20 17 89 -10.905251818478686 -10.186176928855289 423
20 17 89 11.734473393938003 -35.552352090007666 423
20 17 89 40.630182227648739 -53.469885709270429 423
21 14 117 46.611500087531603 -83.887377990177583 423
39 23 87 -86.728830262634432 6.863672579249794 423
14 17 85 -47.952499752836502 16.681828831566996 423
14 17 85 -14.664885060224368 23.605318419642693 423
14 17 85 16.479224964311420 9.965508641657905 423
7 24 72 77.912280736786030 -36.409840845467045 423
10 16 111 37.756910111669086 -15.258688367759751 423
7 24 72 68.265445402193535 10.610777696054264 423
23 12 111 89.658313894723804 39.564968716721822 423
3 25 96 57.867420549755451 58.494815528802668 423