35 10 85 100.000000000000000 0.000000000000000 0
35 10 85 98.000000000000000 19.899748742132399 0
35 10 85 81.766312060385914 8.217823563497323 0
2 24 84 77.530773183718040 -25.517324434165815 0
2 24 84 48.016710175546272 12.336606468049176 0
25 20 85 33.690741776610146 -29.265876984656909 0
16 19 86 80.277628055073677 42.854433071168344 0
25 20 85 43.601052007493685 56.114477167101114 0
16 19 86 7.063124636628523 -0.770789593203677 0
16 19 86 9.522751313683457 37.149524706779644 0
30 18 83 10.150652588169807 74.144196485151980 0
29 13 46 -11.517501188606474 96.313795306645702 0
33 25 81 -31.657347728323366 64.089789016976297 0
4 19 80 -74.165651512187679 52.730030682455840 0
22 20 81 -49.294090543089062 22.689966518735915 0
30 18 83 -87.007279900136268 18.029993501700066 0
22 20 81 -87.758162693243960 -19.962587024384447 0
33 25 81 -42.797283603977803 -21.838580499956667 0
30 18 83 -71.168983280693055 -54.150291340676247 0
36 24 80 -32.139801190471488 -69.665540142043511 0
36 24 80 13.359675197811036 -84.955983183110732 0
34 18 79 54.028186764718981 -74.464454842002610 0
34 18 79 -2.901237034686894 -39.514149359725224 0
31 11 102 31.387360685411135 93.892670582979505 0
9 12 106 -17.647401123965945 17.947915400331457 0