10 11 74 99.000000000000000 0.000000000000000 0
10 11 74 96.555555555555557 21.863775779997951 0
29 16 74 73.272802218506271 8.192148333123878 0
14 21 74 74.625211438602634 45.167423711427666 0
14 21 74 82.757668419110018 -27.571482818601254 0
29 16 74 44.944555154856857 23.075374404807359 0
14 21 74 34.856030491918531 58.673431516471268 0
29 16 74 18.935454278468761 92.073061050819959 0
21 24 74 39.140570602166790 -16.501307660673266 0
21 24 74 4.991453303399361 25.011776338049330 0
21 24 74 -13.850838216618985 69.158894593657422 0
2 23 73 -60.394078593685464 62.622322464275804 0
2 23 73 -83.884793052127733 23.072526836081547 0
8 15 72 72.033372527595560 -61.937010278997491 0
14 21 74 36.037465199723869 -61.394188353065118 0
14 21 74 0.331266233535317 -39.279321060066152 0
15 14 72 -47.220697184517093 28.046868421724504 0
2 23 73 -50.705509807236069 -8.788659007437392 0
8 15 72 -88.246628750469256 -14.676306117278395 0
25 13 69 -33.647150872256262 -40.490589397326815 0
28 23 73 -67.942563500476453 -51.437035060651283 0
15 14 72 -48.442496051974082 -82.881388599941275 0
25 13 69 -14.705509979681146 -8.785135366500770 0
27 11 56 59.413844354150498 79.189614843493075 0
27 11 56 96.555555555555557 21.863775779997951 74
27 11 56 99.000000000000000 0.000000000000000 74
31 19 53 70.040028841546800 7.830713281787231 74
22 20 98 85.549001391425008 -27.952966943241666 74
4 21 66 44.823169136334961 -23.219407275267990 74
4 21 66 30.975794971774434 16.432203395001906 74
4 21 66 60.196738648637947 46.600671215452635 74
33 32 70 27.062255890437214 -73.154865225222693 74
24 22 65 1.877849421087696 -25.387243651749035 74
24 22 65 -12.024142426667257 16.358829488906430 74
24 22 65 10.422943198611147 54.202301144284718 74
25 13 69 71.428264347292782 -65.627761293017329 74
9 15 63 40.015591401128077 76.412100160981652 74
35 30 73 -39.202591608138803 69.736337810394701 74
24 22 65 -79.756252636335375 37.187903482302509 74
9 15 63 0.987401529285497 89.978977253258563 74
23 19 70 -90.972225664751662 -2.248145369298207 74
23 19 70 -53.765991755456724 5.478183531727909 74
8 15 72 -87.871077756491260 -36.106421782179773 74
28 23 73 -49.871801150365584 -36.340894405634842 74
40 13 102 96.953166972283157 3.013870276667777 172
34 25 102 77.233349225271795 35.496616281657182 172
40 13 102 71.453294986880323 -2.061218759799242 172
22 20 98 40.530073151590962 9.460688691898296 172
34 25 102 51.248083087949837 -34.244279709922019 172
40 13 102 39.875725905460612 42.454200625026630 172
19 30 99 -2.469136001764916 34.976723105301105 172
40 13 102 27.825329420628414 65.493036197996545 172
11 26 105 -45.862075588042863 70.375208864746128 172
12 22 101 -0.814732898997462 86.950398657195194 172
7 13 60 33.977912669009015 90.754582456524474 172
30 23 98 -79.684262191271046 34.920171234299133 172
30 23 98 -86.352583213834961 -10.593930918111084 172
3 19 94 46.834874791595254 -78.022397446217937 172
16 22 99 10.880866354266914 -58.316832818719377 172
16 22 99 -24.455907977888558 -84.533476001978329 172
16 22 99 -62.323512574738288 -62.127125962388099 172
16 22 99 -26.986738242582817 -35.910482779129140 172
3 19 94 -48.247066737419345 7.068730661209811 172
3 19 94 9.565425488774697 -17.337940504146093 172
8 15 72 91.785088816048827 -24.505049908743853 172
20 15 38 57.524663651912775 75.603657793352198 172
8 15 72 -81.117801818527894 49.445952596042005 277
35 30 73 -79.875407239278388 4.463106357620724 277
28 23 73 -43.643866744244015 43.144826502369781 277
33 32 70 -18.747210680441370 -5.897568594533048 277
23 19 70 -57.453769504506141 -39.106035948495851 277
7 13 60 -89.411720395739479 -37.466104598249970 277
20 15 38 -50.375516724690911 80.543822324995148 277
19 30 99 -5.381357725532638 79.818800974644134 277
33 32 70 33.291286578032910 31.358233679472072 277
23 19 70 30.388948508437135 -19.559115365129365 277
20 15 38 7.617091369248696 -44.806739459930689 277
39 18 78 45.867201921903202 79.750860734260158 277
39 18 78 82.348841570782540 41.020339978480870 277
18 25 81 84.978780845012267 -1.899159312795398 277
7 13 60 60.339067506131322 -30.828115854256971 277
17 22 79 58.457828346514731 -65.777521274440090 277
28 23 73 16.398586581553083 -81.778151954400997 277
37 22 83 -25.021315774154445 -64.188618451671161 277
39 18 78 -53.148347726742465 75.094960775788877 376
6 31 80 -72.966019260106179 30.281347944465992 376
6 31 80 -72.354119839512407 -31.715632458607494 376
6 31 80 -18.969109562821650 -0.187221814275566 376
6 31 80 -18.357210142227878 -62.184202217349046 376
33 32 70 44.617220769269224 -63.978930991587319 376
39 18 78 85.184490186788011 -34.750577428540929 376
6 31 80 77.804691649596123 13.690506101356110 376
37 22 83 60.591553910334603 63.817423911742289 376
18 25 81 17.741708782910045 83.127803829178674 376
37 22 83 25.839383760642889 36.830636961701785 376
37 22 83 -19.154741206883212 54.013340444965571 376
12 22 101 60.591553910334589 63.817423911742289 459
12 22 101 83.913087172547378 26.506486020830160 459
16 22 99 86.256348641623319 -17.431073375289518 459
11 26 105 36.076433942612347 22.549895599906282 459
5 35 106 33.247336081687948 -38.384464208770730 459
5 35 106 -22.159351653465414 4.395191636259228 459
13 32 93 -33.537028179833818 70.422068564229434 459
11 26 105 -77.446356737034975 32.527862336156005 459
1 25 89 -83.036365325584072 -18.164857101451084 459
28 23 73 19.557646851860262 84.773217761377438 459
13 32 93 -43.416148071483519 -59.143368357204054 459