27 10 99 100.000000000000000 0.000000000000000 0
27 10 99 98.000000000000000 19.899748742132399 0
27 10 99 81.766312060385914 8.217823563497323 0
19 31 99 64.611901694133110 45.456596435145471 0
19 31 99 47.371608198842047 -14.098187421369571 0
40 15 100 23.346808882128528 25.129468865893394 0
12 17 102 17.939922608835392 56.669373444501019 0
34 10 96 53.023777063543292 84.784898808193788 0
37 14 93 29.903630585130937 91.223751719757843 0
32 40 117 -31.555874316313474 28.399847683632220 0
40 15 100 -6.479199602465068 77.350438949681660 0
12 17 102 -37.528726579408598 85.091683972806592 0
12 17 102 -88.555874062067303 28.405231368592570 0
34 10 96 -83.556975288416069 54.938437187919959 0
21 27 94 -81.360259786989786 -16.416702695533353 0
21 27 94 -32.126102757552367 -38.597725701713628 0
37 14 93 -69.416964849096786 -55.638606091805435 0
8 12 91 -64.304093626062823 73.952576310298653 0
5 13 78 3.978205377797939 -21.379162054658817 0
5 13 78 6.935664318522051 -47.210411281398336 0
6 24 78 -5.461364225571780 -82.071760699872129 0
5 13 78 -42.075815612682689 -87.399231921839728 0
26 14 71 -77.946507577929651 56.038754058274321 117
3 21 70 -86.229613061805793 22.033016843166319 117
14 20 70 -87.986824173535652 -18.929309862098037 117
14 20 70 -48.740090274637609 38.632284332739410 117
23 32 73 -13.456903471514060 76.830409012046488 117
26 14 71 -15.635206777369412 30.882014103108705 117
3 21 70 -33.283648163960748 0.657313664162253 117
3 21 70 -51.319316230207271 -37.273078864839810 117
35 13 107 -82.200180261537852 -51.498838481762697 117
31 31 67 0.660105580335760 -38.735853024320114 117
1 17 75 -34.541016988993881 -71.368367022770059 117
33 12 64 -63.345180547393667 -68.003822224293756 117
33 12 64 -61.576709743587521 76.238499573076425 117
6 24 78 41.941400853930112 -75.079417248737030 117
23 32 73 61.566855228153933 -22.630951679139486 117
23 32 73 66.231854121637099 41.198804589577385 117
1 17 75 26.890113356455579 11.988747527578097 117
33 12 64 52.240692675193117 82.915077210456872 117
33 12 64 94.018360416926626 7.082678374811503 117
29 15 63 4.122667098227829 -84.605349072726980 117
30 11 48 76.363432658696198 -63.004969268945544 117
30 11 48 -18.602980075717031 -97.236459891866048 117
30 11 48 33.694792423953885 69.311784084486064 117
35 13 107 21.232557757265784 41.450452580783633 117
17 11 113 -1.073447318367714 10.560715880352989 117
8 12 91 30.034264474856268 92.018623035204755 117