37 10 79 100.000000000000000 0.000000000000000 0
37 10 79 98.000000000000000 19.899748742132399 0
37 10 79 81.766312060385914 8.217823563497323 0
35 19 81 80.277628055073677 42.854433071168344 0
18 21 76 78.826457749985337 -22.642462511547727 0
35 19 81 52.770807551650876 7.707217762584213 0
35 19 81 42.302785353551194 44.236938693082607 0
18 21 76 37.341066099657716 -29.197024252726770 0
18 21 76 12.866964400152561 4.935340827974549 0
10 30 83 -6.028280095211905 52.305898513739649 0
26 22 83 -55.513765143915819 68.280464845709403 0
26 22 83 -81.630682403268025 32.869920754038759 0
26 22 83 -87.339929061803232 -10.758103526141578 0
26 22 83 -71.214193454887621 -51.696601924786520 0
26 22 83 -46.702328388975168 6.111555971185680 0
28 12 84 -54.616222979609418 -81.369946463307841 0
23 26 84 -23.795205263175916 -59.142376489887610 0
28 12 84 -45.372135090345481 -27.862413266868927 0
28 12 84 30.560855100370159 72.927129942522413 0
28 12 84 52.441382198789739 82.788292850381069 0
29 14 86 1.523972003155800 -28.175632028190122 0
21 11 59 12.243020275142996 -50.761069906230219 0
28 12 84 11.288589399475432 -73.741258367240988 0
28 12 84 -4.457267237935294 -91.853905847775380 0
29 14 86 30.800841908354737 -90.924738865374465 0
7 15 69 56.067260677041602 -76.690692265571982 0
21 11 59 60.669296962810343 -51.101216654991987 0
21 11 59 35.239382246310448 -61.127932867743965 0
21 11 59 -15.502237414390589 -9.869671445094387 0
1 12 114 5.735144505147588 -97.832040342134718 86
8 18 107 -22.962371529378068 -89.088324115715679 86
8 18 107 33.214449920087539 -85.795106600003677 86
1 12 114 5.702896636571014 -73.832062007249235 86
8 18 107 24.890654364999904 -50.770623341044619 86
1 12 114 -52.310994507080807 -82.870741843428448 86
32 12 100 -70.884471034766165 -67.671203374266923 86
32 12 100 -48.434546330830770 -59.185870099278176 86
9 20 98 61.612091134524803 -60.544879403875434 86
11 29 98 79.605023580366662 -14.967973168377483 86
32 12 100 95.283020093287618 22.916066021508783 86
11 29 98 -76.354195205034458 -27.037693588608693 86
9 20 98 64.496450381286394 31.644589686372665 86
32 12 100 76.433171508903882 61.334902731564554 86
9 20 98 -12.998119407526421 -47.865314060723271 86
9 20 98 10.593262619949851 -15.562888547556774 86
9 20 98 25.824294987584970 21.423807074194187 86
17 33 97 -68.836170269813508 34.504806369334169 86
17 33 97 -8.679002604692187 61.654671534938274 86
14 21 96 44.642636487580567 70.187127483456905 86
14 21 96 -31.647138837317442 -4.648430292694422 86
6 14 93 -51.507593193893655 81.012146270620192 86
2 12 92 -5.657254722482317 15.686906530123172 86
2 12 92 -70.884471034766165 -67.671203374266923 200
30 18 92 -43.927154844896762 -80.835667048849558 200
30 18 92 -82.785110744947616 -40.132598208273990 200
2 12 92 -52.605785650444524 -52.118401034463758 200
30 18 92 -22.607193651080788 -51.827749945165934 200
30 18 92 -8.145581125325641 -84.795336498550796 200
33 24 92 19.374500100942250 -53.067665148456122 200
30 18 92 -51.606787174710178 -22.135038947374849 200
33 24 92 -85.976638174314147 2.004417182890865 200
30 18 92 -45.537998680845384 13.349743794199521 200
20 18 91 -16.062074138457646 -16.427730021930305 200
2 12 92 13.919346804001110 -17.483380660681572 200
2 12 92 37.497726527745058 -21.962220868027714 200
20 18 91 59.874677693152279 -41.944013994295950 200
15 17 88 53.176592626817914 -76.297116568068645 200
20 18 91 89.466404902215245 -21.442070652641654 200
6 14 93 -87.277884884628946 39.982131134613851 200
6 14 93 -59.366463115192566 42.207560263710775 200
2 12 92 -33.405304919815791 40.786903670926442 200
6 14 93 -14.885532231203840 22.538122353749593 200
2 12 92 4.599180723128669 5.323420465907709 200
2 12 92 28.325867604534476 1.711727008300113 200
6 14 93 54.069829100315758 -1.928114540961468 200
6 14 93 79.819733853539589 9.069267201976308 200
6 14 93 26.592450549895652 -92.243382276190175 200
24 26 85 52.227932840012784 38.029455682542888 200
22 13 56 -70.201912537249768 66.937967373623877 200
22 13 56 59.947962935375458 76.257732328589782 200
3 18 89 28.960556567143030 75.374190269586052 200
3 18 89 8.867352619221585 45.503416005981265 200
3 18 89 -6.954894749809849 77.840028200105408 200
22 13 56 -35.323116066369053 90.339788971204825 200
22 13 56 -44.305731050478244 64.616807231756937 200
27 12 45 89.898458850832611 33.036313378527581 200
27 12 45 -75.103709896745755 62.955800048490005 293
16 18 40 -85.202409795665602 34.706618461202254 293
16 18 40 -50.812131544647094 45.351277301086377 293
27 12 45 -97.717057042288630 7.441556490016641 293
12 13 45 -72.742182123763584 6.321010728332286 293
16 18 40 -87.694377162434634 -20.834685976512922 293
25 17 51 -52.994286892410230 -16.262625691241325 293
25 17 51 -65.484731917097520 -47.885224937433364 293
19 21 64 -27.630590712628951 -44.558966728551241 293
12 13 45 -47.671803290413550 -72.024395878885827 293
27 12 45 -33.009583846304992 -92.273329701998733 293
10 30 83 9.591794582955565 -79.422902721308191 293
19 21 64 11.156020339363669 -28.446896622526882 293
27 12 45 37.628083332356397 -48.150446579197762 293
25 17 51 55.786819423399137 -70.761512533191663 293
36 13 54 80.623162799919115 -53.934271295139780 293
19 21 64 86.614822366162599 -20.466375997672344 293
27 12 45 97.412223983513996 10.717211325046303 293
36 13 54 72.413920969437001 10.425927243110420 293
12 13 45 85.674246003141320 32.790268950402293 293
13 18 63 49.057422304150634 -9.957251363242325 293
13 18 63 45.534921823739509 25.870000699475291 293
22 13 56 65.690560292739349 49.423137176534439 293
13 18 63 50.874767644818434 76.653493182540188 293
27 12 45 26.623986827131848 94.314173512938709 293
31 22 70 17.581936780532633 54.481722548644960 293
7 15 69 0.544140308051031 87.325496560811914 293
13 18 63 -16.694406463825576 33.862986074385937 293
34 17 71 -22.818276274672659 -0.597109957688550 293
34 17 71 9.640710616396754 9.522878678934696 293
5 21 90 -35.959120835620894 81.412171256693654 293
22 13 56 -67.767160051127519 69.401815672249285 383
7 15 69 -83.125885789649232 45.990076230489031 383
12 13 45 -94.800361742480092 20.539995459953651 383
31 22 70 -59.966424526333796 17.134585349324116 383
31 22 70 -86.080914884528170 -18.277748566019216 383
31 22 70 -36.244609939054769 54.192317507225468 383
34 17 71 -21.784555419910816 90.412571831337900 383
34 17 71 12.168402565178472 92.200487954304009 383
12 13 45 -3.508239625543181 66.622315822111176 383
31 22 70 46.900159791110390 74.460560107806828 383
10 30 83 74.103633290639380 30.143847351100419 383
34 17 71 28.199999584341302 40.236241148312985 383
40 31 85 26.281895121867834 -7.725419324100187 383
10 30 83 -31.743972425303873 -26.540272376890314 383
29 14 86 6.568283398655359 -48.177533148057762 383
39 24 86 -16.528815769073304 -78.352423537852189 383
29 14 86 -54.523053648710089 -79.014154559926041 383
39 24 86 31.441279339263986 -80.046523681608889 383
29 14 86 67.551309423879360 -68.211586956464430 383
29 14 86 49.641513808973471 -46.688594110851675 383
39 24 86 81.822032088785392 -26.479332787322516 383
29 14 86 -13.418240898731623 13.461822118473247 383
29 14 86 -2.787765036780817 39.365354366961711 383
6 14 93 -54.523053648710089 -79.014154559926041 469
4 18 95 -24.055844165783334 -88.799303834385711 469
4 18 95 -34.234248459792468 -54.268157226899646 469
4 18 95 0.759803871099869 -62.718973842042161 469
14 21 96 -8.615591328495048 -24.862640622204125 469
14 21 96 31.174489566551060 -38.306950287102751 469
14 21 96 69.388520967308182 -55.733590930151209 469
4 18 95 89.283851326942099 -22.189950252952361 469
14 21 96 35.469350659641073 -80.502318907975877 469
14 21 96 54.952879807967712 -3.686318323966930 469
14 21 96 85.319860617629274 25.328272428026231 469
5 21 90 -73.773759689871241 -49.783856632658839 469
5 21 90 -88.389224780555026 -10.408887677966256 469
5 21 90 45.008997541163382 37.119553869431094 469
3 18 89 -50.272122667283519 -18.660343700174270 469
3 18 89 -27.527932681968309 9.244885593130011 469
3 18 89 8.459373529763454 10.200810079192014 469
15 17 88 -88.813632413621576 27.588742223923610 469
3 18 89 -54.287206842125990 33.326854915042155 469
39 24 86 -15.522945228866135 49.492621880415285 469
39 24 86 23.907266351126829 76.865206974939866 469