19 10 67 100.000000000000000 0.000000000000000 0
19 10 67 98.000000000000000 19.899748742132399 0
8 19 65 80.277628055073677 42.854433071168344 0
35 17 51 74.033873422557264 7.400018281343792 0
17 19 63 87.171645257842428 -26.117125857201014 0
24 13 63 52.039080456337530 27.801711406502079 0
17 19 63 45.984048641115976 59.223623979046977 0
17 19 63 49.802129194139049 -19.223703690771988 0
24 13 63 34.315147516370892 8.779035434400633 0
39 14 64 24.696604253247287 34.007662537265738 0
21 24 61 3.446091519022239 65.510292721625575 0
24 13 63 32.601568321372731 88.290946189592702 0
29 21 72 65.799311972031575 -59.928712183787667 0
39 14 64 33.026871137759400 -47.641844325617711 0
8 19 65 11.924494855732128 -22.270803447251428 0
16 12 54 46.159622693227305 -86.448188140752237 0
40 29 94 5.560784287454517 -80.726796692691011 0
21 24 61 -27.543675496160372 -39.337247982478857 0
16 12 54 -14.361414785439576 -5.837576304168536 0
35 17 51 -3.458408936130730 21.034797306101499 0
21 24 61 -38.542131999872282 42.251120644198721 0
35 17 51 -78.959971372111099 49.135760103161076 0
25 14 47 -60.821179885232475 74.275056899124564 0
25 14 47 -93.501788790240511 21.758113268968245 0
25 14 47 -33.392104562920927 79.900519276828277 0
13 19 70 -53.719938214280361 -73.451808951542517 0
29 21 72 -78.456901560721676 -42.018027053768591 0
31 16 78 -93.562140522558394 -8.241826025443777 0
7 18 75 -64.166529699649132 8.973647144492180 0
20 11 102 -39.634657836674776 -6.492033018326641 0
22 33 80 -74.131839742189428 20.819950442744677 102
18 18 80 -87.508582502578875 -28.394506306490801 102
2 17 81 -52.740382450394549 -24.373030814673115 102
18 18 80 -65.569480967558619 -56.937032891151659 102
18 18 80 -40.385611669284209 -82.661976567813667 102
22 33 80 -6.854464226281038 -44.234614556408530 102
22 33 80 -8.138433901979369 21.752895033451651 102
22 33 80 49.650410573157963 -10.128909404634818 102
18 18 80 41.491630575711056 -60.472074868809401 102
2 17 81 91.344829095487711 17.467747350936243 102
2 17 81 64.057312926047416 37.750534666848594 102
31 16 78 75.240359712976272 -56.346146898097103 102
31 16 78 -8.066329029201960 -93.219626383491331 102
30 27 78 -19.695361936154622 80.629353948818618 102
2 17 81 20.502458119952969 62.737029819829814 102
18 18 80 53.284420964795473 74.998469867367717 102
28 14 76 -60.267946018790568 74.724659133890640 102
14 13 84 95.602465321782276 -12.228591375656716 102
14 13 84 34.473822761613171 -90.667279347076928 102
20 11 102 32.897189616026530 37.629846960332372 102
30 27 78 70.352666429366892 44.039781178818686 204
34 27 77 28.369107826094996 78.001241792367608 204
6 28 77 81.407734294073038 -9.837723166749711 204
6 28 77 -26.629087796102674 77.555732754887018 204
23 18 77 1.990831038678945 41.543231510312069 204
23 18 77 40.210458484822638 10.626500881489994 204
23 18 77 4.558195311662736 5.634894864209862 204
6 28 77 -38.949721829084098 20.570126568937741 204
6 28 77 -80.139230771684524 -17.369619780602335 204
23 18 77 -68.166751131700920 -61.784253982295127 204
22 33 80 -22.864405774006286 -38.359960928028499 204
28 14 76 -67.571814969355813 68.191273794724950 204
13 19 70 -82.364392048526526 38.692465965309310 204
36 17 90 75.404127440269065 -54.435444013727505 204
28 14 76 49.596383684531567 -37.261033915031469 204
34 27 77 27.119331170652469 -71.550713270317388 204
23 18 77 -14.497558050568450 -88.668964686528867 204
3 15 71 26.689808963744447 -19.476522829229967 204
20 11 102 32.543999539209644 40.231276486800184 204
11 25 108 65.969409281236551 53.600718643360551 306
10 21 111 30.961399659269265 83.440947568558940 306
15 13 103 28.185447271047877 49.554459282837612 306
11 25 108 -8.436264777290319 59.695968374121883 306
11 25 108 37.271262205003033 12.656654917456763 306
37 20 109 -51.065188030947354 74.110367502556556 306
11 25 108 -48.067388507897249 29.210331889880251 306
37 20 109 -89.301655515313996 11.189920563801632 306
15 13 103 -61.370892327105310 -6.384847364231060 306
5 25 104 -24.311103512100921 -14.785564773314398 306
10 21 111 -62.543443242263756 -40.364622589375806 306
20 11 102 -25.375916983308088 91.461487150605876 306
20 11 102 0.918191603917304 94.459370765316052 306
33 15 102 15.244392721241860 -20.732220786066872 306
33 15 102 -0.015113843609536 -46.561418593921019 306
32 14 101 92.646524936353529 25.151966468203302 306
32 14 101 -59.620375583452940 -75.242347220750688 306
32 14 101 -92.722116238014422 -22.637589667435662 306
32 14 101 -83.838554513390719 44.748146491922220 306
4 14 96 -0.720594008132920 21.466811640262712 306
1 22 95 87.376113915811260 -10.460148993736716 306
27 17 99 51.920746813035336 -26.705669718151647 306
4 14 96 28.968277561486232 -47.542755772988897 306
1 22 95 14.601668451640974 -80.551853650466725 306
36 17 90 -23.223097595991444 -90.053804683905810 306
4 14 96 50.586686171085539 -81.590362067024202 306
38 18 86 71.748210863100326 -57.586406711515622 306
14 13 84 -35.678192593897307 -62.761486926098200 306
14 13 84 63.438572949845586 73.379475755057840 417
26 21 87 78.089028536160896 42.697817535310278 417
38 18 86 40.382185294224570 52.657434632771476 417
26 21 87 47.185474789060450 14.255413174917777 417
38 18 86 11.833973749450120 30.725731151399888 417
38 18 86 7.114667158701938 66.415059322472558 417
22 33 80 5.324599080989628 -19.857151738225973 417
26 21 87 -26.535714852698987 23.742394085633325 417
26 21 87 -31.872172895979837 65.401993406225728 417
3 15 71 -10.462903035317035 94.344059055265291 417
22 33 80 -45.166714120495847 -62.361590226335643 417
26 21 87 -52.935512537254304 -8.923347635848339 417
26 21 87 1.816070334942168 -88.981469354796246 417
18 18 80 -91.814001992614351 -5.847139309115862 417
26 21 87 -72.688870719662802 28.141525769000559 417
23 18 77 40.306948386685349 -82.700362222623198 417
28 14 76 -66.680127611003755 69.063453300426957 417
3 15 71 30.081426466325755 90.111640656193998 417
13 19 70 90.873535603272188 4.795886462461475 417
9 20 70 63.765546098822661 -23.242603244130322 417
25 14 47 -86.913101179181311 -40.769018180689514 417
12 13 43 53.172934429320989 -54.496348268033245 417
12 13 43 96.012499836906883 13.805791359714078 504
3 15 71 93.945134022036228 -14.117782884775224 504
12 13 43 72.156243696021221 3.467559260343535 504
9 20 70 61.751187310097755 -27.849126413682590 504
9 20 70 39.201156507136247 5.188671799659152 504
9 20 70 65.069986587752297 35.697746355604217 504
22 33 80 14.699743577296005 52.185275553988660 504
3 15 71 55.900625446087645 76.812239094666523 504