6 10 93 100.000000000000000 0.000000000000000 0
6 10 93 98.000000000000000 19.899748742132399 0
6 10 93 81.766312060385914 8.217823563497323 0
6 10 93 83.766312060385914 -11.681925178635078 0
6 10 93 65.532624120771828 -3.464101615137756 0
6 10 93 63.532624120771821 16.435647126994645 0
32 19 92 80.277628055073677 42.854433071168344 0
20 20 85 41.715433717832504 37.027155156322962 0
32 19 92 52.077254496540441 74.625461902105229 0
32 19 92 15.165868819093756 65.594979779273501 0
25 12 94 27.800489728274155 93.903394685115572 0
8 14 89 1.883672718235079 95.981517893241175 0
32 19 92 -22.052173054018205 73.264227404124640 0
32 19 92 -59.767438262698093 68.621085123412115 0
28 15 88 -83.862406680018921 44.632911016817161 0
6 10 93 -97.202121733099546 23.489306728460459 0
25 12 94 -97.988468175730915 1.503364418153122 0
25 12 94 -77.418043261237386 13.866924538004687 0
25 12 94 -60.576917235720458 30.965944223140340 0
8 14 89 -75.821294803887170 -12.083998265702116 0
28 15 88 -52.072901645248251 4.559733959454366 0
28 15 88 -9.133682261195688 41.814066901580929 0
25 12 94 -35.878375367792827 45.518306450251558 0
7 12 89 -31.409114949719807 21.938109010122993 0
20 20 85 -46.965409486490039 -30.065596708255125 0
28 15 88 -80.299148632914850 -40.736202807165625 0
28 15 88 -66.813878906804348 -67.534477013055238 0
24 10 87 -50.385519702351679 -86.378813399605875 0
20 20 85 -28.698029840755758 -65.650745870210500 0
20 20 85 -7.014076491911016 -32.038156455452146 0
28 15 88 6.280150034346654 -64.415054717462155 0
20 20 85 36.344611952357042 -82.335102975781751 0
7 12 89 29.727018724682758 -51.026837934853027 0
7 12 89 53.355870679040429 -55.231282644805553 0
7 12 89 76.630133109942832 -61.088646240954148 0
24 10 87 7.188008884448623 -89.398565125495125 0
7 12 89 -14.277744186528350 -94.217428590653967 0
13 15 85 87.720228181395996 -36.471380119263657 0
13 15 85 59.058439146163558 -27.611253184516627 0
24 10 87 45.755900947417118 -6.444239283852890 0
24 10 87 32.455298029489555 8.492090988995823 0
24 10 87 16.577694960845506 20.653576128343950 0
24 10 87 -3.177505567719370 17.533952420876979 0
13 15 85 26.695267671742428 -22.621144399796510 0
5 11 75 -18.344191466420398 3.009089638387657 0
5 11 75 13.379646711424588 -0.289681428438270 0
5 11 75 49.337109862789546 85.830353549237088 94
5 11 75 67.074218761874690 72.815171341446273 94
22 27 74 74.957680932501404 35.641914499943965 94
5 11 75 47.795465244820662 62.216602436698949 94
5 11 75 37.620944686795362 42.710728157028207 94
16 20 74 89.545142335740266 -9.037006366713250 94
22 27 74 12.532010443441266 76.376007631518135 94
22 27 74 42.568169331847507 -7.565949810515850 94
22 27 74 -1.145934895148109 24.137001024246580 94
22 27 74 -39.547269016213733 62.101952462675698 94
22 27 74 -79.053757783095733 25.288404069288976 94
22 27 74 -77.880524206347800 -28.698849268646189 94
10 14 72 67.308413239744823 68.451278345606838 169
11 19 72 82.214607886548322 39.009719943382144 169
40 25 72 38.340713498964753 42.338592315096484 169
30 18 73 63.212767141158579 7.261805865653415 169
11 19 72 88.918914100581190 -19.350108918904411 169
11 19 72 51.909331960827657 -27.969321750760699 169
10 14 72 32.395358461775388 -1.357203490872292 169
10 14 72 10.040976683858542 15.503449382819744 169
40 25 72 -11.322557592394798 48.131648892252514 169
30 18 73 -12.790151540194143 91.106597036542141 169
23 16 69 41.205879296964454 83.238357900610211 169
31 17 76 -46.209545113006008 80.707359890217333 169
30 18 73 -54.297181973719297 46.654604788621931 169
3 25 76 -83.627920590789955 15.210880896928046 169
34 32 76 -67.314626679731902 -39.404835172454739 169
31 17 76 -43.343039985360598 3.331133651876842 169
3 25 76 -12.203504407854652 -24.852714985547419 169
9 12 36 13.843181689867595 77.298426952983306 169
13 15 85 79.493278677163048 -52.017484033302644 169
23 16 69 50.481302290532909 -62.940177205850127 169
39 16 69 22.641274581674189 -47.162571013211810 169
39 16 69 -3.921116205402301 -65.007441303427839 169
39 16 69 -34.500372543818528 -74.436602548704712 169
26 12 99 64.055074407361161 -74.168372253052880 254
18 25 85 75.528789850283530 -38.992331345428774 254
20 20 85 89.926267453986071 3.642309953060938 254
18 25 85 72.127920907496048 44.972914354775753 254
12 12 84 44.885283088995479 -59.728181783037883 254
12 12 84 38.608596149374819 -36.563484481713274 254
37 28 80 11.160342159004486 -81.236979035990430 254
31 17 76 53.563314307797256 -3.194036914095344 254
12 12 84 42.051253927695278 23.423109172682754 254
37 28 80 20.545811960752633 57.150189772794917 254
31 17 76 9.610145808507227 -36.263688170467759 254
34 32 76 -12.835141819493952 7.293275260151425 254
3 25 76 -32.324337758469788 60.857920705185485 254
39 16 69 -73.276478786714335 58.877480046450714 254
39 16 69 -5.968323939390690 92.264298012485852 254
9 12 36 -58.737772180633343 34.947874737915072 254
21 13 109 55.232154432947787 79.010145076994206 254
2 37 105 -56.725401803426678 -45.948109756983456 254
39 16 69 -60.833468163162962 6.892440872093108 254
36 16 54 -85.623474011803793 27.127450385912304 254
26 12 99 33.852134122585198 91.967565018035046 363
36 16 54 56.320715640606082 75.259398015995245 363
34 32 76 13.934396197368102 52.733858642746355 363
17 20 52 64.395436911151052 40.176654730969645 363
17 20 52 89.541860809956702 9.069463197474100 363
33 20 65 84.628305005052283 -30.627601799224234 363
33 20 65 52.706416164681741 -6.523805150915346 363
38 28 56 50.625127377035653 -64.506561511670384 363
15 19 60 20.462017597809663 -28.462327458962850 363
27 33 106 -23.374886237710548 -0.492238754860510 363
33 20 65 -38.015230683014337 50.445569546271400 363
15 19 60 -76.968973748850132 48.546648494502890 363
33 20 65 -89.257945711531420 11.533391840968150 363
33 20 65 -85.440128983001614 -28.283994756187592 363
15 19 60 -23.987615962025405 86.835486078732629 363
26 12 99 -7.187654659976705 -42.480017141538895 363
33 20 65 -37.901019611039892 -51.462734624728682 363
21 13 109 -59.589978296389653 75.416157553347972 363
21 13 109 -78.255127814341961 57.316096960286842 472
35 17 111 -88.342258770918676 29.062782304040358 472
35 17 111 -55.480942943550559 37.788257769249441 472
1 21 114 -63.189900203132417 0.578420656330763 472
1 21 114 -80.660148336471465 -37.615694468378742 472
1 21 114 -38.847950296736052 -33.648315599913275 472
14 19 115 -56.538196946671420 -69.523866793789736 472
29 24 115 -13.559285214224886 -70.870398001957639 472
1 21 114 2.892420048638691 -28.985539234810446 472
1 21 114 30.301527142807824 -60.809128729089181 472
14 19 115 70.196273663072432 -57.909266648948716 472
1 21 114 86.403750773988307 -21.339912187882021 472
1 21 114 44.403852495214579 -21.247475330187036 472
14 19 115 89.085075762729517 18.570117833464142 472
29 24 115 46.393194699595561 23.708531138291331 472
14 19 115 -26.478315475176224 16.461101373454472 472
14 19 115 -50.625499610136828 73.459319850942620 472
29 24 115 -11.066568805229892 56.604320783230250 472
29 24 115 34.932083898764063 70.320149209444622 472
21 13 109 -96.698940792728607 -7.636416015668946 472