20 11 118 99.000000000000000 0.000000000000000 0
20 11 118 96.555555555555557 21.863775779997951 0
20 11 118 78.843192529652626 8.814936902970350 0
29 20 114 70.508861291028595 38.673585948178271 0
29 20 114 48.010273452886779 5.600733859351436 0
36 30 114 69.558161757770648 -39.517871057027008 0
36 30 114 10.729821458530949 -27.718448289923046 0
36 30 114 5.585332031163642 32.060596772136172 0
14 24 108 26.812533626181839 81.713450793274347 0
38 14 100 63.550284377813227 71.953883533128831 0
3 19 95 42.580964851594736 -80.423015563377461 0
10 21 92 2.649977675777503 -78.074342924477008 0
14 24 108 -35.927165746138030 -54.905311753429743 0
34 12 107 -30.423651588385439 -19.328474739504273 0
36 30 114 -52.358685716244281 16.488480432727606 0
34 12 107 -31.015424691901845 52.661194028016318 0
38 14 100 -95.624408849043121 8.483656774707715 0
34 12 107 -96.424107553294448 -17.504041891823316 0
38 14 100 -13.378210209864719 71.764300197292044 0
13 17 95 -82.493796737575593 -42.939183734900730 0
5 13 72 -27.954934228477676 -92.884453232397760 0
5 13 72 94.111111111111114 23.496782022908963 118
39 21 68 88.433494703666426 -10.025817397928243 118
21 16 73 81.741046227829258 -46.415529314873496 118
17 19 66 76.077815892041443 49.931612522495669 118
32 20 68 56.784374909069996 16.038204091996999 118
32 20 68 37.088705037293963 50.853151863062436 118
32 20 68 16.785910772010894 16.388727524019867 118
32 20 68 -2.909759099765139 51.203675295085304 118
32 20 68 8.221306564246609 89.623714040295582 118
35 18 66 51.173572658197187 -21.545288269698187 118
17 19 66 14.186533784270324 -22.524550920177109 118
17 19 66 -17.691252588231542 -1.841061466288181 118
9 23 62 46.090893667680945 -62.229024261853155 118
9 23 62 0.091107812491359 -62.088663025393103 118
1 24 59 -40.456157514764016 -38.320632512093226 118
1 24 59 -84.046817114548858 -18.224503639703762 118
1 24 59 -80.723393957678724 29.660304582950541 118
21 16 73 -27.778252803963376 89.801829998943234 118
40 17 81 -56.624698776878610 73.774273892921244 118
31 18 83 -40.758890263240019 42.576900282173909 118
13 17 95 -56.624698776878724 73.774273892921158 201
3 19 95 -78.839555820844481 45.445840711466076 201
4 23 95 -37.383878242262369 38.705900318506764 201
4 23 95 -17.111865040810954 79.998096684892744 201
4 23 95 -68.424474571552523 4.757684172116114 201
4 23 95 -77.035610618999257 -40.429131780906779 201
8 18 96 -54.098927204976320 -74.413077313538594 201
8 18 96 -39.388925398116641 -24.189455309998294 201
8 18 96 -23.016224274076457 -56.250875395559902 201
16 20 92 5.365606519372470 43.340719906662343 201
8 18 96 -9.706457651678246 8.457588143247953 201
8 18 96 -2.339978903256227 -26.780672183406189 201
24 31 92 24.629632962245680 -67.690818062199867 201
24 31 92 73.348148679585563 -29.343637901211412 201
10 21 92 86.494999259573035 20.967000335919746 201
16 20 92 68.842122899024261 57.972080476343436 201
10 21 92 31.510363300821428 74.923178532280446 201
16 20 92 45.727464270915561 25.326827276130690 201
19 16 86 -24.005409008281369 -90.236482842854656 201
19 16 86 22.568409644427291 -2.235070133288207 201
33 19 89 -9.119297112001494 -90.541915266814641 297
23 21 88 -46.369197125226094 -75.966423885568844 297
23 21 88 -76.043087654402285 -46.243365145552403 297
6 36 88 -73.224246989254240 10.686891636799356 297
6 36 88 -6.100665742153517 -35.624815337439550 297
7 33 90 -8.051459802557687 33.347602356403058 297
33 19 89 33.693272956236498 2.341517681022713 297
24 31 92 74.307498077302313 -26.821553450382268 297
33 19 89 54.622174308798932 -72.783363990538291 297
22 24 90 81.410826840088859 27.717815087287558 297
28 19 87 54.622174308798932 -72.783363990538291 389
15 26 86 76.940174234471584 -33.707708150646425 389
15 26 86 82.039618508673556 18.041646126429434 389
28 19 87 42.938197573745008 -4.231182182286360 389
28 19 87 39.830084842697673 33.641494449437218 389
18 29 85 16.159503514318850 -44.067115012730461 389
28 19 87 5.585679641540281 2.753759057575596 389
28 19 87 2.477566910492943 40.626435689299186 389
22 24 90 28.244387340099088 75.051295383253375 389
2 23 79 -15.000550103542523 -85.697044853315163 389
26 27 84 -57.692642766238436 -59.670419561514706 389
26 27 84 -82.192694020203049 -11.548205475366217 389
18 29 85 -68.758594764803320 42.816534726312931 389
26 27 84 -24.877909001355050 77.608565666307058 389
12 22 76 -33.503372418894820 -17.057285435248854 389
11 20 100 -13.491784045332636 88.982985807816704 479
30 23 92 -51.963950306027925 69.776413411644057 479
16 20 92 -14.321012294302340 48.991581975103969 479
16 20 92 -47.723902424700327 26.985970623983523 479
16 20 92 -87.363148461275884 21.625917111953175 479
37 23 92 -84.360095960524603 -21.269090472586687 479
37 23 92 -61.722559250615916 -61.313340143513699 479
10 21 92 -41.057107687286901 -13.468372133366980 479
37 23 92 -17.050092019702426 -50.341983276518583 479
22 24 90 25.277015225274393 68.174809455349404 479
10 21 92 18.001062298567362 23.766921541057158 479
37 23 92 17.726368625293382 -20.232220989063407 479
10 21 92 24.890684895551914 -63.645036750998372 479
10 21 92 68.743494017602515 56.527268023953241 479
10 21 92 87.011506020393682 18.708228672511765 479
22 24 90 68.394216207532068 -52.136658785899947 479