23 10 117 100.000000000000000 0.000000000000000 0
23 10 117 98.000000000000000 19.899748742132399 0
23 10 117 81.766312060385914 8.217823563497323 0
23 10 117 83.766312060385914 -11.681925178635078 0
23 10 117 65.532624120771828 -3.464101615137756 0
38 10 117 63.532624120771821 16.435647126994645 0
6 14 116 86.755771184755062 41.102751320786574 0
13 31 113 58.311699061811481 -43.823217577865165 0
34 22 90 34.280948857554847 3.415781613699212 0
13 31 113 44.119244404171326 55.494644319574682 0
36 33 111 -5.077448061703500 -35.001878283099749 0
9 15 115 -1.492368050550272 12.864051158556663 0
5 40 97 -26.600344196797899 61.798594518431393 0
36 33 111 -76.525005494953291 8.539527738544379 0
6 14 116 -88.636127872290658 -36.873253664505114 0
9 15 115 -72.727628470040557 -61.120308058154833 0
6 14 116 -59.549132998430373 -35.287629971964265 0
6 14 116 -29.653942799520443 5.060521874679818 0
38 10 117 -75.534147920817148 51.528109958335911 0
32 12 98 -45.976374806985845 -57.463748547507990 0
7 17 86 -37.375679169913802 -85.159019525753536 0
7 17 86 -4.269081511205073 -92.901964150660916 0
29 13 105 17.793426806249173 90.750159176131987 0
31 10 70 98.000000000000000 19.899748742132399 117
31 10 70 100.000000000000000 0.000000000000000 117
31 10 70 81.766312060385914 8.217823563497323 117
19 24 73 77.530773183718040 -25.517324434165815 117
30 15 71 56.776567793946590 7.501805757878643 117
22 20 71 34.004645103921980 -19.077124562951472 117
30 15 71 27.827708621758028 15.373498881266659 117
15 27 71 52.595712659676032 49.293197818280788 117
21 11 70 47.369004134903335 86.932027741606902 117
22 20 71 17.124802701177568 80.128478694512395 117
30 15 71 10.748481207433699 45.714200782453560 117
15 27 71 -27.038725130424783 64.047968457978087 117
30 15 71 -69.020727142276669 65.277402098669555 117
15 27 71 -79.285819628592392 24.551146731309988 117
30 15 71 -93.832277320574576 -14.849368095470805 117
15 27 71 -52.505738275612416 -22.340507565886384 117
8 13 67 -87.297986168195365 -42.076248914542589 117
21 11 70 -8.674337707719129 97.315809905670037 117
19 24 73 -9.983298751176179 5.816945033570562 117
16 10 62 89.337652799757208 44.930877937450013 117
16 10 62 -35.686892425288818 28.072849244276458 117
16 10 62 -15.890980961352703 -27.665875798963299 117
27 22 66 -20.389696064629234 -59.348072099402323 117
8 13 67 5.653469054516468 -35.965310274140684 117
8 13 67 14.595106211672700 -60.379386643107892 117
8 13 67 -39.863534311901361 -88.430190727849634 117
8 13 67 -14.431992120350994 -93.837284379655003 117
26 19 66 37.163849794701932 -83.065325307476115 117
16 10 62 -51.094834304548236 -68.358870380768067 117
8 13 67 74.285862190881929 -62.374759947893182 190
26 19 66 85.091978806025054 -32.254536779730429 190
27 22 66 87.571822981320096 8.670399052427634 190
18 25 64 42.191416560310721 -42.029083265454993 190
12 16 55 81.842707564257779 46.236038093151791 190
12 16 55 55.180698604987953 28.540352792609863 190
10 23 62 48.843591178028504 67.022050643135842 190
11 19 49 20.911714342057884 35.656300908430502 190
11 19 49 7.035467468089053 71.032136908342508 190
15 27 71 -25.026145856908702 38.046489256699729 190
11 19 49 -57.994562659032191 70.125820508480246 190
20 23 57 -74.602145613250542 31.548778262880898 190
20 23 57 -86.021549953560083 -13.011262182708030 190
12 16 55 -49.801751319505158 1.449933719032355 190
20 23 57 -47.052332394027253 -37.453031406677844 190
10 23 62 -4.227560277185744 -54.247045016907947 190
11 19 49 -44.502987136799874 -79.375589042865215 190
14 16 49 25.508392295572630 -79.481408979383104 190
14 16 49 -3.383795234814826 -93.237916519777343 190
40 15 74 9.592444394837415 -18.849199448776858 190
40 15 74 -15.839551470923386 -2.936513117301408 190
17 17 85 35.819632699586585 -0.515225694371392 190
2 29 74 80.130733240818785 11.834930937218841 275
40 15 74 89.766204805678072 -31.097081451240072 275
28 34 74 41.214218521497514 -37.708029027854408 275
28 34 74 18.864777966626328 26.514260770036472 275
28 34 74 -25.578636210117768 -24.952067409797596 275
28 34 74 -71.795610914264003 24.927700524669657 275
15 27 71 -27.179502570322814 66.525811975091329 275
10 23 62 25.777017852299398 83.093593920604008 275
37 20 82 -85.781993416130220 -27.229572261697257 275
24 15 83 61.031518062533486 51.473548213475546 275
24 15 83 87.415770991259649 37.195201061476276 358
3 21 86 88.991504263076735 1.229702807509476 358
17 17 85 85.491508097190902 -36.608770032165019 358
17 17 85 66.619890015336324 -64.890602203589481 358
17 17 85 56.613839475957619 -18.662175508349673 358
35 28 81 46.150597040733572 25.104484836503318 358
25 33 84 18.560500845574893 -51.095852744849111 358
25 33 84 -12.193514544113590 7.300983962380194 358
25 33 84 -76.719031280993278 -6.571928126963506 358
24 15 83 -85.916326196279016 40.538683907282653 358
24 15 83 69.467366900332081 61.233811474492555 358
37 20 82 -51.030695554704003 43.365833485851596 358
24 15 83 -18.002682186117177 54.948161961786397 358
37 20 82 16.155476290514915 62.578378831921007 358
3 21 86 -22.564493142717527 -86.092064960786331 358
24 15 83 -29.438284617266437 -50.754393974084067 358
24 15 83 -59.432350520826240 -51.351060189745510 358
7 17 86 85.491508097190902 -36.608770032165019 444
7 17 86 66.619890015336324 -64.890602203589481 444
37 20 82 34.439282917179845 -83.150079928707498 444
7 17 86 38.129976433972288 -46.334610607169481 444
7 17 86 57.001594515826874 -18.052778435745029 444
3 21 86 19.296188576455886 -13.330240670173744 444
39 26 86 47.890386489100848 23.970856441472861 444
3 21 86 1.992628636890011 -58.085869867040884 444
37 20 82 89.853816425988157 5.127540705330482 444
35 28 81 31.888565000312880 75.545479164678156 444
35 28 81 -5.239939142039773 33.623239480337546 444
2 29 74 -30.271783455327011 -19.888910402397613 444
35 28 81 -60.970645760550219 28.137955549535434 444
10 23 62 -61.778006706557711 -61.257472094141384 444
10 23 62 -85.395213946443150 -16.633022426522547 444
34 22 90 -17.686638545024820 82.049262174460708 444