30 10 102 100.000000000000000 0.000000000000000 0
30 10 102 98.000000000000000 19.899748742132399 0
30 10 102 81.766312060385914 8.217823563497323 0
36 25 101 70.291971924572152 41.283508471686559 0
16 11 102 60.832768862568592 6.548461653929389 0
16 11 102 42.387293519020425 18.538642609634628 0
4 24 100 77.530773183718040 -25.517324434165815 0
10 20 50 35.743074159278450 -11.740960246077170 0
34 30 95 15.970089832191356 49.893568049963534 0
23 15 95 46.802086533111080 82.671426116568128 0
38 14 86 72.300502548921003 -63.155659533991638 0
9 13 93 49.151788116530156 -49.258284957201248 0
21 29 94 7.216049725314129 -51.580750367813543 0
23 15 95 0.090566570009841 -94.999956829971225 0
23 15 95 29.709715806818846 -90.234875667216713 0
3 22 93 -5.135183334390717 -2.098965417138473 0
21 29 94 -40.916209034607036 34.242721387968132 0
21 29 94 -80.598206649862803 -8.057858575701822 0
9 13 93 -91.381155469831214 32.534357608511911 0
9 13 93 -77.646868299695015 54.610801070451885 0
3 22 93 -27.743636667245390 83.512218414288796 0
40 18 70 -29.660173112046838 -80.720829112547520 0
3 22 93 -60.081713297153918 -54.749115792746778 0
9 13 93 -31.300472782669178 -34.833288055808936 0
16 11 102 54.565112880099164 -82.605377890195726 0
25 12 102 5.515429958228315 90.571573002514327 0
35 11 104 -64.775562845150745 74.867392488946251 0
35 11 104 -36.777666133078966 -11.466637611163961 0
35 11 104 -79.710346864128852 58.713376693903946 104
35 11 104 -90.708817457717885 39.659934889286134 104
8 31 104 -50.104536784066347 28.922505449456096 104
14 18 105 -48.931301013877778 77.908457699336367 104
14 18 105 -15.774518341319819 63.886055522649229 104
14 18 105 -1.148224590794136 30.991199828736637 104
14 18 105 -12.947328842134670 -3.020285567611428 104
32 13 100 -41.825645891267200 -14.291612215782969 104
38 14 86 -94.820816653760417 15.000424297797384 104
2 17 100 -77.341294642906945 -10.601651990505676 104
38 14 86 -10.412579122326727 95.433632415523647 104
4 24 100 23.603070731051652 78.494459913528175 104
32 13 100 60.505976739736994 75.815742288593356 104
2 17 100 77.642694059613433 51.191914001776389 104
4 24 100 85.304632702883879 10.914194401149047 104
2 17 100 88.030067452585598 -29.995120007981775 104
2 17 100 71.365955444197851 -59.631370968113487 104
2 17 100 45.163278920433427 -81.297467593739555 104
4 24 100 34.489570614308249 -41.711207970029776 104
37 30 120 -18.762649335340903 -50.666713005157007 104
26 15 99 -8.930051812059290 -94.579353849737927 104
22 13 98 -36.529269543929423 -89.858847458594468 104
26 15 99 -62.162281466726228 -38.772515644240762 104
22 13 98 54.758457129759492 31.793158883514046 104
14 18 105 30.064249525482641 13.052931809199404 104
33 15 86 -59.593872882419866 -73.983581387183349 104
33 15 86 -8.930051812059290 -94.579353849737927 224
33 15 86 -37.977295224248763 -87.078843856876347 224
33 15 86 -63.237329140391253 -70.894571041722372 224
31 21 89 -79.986296123618558 -39.028097986256043 224
31 21 89 -88.977565708716554 1.998199327151276 224
31 21 89 -38.390864210558512 -44.843598305745857 224
18 29 89 10.541239953752783 -55.122177101133374 224
18 29 89 -12.667484171295097 -1.968107412280567 224
18 29 89 44.969652556303785 -8.445797574990738 224
12 15 82 43.197323911635451 -84.610822043478862 224
12 15 82 67.427480602867973 -66.921856366585217 224
12 15 82 84.933567206279847 -42.559242963383909 224
12 15 82 -55.919439298826880 -12.255231076360531 224
13 15 80 -52.124377226710287 17.503759226887038 224
29 34 74 53.506022395312215 53.973193044624921 224
13 15 80 82.520693265392055 14.487133804673654 224
13 15 80 92.936934219302316 -13.646510189485419 224
29 34 74 -11.100971835177539 75.184894921218017 224
40 18 70 -82.617686215168760 40.476140187175872 224
20 17 120 -61.784306515845600 69.510427047717371 224
13 15 80 -83.245203609843031 45.773748764502315 344
28 35 79 -37.152734272961894 65.151165270029381 344
28 35 79 -62.949813588505300 0.078047173632910 344
1 25 70 -60.341955889143350 -59.865251686372105 344
27 16 78 -26.961692943583081 -36.058570991969184 344
28 35 79 7.024701807078571 1.966749149381350 344
27 16 78 2.382910527290033 -48.821574053052487 344
1 25 70 29.216257209164272 -79.821114466586835 344
27 16 78 -11.720569621161717 -77.545986104515393 344
10 20 50 12.334852321447606 89.150723038055503 344
10 20 50 49.748418500524160 75.000632375312051 344
6 21 69 52.874144510280530 34.119954336513175 344
40 18 70 59.654557558980386 -4.286112878043184 344
40 18 70 89.583010364848462 20.949564529399012 344
6 21 69 80.968862399265333 -36.946492685623582 344
40 18 70 42.011465703509799 -38.768920376791485 344
24 16 118 12.415315359955759 53.150812959009002 344
10 20 50 28.435475310515837 85.389833960870561 462
10 20 50 62.629144516981704 64.634280819631769 462
19 23 60 82.812725047092016 26.665569003393475 462
7 18 43 91.002924453515305 -13.508062070770400 462
19 23 60 36.944725455588760 30.147897746326514 462
7 18 43 4.817795280702274 55.620635281541851 462
7 18 43 -9.421393959382261 88.684898312570709 462
19 23 60 -47.308088302397884 73.013319203913227 462
19 23 60 -77.926592539218987 38.683926574567622 462
6 21 69 -34.623960599799034 30.881230430341073 462
6 21 69 -60.896702876498644 -1.886787716353737 462
39 36 120 -0.927751534647485 -15.092299939183505 462
6 21 69 -50.818077132930640 -42.659588737636156 462