9 10 40 100.000000000000000 0.000000000000000 0
11 16 55 90.799999999999997 24.317894645713078 0
21 12 62 78.007890571300294 -0.589171346976069 0
16 18 46 56.981523901762813 20.809237581684101 0
16 18 46 72.786876273193229 53.154110999505960 0
16 18 46 36.872718025452286 50.669510960018393 0
16 18 46 51.578035332316034 -14.782928849707206 0
11 16 55 25.762139378543978 7.342611055660431 0
35 27 62 -5.839330671589874 36.503322478231951 0
25 18 67 12.818041478111125 77.453322044380442 0
7 16 72 -17.766341433587908 92.305780491067722 0
25 18 67 -48.649404870868381 78.084796251961421 0
21 12 62 42.701253808023075 80.097867533760194 0
6 27 80 -59.801734453623567 34.488631915203499 0
40 23 71 -86.659888904802060 -7.685288218886967 0
4 18 74 -45.663543352449850 -8.232692413364465 0
10 21 74 -61.579354726224679 -43.837284087956377 0
37 29 78 -11.678015035354271 -40.697810078450708 0
7 16 72 -41.161610712064189 -74.693656677297042 0
39 11 100 -13.408263807834050 -0.735249610115701 0
39 11 100 26.843089538419832 -29.921702134653934 0
37 29 78 39.579242726069950 -67.839908869423311 0
4 18 74 80.449158719859611 -44.631075062862159 0
4 18 74 -3.357848277784111 -86.955510249624638 0
24 30 117 42.326539619606081 -67.885668913474774 100
23 20 113 81.896998223684960 -37.321330120317810 100
32 25 115 44.091159174712075 -12.913984221938009 100
32 25 115 -1.151271317622751 -34.200658061367498 100
23 20 113 86.396253274423117 2.424823202845516 100
20 26 113 55.755367685404742 36.734240719333407 100
20 26 113 6.142920394651995 21.158455865199052 100
20 26 113 17.460118672467125 71.911987989974548 100
1 32 109 -53.494624983206180 -56.765527372747393 100
24 30 117 -47.457035047219335 4.939800661101284 100
1 32 109 -40.289082049161863 66.524055546726387 100
33 13 100 55.736939092736549 79.387616292294453 100
33 13 100 -91.392761040737099 -32.501741943328604 100
3 12 96 -97.648143938248595 -8.296986526148252 100
3 12 96 -82.249365990513752 53.282659413344959 100
31 14 94 -24.821432814873283 -92.735626773191825 100
31 14 94 -91.517935622398383 28.990816811786175 100
31 14 94 2.491864099882008 -86.572525958957186 100
3 12 96 81.900371342793022 -53.817554514420344 217
38 32 97 77.349377607182177 -10.053545831274878 217
38 32 97 58.834880283701217 51.209929330185041 217
38 32 97 38.472938612588734 -60.892728467305275 217
14 23 99 22.377319137961528 -8.300608965159316 217
38 32 97 -4.153764142698975 39.877203562545354 217
18 24 98 -52.523093398808058 68.097904959110778 217
15 19 80 -15.309569956542234 89.642130937593549 217
17 18 94 25.431661931623943 88.415103751540045 217
29 30 98 -77.413850690667516 20.176613225292229 217
14 23 99 -80.609848099383285 -32.726936755436682 217
17 18 94 -43.994800194238849 -14.278677571872015 217
19 35 99 -33.224468204271659 -66.172800060125837 217
36 17 82 -92.845661219515705 5.355669212238329 316
36 17 82 -84.715925368763578 38.369414758555791 316
36 17 82 -60.190050976953351 14.821984212588625 316
36 17 82 -68.319786827705485 -18.191761333728834 316
2 27 84 -50.418382757186073 65.931681915069348 316
36 17 82 -28.707420893524535 27.661143181539160 316
8 37 84 13.423754783365325 61.439302339241124 316
8 37 84 7.579540918278777 -12.329560769113268 316
27 18 88 68.423721788498696 61.499547125244170 316
15 19 80 86.232720732946461 29.067471080120889 316
22 30 99 65.752099256648165 -45.570400956584606 316
27 18 88 60.819691444958494 2.175503089513254 316
13 19 107 35.230512381245390 -83.903581552606653 415
5 35 107 -17.635881722983910 -72.897021035519160 415
13 19 107 29.390908155823880 -46.354959440864135 415
13 19 107 64.828770894405750 -60.072024889473411 415
5 35 107 74.674749353896203 -6.977235049271094 415
28 29 106 -71.421020663532943 -38.210441078050920 415
34 21 109 74.282589779562954 49.021391816646421 415
12 35 109 19.725982078524339 36.389030352732611 415
34 21 109 0.535992563894915 88.998386007676842 415
12 35 109 -70.429360948557232 25.781875734279723 415
30 24 88 -25.257932485606865 -12.172597659729547 415
15 19 80 -28.770125825756764 60.140399116160211 415