23 10 99 100.000000000000000 0.000000000000000 0
23 10 99 98.000000000000000 19.899748742132399 0
23 10 99 81.766312060385914 8.217823563497323 0
23 10 99 83.766312060385914 -11.681925178635078 0
27 24 99 50.433047455647966 -4.981666169423262 0
10 14 97 86.755771184755062 41.102751320786574 0
8 22 98 50.755872835620607 41.017201031563829 0
27 24 99 9.660765670179515 20.348573426884499 0
8 22 98 14.593861828451850 66.083292867296933 0
25 13 98 48.182412471399161 75.922462837683852 0
24 36 76 1.027471482551743 -39.027063255763991 0
25 13 98 -23.287791221137230 3.514304842248462 0
8 22 98 -43.008308614569074 -76.774249524915476 0
8 22 98 -74.800443766194235 -46.356160457704163 0
25 13 98 -95.315472058951187 -17.998910694241882 0
8 22 98 -56.927101675873999 -6.149896735214515 0
10 14 97 -39.311186686797697 25.245637009215390 0
8 22 98 -82.974905382620065 29.311517817152485 0
27 24 99 -50.248422041165810 61.637626276129069 0
38 18 94 -18.277698689905989 88.874969178791403 0
38 18 94 18.510426334177328 -90.118611379265019 0
21 25 93 57.155925120517772 -62.914229102944319 0
9 15 94 87.540898202787872 -36.899744468615651 0
3 12 54 -11.483383425620875 -89.509205034504788 0
3 12 54 -19.800255700379921 42.430618011335895 0
29 12 114 95.599999999999994 21.555509736491995 99
16 23 105 86.148247742528980 -12.144110131740813 99
26 19 104 64.693598010992275 23.962648306217474 99
16 23 105 40.191506687571724 -10.149629846652338 99
26 19 104 27.140138680063036 29.771063949079451 99
16 23 105 51.642230003483590 63.883342101949268 99
31 34 88 -4.763429266902428 72.093189985626324 99
26 19 104 -57.734429122336863 70.340142834073504 99
17 27 103 -77.790294389941494 28.942530966144577 99
16 23 105 -84.525544268448982 -20.601756384407402 99
16 23 105 -41.203181430726723 -5.136541282225954 99
11 21 102 -50.253488982891412 -48.195709100603850 99
38 18 94 -8.389992892869387 19.445864173282832 99
38 18 94 -1.645796622348186 -15.916768882878131 99
17 27 103 -3.953621313318976 -60.857551532891534 99
9 15 94 -36.117506333497609 -87.866522272420454 99
3 12 54 83.984110398943741 50.504150329433607 99
6 14 50 -35.990228943976106 35.639287836090794 99
29 12 114 97.972370114952028 -2.326949517899745 213
28 22 115 81.869057155147146 -32.271620357943718 213
29 12 114 73.208385754901116 -65.150074866891686 213
17 27 103 77.137056010265709 30.641060524549886 213
17 27 103 39.343407501465997 -7.928877670802479 213
29 12 114 38.139226648432924 31.052527492084973 213
28 22 115 42.034258117254360 64.828683724801735 213
9 15 94 50.084297051287052 -51.211763576516908 213
38 18 94 17.331768169466628 -47.177925225080514 213
11 21 102 -7.733135881037406 -17.298993099935430 213
11 21 102 2.915795616995861 23.328586915987188 213
11 21 102 -0.964549172245402 65.148951863182575 213
21 25 93 -46.577696707632008 71.102167121768133 213
40 24 89 -78.881830639705612 34.258674739820265 213
1 22 89 -87.314601636046007 -10.961767245229826 213
32 18 86 -77.410003237295939 -49.716108041577762 213
32 18 86 -50.273505924469944 -26.060019742981396 213
32 18 86 -25.388250258538967 -52.073940063480009 213
32 18 86 -37.692282050557687 7.669978861146955 213
4 16 73 -55.596355462899012 -75.796076806408522 213
18 17 72 -25.541670556223778 -89.423839467992707 213
13 20 93 11.457999799495560 -89.267655063829025 213
3 12 54 2.480911893475981 97.968592294555350 213
6 14 50 45.152324484650670 -84.718755855080971 213
3 12 54 -27.588659479059309 35.917400175891927 213
29 12 114 73.208385754901116 -65.150074866891686 328
21 25 93 79.981161955461005 -28.775227753300538 328
13 20 93 88.676710231076328 15.376640159466685 328
21 25 93 37.559943793135510 -55.241059492061098 328
13 20 93 8.497832710494791 -89.597917605402216 328
13 20 93 -31.167066133598425 -84.431119787812250 328
13 20 93 -64.675507469820346 -62.586569913370482 328
40 24 89 67.138153493279162 53.744472697319182 328
1 22 89 47.848514656646621 5.524815651482448 328
1 22 89 22.752254802975514 41.665896727690118 328
31 34 88 -75.383717861244833 -9.658937903115287 328
1 22 89 -28.802750935342978 -40.742913199850392 328
31 34 88 -24.317535661668149 72.004565545134000 328
35 27 86 -18.105342285642049 11.321712501964893 328
33 19 85 -80.130976480588302 43.128025786806006 328
33 19 85 27.658724863679495 82.371259415466483 328
4 16 73 5.581869365001026 -24.565834143321950 328
3 12 54 -50.458296001910426 34.154061600879615 328
6 14 50 86.056873540909905 -42.546615803890219 442
36 15 38 93.868518161796047 -14.618525852785780 442
19 17 42 62.755487135657788 -22.100457446068273 442
19 17 42 58.018079499060718 -55.768795226313856 442
19 17 42 31.229147496471207 -34.831910974815600 442
19 17 42 35.966555133068276 -1.163573194570024 442
19 17 42 67.492894772254857 11.567880334177303 442
24 36 76 -16.112064650956995 -11.003154557155099 442
19 17 42 19.271821626791294 28.455438827345780 442
36 15 38 49.752075734933982 38.199878754968658 442
30 21 59 49.153995534730726 74.194910357595774 442
4 16 73 16.973639138341287 92.454829913863179 442
30 21 59 -19.594199353110575 86.816285060526297 442
2 17 53 -55.567981340488984 74.573450032455042 442
2 17 53 -78.658502995493308 49.616931651483355 442
2 17 53 -91.235759595255359 18.028759554577491 442
2 17 53 -69.009036657434734 -7.700072277539531 442
2 17 53 -60.131573600111466 -40.520654991224873 442
2 17 53 -45.500263260056393 42.098212502100772 442
2 17 53 7.771841460578961 60.451539467528846 442