14 10 52 100.000000000000000 0.000000000000000 0
14 10 52 98.000000000000000 19.899748742132399 0
11 14 33 86.755771184755062 41.102751320786574 0
24 23 58 67.709266547426537 6.805037332362922 0
8 15 51 90.911175331160663 -23.289338035656950 0
8 15 51 57.855456154240464 43.505206551797563 0
24 23 58 55.709769523621830 -37.602305204380954 0
24 23 58 23.251631284146690 -5.006764680758375 0
24 23 58 19.946636436097048 40.874353538552342 0
7 18 63 44.523013425439515 73.692057511830527 0
27 11 74 72.240503736999500 65.163239842975202 0
29 33 84 3.300508078737003 -57.332214347651473 0
16 28 63 -57.692255117291104 -58.271808788481927 0
16 28 63 -81.642219825260355 -7.651662695379557 0
12 22 81 -32.222222464252532 -15.245335116414061 0
7 18 63 -83.646601690867115 38.304647571403478 0
16 28 63 -30.681996019897863 34.730936278119884 0
6 19 66 -5.408584762304039 74.357375474753866 0
6 19 66 -42.952835177304173 80.225020724405795 0
36 18 104 50.358112749877407 -76.993898980832469 84
28 17 102 76.170966272577346 -53.357135390703689 84
28 17 102 90.258808420062664 -22.413110060641397 84
28 17 102 92.282922676046937 11.526585893782265 84
28 17 102 81.972771859362666 43.925672148447312 84
38 23 101 52.624979728910738 16.746505548498295 84
38 23 101 46.458970309090745 62.331375054011758 84
38 23 101 39.462061852187915 -37.468260784404059 84
9 22 100 11.729311522247393 -2.029658115320395 84
9 22 100 6.489249635191491 41.657202053611684 84
22 27 104 5.450118211750066 -74.117785880913559 84
9 22 100 -20.161636571413986 -32.344133695270578 84
22 27 104 -65.458199954534066 -51.031598629792470 84
22 27 104 -82.999990467785665 0.039778731594573 84
30 22 98 -34.850838946668652 9.131489670494680 84
30 22 98 -35.992279615192928 53.116681646888722 84
5 15 96 -71.882019419747124 62.112601653280443 84
5 15 96 -41.439108431107577 -85.485673024401621 84
20 11 96 14.413043208586984 73.691769249161808 84
20 11 96 -8.345471150665944 71.134838648251517 84
20 11 96 0.936471679777327 91.080904357869116 84
20 11 96 -20.279818815247641 96.900613769060968 84
27 11 74 -41.179216814779551 90.029284694044847 84
27 11 74 22.267937929319100 96.463148094886421 84
23 13 120 76.254009619321067 -59.952698162605571 188
19 26 118 81.261032097625588 -21.275447408425102 188
19 26 118 78.214340942067253 30.635222718270846 188
23 13 120 50.718739729631487 2.976735522353917 188
15 15 112 50.670333655131472 -48.573966943381357 188
23 13 120 42.265491319564390 -21.865192630166241 188
23 13 120 25.241995274663896 -2.213205900849088 188
23 13 120 33.485746385500725 22.445272714478676 188
23 13 120 42.702461878793954 46.756836948720959 188
39 32 109 -2.189520520354648 49.872910804477982 188
31 28 97 -62.074957535473949 53.578910468290658 188
31 28 97 -81.990624527344522 1.239955489528263 188
31 28 97 -63.666761698014554 -51.677301157164031 188
1 34 96 1.754939045902979 -45.695743494192577 188
4 17 92 58.691438363942687 72.140938881965752 188
12 22 81 -27.397569198257621 2.117761533928378 188
34 17 79 28.839448248348660 88.415418478514368 188
21 14 73 -33.076313710131949 83.961120004316086 188
21 14 73 -7.589358772752384 95.554873840756784 188
2 17 69 -32.148086752209380 -83.795413331771584 188
21 14 73 88.945201278854356 -36.121339530312028 308
21 14 73 95.584700501732499 -8.919923205616684 308
35 21 75 85.531215712286823 24.605103917241614 308
35 21 75 60.585698722743743 -9.184261009084208 308
35 21 75 43.796008813574218 29.313872877559323 308
10 26 78 36.361474133308661 75.722144705843647 308
17 24 76 0.349538858139120 41.035828704616314 308
32 19 67 -8.010269025936804 83.215368912415428 308
32 19 67 -45.737526582434910 78.670697607947147 308
40 23 69 -46.447876046141090 36.676705137125651 308
17 24 76 -85.376073659747476 10.340505134923163 308
2 17 69 -87.826442466118280 -30.586206102516442 308
17 24 76 -48.207966999635275 -20.032704232914860 308
6 19 66 -65.970562147422129 -59.192507777057145 308
25 20 90 -26.975518207193133 -58.570777852081683 308
13 19 88 -5.098667196615448 -90.857050319819194 398
25 20 90 -42.377430372181401 -79.398698950618311 398
13 19 88 -13.044417608499858 -53.697057714975486 398
25 20 90 -49.579667960369733 -40.052444062468055 398
13 19 88 -18.776920257199372 -16.131935415392153 398
13 19 88 16.621681274858862 -29.950003644148456 398
18 23 92 -85.451492982555848 -16.341430385746797 398
33 34 90 -48.951830930854079 27.439554871686155 398
18 23 92 31.011430234297809 -69.408020888864712 398
18 23 92 72.089123995563284 -48.704806760239812 398
37 34 94 -1.338514713689975 75.988212101359750 398
18 23 92 7.517590506535232 19.680402693354004 398
37 34 94 63.223052735475335 7.601434282925585 398
6 19 66 68.084479771716076 60.378006047026638 398
6 19 66 68.084479771716076 60.378006047026638 492
16 28 63 24.603506552239882 78.221911670157297 492
17 24 76 83.577977816453881 20.266268134818098 492
12 22 81 84.154387334575361 -25.730120332836826 492
16 28 63 38.421355806738859 -5.518989061334153 492
16 28 63 -4.539525105685101 30.402629933757467 492
26 27 79 48.697581955178592 -59.550453747627117 492
26 27 79 0.054806240960900 -82.999981905274851 492
12 22 81 -48.058123734275888 -73.718496614764391 492
26 27 79 -75.964797139419403 -33.441734338500723 492
26 27 79 -20.625963053970107 -33.117061167111984 492
29 33 84 -72.315600627523537 26.447190888268608 492