30 11 47 99.000000000000000 0.000000000000000 0
30 11 47 96.555555555555557 21.863775779997951 0
30 11 47 78.843192529652626 8.814936902970350 0
13 12 57 75.718754708201246 31.601728873317651 0
28 13 57 56.013176860156108 16.216989627082995 0
28 13 57 53.003183167426080 42.042169935644743 0
27 15 60 69.796720574115668 64.447015424291124 0
28 13 57 49.308836437054268 83.532261128403732 0
16 23 61 21.163083985589267 25.243119840749642 0
11 13 58 33.385236506392282 59.104882756437135 0
13 12 57 24.334088477231699 82.408889265066136 0
16 23 61 60.097567243119542 -19.550562081128124 0
11 13 58 25.247474368552709 -10.524431867461468 0
20 19 63 67.648358186543135 -60.866243802826887 0
4 16 61 34.675940631878227 -49.126581090430697 0
39 28 74 5.242306970529377 -81.832256583982456 0
16 23 61 -3.896683134444316 -31.657772432561494 0
20 19 63 -41.747609824297307 -80.858747665037669 0
16 23 61 -70.813790163676600 -50.541142870485025 0
20 19 63 -90.037705044978495 -13.198926859159975 0
16 23 61 -82.340552701142499 28.089737999318810 0
16 23 61 -48.122770450896432 -10.527175004323318 0
12 16 64 -12.930860186795005 6.281437429885305 0
12 16 64 -15.633248442342902 38.167125406096147 0
5 24 70 -54.867124086483777 66.223852911759764 0
14 14 70 -44.410866098281176 29.690762857890114 0
38 23 71 -10.665280624381325 82.198740534268751 0
8 12 78 -35.813960585657746 -50.431920575891610 0
17 13 111 46.091126750799582 -85.349915259722010 0
17 13 111 67.106303126100968 -70.041017131020098 111
31 12 112 47.592173164033341 -85.667876438748408 111
1 25 104 78.054591386139123 -33.652351530656148 111
26 15 108 94.964481335395504 2.597553598930595 111
26 15 108 65.005153701598161 4.159183430480814 111
36 18 110 81.514896020259428 32.732394810572579 111
36 18 110 45.565430249844482 30.825588364767292 111
36 18 110 61.888820312884661 62.912142197328386 111
22 23 106 20.894130437917205 63.571992222137602 111
1 25 104 31.652905988438448 -52.277162731117016 111
31 12 112 44.693406318331085 -17.651372470877902 111
26 15 108 27.529141903069021 3.190605052451508 111
32 14 101 22.728584249253263 -93.270635561384466 111
29 20 104 -6.571902354264960 -76.022983987994863 111
26 15 108 -40.080524033929798 -86.131014118989540 111
26 15 108 -64.940127779603088 -69.338155469905757 111
35 22 104 -36.102007118509917 -46.157068421705631 111
1 25 104 -79.880012249940080 -29.054838546263220 111
35 22 104 -41.137550347519934 -2.446162409718511 111
35 22 104 -4.436503161760559 21.823842441304166 111
24 20 90 -3.052706514227030 -20.153355021583643 111
1 25 104 -27.102429431133949 62.997326461378655 111
2 18 102 -91.154979936908788 12.440644384506637 111
2 18 102 -69.977759588762254 59.725314255660393 111
32 14 101 -1.873346459762598 92.737759753845324 111
32 14 101 -63.421167818814119 28.404217461929669 111
31 12 112 66.987013075269942 -71.531392264191325 223
3 16 115 81.177749498463712 -47.393807468536167 223
1 25 104 40.201228287165264 -46.006468497697128 223
3 16 115 69.694043291137461 -17.525354349169291 223
1 25 104 34.603182912431819 3.679162100921886 223
18 31 102 -5.170287709174787 -78.830629358164813 223
40 15 89 40.260107951291019 -86.047217896631579 223
18 31 102 -60.482901451083151 -50.821438705122901 223
2 18 102 0.239456909814709 -30.130170806347110 223
18 31 102 -20.376176494194365 14.322001911659662 223
21 34 98 24.087858188569570 61.734548982345146 223
10 28 97 -81.894603816695906 4.156184031827209 223
37 23 93 -60.506394820804800 50.454612903097591 223
24 20 90 89.084191870190779 12.806512360320205 223
24 20 90 -27.427078811106288 77.927487749580322 223
8 12 78 58.859359687623723 31.619059886179453 223
8 12 78 95.221491354887931 -23.170403193535563 338
39 28 74 65.251240736207947 -49.661610751016084 338
9 19 77 71.601932428512541 -3.092643454872469 338
39 28 74 25.193860274213975 -10.528424444211677 338
38 23 71 50.959413158160750 33.484485986530601 338
19 31 88 8.931657351513550 -67.242979508153724 338
19 31 88 -32.798025567396948 -21.388497028387480 338
33 26 72 -83.912316688944287 3.837070222750931 338
33 26 72 -42.162957191442047 34.836924763511604 338
19 31 88 6.624103020310263 64.312724258942666 338
25 16 94 51.358439729258407 78.729350744027684 338
25 16 94 74.792862727995853 56.938806493912111 432
34 31 94 78.355055190195060 10.073992562111929 432
25 16 94 45.616361131577648 43.796061172092685 432
15 30 93 17.411182385324203 7.457818343195548 432
34 31 94 4.826661419492794 67.145587878172734 432
6 39 91 -49.744373243700693 23.304942629858516 432
6 39 91 -45.415695862687350 -54.574852902301835 432
15 30 93 19.646918377564862 -77.549974843743854 432
7 26 90 68.004486555799090 -49.309125000167469 432