33 10 113 100.000000000000000 0.000000000000000 0
33 10 113 98.000000000000000 19.899748742132399 0
33 10 113 81.766312060385914 8.217823563497323 0
33 10 113 83.766312060385914 -11.681925178635078 0
33 10 113 65.532624120771828 -3.464101615137756 0
19 15 112 60.266141492102420 20.974886922073097 0
15 16 111 84.144800066126621 41.900508610655038 0
21 21 115 49.689996212548294 55.386297108605191 0
21 21 115 24.279226091398350 21.945412523264551 0
19 15 112 13.703080811844224 56.356822709796646 0
16 14 109 27.068436625387122 82.093319440653303 0
6 36 103 -31.637301801165410 33.006240179463632 0
19 15 112 -78.031840982936231 54.185162109324281 0
15 16 111 -7.436179134373695 79.031294896073149 0
16 14 109 -81.046447049292667 25.342274766606891 0
15 16 111 -93.984178419764945 -1.724588867466011 0
29 27 85 60.012280859995641 -40.049970612377699 0
16 14 109 29.500841769486101 -12.662891822807484 0
15 16 111 47.417291382339471 -81.164034386927284 0
16 14 109 24.943585639007896 -61.291124429848892 0
28 12 108 4.761794761509034 -4.664169853823877 0
6 36 103 -28.841832055458450 -38.939470942887766 0
15 16 111 -79.679798130693484 -49.871131627946184 0
28 12 108 -63.171833945902556 -72.487212598655063 0
24 11 96 24.762660668117864 -95.853067956303036 0
10 15 106 3.529839929436182 -80.847491543548699 0
24 11 96 -22.059981469674369 -85.447604668421206 0
24 11 96 -43.806008456174148 -88.780817878287181 0
24 11 96 -60.432673638515624 -4.139776575347895 0
24 11 96 18.127370170632631 -37.238282462865413 0
3 11 116 46.774720918684380 87.253226203844122 115
3 11 116 64.889334727898245 74.768805250390216 115
3 11 116 45.020202126061491 65.323299988593575 115
8 20 116 67.398257091235308 43.870499332836289 115
8 20 116 89.390250125592232 10.458641521921351 115
8 20 116 27.619689296222422 39.667459459415703 115
21 21 115 15.871227284812338 78.948162614609529 115
19 15 112 91.797510592907500 -24.458476014360212 115
5 19 117 59.324886681021994 -14.382331102875368 115
5 19 117 24.486772598109344 0.793498599185829 115
5 19 117 -7.104293327421068 21.912318492560356 115
5 19 117 -18.335766810928533 58.214577422126553 115
15 16 111 -41.774378489274461 84.207489582785001 115
5 19 117 -55.850796310740776 52.162919663444441 115
19 15 112 -86.916925522600039 38.346421706579058 115
10 15 106 -94.540613050362282 9.331263797668004 115
6 36 103 21.293078593085088 -54.113698730511054 115
6 36 103 -42.300325799524394 -20.351605819110571 115
11 16 100 73.047514306056414 -59.161310446156307 115
38 11 94 -65.415406287941352 23.728464578389001 115
12 13 87 -95.188012471390053 -18.661250808734433 115
38 11 94 -55.238408629803118 82.156668701006197 232
38 11 94 -72.018487036018286 67.928915235287448 232
38 11 94 -51.306851892816184 60.510817790869794 232
38 11 94 -68.086930299031351 46.283064325151045 232
20 15 94 -89.574601506096514 31.644758887120840 232
2 23 95 -21.619099724975420 77.083004466769452 232
20 15 94 -33.960739180729924 41.142999798653953 232
2 23 95 3.970480627896325 38.857706856889152 232
20 15 94 -23.797737099051201 12.916887974887047 232
2 23 95 -61.224470052363237 6.341200904970522 232
20 15 94 -94.158711706469461 -12.614951834151816 232
2 23 95 -67.088626532868048 -39.283481765401589 232
29 27 85 -33.217447377769332 -76.063139494140827 232
20 15 94 4.320650247704528 -94.901696409690231 232
18 11 92 -33.110528707406502 -38.063289910255264 232
12 13 87 -9.771088727199071 -43.655296831772368 232
18 11 92 2.841642170372459 -64.073891771323048 232
29 27 85 39.882876581663581 -72.556046762112985 232
23 12 88 77.008533191595788 -60.610938086115198 232
18 11 92 62.982215880342586 -42.382871192337376 232
18 11 92 84.710995956307471 -38.939019219567399 232
32 17 82 92.226896372528088 -11.966602921922579 232
32 17 82 90.364682261284727 21.982361106511142 232
23 12 88 84.107034120392626 50.299173069456231 232
23 12 88 64.915780566427358 35.887518513944030 232
1 22 51 56.220561295684249 3.018183841126300 232
23 12 88 41.040759563930244 33.441425275671669 232
23 12 88 50.859891180809591 55.340846598857368 232
34 19 71 18.633447520558335 89.071850960326401 232
12 13 87 49.407304219136066 80.298610743883984 232
37 14 68 40.446384093077043 -31.559919392755514 232
9 11 62 70.494155085956208 68.838038309642897 232
17 14 49 22.638435238658086 -9.952583656982846 232
9 11 62 11.350699638582745 -32.259242416707302 232
12 13 87 -4.075356772326327 -13.873465750831825 232
9 11 62 -55.238408629803104 82.156668701006211 327
9 11 62 -72.018487036018257 67.928915235287462 327
9 11 62 -85.242096946627584 50.346647436961923 327
27 16 60 -58.924041478605027 44.316725681077521 327
22 13 54 -38.526770181350784 64.931073199886072 327
13 17 57 -26.661986046798713 37.377000952022570 327
22 13 54 -48.807155664049809 17.138634846450238 327
13 17 57 -78.795618445498292 17.970560327295253 327
1 22 51 -85.595140821501872 -20.432128321524988 327
13 17 57 -73.172179250098111 -57.400628775227808 327
13 17 57 -48.887131516306553 -33.604905281972421 327
4 16 51 -41.234223094589488 -65.705263421544828 327
1 22 51 -10.052518617620308 -87.423949061126251 327
13 17 57 -13.050345107469880 -48.539337241837679 327
22 13 54 13.837436364244871 -61.845245986801807 327
13 17 57 28.946007379595081 -87.763021390453247 327
22 13 54 57.383033374497543 -78.206057826368550 327
13 17 57 75.503800432975851 -54.297109685298686 327
13 17 57 89.974084685010340 -23.530067681470580 327
14 37 80 36.358289030511330 -17.099946661224923 327
1 22 51 86.654715108123995 15.328416406461123 327
4 16 51 3.821395616990518 24.737244532701876 327
22 13 54 -19.956684488661388 8.135952218872770 327
7 27 73 48.267661729741363 45.782219665253002 327
39 12 70 49.170598203063832 84.771765773474698 327
17 14 49 23.879860098993362 78.740301096357044 327
39 12 70 6.199732723496957 97.803697855230411 327
4 16 51 -21.104425569187793 91.600235924339259 327
17 14 49 -10.207158130826356 63.649394034034280 327
32 17 82 75.503800432975865 -54.297109685298665 407
32 17 82 50.941899427499337 -77.806959089264907 407
32 17 82 42.862723107256400 -44.780804151300579 407
36 29 81 80.544916639234714 -8.574170722508939 407
36 29 81 65.628704479085826 47.474973916757662 407
36 29 81 22.776351601522713 -3.397985497496318 407
25 28 77 6.430377340789164 -71.194516157616107 407
14 37 80 -39.513578794920761 -25.214597773608915 407
36 29 81 -18.498170997715793 37.350189727965613 407
30 17 79 21.424312030570778 60.201783739241307 407
40 15 77 -32.604639250327132 -89.229689562140848 407
40 15 77 -58.803256163036664 -74.613517975124921 407
40 15 77 42.079611236708757 84.642704644659673 407
35 21 100 -59.071866650604889 66.569621978896308 407
30 17 79 -84.665329771155655 38.480929494250326 407
30 17 79 -92.838528762454970 5.477917234024378 407
31 12 72 -36.730192584978113 90.856441448421364 407
31 12 72 -88.471793662388706 -23.191432681274527 407
37 14 68 -13.100624100582490 80.010082923955295 407
37 14 68 13.038953273041232 90.046142645197435 407
31 12 72 -36.730192584978113 90.856441448421364 507
37 14 68 -58.269082334941842 76.293604213222025 507
34 19 71 -29.131174229428559 60.802241741358444 507
34 19 71 -5.730402915072478 90.742246782994783 507
34 19 71 -76.722430236951482 48.935352236763492 507
26 15 65 4.784493750997001 58.409029372692402 507
34 19 71 -10.166699381384550 27.872791491803625 507
34 19 71 -47.977111036548635 24.081647803280106 507
31 12 72 -78.370532236745419 17.979193563596766 507
17 14 49 -95.993263341124361 -1.137274426666384 507
26 15 65 -67.542475588396812 -6.754451319843957 507
14 37 80 45.815591466865925 26.464561616431126 507
26 15 65 94.617976093166376 8.511086889052180 507
25 28 77 75.837954030972682 -31.186611364431297 507
25 28 77 19.871804261288169 -33.133424133354922 507
4 16 51 50.546665886765545 79.252978289346913 507
4 16 51 -15.335684906401923 -6.743412642129963 507
25 28 77 -42.264948876872225 -41.540176026225467 507