16 10 85 100.000000000000000 0.000000000000000 0
16 10 85 98.000000000000000 19.899748742132399 0
36 24 85 66.666735395262052 6.700259009211815 0
8 27 84 70.269521058183187 -44.172326294338959 0
8 27 84 22.552708791872710 -18.891783832958051 0
22 21 78 27.497087781243224 28.852882009515614 0
11 18 76 79.218360574277455 46.780886566243737 0
10 14 69 51.842648847816037 -80.798142060582293 0
12 12 48 35.058662274392091 -60.941208895988993 0
11 18 76 5.064399425447597 -60.354526572726336 0
11 18 76 -19.740326717371389 -34.263808664248764 0
1 30 74 -66.709829242408262 -44.156524800404426 0
15 30 74 -24.338342893326509 13.515457207525102 0
7 18 72 -38.978044705609435 -83.334938836765900 0
14 21 72 -1.582770893318976 59.157367147321366 0
7 18 72 23.626663061891310 88.914457725163345 0
34 21 72 -37.678284398141997 80.630930075329843 0
2 12 71 52.928062212210662 82.477998462986221 0
2 12 71 -9.347435152657287 97.553192956801098 0
2 12 71 51.608100708831671 58.514323835967986 0
10 14 69 -9.396622943069858 -95.539015471511817 0
10 14 69 -95.391736575511089 -10.789652131014172 0
7 18 72 -72.289601733162215 11.352871793008823 0
17 16 52 -70.039485368541960 62.693464486418335 0
25 11 109 -48.142022088197827 46.897860607934284 0
25 11 109 -88.963048559954558 43.434732541126209 0
5 11 118 -96.358826575410532 22.715117015105985 109
37 23 118 -86.445426558690329 -9.807559690671052 109
5 11 118 -88.821005135859778 -43.724467368460537 109
37 23 118 -63.112818494540946 29.835717178487872 109
24 35 114 -43.047805967187372 -48.286729731044318 109
39 27 114 8.624013091775318 -82.550750439913557 109
39 27 114 57.585390559911367 -59.773930722870084 109
24 35 114 74.999514920658157 -0.269743704237129 109
40 34 111 44.488568330299358 61.617913693343155 109
40 34 111 -22.956332962438807 70.288858832876983 109
40 34 111 6.232819289080950 5.399610043238972 109
25 11 109 -67.922860511782062 72.024197460971379 109
25 11 109 86.056682969846605 44.381561256894820 109
29 14 103 20.090492175469954 -43.186809358980184 109
2 12 71 -97.999738776287160 -0.226273682692067 227
7 18 72 -87.656568352924083 27.934316254190790 227
7 18 72 -68.069484718337961 -2.270752106793410 227
7 18 72 -51.704670011973107 29.794694087300705 227
19 13 71 -37.406653116153706 2.288936274674215 227
17 16 52 -89.530083510050986 -28.641999697704350 227
19 13 71 -60.774636441424612 -32.400225859529527 227
15 30 74 -17.929552998146274 -36.046981230885962 227
31 23 60 -3.145048810119221 -86.943134679984752 227
23 15 66 -39.409321729137332 -75.589610572687945 227
23 15 66 -65.081288595520533 -60.067042576015382 227
17 16 52 35.854919196948330 -86.893180223653374 227
30 17 50 63.118901789123271 -68.300836282837778 227
20 15 65 33.587500173195643 -55.976213830251766 227
30 17 50 57.544016586679746 -34.760999446926121 227
31 23 60 86.687846255999588 -7.363240556723568 227
20 15 65 89.972687089371519 30.494517177978739 227
20 15 65 61.488368542643215 21.079444319603695 227
28 18 57 66.505678058348977 53.695799192943056 227
31 23 60 28.126454456820007 39.272373949824086 227
20 15 65 41.248834988910531 74.934722851305764 227
31 23 60 26.195219085451114 -6.687068278518673 227
20 15 65 -3.061459920907730 17.562606637217449 227
20 15 65 -9.089715161287321 46.950701824841232 227
28 18 57 8.161039180632441 75.082738271475108 227
36 24 85 -47.642030695042479 71.597743758114547 227
9 13 91 -80.361779632173324 54.322963600580678 312
13 33 91 -36.397091316041156 67.854636862426446 312
13 33 91 -68.124106545888893 9.980665989459645 312
21 30 95 -60.332455116051491 -52.535653223973839 312
21 30 95 -6.837561618579151 -79.707262850458818 312
33 21 98 -14.907614687241594 -29.349798225351130 312
21 30 95 35.487708254446908 -37.179959501016199 312
30 17 50 39.969111681870253 -83.965822999734257 312
8 27 84 82.822553396028354 -5.424449185127663 312
36 24 85 36.920181469302392 16.801037344991766 312
26 19 82 -17.021433929711684 19.599234047326291 312
23 15 66 82.317734278894335 -47.421415238153166 312
23 15 66 71.415328847545936 34.996773311235557 312
18 27 83 46.459652386717650 68.778635491738001 312
17 16 52 7.824726626125468 44.250163150172753 312
3 29 106 -54.403366723858610 -60.010613137255589 410
3 29 106 -80.578471818461310 -8.252870979328108 410
3 29 106 -65.438841476803702 47.736338633935418 410
3 29 106 -22.667399719869948 -11.463436099638432 410
6 21 105 -30.580134483870811 83.581429605794469 410
6 21 105 -4.442857196335474 -58.023784571357197 410
29 14 103 -22.013918890256832 -88.293534998944295 410
38 17 102 -19.441406070001904 47.250606200288367 410
21 30 95 20.049569714990927 77.446851157705041 410
36 24 85 68.011636319581299 52.634753966680712 410
36 24 85 17.142106264120091 23.525179667645961 410
18 27 83 41.516549399882550 -71.870551173113398 410
33 21 98 78.714356265196159 -41.533722657086415 410
27 26 102 63.278619285885071 2.859272555058578 410
26 19 82 23.602134145995471 -29.502240773578961 410
17 16 52 -22.120238750224530 -91.360248673222557 516
30 17 50 -51.910627134659642 -77.164025235120661 516
30 17 50 -76.176698794548855 -53.348950887197205 516
28 18 57 -23.043570767968610 -57.372788368206990 516