1 10 101 100.000000000000000 0.000000000000000 0
1 10 101 98.000000000000000 19.899748742132399 0
1 10 101 81.766312060385914 8.217823563497323 0
15 25 101 70.291971924572152 41.283508471686559 0
15 25 101 48.941683891439219 -3.928936727641701 0
15 25 101 20.461701798175632 37.167177686830449 0
8 18 100 42.496581646601875 74.092292040958313 0
28 30 97 -5.564111445789948 -11.285449125244725 0
8 18 100 -22.395585847903309 33.666764051094020 0
30 27 101 -12.327889060722720 77.526101499366007 0
15 25 101 -60.992461144297742 59.202362145114868 0
27 21 99 -86.505020669559656 20.925615856147616 0
31 15 99 -93.917101113127273 -14.303080734814735 0
9 19 99 -79.138510377250981 -44.923225343576334 0
27 21 99 -50.755658306309698 -73.108570974223909 0
31 15 99 -63.917888147517431 -14.520385691008663 0
31 15 99 -41.548861055841421 -38.305771023806564 0
34 11 94 -44.202236036188509 2.429335894464399 0
37 12 92 -25.690040255054363 -94.572838763006814 0
31 15 99 -14.906187295536416 -69.819889133770786 0
30 27 101 26.126783898835612 -78.780652212986567 0
26 10 53 -4.246888951201189 -99.909778972011367 0
11 18 99 67.908293457989515 -62.068217951086517 0
9 19 99 85.987230632657543 -29.785838382126506 0
26 10 53 44.518812228634047 -46.675616877141010 0
34 11 94 25.245439525133573 -38.336725785876951 0
26 10 53 -55.723694403415038 24.601204692940406 0
35 11 115 96.799999999999997 20.754758490524534 101
33 16 117 83.065869424428698 44.000697003158471 101
14 14 120 72.253014152208024 16.017091787568223 101
33 16 117 51.664981472989773 37.837561773327955 101
33 16 117 62.027993772717160 68.113096055578026 101
7 18 108 33.030829017953295 85.865967265190321 101
7 18 108 20.764312365077394 52.020250118042767 101
2 27 108 35.410059885732458 -1.971702527737900 101
35 11 115 9.116133535009400 25.462390077317426 101
35 11 115 -6.173793154113273 41.280675124731836 101
9 19 99 -3.621273909421124 90.927918568902399 101
32 26 99 75.701711139270714 -36.403996079914307 101
32 26 99 -44.183179960663146 71.441210855945428 101
32 26 99 -77.770913326307834 31.744055197657275 101
2 27 108 -80.247382744701184 -21.198055633133780 101
2 27 108 -32.545208714140102 4.110097060377148 101
30 27 101 -34.478792573984620 -49.855273812590539 101
11 18 99 32.973329094809657 -46.905680128797975 101
32 26 99 7.213899950424894 -82.577122630544693 101
37 12 92 -66.753179944721467 -71.749654823334410 101
37 12 92 -29.164398529738207 -93.559808990819363 101
21 14 89 5.678171838727259 -30.203153662250092 101
10 11 83 98.720339247491154 -7.436035157276955 101
12 11 83 43.679458030580662 -88.843147997776072 101
33 16 117 93.878614423802432 -4.775537023941290 221
39 27 92 71.784466008479626 -41.665218586699304 221
9 19 99 59.689840912133363 2.716309595404011 221
28 30 97 17.946381170410696 -22.944625087322940 221
28 30 97 24.396914434752169 36.707622318836236 221
9 19 99 73.375194081855057 38.166431014377864 221
17 29 88 -16.409287456802254 79.320459436138108 221
9 19 99 31.225612500855974 85.229461553576613 221
21 14 89 59.411230811955562 68.066393051091183 221
17 29 88 -65.234936353981936 48.014613180696635 221
39 27 92 -82.840320603667166 -5.145996723826997 221
22 17 84 48.786319731578089 -79.176353837798274 221
39 27 92 4.793059833366414 -78.406234672733063 221
39 27 92 -35.578314605540683 -42.543271522519746 221
22 17 84 -41.122560087967450 8.840727608722272 221
12 11 83 -73.574416461533090 -41.998988738435287 221
5 15 71 -22.961163575668763 35.811001621508574 221
40 14 50 -69.138513618094777 -66.602296767307692 221
5 15 71 91.338566912913805 26.120225770371263 338
5 15 71 78.639266494862994 53.299772655705752 338
4 16 69 93.878614423802432 -4.775537023941300 338
13 22 66 58.495260372936279 9.081528181615546 338
4 16 69 70.748412986976717 -26.888740805661079 338
4 16 69 38.928995291994902 -23.493942203051724 338
16 19 58 66.909472685394547 -61.677568572070356 338
13 22 66 25.983147917164978 -59.220753364245624 338
13 22 66 0.931604250554258 -23.048662466429164 338
19 26 63 12.707120213969418 23.484521647656074 338
29 22 65 42.478664909977290 61.136282913413687 338
14 14 120 80.131499287718654 52.867218783498956 409
33 16 117 58.458896486985715 73.610851248466687 409
24 28 89 81.274627899306012 10.882778130116765 409
6 15 38 52.815490987596924 43.128856983499894 409
24 28 89 69.307262297208624 -43.823548382871991 409
24 28 89 25.015748187668297 -78.091051616758051 409
36 28 88 17.484976917627737 -22.599723608876211 409
17 29 88 -27.947422780772808 -57.022057313097584 409
36 28 88 -33.898058265673555 -0.333522869827306 409
36 28 88 15.436908404604367 64.385422183136583 409
36 28 88 -40.106420820879769 71.522548954427663 409
22 17 84 -79.054763322786798 48.983103168114653 409
22 17 84 -91.377720490597099 17.294860448766620 409
38 19 79 -89.072311581866444 -18.631245515609017 409
3 16 74 23.042997018564598 21.047824003304498 409
6 15 38 -71.615024754725837 -62.420254960869926 409
40 14 50 61.468371087283622 73.740350934044216 529
25 19 48 78.738713468345424 45.620335392780696 529
40 14 50 46.079205970964267 50.348608865043467 529
25 19 48 52.633989363421314 18.006147383610593 529
25 19 48 17.837706747286941 33.277647509600335 529
23 20 52 20.043621462497622 72.215212151848021 529
40 14 50 -4.348198635943714 95.901476363100784 529
40 14 50 -13.852856118641252 69.564022307391411 529
40 14 50 -32.721912495768130 90.251185269886022 529
40 14 50 -41.202992964953552 63.566521620606089 529
6 15 38 93.787130398134551 15.131892534752744 529
25 19 48 74.646685071775011 -12.968700923547054 529
23 20 52 35.878091983464003 -17.210892568553760 529
23 20 52 -0.704210331418309 -1.032661597815451 529