26 10 116 100.000000000000000 0.000000000000000 0
26 10 116 98.000000000000000 19.899748742132399 0
26 10 116 81.766312060385914 8.217823563497323 0
26 10 116 83.766312060385914 -11.681925178635078 0
26 10 116 65.532624120771828 -3.464101615137756 0
26 10 116 63.532624120771821 16.435647126994645 0
8 32 115 53.113097196255730 57.122665433443252 0
2 30 115 -4.563331409702961 79.869743998871172 0
28 20 116 -53.946493123970697 72.040099108936417 0
28 20 116 -32.403090915764992 38.337253215815203 0
28 20 116 -72.362312743142866 36.531542566123896 0
8 32 115 -76.483729502741767 -15.304872470929915 0
8 32 115 57.888331006764687 -44.762585640427872 0
28 20 116 36.124093348832190 2.463656631946848 0
28 20 116 6.596534693182710 29.447416189080087 0
28 20 116 -20.602102811947272 0.117668187016768 0
28 20 116 -30.067172137029210 -38.746357114943315 0
28 20 116 -60.444722584172617 -64.769508900060686 0
36 22 117 22.082194116406221 -85.184368888930294 0
36 22 117 -21.721578089540987 -81.033520719039430 0
35 13 119 2.748297701775748 -56.009029140637061 0
35 13 119 14.502612564896882 -32.817735901608543 0
18 10 107 32.658492197074359 94.516786273199287 0
18 10 107 90.784922224442582 38.552969715804949 0
5 10 60 9.056189333426248 -10.471897944984557 0
34 21 73 -6.330098292076506 -88.774601410609833 119
40 13 73 -40.325582020519562 -88.220447939841861 119
40 13 73 -29.994160796884994 -64.361241425378026 119
34 21 73 -63.907959757570652 -61.941687736327694 119
22 14 73 -88.547898649175679 -37.084628147189406 119
40 13 73 -96.347088480167884 -11.235592614308334 119
40 13 73 -95.870440078923465 14.760037908946783 119
40 13 73 -73.595887859012620 1.349433023168320 119
22 14 73 -72.527285746830984 28.328278245413117 119
22 14 73 -5.147719575973870 -53.794578818111304 119
3 11 72 -68.529161373891895 -22.109643743085218 119
3 11 72 -49.599050379298660 -33.319054866439572 119
3 11 72 -52.682487136407133 13.123543189789169 119
22 14 73 -42.028777178497947 -9.492788611206914 119
3 11 72 -28.767232709206336 -40.392623453795572 119
22 14 73 -8.341759669461307 -25.977351999443798 119
32 20 69 26.992063297881565 -64.886664141504255 119
3 11 72 24.904554946536965 -95.816298941854981 119
39 14 62 59.292873086343391 -75.500696693254255 119
38 23 71 60.974361952068676 -38.538924614599232 119
33 17 69 92.038392448140470 -13.339202208605911 119
38 23 71 57.805627518090603 7.351805626778734 119
25 13 70 92.582552785867577 16.655862210842244 119
32 20 69 77.082158527564005 45.788966711343896 119
38 23 71 34.093331594231309 46.769149804428835 119
38 23 71 11.813058148601336 6.525027063487439 119
38 23 71 -11.899237775257959 45.942371241137543 119
25 13 70 -46.594583034030691 36.338569005847788 119
32 20 69 -30.799852520597469 84.565767806538872 119
33 17 69 10.508845431476017 79.076610435663909 119
4 16 65 -63.434922907225356 69.368656868605825 119
39 14 62 40.464487913666211 87.055299769082183 119
5 10 60 58.308348988585273 69.188626439514124 119
14 13 54 -28.702543667027197 14.104517809920903 119
24 11 111 -38.228601196919151 -91.321268336170803 192
24 11 111 -57.452642035629992 -80.623780134187214 192
24 11 111 -73.839515366408492 -65.944870691009200 192
12 12 109 -86.229306808706525 -46.567227180603730 192
24 11 111 -63.229547220172378 -46.672388340884837 192
24 11 111 -46.842673889393886 -61.351297784062851 192
2 30 115 -6.091487845774303 -65.861379384023593 192
2 30 115 -37.508332429189167 -14.744044981479121 192
12 12 109 3.242367122008329 -24.911664471213768 192
36 22 117 -87.972509430748886 -2.199450944394787 192
8 32 115 -63.163552304941568 45.764239972066740 192
1 23 105 36.826895130899679 -34.764556352280607 192
1 23 105 82.340197545216654 -28.090779060301937 192
1 23 105 85.154797502565131 17.823031793079576 192
1 23 105 -10.262133932129942 30.716318715469551 192
10 18 95 40.918500523163786 -75.559884091054755 192
10 18 95 19.288004936108130 2.294684475548624 192
1 23 105 42.837259125363573 35.857053687656325 192
20 13 93 -43.966015106216510 86.463804656514753 192
20 13 93 73.719325751411418 -63.043326456947760 192
20 13 93 -24.657671395133672 69.051514079606505 192
7 17 90 57.554588047833249 73.051142322650989 192
7 17 90 5.305361208108614 67.562663107534405 192
39 14 62 29.710274188662208 86.678107711613265 192
29 11 38 7.786873387118625 98.693285500346903 192
29 11 38 73.681591478148960 50.161848747737295 192
29 11 38 58.754446287525198 -3.601754220380159 192
35 13 119 -89.599181262530863 -37.161629634397606 309
30 23 95 -86.990929767068266 -1.256239730701850 309
10 18 95 -83.062576148333889 39.555131697445205 309
10 18 95 -59.148321789674213 -31.352571417755556 309
23 36 93 -30.031070983122120 14.124738369305746 309
30 23 95 -20.162074614710846 -44.044006766551234 309
23 36 93 34.892392205291500 -65.257344155214540 309
19 40 91 69.966503964165952 2.165253572298038 309
7 17 90 -14.801553317623465 -83.683189546011675 309
37 20 48 -50.621690841827785 -74.414006855661313 309
39 14 62 19.456644184565146 21.263789250330142 309
13 25 89 35.068640549761263 57.002641631081026 309
39 14 62 74.056010515611888 56.010178460031710 309
14 13 54 82.008992028843153 -51.802753077545418 309
35 13 119 14.930816255684357 -5.354191168141931 309
29 11 38 -97.910539294868315 -14.646716184457386 428
27 22 54 -86.475570840514948 16.308759848838328 428
27 22 54 -65.876187828244738 -22.571381862757754 428
4 16 65 -48.797308180344217 11.374337601889467 428
16 23 80 -66.180608495589610 56.472356592880850 428
27 22 54 -24.178864535428229 40.321396735799695 428
27 22 54 -13.352973407189715 -2.325995696558074 428
16 23 80 -26.986086672099066 -45.211170555781308 428
16 23 80 -7.134220426615627 -86.706994521229149 428
4 16 65 31.826900003825028 -88.447998485813812 428
4 16 65 -45.472192213926419 -79.551582636832691 428
11 22 66 17.830761362669975 -49.267046814793467 428
11 22 66 59.741421324478345 -62.664680246324323 428
27 22 54 84.070535391067622 -26.002789832232338 428
21 16 78 93.372756139705430 10.841052111077708 428
16 23 80 54.483572147861352 7.903133043353293 428
35 13 119 44.593795899026901 -26.711781744177102 428