37 10 115 100.000000000000000 0.000000000000000 0
37 10 115 98.000000000000000 19.899748742132399 0
37 10 115 81.766312060385914 8.217823563497323 0
1 10 114 83.766312060385914 -11.681925178635078 0
1 10 114 65.532624120771828 -3.464101615137756 0
27 24 114 61.297085244103947 -37.199249612800891 0
3 13 114 61.551482281756293 19.188724028866133 0
3 13 114 42.603539204471261 -5.268835640161369 0
27 24 114 25.507347135622648 27.544579554618917 0
9 34 113 3.581208185318175 -31.465356054743978 0
25 16 118 84.144800066126621 41.900508610655038 0
28 29 97 -27.332581445147358 23.428519839414939 0
9 34 113 -73.460984771902076 -19.480341792236910 0
3 13 114 0.537856363652858 54.848874648770597 0
3 13 114 24.666234444183502 64.535017906175398 0
12 14 110 50.373147313643784 56.279436114322223 0
22 10 99 72.645895677079025 65.219496535767533 0
39 23 96 -12.849512707421693 -86.045860000245270 0
35 10 96 17.745530447001727 -98.412886093003763 0
12 14 110 39.190051862595467 -87.636407017900254 0
17 15 105 -70.918106861417698 29.453631804154902 0
22 10 99 61.519070976476932 -78.837832962297952 0
22 10 99 -95.894186656529172 28.360270899318675 0
22 10 99 21.152558924716722 -71.804513621468629 0
35 10 96 39.409019478929807 -63.637405930709207 0
14 20 95 -52.417086536704026 -69.211160678181557 0
14 20 95 -57.718592316287754 61.869257909058426 0
14 20 95 -21.688060836219201 79.241672861038737 0
17 15 105 11.803606040692413 89.405739458910944 0
35 10 96 36.530840693424857 93.088654938352263 0
11 10 65 54.324632319719086 83.957336328205017 0
11 10 65 74.936800498060180 66.215375337710853 118
11 10 65 86.614757808963333 49.978832816449632 118
30 12 64 93.576900639303815 29.109511619775795 118
36 11 67 71.464383093251712 35.436957216186570 118
30 12 64 57.071375730442668 53.376894201976810 118
30 12 64 75.905657161454926 12.869833237905556 118
30 12 64 48.937195290112989 30.797365673591678 118
30 12 64 33.449840199220837 49.131536838076244 118
36 11 67 56.555806160573482 76.371114954562131 118
10 24 67 83.026461256058866 -22.418892285216870 118
30 12 64 55.307705078628544 0.552188576949124 118
30 12 64 34.154732886627592 11.890255759870312 118
36 11 67 20.308499271889083 30.255489618606923 118
40 33 68 -9.473387675384608 62.644364403937288 118
8 16 54 32.306963744743193 88.245189297104787 118
40 33 68 -69.009122545403969 34.157590745153819 118
40 33 68 -70.111678215722691 -31.833199301593226 118
32 23 69 -24.322929809481273 0.406380711023637 118
38 10 56 -66.503161811646663 -74.681520264747832 118
7 23 60 -33.506485832972047 -74.213146099835143 118
38 10 56 4.566647799751085 16.356061132904834 118
38 10 56 8.472904574219431 -3.258758723823911 118
31 28 111 5.304183629379589 -41.126412566830005 118
38 10 56 -0.803720608504957 -78.632325511602218 118
2 25 92 50.974590574363319 -68.019049653578890 118
13 13 75 46.862988537033416 -30.242142306806514 118
20 11 77 -98.990612841880179 1.363293508011253 118
20 11 77 -9.733402988243881 -98.520357623531012 118
6 14 99 19.628495459523943 -91.222978653889228 118
4 21 93 28.373758531109900 -84.355970901995249 229
4 21 93 63.898756000909273 -61.951182244863261 229
15 33 92 76.421221600995423 -9.423210122434440 229
4 21 93 77.033886432095258 44.573314226867282 229
4 21 93 38.157108836594034 28.680040058530103 229
2 25 92 25.331672150500836 -36.879683620417907 229
2 25 92 -14.348130432760243 -67.301933158435759 229
2 25 92 -20.854670081322563 -17.727091335171345 229
26 17 91 45.611145774445305 65.941780937468508 229
18 23 90 6.226468441654632 58.952704360983965 229
24 15 38 26.091716418691451 91.346714961878007 229
34 20 89 -27.427109824572472 85.719038997592833 229
34 20 89 -61.863025620928454 65.367928382535951 229
18 23 90 -32.430275593737889 34.019671240600374 229
18 23 90 -77.606604237494565 25.353684264422181 229
18 23 90 -84.645163468268692 -20.104633829793368 229
21 16 81 2.236112009167321 16.152338743410432 229
20 11 77 -53.311066189270853 -33.302146766339447 229
24 15 38 -68.415746020691103 -54.464581578767962 229
12 14 110 -4.672470535847985 -95.886224344749508 322
31 28 111 -39.225369179169697 -72.009516126397102 322
12 14 110 -78.025154907922030 -55.929198113282212 322
31 28 111 -80.792490627113153 -14.020465693686294 322
9 34 113 -61.353010498277563 44.853183864673902 322
9 34 113 -0.902948745164885 75.994635886775626 322
9 34 113 -4.158691059846852 8.072620737191102 322
23 24 97 11.723151280832852 -61.605273581324354 322
21 16 81 46.221018282738854 -81.851191004815078 322
5 32 80 61.745770392077773 -36.431128566025137 322
5 32 80 73.358033933738412 26.506581397390431 322
16 19 55 53.613544881704286 73.529502957775264 322
24 15 38 -40.496527605041500 -29.028309113839448 322
24 15 38 -37.126312856493115 87.445050710041869 435
24 15 38 -62.542971648287228 71.507878568739116 435
8 16 54 -81.443306377536942 46.935997339937813 435
8 16 54 -49.648628547155283 43.316817645278093 435
8 16 54 -68.680269018782241 17.591408786355540 435
16 19 55 -34.139442452015160 11.940630071477603 435
7 23 60 -60.710864134154988 -20.585660061119899 435
16 19 55 -18.394461652567411 59.070453788253062 435
16 19 55 1.004183133313433 26.394888292439251 435
5 32 80 1.435011359750742 -24.603291940185766 435
16 19 55 -38.548666263141783 -56.262501086161024 435