34 10 78 100.000000000000000 0.000000000000000 0
34 10 78 98.000000000000000 19.899748742132399 0
33 20 78 70.857505441059416 7.121447246320010 0
14 25 80 76.254275247881353 -37.553768205339260 0
33 20 78 37.415922951700473 -14.825319271948722 0
36 32 78 26.692600342617844 -65.707637931985602 0
36 32 78 27.800594374457464 36.277962974416376 0
1 29 78 -11.389880612967019 -10.467161586975649 0
11 14 82 86.755771184755062 41.102751320786574 0
11 14 82 -18.002045429071892 32.021416601105258 0
12 29 79 -19.332620400157317 75.000825278358150 0
12 29 79 -68.180993403524269 43.730448642891616 0
33 20 78 -89.999885369766403 -0.143643408858637 0
14 25 80 -73.821733983079753 -42.134921285454034 0
15 12 82 -59.035298143354069 -8.217944486840691 0
15 12 82 21.384627137702161 79.807669663261436 0
39 13 86 72.734734745211099 64.176774315509036 0
39 13 86 46.260294073965724 77.317449898645521 0
13 11 92 -45.520231728174601 10.392347821269032 0
2 28 107 -81.920577546016787 -3.608181609488145 92
20 26 107 -68.452464955503558 48.685316487782615 92
2 28 107 -28.307962417398436 12.568576380623554 92
2 28 107 -41.104786611397984 -41.949689279133707 92
26 12 108 -61.225977849050359 -76.520452406056748 92
26 12 108 -81.070762997650291 -43.599153281021515 92
10 17 106 -33.952639819885846 -86.377684915586443 92
2 28 107 7.715100341915800 -69.383585062738035 92
20 26 107 60.549010747692698 -58.222137520669861 92
20 26 107 83.219516634747379 -11.424187108018025 92
20 26 107 73.998643131161884 39.751739770064766 92
20 26 107 34.289427144320086 6.178265631835514 92
7 19 108 30.430357325903543 51.012488945467105 92
26 12 108 53.483508015478684 71.738131113654347 92
10 17 106 1.259685866072060 -21.354191416019816 92
35 12 111 29.732429344829189 -35.988417394683594 92
27 16 99 31.187244930385848 88.675564580396795 92
10 17 106 2.056955023184610 73.169881431228234 92
7 19 108 -31.858991236773715 85.240862720734910 92
35 12 111 -21.365727967064750 56.070819423671111 92
13 11 92 40.651532677328049 -90.268781375313409 92
7 19 108 -32.945181572548151 84.826971012478296 203
10 17 106 -64.318819113076501 67.172088756412407 203
7 19 108 -34.594551326795454 46.862782895072513 203
27 16 99 -67.263659165458364 34.303746585474002 203
7 19 108 -42.397867814122499 9.672619520886993 203
10 17 106 -77.778551497906363 3.023768336807869 203
23 15 104 -91.390870022294592 -25.936631943412664 203
6 19 101 -72.898770272781803 -54.468057544915112 203
27 16 99 -57.521365359771401 -23.027074447350817 203
6 19 101 -35.167311447456996 -49.958399585289001 203
18 25 98 0.344286550313782 20.118108513112333 203
6 19 101 -8.376909312931899 -23.008921789412636 203
6 19 101 1.566822009759147 -59.684829513450403 203
27 16 99 -24.323862721879660 -83.236314479942109 203
18 25 98 43.494560278473173 -73.028920478001481 203
4 13 93 -54.205984768702493 -80.440731071113433 203
4 13 93 26.161166879004021 -39.212452991594219 203
13 11 92 77.593200330350527 -61.484105771281179 203
12 29 79 65.104755067927741 -23.483596104600782 203
32 19 97 89.195310142383946 18.033209603504854 203
13 11 92 -6.394431227714605 98.793275324153655 203
32 19 97 21.735191025196631 88.366178321223174 203
13 11 92 51.492131045964626 84.555073415763786 203
32 19 97 68.534964635630246 59.866172605177553 203
13 11 92 -93.099319854402111 26.460364868015187 203
17 20 90 50.842762537540409 25.110079831099135 203
22 12 51 31.264944030991270 -0.202150859312610 203
39 13 86 36.903791768302241 55.021701216345441 203
15 12 82 10.324342518756183 -89.422109727594005 203
11 14 82 -4.416846532339187 68.239804291377752 203
35 12 111 -62.502831177177839 75.481097599579229 311
24 14 115 -39.456337258127654 87.516840951744186 311
35 12 111 -42.828374815293600 61.736434385650966 311
24 14 115 -78.624813187386167 55.083016904020653 311
35 12 111 -92.289769785488687 32.963591930211436 311
35 12 111 -68.354854330539979 31.197290097438302 311
25 23 86 -86.984691303797348 -1.632016783946135 311
25 23 86 -8.312852349572729 67.539770401971083 311
29 24 54 -32.574384562237029 27.227657474693647 311
1 29 78 -64.765522901891558 -48.645935526460583 311
22 12 51 9.759690221924409 97.512811705806499 311
17 20 90 33.772529899433209 76.361368950706805 311
17 20 90 22.828083532076402 37.887753397810677 311
17 20 90 3.915481482611182 2.641285720629696 311
17 20 90 -19.556302782249364 -29.748146868161442 311
17 20 90 -20.536533416297772 -69.736134413223937 311
25 23 86 69.464395095615700 52.380318956648210 311
17 20 90 88.900706859318802 14.023705641287094 311
30 37 85 33.313577053806149 -51.050161001126696 311
11 14 82 93.978930135034233 -19.594914918783232 311
33 20 78 50.352927704356986 3.343409661292350 311
19 15 69 4.414871866279407 -94.280530401403809 311
19 15 69 -63.226506338932452 70.904223401521961 426
3 18 72 -81.208550994652441 43.233913139443359 426
3 18 72 -45.208558577200414 43.257278571116274 426
3 18 72 -63.188319728527290 12.068687885719207 426
40 20 72 -88.519606089075339 -16.256670564261832 426
9 26 73 -43.910643535744200 -27.483444807805729 426
21 15 46 -78.341263726813736 -49.744001702419006 426
31 22 119 -27.106761390179614 78.926942693448098 426
16 25 74 -2.427046791273519 38.928046617224425 426
16 25 74 4.223375807673531 -10.627698551781108 426
36 32 78 -1.749788054585991 -67.313863649400801 426
8 16 64 -47.770084243314820 -80.956896255887941 426
31 22 119 16.238580525719861 86.488776743053265 426
1 29 78 50.653447464747551 48.850804778971316 426
36 32 78 77.785319765068536 -5.783081276105115 426
28 19 55 43.246955077476997 -43.307758019641888 426
8 16 64 76.242296648033218 -54.982835520126670 426
21 15 46 53.269115337337993 -75.797084016431398 426