16 11 49 99.000000000000000 0.000000000000000 0
16 11 49 96.555555555555557 21.863775779997951 0
16 11 49 78.843192529652626 8.814936902970350 0
16 11 49 81.287636974097069 -13.048838877027592 0
16 11 49 76.398748085208183 30.678712682968296 0
16 11 49 84.861216147439819 50.986017632067515 0
22 16 36 55.560439192603340 -4.856690543903721 0
12 26 71 48.021025543589403 54.421182296530013 0
22 16 36 26.163509471094631 90.285495912443992 0
22 16 36 7.242915163769887 64.478304839845052 0
3 21 65 9.463648710302300 27.545008987520880 0
22 16 36 -20.727845952870979 48.933642651305476 0
22 16 36 -20.204537743073224 80.929363435772245 0
13 29 71 63.907677654548358 -49.075731805100531 0
35 13 54 31.999657663451575 -21.764959933039354 0
3 21 65 -0.892919417324674 -13.158080534256474 0
3 21 65 -32.928413370206997 14.003052122443258 0
35 13 54 -49.272860140932934 43.816791568525950 0
38 39 87 -58.458045585231105 -40.294626271440244 0
3 21 65 -20.353309668977907 -86.641461122944435 0
35 13 54 12.269290801350490 -96.220915102860545 0
17 22 94 14.390738806839092 -61.285267715700115 0
12 26 71 -81.460299796244300 20.499257476942908 0
14 16 93 -51.143233344962312 72.756413267464055 0
29 13 59 -76.804078767373255 59.246379507064610 0
18 13 66 31.839963766919148 -91.625415182258664 94
23 21 67 -2.056670811447379 -88.976233372588553 94
23 21 67 -42.630849060145273 -78.125608531461125 94
23 21 67 -73.711173282571707 -49.876476753141731 94
18 13 66 -94.281177632406113 -22.804814058586100 94
18 13 66 -69.137907601573474 -16.185450633253311 94
12 26 71 -11.480839765125271 -42.930766282629158 94
29 13 59 21.215842952080706 -64.189339595303835 94
20 30 79 -33.861425227648191 8.402550329048182 94
8 26 73 21.088048377273239 -2.393530003278123 94
8 26 73 53.824320342441254 -42.795714323219975 94
29 13 59 91.420105535211718 -32.424748324863700 94
5 25 81 -67.016175790605715 52.286061071786939 94
9 20 73 -22.267980401131098 57.039902611573851 94
38 39 87 36.616869027968747 60.724262489794164 94
9 20 73 65.572169642573044 9.318128942153217 94
24 15 91 -94.858166671758696 5.189240375319486 94
37 14 108 -93.015244612449820 -23.752142423076823 185
34 31 108 -58.703195416859451 -52.867143367596590 185
7 36 109 -70.926784474354079 21.104294447541378 185
37 14 108 -64.899173998091612 70.739643866543673 185
40 18 108 -29.492862450723678 -13.525607454423580 185
40 18 108 -10.493233362240449 -44.103607626116656 185
7 36 109 0.318841638625337 31.499522187689518 185
7 36 109 41.016707964536636 -27.894784580874216 185
26 21 112 29.948457492572025 -83.809843657028779 185
26 21 112 -16.110023293466153 -82.697022490164144 185
28 27 99 80.179383802256226 21.453820477725909 185
8 26 73 51.737441245872049 66.175805044819356 185
24 15 91 93.184878207740866 -18.481841721227397 185
9 20 73 11.918495862768623 89.207339700100732 185
9 20 73 -27.914996516881374 85.561398828341396 185
1 18 100 64.458977276661855 -65.643280299256759 297
28 27 99 21.836277011265626 -80.076070122648204 297
1 18 100 40.237416894922319 -39.010292996407202 297
1 18 100 75.413040668728200 -31.350300037946838 297
1 18 100 91.998031559168766 0.601821599966406 297
1 18 100 56.034187070705165 -1.011215786335187 297
2 27 90 72.168142834556775 40.997062819316824 297
17 22 94 25.794090405348172 25.171537194775578 297
17 22 94 31.792665300885943 68.760722771276363 297
1 18 100 -0.766270585661267 91.996808800031488 297
1 18 100 -6.255341048181592 56.417740438739521 297
33 29 94 -53.006479393112286 61.247964393500972 297
33 29 94 -80.366968451468537 10.106947210738873 297
39 32 91 -61.546369874285610 -47.917057039196699 297
30 29 93 -4.794393063197080 -25.551612084229419 297
24 15 91 -37.509200402317248 20.067455121741560 297
32 20 87 -24.717196893681837 -86.539356235870883 297
10 19 120 75.109808144608991 -51.376227191961348 397
21 25 120 84.583113998994747 -8.408140474151111 397
21 25 120 38.286375882062998 -27.292314793729894 397
11 34 111 60.807911337905182 45.589449642669102 397
11 34 111 -0.832013460534696 16.874999084758787 397
10 19 120 12.819620036894939 68.086647201684855 397
38 39 87 -70.910114280612532 -3.571511264222642 397
15 21 83 -44.505403999849996 50.306046911598514 397
36 23 78 -58.570496066096219 -64.331151012331560 397
36 23 78 -17.579458849761316 -85.205414303021541 397
36 23 78 -19.997335162906293 -39.269003100857169 397
19 20 77 -22.400232006097728 84.836632935102813 397