24 11 70 99.000000000000000 0.000000000000000 0
26 25 71 79.444444444444443 30.225490019412106 0
26 25 71 68.099453685895526 -18.470415195384344 0
21 13 75 45.900189305443064 12.370996266589543 0
21 13 75 42.272835865490336 38.116720319753462 0
19 18 74 55.684893969392718 66.065185347685613 0
38 20 77 63.994441733578256 -63.282789344399617 0
21 13 75 38.511872641567223 -42.315226956966875 0
9 25 76 16.312608261114754 -11.473815494992984 0
19 18 74 12.028836693250874 31.312272210642845 0
9 25 76 13.478400662902850 74.287832291901665 0
5 16 66 -24.013876998750838 90.880876489440098 0
9 25 76 -30.439417742327329 50.387513747471651 0
9 25 76 -77.776954994118057 34.289142185871825 0
9 25 76 -83.598679595830902 -15.370776487660162 0
9 25 76 -33.611927620538111 -14.219852093721322 0
5 16 66 -57.857291290009186 -47.282857712314019 0
25 15 63 -54.144920182874735 -78.059769525602135 0
27 22 99 -21.972876355061132 -59.785208082403528 0
33 14 59 -62.009262084916756 73.286092921400197 0
10 13 85 -45.583160614402381 -85.622283714005178 99
20 19 89 -66.865427909686346 -61.725315312718642 99
32 20 85 -85.675918673208315 -27.561512286189885 99
32 20 85 -89.157373064693246 12.286693135384752 99
10 13 85 -34.866107002107867 -61.933789420969042 99
34 14 83 -18.664168857624094 -83.532335676731762 99
34 14 83 -52.002398527422102 -32.261942159226010 99
20 19 89 -3.854471396672935 -54.042119314095544 99
20 19 89 14.091902271985251 -87.537308105097935 99
14 26 89 41.075056754876265 -51.524680123340772 99
14 26 89 81.783351946585157 -19.169855095461372 99
11 27 79 -42.392047207401092 7.595819287018944 99
11 27 79 32.692885116594908 0.808284618076193 99
5 16 66 70.503220385000276 21.287018633898100 99
5 16 66 -8.932299974612603 -19.412426030252284 99
11 27 79 42.492016770462655 53.911740426810219 99
8 14 100 -88.620232879037076 -36.911438937885308 188
27 22 99 -87.995223500109944 -0.916864856834511 188
27 22 99 -77.439695852751569 41.798247645485468 188
8 14 100 -62.639104208606064 -26.472044654187236 188
15 18 98 -48.104409221375249 2.036596871290044 188
8 14 100 -34.643982877487822 -26.994712479836053 188
13 37 101 6.892730173592795 2.597541048954046 188
13 37 101 -7.280631210469632 -70.032451564819283 188
17 18 77 -62.233533963004874 -67.756824383050301 188
16 15 118 -59.098585770322181 -74.379816885683937 289
16 15 118 -79.345565892581547 -52.242522653352033 289
16 15 118 -91.679968806716417 -24.895447768608289 289
16 15 118 -61.829505780265514 -27.887078946826556 289
16 15 118 -41.582525658006162 -50.024373179158452 289
6 23 120 -21.995543789767488 -82.587391179541797 289
30 32 117 2.324668169589621 -33.256596636458028 289
30 32 117 65.724035532296000 -42.004180188994191 289
39 27 120 -81.473427991914406 15.845520857527500 289
6 23 120 -61.398042381803990 61.638302959135736 289
6 23 120 28.268565077693822 -82.279330505590451 289
39 27 120 40.799373754143630 11.472555269003905 289
39 27 120 52.662613213288303 64.153325475360930 289
29 16 114 14.082182669874342 45.165161291195801 289
6 23 120 -23.659077935523424 35.336771396841272 289
29 16 114 -5.976724378680323 70.097875704541252 289
29 16 114 -42.964796985403119 -3.287835826660404 289
7 20 109 84.261913764602269 29.361311956914939 289
25 15 63 13.767265850284744 93.997140334201575 289
3 15 49 93.802433380553566 -4.313285077907153 289
40 14 96 -88.715119522572934 36.682796623152925 409
12 27 93 -82.908139869936690 -3.903888229318937 409
12 27 93 -62.959580035894902 -54.084113025025609 409
12 27 93 -47.716802285199918 37.054258200873598 409
12 27 93 -27.768242451158130 -13.125966594833084 409
3 15 49 -20.962400823981973 -54.570876049985664 409
35 17 52 -31.456320979881955 -84.801285239435884 409
11 27 79 12.303508883217308 -80.210284220855456 409
36 25 63 60.213154895585753 -59.994799587299219 409
17 18 77 24.028145208216980 -36.764537558535359 409
17 18 77 54.372132576558407 -17.393362307923017 409
18 23 64 86.640593354203347 7.899847038492300 409
17 18 77 46.857195270866598 17.813536409395461 409
1 16 64 69.677372867564202 43.017494321897630 409
31 18 64 55.051714654052326 73.710980957037876 409
31 18 64 14.834907739370168 1.364430012689037 409
18 23 64 14.014283646199289 42.356216703411697 409
31 18 64 20.239181998119516 82.880908442008064 409
3 15 49 86.789322805627890 -30.099861901844054 409
33 14 59 -95.526412815858720 9.523888624618820 505
36 25 63 -80.742111616068357 -26.565229375602222 505
31 18 64 -63.706747552948990 12.916365972572116 505
36 25 63 -31.873106726406391 -15.990714677792436 505
36 25 63 -47.149810810242172 -63.599771718810537 505
1 16 64 -17.858428687194085 -92.288008564625571 505
35 17 52 -5.187642742202808 -61.817511628470896 505
31 18 64 16.038785335407702 -89.646251288506321 505
5 16 66 48.749207133502907 -80.371106772613430 505
35 17 52 72.841450127444148 -57.819747001617586 505
35 17 52 88.755802232906078 -27.774224921557472 505
28 25 52 83.849425880340334 13.938212924808973 505
28 25 52 33.867036153220170 -42.167429110461185 505
28 25 52 34.223771290755309 7.831298273759781 505
28 25 52 53.747855358995842 53.861833153296821 505