7 10 108 100.000000000000000 0.000000000000000 0
7 10 108 98.000000000000000 19.899748742132399 0
7 10 108 81.766312060385914 8.217823563497323 0
7 10 108 83.766312060385914 -11.681925178635078 0
7 10 108 65.532624120771828 -3.464101615137756 0
7 10 108 63.532624120771821 16.435647126994645 0
6 21 107 35.336905256527359 3.551492605704194 0
7 10 108 49.796632918172662 30.972584413855262 0
23 30 106 58.735721188830851 -42.882398261920606 0
7 10 108 23.009678457066926 -24.892126703987472 0
6 21 107 28.836698446327794 -84.198840982020386 0
23 30 106 14.720112372435423 50.198548795505246 0
23 30 106 -8.531825828357441 -49.491588230869652 0
28 11 111 79.578877851682122 29.982519135072650 0
28 11 111 55.709690934437397 51.122913068651130 0
28 11 111 77.695899163437758 51.901788996535132 0
15 34 103 -34.324247321967079 9.081024767834661 0
6 21 107 -34.354087423692761 64.081016673000704 0
32 13 100 -8.626177660175543 86.308806918554026 0
25 16 98 50.205392470891795 79.469607818610257 0
37 29 98 -67.832886393410988 -44.268493576567508 0
32 13 100 -79.490652358579780 -3.918815849213200 0
32 13 100 -95.586345812682779 16.500014975090796 0
25 16 98 -83.629260879582603 42.920236773982431 0
27 10 92 10.232469930779402 99.475105222943569 0
27 10 92 95.942367626123058 -28.196845467070460 0
27 10 92 7.157827318978285 -12.697094293375439 0
18 14 68 -48.656703915561039 -82.755816496929242 0
9 13 66 -68.185194057286509 67.465721083493477 0
27 10 92 86.767051097958230 49.713970307794824 111
14 10 88 94.924665256988547 31.453265742187607 111
31 25 91 84.973994980301086 -2.102421719771041 111
31 25 91 54.077206928939290 37.209007764657869 111
38 20 93 40.107620851608914 -5.567746025549930 111
31 25 91 5.934016312972091 23.709630100682091 111
11 19 78 20.229974113774816 65.322435708543566 111
10 10 69 48.505805713351215 71.762726645480868 111
10 10 69 68.337331861105554 69.172249729749737 111
31 25 91 84.973994980301086 -2.102421719771058 204
36 16 92 83.548298094350827 -43.077626275567866 204
20 20 87 79.311757232297396 42.539924362005181 204
20 20 87 58.204882844567479 -68.645404893919704 204
4 20 81 53.044604847924816 72.706739003530558 204
36 16 92 43.603404072330356 37.966794733066990 204
36 16 92 19.670803403922761 59.208984480043085 204
36 16 92 22.237072332400988 91.331881695734069 204
4 20 81 -13.684282159066573 88.953585772531127 204
4 20 81 49.377092019751885 -29.631687958035446 204
40 16 80 -48.659562822252980 80.425412314437125 204
40 16 80 -28.051419099379103 55.944717628677608 204
40 16 80 -59.556394460974488 50.337888982707774 204
34 25 79 15.737967019542360 -83.530332179944054 204
34 25 79 -37.189746157675934 15.976092701422473 204
40 16 80 -77.436475198787761 23.799186813813403 204
11 19 78 11.703326244841683 -39.715703643128606 204
11 19 78 -23.697887582658989 -25.904329361777197 204
11 19 78 31.609592054390699 5.085972461135804 204
19 12 71 -14.900127941516457 -55.629729700488930 204
11 19 78 -45.879574956663497 -56.758384933807413 204
37 29 98 -78.165781657471825 -21.239363876454497 204
19 12 71 15.434238286868823 31.531348814962122 204
19 12 71 -0.280136737882551 13.391381406461347 204
10 10 69 -71.960634136740808 -69.438225313138105 204
10 10 69 -6.359802223549941 34.534646707317428 204
10 10 69 -0.420367765002753 -8.608171663067887 204
10 10 69 -99.334765926110350 11.515393106831681 302
22 22 68 -86.208063017957372 -17.668329595405766 302
22 22 68 -66.878411855923929 -57.195087443148594 302
18 14 68 -50.944618747261487 -24.913293236965735 302
19 12 71 -77.651913987722963 15.237480131334269 302
35 17 71 -29.225610252996532 -47.033073299752225 302
35 17 71 -35.560929691257542 -80.437619810896365 302
12 23 95 -71.421616453790676 49.678493366119881 302
35 17 71 -48.692114119630567 16.763911132079446 302
9 13 66 -53.509276758372266 80.905854552040438 302
1 16 60 -26.440665466063638 -7.605599179325552 302
18 14 68 -4.612917530448073 -28.185915504864152 302
3 19 60 4.382558013161681 -59.936213452195588 302
35 17 71 24.687625128628518 -89.663376946824329 302
9 13 66 36.315391287310042 -62.008448739377819 302
35 17 71 66.123476727397730 -65.396374712068635 302
3 19 60 84.283264745822279 -34.312261420454789 302
1 16 60 93.997486849654194 -0.687361585400645 302
26 13 60 65.955725547336698 -8.080576249120966 302
26 13 60 71.300684614169697 17.364097310857748 302
26 13 60 52.575839779121772 -38.629575629666043 302
26 13 60 40.993239266476934 -15.352046435946200 302
29 21 54 -28.245271546049345 58.152172638299078 302
33 16 42 -16.311866824686504 23.129410728989939 302
33 16 42 5.763004834365121 -0.037376731432780 302
33 16 42 34.978950760704819 13.017450101168054 302
3 19 60 52.544020986696879 43.290677678616206 302
5 12 119 -7.699771209832409 -88.484721653977047 302
5 12 119 83.286544261661192 39.303540524180988 302
13 15 40 70.861285048972448 63.274625887540999 421
33 16 42 46.096444123970088 81.921412580141109 421
29 21 54 39.552681559580236 45.504669569530030 421
29 21 54 77.698825159794964 27.929922674288616 421
13 15 40 94.928732347301178 -3.679099745108079 421
12 23 95 42.446428873805452 1.599929204947358 421
29 21 54 4.043196152698819 23.075303859852106 421
29 21 54 2.373538360786860 65.042103152363183 421
15 34 103 53.070838050276215 -54.401159442068462 421
12 23 95 4.554859161807954 -24.481269861829340 421
29 21 54 -31.513016376421280 0.720086334986842 421
24 21 96 -33.182674168333243 42.686885627497922 421
24 21 96 -74.819543831894350 48.197882326791500 421
8 22 97 -87.707044058242133 7.174567761584960 421
11 19 78 -84.529104458358958 -33.702084497369590 421
25 16 98 -50.003918481162870 75.642093710107531 421
16 17 119 17.836866306878242 -91.273469312558461 421
12 23 95 -13.720957386399423 -66.694946904895247 421
24 21 96 -57.708181489652432 -67.755190127084262 421
25 16 98 -49.588902049790150 -31.657028104933744 421