15 10 61 100.000000000000000 0.000000000000000 0
15 10 61 98.000000000000000 19.899748742132399 0
15 10 61 81.766312060385914 8.217823563497323 0
11 19 55 80.277628055073677 42.854433071168344 0
36 12 60 61.978170087506840 17.831846512356030 0
36 12 60 49.600253820718514 38.393636047617228 0
11 19 55 52.909052313493682 69.216547210163327 0
32 22 68 28.534604954437452 11.705840375389979 0
36 12 60 26.725958880073879 45.657700403637172 0
37 21 70 78.826457749985337 -22.642462511547727 0
36 12 60 46.260499763415737 -17.307822840774861 0
29 17 64 18.595849091100987 -26.006506831976935 0
36 12 60 -1.188367938094910 -4.803093037456132 0
31 14 69 -6.327911476910101 20.683866220419709 0
36 12 60 2.733559943291807 45.053719229842315 0
31 14 69 19.945067992066029 70.757890019752267 0
11 19 55 -6.284808483057532 90.782714116351954 0
29 17 64 -41.484642475125575 83.234754992797377 0
32 22 68 -68.561545613253983 55.166243873601672 0
31 14 69 -91.899954469774201 27.756051024117763 0
32 22 68 -87.636467278949041 -7.990594650318180 0
31 14 69 -32.598492474967692 53.535658404269739 0
29 17 64 -44.135804750873618 24.762573316844190 0
29 17 64 -48.647944651140392 -8.936693641361600 0
32 22 68 -63.704610978678069 -44.913030296185049 0
38 19 71 -42.909643488526235 -80.248130792483749 0
37 21 70 -3.860139927684365 -88.916248907264958 0
37 21 70 -17.639851406940483 -49.241073399796086 0
21 16 76 18.026874294612512 -59.084074859217864 0
37 21 70 52.839660028176766 -71.616829922209618 0
30 11 96 30.237337243069749 -94.269313333920422 0
30 11 96 23.337740314257054 95.526615754320034 0
20 11 111 50.309757835277750 -85.263874334654233 96
20 11 111 30.237337243069753 -94.269313333920422 96
39 21 109 67.351283241219477 -58.179073950700072 96
39 21 109 -1.324196577020892 -88.990148350395543 96
39 21 109 86.531811148788634 -20.814554026218747 96
20 11 111 98.606327481298038 8.819987565241121 96
20 11 111 76.620584045003284 9.611874901560324 96
28 21 113 47.862532093257066 -4.422883662115282 96
35 28 96 20.169265036126518 -44.955717414091168 96
28 21 113 58.733490970225816 36.145851258944980 96
28 21 113 -41.986316725429610 -78.473875957747296 96
28 21 113 -73.298119653328541 -50.481537766656146 96
28 21 113 6.365859565952789 2.059875716549840 96
22 24 114 -85.696127789736266 -7.223135181151797 96
28 21 113 -80.713904492314271 37.500208287495830 96
28 21 113 -42.989581584961968 -21.405903291061733 96
22 24 114 14.881785859497946 46.246740273371543 96
17 21 114 -32.007469851031992 19.132883344251830 96
17 21 114 -27.663009859790495 60.907584628456149 96
10 13 102 45.263777230179151 67.363903917001636 96
18 13 98 0.298011519822975 80.251350637400691 96
18 13 98 22.075732335734713 94.454550138365462 96
30 11 96 89.934260548180575 29.038673356051824 96
4 12 90 70.262009482640067 67.066609026323874 96
4 12 90 -93.970379799627992 27.813085415208221 210
7 16 90 -78.755394649321417 51.318493875304206 210
7 16 90 -66.646276146421826 21.698074413677148 210
2 17 89 -45.985309560130204 47.429853592741722 210
7 16 90 -35.109398429231490 16.273561177359664 210
2 17 89 -55.770365015523112 -9.458218001704907 210
7 16 90 -87.956401799296017 -2.174054621218614 210
2 17 89 -86.112768886413406 -35.122514641112353 210
3 19 92 -38.223386936411764 82.583125946583948 210
16 39 94 10.013938291815585 47.720094899838600 210
3 19 92 66.082632099437504 62.562654473818419 210
3 19 92 -9.026931293270227 -7.065352852678259 210
16 39 94 70.994097478583356 -0.915490688868593 210
16 39 94 18.161748604328519 -58.297917549615988 210
24 14 96 70.750530315519001 -64.887305846928399 210
24 14 96 -28.707784295007233 -33.554294415602584 210
19 22 85 -54.794184309076641 -58.363561520979957 210
9 14 76 -35.927409520928840 -89.023711701520682 210
34 17 99 85.136321552979936 -37.427352997875815 306
27 14 99 95.643778799011358 -8.262419563649999 306
34 17 99 65.994215548505764 -65.526815229624574 306
27 14 99 54.141112257958298 -36.882375238875703 306
27 14 99 67.223500982770815 -12.126545516305331 306
34 17 99 77.730958228802223 17.038387917920474 306
13 26 98 35.068044444287665 11.664768335639069 306
13 26 98 61.087567384671885 56.686812113713152 306
1 20 100 29.381944060845793 -60.184383525439607 306
18 13 98 28.941789140113560 -27.187319055312031 306
13 26 98 -8.589330129004995 -16.584720958279497 306
18 13 98 -2.552587440072271 21.945238004943100 306
35 28 96 7.324311676560132 61.737785847973534 306
16 39 94 -70.980965653189600 1.643932766483193 306
13 26 98 -56.882988916224249 -61.808782320611257 306
1 20 100 -19.041513104970669 -87.962610117442679 306
19 22 85 -42.281385313624618 55.470822778194396 306
33 13 82 -36.292675509098267 89.954664717241315 306
33 13 82 -77.119280117607502 58.835504877089200 306
33 13 82 13.929603224821898 -89.343004252204935 306
33 13 82 -3.589172268946777 -58.803989390677351 306
33 13 82 56.692733954214390 -78.707902505381668 406
23 18 81 74.807929975802722 -53.551597667440298 406
33 13 82 43.910159326380551 -56.067103361273290 406
26 17 82 51.846770151005629 -27.135974648095782 406
26 17 82 90.317460327819191 -22.175580261467939 406
23 18 81 67.356300503022098 4.240042757876576 406
5 19 84 24.838922056480026 -81.763171328866264 406
26 17 82 15.297141425704545 -47.050717909464197 406
40 24 79 25.356382312612389 4.157145237455859 406
33 13 82 51.161239052195654 30.673354782743143 406
21 16 76 79.681303291039228 35.927489898272256 406
13 26 98 -20.160548032934603 -81.544787098941754 406
40 24 79 -63.981126816362760 -57.466646076733113 406
40 24 79 -23.510529519789543 -31.657137083755337 406
19 22 85 -19.540370472318788 14.171214808253461 406
16 39 94 12.928658117523305 65.919202127837991 406
8 13 78 -91.363782217708049 -32.583113707489872 406
40 24 79 -85.906357752936984 4.012193617511773 406
40 24 79 -56.314658292416176 41.805464487313628 406
8 13 78 64.519313590465302 72.431058074662971 406
8 13 78 -38.410193205495681 74.184935297554574 406
8 13 78 -50.336147882265436 -6.174079977693745 406
25 17 54 -61.511769622687623 -69.751718243247623 504
25 17 54 -82.471994231164928 -42.981044281574867 504
25 17 54 -92.409253718677164 -10.465649867884469 504
25 17 54 -89.995363096489925 23.448552644693017 504
25 17 54 -75.552955912903400 54.228690310783612 504
37 21 70 -54.939296355924753 -16.790386639760190 504
37 21 70 -29.105877468662598 -49.905858380251026 504
14 22 75 -12.436809665515462 -10.268222494970434 504
37 21 70 12.630318922521436 -45.205867869992829 504
38 19 71 -4.428091284557548 -81.386119958763899 504
9 14 76 26.750603145180424 -92.197642222396681 504
9 14 76 52.216265836366119 -80.557194477625302 504
38 19 71 72.723086203618877 -54.702401528827039 504
6 23 77 48.814388958434385 -20.171629802175648 504
21 16 76 87.706412180511009 -23.071721127194998 504
38 19 71 90.226801204622177 11.837412909144842 504
38 19 71 53.493481244178234 21.566914678693500 504
38 19 71 -47.951812543447872 77.340957285244627 504
9 14 76 -36.690646521226427 -88.323520740100463 504
9 14 76 -46.155717125163299 44.389871699965084 504
6 23 77 -11.306229433670055 56.820205872482788 504
8 13 78 -27.639843847174674 24.738855523861957 504
8 13 78 -52.810064749380587 18.222723255855364 504
21 16 76 24.251351999015242 40.799644001625879 504
8 13 78 22.297931584681059 69.733778664422744 504
8 13 78 1.284074315228105 23.093595436352665 504
6 23 77 57.727926303615376 63.352910838155921 504