36 10 108 100.000000000000000 0.000000000000000 0
36 10 108 98.000000000000000 19.899748742132399 0
36 10 108 81.766312060385914 8.217823563497323 0
36 10 108 83.766312060385914 -11.681925178635078 0
36 10 108 65.532624120771828 -3.464101615137756 0
9 26 108 60.439522766225650 -39.102007257758231 0
9 26 108 53.449531113476873 30.447531541893479 0
26 40 107 1.238554071684455 -9.925898784763506 0
26 40 107 -10.444390087469493 69.216433855701993 0
39 29 98 -71.759577444092187 37.570773814832933 0
33 23 105 -86.110380834715102 -12.409766818934592 0
29 11 95 63.469556570464029 -75.977729557737291 0
33 23 105 29.487710728025604 -77.088654010952112 0
21 20 96 -11.763198085976313 -89.227950614087760 0
30 23 104 -50.600685332208386 -70.771255774578648 0
29 11 95 -81.393775092921345 -56.356484774362372 0
29 11 95 89.430419880618629 39.071663006949663 0
29 11 95 -60.978987216510546 76.090624208428338 0
22 10 88 -66.306992093312559 -41.748645142071908 0
22 10 88 -19.339574188792948 -60.200402919722166 0
22 10 88 -46.660033849405309 -38.007384423789190 0
4 10 71 -56.308398227866853 1.762100831488712 0
4 10 71 -48.095543495729729 -18.058968144412287 0
4 10 71 -35.010764268778956 24.512262023440861 0
10 12 116 41.485389744957530 66.514958970448518 0
2 14 113 67.447490679209920 67.918281841241679 0
4 10 71 56.823128444719728 82.286888832637757 116
28 20 73 70.701069296342581 55.689844678843947 116
7 10 71 93.307537221587992 35.968089991574082 116
7 10 71 98.598946012823546 16.680762727174923 116
28 20 73 68.613563966783687 15.744352799295596 116
28 20 73 87.907378004271507 -19.294892910149112 116
11 17 75 75.585754443524721 -54.182965267722132 116
20 34 75 33.541669355123872 -25.316117343514840 116
11 17 75 32.972733131423482 25.680709141800520 116
20 34 75 -17.645105358355060 19.448981722962770 116
11 17 75 17.807438608035969 56.111184688839103 116
37 25 68 -49.355057552713106 69.203166791472611 116
11 17 75 -8.270991744001082 77.926671627570329 116
11 17 75 23.660989316886297 89.603511333891959 116
13 10 55 41.547221748708836 69.377718657341063 116
25 24 78 -80.175813535830258 31.110109673027146 116
20 34 75 -68.492692874008981 -25.701022084765942 116
14 33 89 -9.849063974224965 -76.367505778515664 116
13 10 55 28.479636707344646 -95.858803941096966 116
13 10 55 46.985705104689359 -88.274251714841313 116
13 10 55 33.080052717859033 -73.899522788818373 116
2 14 113 -56.838471567454221 -77.365290343122837 116
10 12 116 -76.868570680330933 -60.788344619367351 229
27 16 116 -87.316735311787767 -34.810741653851537 229
10 12 116 -60.588698049623389 -43.154123708651177 229
27 16 116 -50.140533418166541 -69.131726674166956 229
27 16 116 -26.136609351649366 -90.293286857879281 229
12 26 114 -83.705002156310854 7.033677133050368 229
12 26 114 -12.458372887394965 -50.583013033238622 229
23 16 118 5.807515474162873 -88.403078109373880 229
20 34 75 46.848306518502724 -59.843430519551731 229
12 26 114 17.049606995170173 -7.766204146422560 229
12 26 114 68.916593044916183 -4.049248656313349 229
30 23 104 -68.512763258014374 53.619038323633490 229
16 21 103 -38.862346885795411 21.109765662528783 229
16 21 103 0.346357769792736 36.165577803720652 229
21 20 96 41.196230786808350 32.660171337460326 229
18 19 93 -38.136085791179042 82.623477054211605 229
30 23 104 3.783832686463207 80.031096906966894 229
18 19 93 44.904843875988824 71.483439991126772 229
34 18 91 84.126810089769450 37.238150116780304 229
31 17 77 -47.350315513693168 -15.930136990850638 229
3 16 120 -26.136609351649359 -90.293286857879281 347
39 29 98 -57.002581930561085 -57.547420908757246 347
39 29 98 -80.864492604612664 -4.683357321254029 347
21 20 96 9.853721101974575 -89.458952489085746 347
5 32 94 51.617099805442251 -58.477987377089278 347
5 32 94 -4.153974523870502 -27.083923158605668 347
18 19 93 -80.033069909380728 43.309441475043037 347
15 23 92 85.649206872961344 -15.271324828994715 347
34 18 91 88.355118909115873 25.639285531309071 347
15 23 92 49.355010297132878 12.990509770250988 347
34 18 91 63.342486152056438 51.530755218456562 347
34 18 91 -46.591188656722139 27.477809269768624 347
14 33 89 2.017849289848476 42.910288976829932 347
34 18 91 38.987665938775336 78.041936489361007 347
3 16 120 -54.911718297603983 -76.293533104743446 467
35 33 119 -70.922572810318684 -29.983139694919306 467
35 33 119 -10.288557208489486 -56.050670302883177 467
3 16 120 24.236336694383912 -90.821803459502277 467
14 33 89 55.650569638672835 -53.216671249630274 467
19 25 86 -80.524928030684919 27.216464973486449 467
19 25 86 84.941381249486000 -3.156224236246018 467
38 32 86 61.022518787701493 48.582426872323076 467
38 32 86 4.127662656109941 77.890708052997923 467
38 32 86 -23.937309365953968 20.372386229419217 467
31 17 77 -65.197344180501460 66.319727923214771 467
31 17 77 43.375996255901178 2.870281412558622 467
17 16 66 11.400379820610695 -12.112190464047973 467