40 10 69 100.000000000000000 0.000000000000000 0
35 26 68 78.799999999999997 29.095704150269338 0
35 26 68 71.847520121930330 -22.437421347269005 0
16 34 70 21.735232544547586 10.558921385853594 0
35 26 68 42.890498989307630 66.705646149202082 0
14 12 73 77.470719158151667 -60.019060915002605 0
16 34 70 32.314260533822235 -68.787997253534428 0
35 26 68 -26.695232228825304 -79.645242018899580 0
35 26 68 -68.463111150373663 -48.670344272581232 0
4 14 71 0.761154272513934 -32.616164492909938 0
13 19 72 -25.754835888543944 -12.971769216427589 0
13 19 72 -29.298115698693422 24.862674987062263 0
31 13 73 -6.963785855152339 47.779431093455472 0
13 19 72 -0.370977321177225 79.092924600797403 0
31 13 73 -94.913502664037551 -20.010672453561778 0
13 19 72 -90.251461842287043 11.647902615072194 0
31 13 73 -61.295526794718143 25.269716940666690 0
14 12 73 -61.414967886854733 0.270002265784715 0
2 25 60 -43.915269667445408 72.776707056829309 0
14 12 73 -78.252984484563086 58.995511856909324 0
19 11 120 -32.013600209811777 -42.311637470576670 0
12 23 93 -54.496742776490379 -67.816701679992093 120
11 33 92 -75.352074742571119 -15.845025465109718 120
11 33 92 -59.942668523614110 48.330906160221346 120
11 33 92 -11.380453983408096 -32.081765822885430 120
26 17 95 -17.007164849947852 -81.764158325907701 120
22 27 96 26.857717831896608 -78.318571683836041 120
12 23 93 69.541361820561292 -52.278092889295223 120
12 23 93 86.478689380447747 -9.509799316496334 120
12 23 93 79.239916170215636 35.917066769673710 120
20 18 94 46.453416482136035 -18.396729574784288 120
11 33 92 20.677004842043374 25.609822243785821 120
7 22 90 51.370794023815449 71.248526275177113 120
9 26 89 4.684363322040419 82.400978396946485 120
19 11 120 -96.331324670795112 22.831467039370491 120
19 11 120 -32.315222874400497 82.575967802737750 120
29 12 84 -97.999940572070088 -0.107925301622615 240
1 29 82 -73.934441171281719 33.086226872979694 240
1 29 82 -32.859438019656508 74.035513998569314 240
32 15 84 -73.254289596751576 -10.908515924719033 240
34 24 81 -35.074169654067717 -2.953741184836425 240
32 15 84 -56.310035360537931 -35.665176611866563 240
29 12 84 -83.308350945029076 -35.966765073553688 240
29 12 84 -77.972258890250757 -59.366041164555611 240
34 24 81 -44.599090899676071 -72.865361824236260 240
34 24 81 1.572967634395518 -85.985613754983120 240
32 15 84 -13.110400659430937 -49.855312129507425 240
34 24 81 47.413251663176027 -71.749449940221382 240
28 19 78 12.351975701551019 90.157798865479705 240
33 17 80 8.711914208375125 54.342300092938530 240
33 17 80 -2.820005801341033 22.357697220782864 240
25 22 76 79.153406174332730 -38.454366345073296 240
33 17 80 40.818354932381332 -31.283324142090503 240
28 19 78 26.779019969004651 1.866292353219196 240
28 19 78 64.729381696793965 -0.075367949188053 240
28 19 78 85.214096911034304 31.930513425825989 240
14 12 73 97.505479667690437 -9.832671802394707 240
21 24 65 50.230759765402837 69.805950845113401 240
8 16 48 0.497212185296808 -21.247914957874862 240
5 13 89 16.141151045964648 -51.974321040843570 240
5 13 89 33.172204643910902 36.972953766457579 240
7 22 90 37.799587778918166 -79.468177050589631 329
7 22 90 71.547005090352911 -51.235008174108984 329
38 16 89 92.014480670235230 -19.218099463446094 329
20 18 94 33.237528500058630 -39.729183415418497 329
20 18 94 58.000393571367596 -13.598731573551184 329
22 27 96 78.704421011740592 26.355532876545794 329
23 20 96 58.201904940432868 68.647929767071759 329
23 20 96 33.054882587401309 37.541222021375958 329
39 29 98 -9.258184122350315 -59.806892665072304 329
39 29 98 3.601374066353657 -3.250445082225156 329
37 32 75 -66.956504122748655 -40.010330611735050 329
37 32 75 -51.844918302293074 22.180022128790597 329
21 24 65 15.150169141982733 77.733525220339899 329
8 16 48 -2.748424905865555 41.299302986786458 329
17 13 112 -51.426343558564362 -82.245554215389092 329
15 18 112 -25.369724985916037 66.681910864786460 329
17 13 112 -71.425272610968520 -65.631017304692378 441
6 33 108 -25.940837368939903 -72.498779000740498 441
6 33 108 -65.893179361592061 -19.964881664809255 441
6 33 108 -61.817083109408074 45.909130201350308 441
17 13 112 -31.869465088144615 10.992942338805864 441
21 24 65 -8.923752093732915 -18.098238481952141 441
8 16 48 16.873657603623926 -48.667727403206932 441
27 14 119 15.459849679115941 -94.746994928066925 441
17 13 112 41.515050426666384 -87.666986876881694 441
18 19 52 63.895257223506320 -64.795031478825308 441
24 27 120 -13.772336470468566 81.849390640029810 441
3 30 104 41.601726905435719 68.332249476257886 441
39 29 98 77.986809902686716 21.887381780427852 441
18 19 52 2.487070641725319 38.818800586441895 441
15 18 112 88.858012657191281 -23.838070110947179 441
18 19 52 52.228413377067895 -18.615766349427293 441
18 19 52 30.854272368327855 12.803114855009273 441