8 10 116 100.000000000000000 0.000000000000000 0
8 10 116 98.000000000000000 19.899748742132399 0
31 10 115 81.766312060385914 8.217823563497323 0
31 10 115 83.766312060385914 -11.681925178635078 0
31 10 115 65.532624120771828 -3.464101615137756 0
31 10 115 63.532624120771821 16.435647126994645 0
32 39 115 39.386880486437697 59.073459739100045 0
32 39 115 18.158626132662249 -15.982261009497217 0
32 39 115 -36.227407558086043 39.929806913168562 0
33 33 111 -73.971019252061055 -21.384300568669858 0
13 11 110 87.653139711481629 46.020941958194243 0
13 11 110 -85.066100914008985 50.643444544063556 0
12 30 107 -8.746884322797023 -79.520387415074936 0
11 11 105 -97.758144776356701 15.631542786458539 0
11 11 105 29.406161107175450 -94.531887154223483 0
11 11 105 -6.099562099556833 79.833602823169173 0
16 12 60 -50.509344172987667 -83.980986843539043 0
16 12 60 49.998121877609051 -84.286344141336158 0
16 12 60 -23.200361358322620 95.214196592962182 0
5 15 48 69.094671441889218 -65.199128662409123 0
5 15 48 85.980434346498797 -40.402535930154308 0
16 12 60 -46.133645473146530 -60.383248373757482 0
6 13 44 -29.403073609573561 -41.806704962298490 0
26 13 62 94.400000000000006 22.307846153315641 116
28 23 63 86.065957899182081 -12.714200364011045 116
26 13 62 68.639509147188690 18.786893012158423 116
25 21 56 70.769205723435249 -53.969616649315746 116
39 17 55 44.656956736644879 -81.576689164377271 116
39 17 55 33.017698156102597 -49.630990554153186 116
39 17 55 46.473096055902936 -18.406764905499408 116
22 16 46 78.009233909119800 46.231532887472056 116
20 14 45 42.423531198542328 12.327597369746030 116
6 13 44 64.893407868084111 72.096085991310787 116
6 13 44 50.143464080386977 38.200413921096100 116
17 15 43 38.232484205270097 63.540669610701144 116
28 23 63 4.817287531695762 -77.998874518503484 116
20 14 45 3.233968492046955 -41.032767057496912 116
5 15 48 14.724155137825834 -14.406171127014833 116
2 36 105 -2.936184562396356 33.438498395020289 116
1 22 91 -40.181766546848564 -78.290648465666465 116
28 23 63 -72.933557268214969 -47.430962716394532 116
5 15 48 -93.708310318682777 -15.612577532792294 116
17 15 43 -93.904315657558925 14.386782158826684 116
17 15 43 -67.826105397911931 -0.443152084238683 116
17 15 43 -53.367360043268548 25.842674567582229 116
15 16 73 -34.516099611409970 -40.715387745657111 116
15 16 73 -33.354456303203236 -8.736479308618506 116
14 17 75 -50.071253957546332 57.672466974565737 116
15 16 73 -25.870748646812853 80.107607774328073 116
14 17 75 6.675766670971605 85.559611137241717 116
10 24 102 38.348781140022666 76.976431360999342 221
18 28 100 -13.504468523331511 80.880339575834796 221
9 24 101 -61.276653338468911 60.342122564897458 221
9 24 101 -24.105667623506182 29.972436676201845 221
9 24 101 -68.992079965551738 12.966261707683465 221
10 24 102 -79.003060224981766 -33.978176453245709 221
10 24 102 -33.342494081514467 -19.175720594232057 221
30 33 105 70.851235218281332 30.151326140715135 221
2 36 105 63.240162692237959 -38.427617967540925 221
2 36 105 -1.464885055403009 -70.006990918495816 221
23 25 97 19.195634868340633 3.775220429537710 221
24 17 94 -54.169430089023415 -75.595455179728930 221
15 16 73 13.174802792125487 45.891534479400974 221
29 15 85 94.270851579243228 -11.747618589496938 326
29 15 85 93.233604600061312 18.234444693475751 326
3 24 79 57.773752150085066 1.998716676971109 326
40 20 80 72.771748373602563 -39.366245661696084 326
40 20 80 69.877221832661760 44.301270047222260 326
40 20 80 30.621351526152992 36.621644634575929 326
40 20 80 43.598535980507101 74.458038274002917 326
7 27 79 -3.121815814675934 69.338592197097967 326
7 27 79 -56.450026372398476 60.847304973642977 326
3 24 79 28.876747332119798 -36.328337900057008 326
7 27 79 7.551427943135707 -82.655767711755175 326
7 27 79 -22.432250647194952 18.909363504017229 326
14 17 75 -87.975971106085382 30.153416190230100 326
14 17 75 51.259758654240883 -77.597919706065426 326
14 17 75 -92.934754027756725 -3.483029399869658 326
1 22 91 -16.957838000160010 -40.225873970186541 326
21 27 66 -64.445881364591941 -52.304190799026244 326
24 17 94 -59.322540499826985 -8.603488534835689 326
24 17 94 -92.934754027756711 -3.483029399869634 420
36 20 94 -83.960977934283491 32.412253613699271 420
36 20 94 -56.557024635302255 3.274248472865491 420
38 25 94 -71.047155667136721 -39.328992045670986 420
36 20 94 -45.024748617229250 41.575770764322499 420
36 20 94 -28.357737539414899 -25.094752342879161 420
34 37 93 7.429682403416273 19.270330479487470 420
38 25 94 13.154694764352108 -42.464782976852206 420
38 25 94 -28.517844541700335 -70.094467516953529 420
2 36 105 70.637883949270218 -22.051969326330784 420
19 20 93 46.562799020113403 -72.612727683518102 420