22 10 71 100.000000000000000 0.000000000000000 0
22 10 71 98.000000000000000 19.899748742132399 0
11 19 71 80.277628055073677 42.854433071168344 0
40 17 90 74.033873422557264 7.400018281343792 0
11 19 71 87.171645257842428 -26.117125857201014 0
9 29 74 34.010320272603948 30.074126714816149 0
12 23 105 45.527614109644972 -20.660508798256860 0
21 12 80 13.905857154587842 -5.658359383079840 0
16 37 78 -17.960666972490447 70.756020534674576 0
16 37 78 -70.562290766218524 18.707301297184216 0
34 26 78 -71.376628273323689 -44.287435422834882 0
21 12 80 -66.954033607538861 71.562262287329602 0
21 12 80 -57.227571975264894 -79.555043874137084 0
34 26 78 -19.291295006104736 -81.754791523111592 0
34 26 78 -15.354117734139272 -29.904057341914900 0
21 12 80 -6.459418812137633 7.040283646752677 0
10 12 81 31.038881789284300 70.966308771290556 0
10 12 81 54.436648227943238 65.623601060591284 0
8 11 82 8.926621277962781 -57.822612337225550 0
20 22 80 30.989601067027948 -82.362883786973242 0
10 12 81 63.999253632260135 -74.216544883965298 0
10 12 81 79.919377221063115 -56.256877155489946 0
8 11 82 50.394903469853972 -55.671420008175446 0
36 19 92 87.171645257842442 -26.117125857200957 105
18 11 91 81.880572734632779 -55.646849045103281 105
28 15 91 58.467712150620471 -44.340304070019023 105
28 15 91 55.211519697065647 -14.517540772406694 105
4 26 90 81.920409015401276 18.575429651810531 105
4 26 90 29.926840548043874 17.757604468645656 105
28 15 91 55.425038681586230 49.864331052690581 105
18 11 91 80.793897222622391 55.558276637686703 105
15 27 93 18.277327088163588 69.461461540899634 105
15 27 93 -21.007179342380596 32.411123424918394 105
18 11 91 -19.711350572840040 70.389022626954713 105
38 22 96 23.216369847372690 -33.100069827831121 105
36 19 92 -12.390934137108669 -12.774718589617848 105
29 30 94 -61.162003008059969 -8.043667841113324 105
18 11 91 -98.624271996787314 8.617016485055231 105
19 12 96 -59.977215328581721 33.939617858728660 105
8 11 82 -84.619010957415298 25.583237726659057 105
19 12 96 -79.433719633827948 47.991110313978226 105
19 12 96 -57.536518053873344 57.815191083537968 105
8 11 82 -41.381201021558027 74.186071682497300 105
19 12 96 -27.060065280139451 92.183434574761918 105
23 31 81 -3.409728773083337 -78.926381835822227 105
24 15 72 -30.352921849149148 -41.642815122512197 105
22 10 71 69.085833364173638 -72.299015403929488 105
22 10 71 -42.774522197511843 -90.389934454974394 105
27 22 71 -60.596838785973723 -63.812405762098564 105
5 12 66 -87.834817771658379 -43.463142857133164 105
5 12 66 47.343445356907196 -68.942147259143866 105
19 12 96 -81.330241554221757 54.675330897324628 201
29 30 94 -78.978868915915683 12.741203426780697 201
29 30 94 -65.624620806202117 -45.753788302633296 201
15 27 93 -42.369766470469862 56.430717250338560 201
1 22 98 -27.057385568275890 9.884707849895587 201
1 22 98 -15.335426962149356 -32.525145798003933 201
10 12 81 -27.860085745791466 -64.134209725196342 201
10 12 81 -44.090998838742841 -81.813504399166220 201
35 31 76 14.114818406351851 43.259093535202929 201
35 31 76 74.070489528651379 27.469302520922248 201
35 31 76 36.592980063768294 -21.921347245097213 201
9 29 74 11.286151367996641 -76.323226085472470 201
37 20 56 59.491352466016110 -67.533539680400580 201
24 15 72 62.107441402293105 71.886478022370284 201
11 19 71 85.956344465286691 -29.874853073529543 201
32 27 116 -52.981718543739056 -63.890042261310299 299
32 27 116 -2.462370786355272 -82.963466237317391 299
32 27 116 -11.203974964673829 -29.675715708799075 299
13 34 114 -66.750171108675403 -4.464208535841216 299
13 34 114 -46.189931569831806 60.353046497871624 299
17 29 118 41.580905931074298 -48.377489657322911 299
6 27 106 82.391665421460345 -10.030626554614422 299
6 27 106 71.125155698259363 42.780979732801399 299
26 29 112 16.639035895427590 55.713989778087281 299
39 13 103 -88.458319054657323 39.801077749533974 299
39 13 103 46.757056979969249 84.986926186160588 299
39 13 103 47.895196210289342 10.217672434750858 299
39 13 103 -25.538912677049158 18.132963377513676 299
31 14 46 21.032692157735209 12.939046357333524 299
24 15 72 85.137847915269560 -42.149102628127579 417
9 29 74 80.983104968909487 1.654300333853271 417
35 31 76 39.144752562428316 -41.352120906597449 417
11 19 71 33.448516126818774 8.322348295092407 417
37 20 56 53.148644736608240 41.981001458250248 417
31 14 46 83.812073224743969 -46.813848183738912 493
2 19 60 59.359644521387558 -68.974144447716810 493
7 18 55 55.347891702487971 -32.192276097671687 493
7 18 55 25.979464166394433 -53.012829982168206 493
7 18 55 22.632549349604442 -17.168748724460514 493
7 18 55 52.000976885697980 3.651805160036002 493
37 20 56 89.973156311979125 2.197986182889310 493