10 13 89 97.000000000000000 0.000000000000000 0
1 31 90 70.690721649484530 35.267858918214742 0
10 13 89 72.497018163557684 -8.695049230624180 0
1 31 90 28.522197449140720 -10.183384923566081 0
10 13 89 26.715900935067570 33.779523225272833 0
11 14 91 33.104925365862321 60.012715307493934 0
11 14 91 51.921997675006580 80.747174300012574 0
25 21 93 78.367572544276101 -42.184399646286579 0
8 14 92 44.810941359827709 -52.131886944640179 0
1 31 90 2.088224475325426 -66.265869469274321 0
29 36 91 -38.422686308041833 -12.900467685889808 0
18 22 92 -55.425191532948794 -68.352382135050277 0
8 14 92 -79.423252648545258 -41.517832340203768 0
8 14 92 -94.332133294523544 -17.817088092733908 0
8 14 92 -95.460836406033962 10.160153180952605 0
3 19 94 -70.516267218520142 31.764978291314790 0
29 36 91 -21.716878002622138 57.134637574704833 0
31 15 96 20.304359165768911 86.034734924676343 0
2 14 84 49.088206166132878 82.500594030535524 96
13 16 84 70.816100687812707 61.814883995471291 96
2 14 84 88.376456463718114 37.491358243154338 96
13 16 84 93.662304397440451 7.960699401510379 96
36 38 118 40.451758726583449 17.160581433886787 96
29 36 91 47.822343540920585 -56.471439314525796 96
18 22 92 14.836564503326422 71.417947983552835 96
7 27 94 -21.085696248529938 38.092414492314617 96
39 40 96 -69.517591524611902 -8.203930071447974 96
31 15 96 -62.272581418651072 46.316798358797023 96
31 15 96 -46.278591607872748 71.697741799353352 96
12 34 78 -29.115956805764942 -70.201574478674132 96
9 18 72 1.729798643884686 -28.338232868855044 96
37 16 54 90.225002760975983 -26.371364712162254 96
37 16 54 -19.599653881268861 87.484897394329664 96
37 16 54 93.662304397440437 7.960699401510382 214
26 23 63 81.940538109063354 -29.236077274441882 214
16 24 57 53.663796941216106 8.306244296374333 214
5 22 69 37.270242314285809 -34.673417948620710 214
16 24 57 30.951137703621246 -80.237317221175061 214
16 24 57 -6.169422139284769 -49.806016937598045 214
26 23 63 4.346268642173344 -3.997499744954084 214
26 23 63 -46.883934712138277 -73.286401643879032 214
6 18 70 -78.776619990721883 -47.520986341167173 214
5 22 69 -45.301359685692816 -25.625622733532218 214
26 23 63 -35.849177502500609 18.370470865510690 214
5 22 69 3.056196189674624 40.984004376932546 214
5 22 69 45.230631299296604 53.526612685585278 214
21 17 97 81.326251114892131 38.568244050013782 214
35 20 77 20.667360870783305 87.594863974075651 214
21 17 97 -91.778186762086420 -15.025459549164708 214
5 22 69 -84.844709743214878 23.353270190481190 214
6 18 70 -57.912471872477745 52.927829583209814 214
9 18 72 -25.630100368212290 68.860453035127250 214
21 17 97 -80.244161233284473 -47.009303206563757 311
39 40 96 -26.136993092506668 -64.937335886855251 311
7 27 94 -82.942382637530443 -3.092112936082316 311
39 40 96 -18.343021332475757 14.682096440961807 311
39 40 96 46.712443818294361 -31.877397263512002 311
20 19 99 90.694606637661380 7.449048720465370 311
12 34 78 50.525559702452895 42.024295188379639 311
17 23 99 -73.803523107294993 46.065605140397032 311
32 20 100 -38.826280140549429 71.077451822424507 311
17 23 99 3.998771257195195 74.952367664159851 311
40 19 113 -73.628902404278406 53.476955137154590 411
36 38 118 -71.915012945979811 -3.497272219824396 411
27 22 112 -33.990803575321195 42.997397836112654 411
27 22 112 -21.767216780320148 85.265399041103123 411
15 34 114 21.591432263165363 49.824920021712693 411
15 34 114 75.532175062170438 8.419651440388623 411
40 19 113 23.805652823650465 -3.128807206023836 411
27 22 112 74.040535061580428 -47.560479053462856 411
24 19 111 -12.504025092869904 8.078658591316488 411
24 19 111 -20.926533294568149 -28.976183947713764 411
38 22 110 -48.932079294351411 -58.920956333791835 411
38 22 110 -14.841956188397404 -86.739358635521924 411
23 24 104 28.069908952644699 -45.916844315318009 411