2 10 112 100.000000000000000 0.000000000000000 0
20 30 111 74.000000000000000 30.397368307141328 0
20 30 111 32.053164045208327 73.297985474983989 0
20 30 111 73.091046105675346 -29.595746321272426 0
20 30 111 15.873557717221594 15.520651345834594 0
20 30 111 -26.073278237570072 58.421268513677262 0
18 12 109 -4.298130216782744 94.335651825559452 0
37 20 114 -75.247872072292381 49.373654397785060 0
35 27 115 -82.945465181459809 3.008289519185233 0
35 27 115 -67.241491129132982 -48.657803800939590 0
18 12 109 -48.167316115605132 -14.640516320111409 0
29 33 104 -13.715744213002143 -75.768584259464021 0
5 17 100 -30.587511362728264 8.423535033688701 0
27 11 106 -51.902575489242494 26.580297996358734 0
5 17 100 -20.762448040339525 -24.125937015962911 0
7 18 75 13.228989567322046 -32.467529751433197 0
39 10 92 -59.523114537293168 80.355453055659382 0
9 19 82 37.810340754992851 -82.773051967360288 0
18 12 109 37.425083021619557 -51.775445987561191 0
15 10 72 65.825464911401127 -75.279533534672609 0
28 11 120 -90.443554268142734 40.261190883349698 115
25 32 120 -51.529264909225503 58.555399903978639 115
28 11 120 -76.302002204816901 23.408401641202129 115
3 18 118 -91.994792905999461 -0.978814682291581 115
25 32 120 -42.137344499606947 -4.751723163014315 115
28 11 120 -78.993787918000990 -26.901273464244326 115
1 21 118 -61.876997979602038 -53.938571816792880 115
1 21 118 -19.890931948687374 -52.856786603511800 115
1 21 118 -5.041443386050439 33.101864785464713 115
25 32 120 21.346712243627650 -12.861873557536594 115
34 17 120 17.071732035142805 -61.675033096917595 115
34 17 120 -4.780001103251567 -87.723099413794117 115
29 33 104 71.571629856317998 28.398975328525694 115
3 18 118 70.391738837979915 -22.587374385734549 115
3 18 118 70.936610663591324 -58.583250742529323 115
31 27 99 2.181653108206973 82.971322694744657 115
34 17 120 44.324372633213372 70.322560263714294 115
39 10 92 98.167918612094155 -19.054126990477886 115
24 14 92 -35.749618212625172 -89.095256875164452 115
24 14 92 44.353111671984969 -76.396660897894421 115
39 10 92 42.454825744508909 -52.471851378536769 115
26 11 71 23.153780529732497 -89.647636677855857 115
26 11 71 31.092805203032853 45.646141898388542 115
39 10 92 -97.852743051536038 20.611663622572170 235
23 16 86 -93.862613335260590 -5.080336393917328 235
23 16 86 -71.960258635350783 18.249619855491691 235
10 22 84 -57.782611882357905 -17.006504896774416 235
10 22 84 -63.818370149182400 -60.590557280008120 235
23 16 86 -30.109525735679998 -43.048784042781271 235
10 22 84 -34.001195596204326 20.013006707576466 235
10 22 84 -5.848466923111960 -13.801544424432416 235
10 22 84 5.500403160616539 -56.312756449293019 235
40 13 82 -89.668354705800226 -36.994407203721948 235
40 13 82 -25.914320728533113 -71.743735775586288 235
15 10 72 -44.115189407301081 -85.805328122765303 235
38 24 63 49.259708805521662 -70.494546515281669 235
21 15 78 35.125291987545388 -34.145980364528086 235
21 15 78 81.583679462871601 -48.673434697989222 235
11 25 80 67.828215776366662 -11.112987166453557 235
30 37 78 53.846943434516312 49.290026199627867 235
21 15 78 30.361477258704433 2.895706735874587 235
21 15 78 8.641758761853335 23.590001322004952 235
11 25 80 -7.161142016629057 60.335998750098270 235
11 25 80 -57.091575425649040 62.972629097231014 235
21 15 78 20.522469727297064 89.208436139614875 235
15 10 72 -30.834678922976540 86.115130821287238 235
15 10 72 -12.852740233256913 94.870122595079181 235
15 10 72 88.274406500522517 17.293936019126456 235
12 14 61 16.922793985518052 -90.452601027779394 235
26 11 71 -98.999356279631030 -0.357010110049973 327
33 21 73 -84.435347752150150 28.136667357266607 327
8 20 76 -69.560222413951280 -10.069754173320025 327
7 18 75 -46.298233339573684 19.978205229999482 327
33 21 73 -28.845602286762336 -14.898802516285823 327
4 19 76 -54.135204896208855 -45.889704404683265 327
4 19 76 -40.649581398397956 -81.416285423341563 327
7 18 75 -17.709919997485240 -52.385750898268213 327
33 21 73 -1.145128274471404 -87.693082646407618 327
4 19 76 38.509755945825312 -82.449976937492053 327
33 21 73 68.855935095576399 -56.390249175843955 327
4 19 76 30.417888539509022 -45.321528520158530 327
4 19 76 57.016358150043537 -18.182600494581109 327
21 15 78 89.819627875049363 -27.123824982788307 327
30 37 78 7.764915386159963 30.086417231100590 327
11 25 80 64.248731218987672 55.651599588424034 327
36 21 97 28.318375694984901 84.374579098195738 327
10 22 84 -14.614404628618662 86.777987861847834 327
19 16 63 -51.702635306588810 78.503741964022808 327
19 16 63 93.930948931038571 3.602337146162679 327
12 14 61 -86.518312998452970 -39.538774579974792 327
19 16 63 62.500459160197096 70.211769702554392 424
38 24 63 79.076111915500988 33.807817503162816 424
19 16 63 93.941086208598250 -3.327509872067878 424
19 16 63 41.112849394011782 46.409035647631740 424
38 24 63 54.128979126309552 -7.199993528376648 424
32 17 58 30.338269689337924 77.600515769415480 424
38 24 63 1.182831593381636 48.774131510669804 424
32 17 58 -1.439713980026372 89.690170599459890 424
16 16 54 -34.366457977068137 87.492551489314835 424
30 37 78 -6.703780913828819 -11.713894933917661 424
29 33 104 -76.597671245962843 -7.861091507888514 424
32 17 58 -46.730909203722312 -47.960674113100012 424
13 25 80 -68.999714418153857 49.639091553061398 424
16 16 54 -74.874964121384707 -56.830799288953806 528
22 23 55 -84.869993424242296 -19.133327367948038 528
22 23 55 -82.763355049108313 26.818408994853456 528