29 10 66 100.000000000000000 0.000000000000000 0
29 10 66 98.000000000000000 19.899748742132399 0
29 10 66 81.766312060385914 8.217823563497323 0
29 10 66 83.766312060385914 -11.681925178635078 0
29 10 66 65.532624120771828 -3.464101615137756 0
5 23 65 55.280592598012866 27.903012527804322 0
27 24 67 61.297085244103947 -37.199249612800891 0
27 24 67 23.910298664592986 -7.095625424705210 0
27 24 67 9.538074795614758 38.702182176313997 0
3 22 68 42.301662679103323 70.990683364831881 0
23 14 74 76.151470026897584 58.454714204609019 0
21 17 64 9.760395762354939 92.486402646887527 0
14 26 74 -27.937612404448004 71.801621278556382 0
1 18 73 -70.179507925612185 59.488122069190709 0
3 22 68 -46.252844180364185 27.433250956958247 0
18 13 70 -81.119741406904950 30.482755473079553 0
18 13 70 -96.529581346517517 9.541484426757577 0
21 17 64 -90.842771801525288 -19.914587904749656 0
19 25 60 -48.844865533372896 -19.495220414966354 0
18 13 70 -10.845965016957640 -19.784287091663035 0
18 13 70 -19.554595908090999 4.713870961586561 0
21 17 64 -18.698026195259214 -48.738477379982434 0
21 17 64 -50.223289998457801 -61.472594630060556 0
12 13 52 -79.607023713421356 -55.423115894821088 0
20 19 84 -25.269771890576870 -87.421042252985131 0
40 27 80 18.274664251782287 -72.592620858783889 0
7 13 72 57.934459666603743 -77.798447176911338 0
15 13 102 -56.165015412103614 -79.085340258218295 84
17 17 102 -74.653874790952173 -55.459886212440381 84
17 17 102 -89.598896862356881 -24.920627621485249 84
17 17 102 -92.568392887642432 8.949449044442364 84
15 13 102 -59.923972801228203 -29.325043810521706 84
26 18 88 -39.699865298825131 -52.819414960464066 84
17 17 102 -26.830120750528746 -85.367374577951551 84
17 17 102 -5.264672081636334 -59.081800136646933 84
26 18 88 7.605072466660051 -91.629759754134412 84
10 22 97 33.672740294472987 -61.290400927375948 84
10 22 97 10.949513370095930 -23.612092072767489 84
10 22 97 54.941499472011536 -22.772354727602650 84
22 34 96 69.220753189496989 31.376541043887272 84
10 22 97 39.321113389638860 78.726425308146460 84
22 34 96 -41.824088705009714 14.049997350305535 84
17 17 102 72.549009750112049 -58.186262848529353 84
15 13 102 88.128125725540244 -11.652649789583878 84
15 13 102 24.844592036662846 46.860607736384239 84
35 20 92 -1.086453076179883 67.270921289970715 84
15 13 102 -33.336876707184729 60.277340260145991 84
15 13 102 -28.391631540842031 85.802710977233815 84
15 13 102 0.583487970880391 34.313201452285597 84
33 16 87 20.445201344645344 13.182362806874327 84
2 13 87 -33.140502208611693 -91.163079771149697 186
33 16 87 -57.030373173498575 -74.723065620272124 186
33 16 87 -27.356410563335753 -62.745756113932266 186
33 16 87 -4.725146936243757 -85.369325828746568 186
26 18 88 -53.422119530610786 -40.915070920074555 186
25 16 84 -87.002384455504185 -35.589114895662163 186
20 19 84 -67.341482656154170 -6.633132086641243 186
25 16 84 -92.274053166910690 17.930396318825153 186
2 13 87 -64.203262316868390 25.212614459830128 186
2 13 87 -41.595831625208220 12.371116201379834 186
13 29 84 13.694709255654420 -44.311940404565078 186
13 29 84 71.380780026564665 -38.285561805975732 186
2 13 87 96.875712689071747 -4.908797305290072 186
13 29 84 37.318747681908306 8.658851626844836 186
2 13 87 78.983413912259209 13.955604208706408 186
6 17 80 28.111416906115906 -88.649581158235264 186
31 16 80 -31.592080596157437 -14.848820707965961 186
6 17 80 -8.680613780747777 8.901225362860551 186
40 27 80 1.501591963620899 51.706863848687924 186
16 26 80 -48.813856515268483 68.360861698100180 186
2 13 87 -83.173807526723607 49.911098380095140 186
31 16 80 -13.978619354668302 91.823731342812025 186
2 13 87 14.919026923000086 89.389385514718043 186
34 13 87 40.879976519938765 87.964922098125314 186
34 13 87 40.161238752817610 61.974858304011335 186
31 16 80 69.108807796635332 63.717914944917304 186
23 14 74 87.455571595327513 39.591956215051368 186
30 13 73 -82.998118569321178 -50.202712217099410 274
4 16 73 -62.234294338220167 -70.447800591812495 274
4 16 73 -91.288848990557142 -22.413077655227376 274
4 16 73 -60.666512669176335 -31.701377726835847 274
1 18 73 -67.269899512733801 1.651212610262892 274
1 18 73 -33.543609668443139 -52.203771070365718 274
19 25 60 -25.849818123791415 -9.897677281557396 274
7 13 72 -36.137423519525690 -83.095066441488186 274
7 13 72 -4.509651196968516 -41.339644070155941 274
4 16 73 -4.783619237216691 -70.338349929433917 274
1 18 73 23.707147074501677 -88.893032221811097 274
1 18 73 24.403637256749136 -52.899770332590322 274
23 14 74 54.212525814322937 -79.227533375912742 274
23 14 74 74.767597688277434 -60.214668777000604 274
38 18 56 55.461281940298626 -34.694751609436253 274
23 14 74 87.456380626279497 -35.254805244675993 274
23 14 74 95.625358192408910 -8.472949343262542 274
8 20 75 23.008669100782292 -14.925383387652836 274
8 20 75 58.682355882879641 3.168484948687325 274
23 14 74 88.921092824721612 18.712576693208202 274
8 20 75 64.820171684443963 42.694770091438443 274
21 17 64 30.991152910839638 27.708193136872517 274
38 18 56 32.497427206122524 62.675765797086861 274
12 13 52 60.746562718588308 75.442376263390926 274
40 27 80 -9.170377864656675 45.681825095073471 274
14 26 74 -60.704694660029119 58.059797159761352 274
38 18 56 6.703566443862405 87.789044097164251 274
12 13 52 -91.021772358101586 33.526660388263146 274
35 20 92 7.293119539276091 89.704015558869102 354
35 20 92 45.444393754416488 77.684020726875048 354
35 20 92 15.959135768981772 50.654045485814258 354
22 34 96 -40.397554811189465 64.374199531154900 354
22 34 96 -10.232352401863684 3.431106701824305 354
13 29 84 -72.848524800424144 10.374805583094791 354
13 29 84 -65.827679480136055 -47.198692929576723 354
13 29 84 -17.395584177834237 -79.110009803512753 354
16 26 80 73.279814248719063 41.061768394374241 354
13 29 84 51.443483195240063 -9.417679365311773 354
13 29 84 39.125171864045647 -66.094475375211346 354
31 16 80 80.534186008151039 -48.479324294017637 354
28 17 117 -84.520619726736584 38.797742730839204 450
28 17 117 -92.817362141284491 5.825571657240754 450
28 17 117 -60.114253166347851 15.126467494385651 450
28 17 117 -68.410995580895758 -17.845703579212795 450
36 22 106 -47.880425010773166 52.157987158853494 450
36 22 106 -30.223844732936271 -9.924749715239880 450
13 29 84 -46.461036719653094 -58.270934635939668 450
13 29 84 9.267014048624631 -42.196596155981602 450
40 27 80 64.318276157665153 -52.461026982954905 450
9 17 104 31.919650481090240 -82.232305999301872 450
9 17 104 -1.764740856287048 -86.854186593867496 450
39 29 78 80.993844926150501 0.998540974965557 450