39 10 103 100.000000000000000 0.000000000000000 0
39 10 103 98.000000000000000 19.899748742132399 0
22 20 101 70.857505441059416 7.121447246320010 0
27 15 101 83.042811425448775 39.931785831388055 0
27 15 101 53.157090680949516 37.315740040159106 0
13 33 100 21.966148343540183 73.800327417631337 0
20 38 100 53.474830886002827 -48.212472055614398 0
13 33 100 11.039977363606468 8.711013488866850 0
20 38 100 -45.494444148237072 51.662837481815075 0
7 13 108 -18.851851278371250 95.150447730834003 0
20 38 100 -22.306715214249969 -53.970707085140489 0
16 30 99 -74.172445395340304 -9.994053815680179 0
38 10 98 -87.163970199424654 27.837418310908568 0
38 10 98 66.355920525713188 58.547576765439757 0
38 10 98 -29.192152264623395 -6.467120308715428 0
15 15 97 -75.143714874591993 -58.124195606012663 0
25 11 90 4.856467773521260 98.880810680155477 108
25 11 90 26.574008258235789 95.366776631546145 108
25 11 90 46.979252038839903 87.143272131996255 108
25 11 90 29.654866343792008 73.583564897353611 108
33 33 88 62.764516352370883 44.605106064810208 108
25 11 90 19.764436537714637 53.932117158037897 108
31 14 79 4.656643016141947 73.881609291584311 108
25 11 90 97.437918851820115 17.517190694461227 108
19 27 85 -14.582936822840168 37.676104632493683 108
19 27 85 -67.538672085319178 48.244458468841053 108
14 12 82 97.846709848979515 -5.479176190780503 108
14 12 82 -51.111356719888867 83.615962676107912 108
14 12 82 -29.194666006271866 73.835437732954077 108
14 12 82 -17.807199272451339 94.961857244696503 108
31 14 79 -94.429319783820063 17.294610870587675 108
31 14 79 91.005009017347518 -30.562858730041889 108
17 22 79 -86.191256276918082 -17.750136377127639 108
23 17 79 -74.928399477492420 -55.088428474057181 108
31 14 79 72.161443429251847 -1.445928250520664 108
23 17 79 60.010766656662923 -29.965413764254397 108
23 17 79 -49.912353640996848 -32.062411651637532 108
17 22 79 -38.649496841571178 -69.400703748567082 108
20 38 100 4.950541035506710 -28.181330911060520 108
4 11 76 -6.290718364936957 -75.874455018125872 108
4 11 76 47.615152932098333 3.295339810805476 108
36 15 73 75.094972311249492 -58.187156087685466 108
36 15 73 -58.830245718969643 7.157193894257016 108
34 16 66 51.688566540826407 -78.513005858612757 108
3 18 61 19.030858029207693 -90.010146331800513 108
1 11 55 -8.926612916432866 -97.715976483293872 108
1 11 55 -33.249535341415879 2.506682462197788 108
37 12 105 27.778801934833524 16.303166437029937 108
20 38 100 71.573937173771014 -7.821222247518651 213
16 30 99 54.972211552112206 58.121045732762077 213
16 30 99 9.218996379640679 19.305542369009071 213
13 33 100 10.297730068993232 -43.685221506558079 213
9 20 97 56.074526455014691 -70.396359869284851 213
15 15 97 26.373833080383960 -88.913076993715038 213
15 15 97 -3.617745261396905 -89.623871316160717 213
9 20 97 -37.713012517150155 -81.717370778074326 213
9 20 97 -69.398987498612854 -57.304280242992121 213
28 15 96 -90.373538158591174 -29.285211296790443 213
28 15 96 -60.969643845793144 -23.334497117651615 213
28 15 96 -37.758736706495313 -42.341174622436426 213
28 15 96 -24.441001738967064 -10.560902458846208 213
1 11 55 33.614169577328340 93.118674838222518 213
40 25 58 -83.026870584270171 10.034331878994550 213
30 15 54 13.800416503316050 76.283735303966125 213
18 15 44 -43.130117599694813 12.906456752285633 213
3 18 61 -31.965221658188412 43.960363086518925 213
29 17 60 -18.199258533816504 76.139521858283501 213
6 16 43 -51.082889977976265 78.908417494573868 213
3 18 61 -74.379894407547084 54.144540887536806 213
7 13 108 88.187859886314001 40.396798990413224 313
8 32 109 48.306598203052992 61.241101966316677 313
10 31 109 67.885583033936769 1.360693208593396 313
8 32 109 50.721836185054265 -59.256183930595128 313
10 31 109 7.641029175615124 -13.288324861290418 313
7 13 108 22.545873622590634 -94.343434231504276 313
32 22 114 -0.908389060386945 39.017577748509893 313
8 32 109 -51.104288125206374 58.926664042824378 313
10 31 109 -78.962896952482737 2.420930579672159 313
10 31 109 -56.392788359563575 -55.324980081636461 313
7 13 108 -8.428010676694150 73.200253049714235 313
37 12 105 -13.647838822696293 -50.648518909909498 313
37 12 105 -39.923175210445251 -15.604055586876918 313
37 12 105 -38.434819001990178 16.790164993474402 313
34 16 66 -25.266343284248478 -90.540664328480119 313
40 25 58 -16.322546446048122 83.418070449493143 427
11 22 57 30.668153267952121 82.483115697295261 427
11 22 57 66.766600789323647 57.325570376918947 427
11 22 57 86.173398113364229 17.836632462312892 427
11 22 57 84.036845909063757 -26.111463567871382 427
11 22 57 42.271576048828607 20.774321930900914 427
40 25 58 -2.395919503872886 35.396730797069047 427
40 25 58 37.037183626750249 -25.933291324024552 427
3 18 61 -57.686042845296981 71.668127231361083 427
40 25 58 -78.003402629910070 33.770833246399746 427
3 18 61 -1.858667459658061 -7.599912795669526 427
35 16 62 -32.363390552153966 7.415474946581653 427
24 26 70 -67.184461538647398 -16.068413474069338 427
37 12 105 -39.385545676429480 34.520628283366364 427
8 32 109 11.893485394563783 -77.087904402502076 427
35 16 62 59.685108813603989 -72.620161015438768 427
35 16 62 -16.416827528801072 -38.325471788163220 427
32 22 114 -47.679851291443860 -59.926938062850056 427
21 12 116 -81.282775865514594 -54.745870598580474 427
6 16 43 -59.711982458363828 -72.598065751726821 543