24 10 83 100.000000000000000 0.000000000000000 0
24 10 83 98.000000000000000 19.899748742132399 0
23 22 83 68.755000413291455 6.910137540352067 0
20 15 84 84.010128063460087 40.618906138108059 0
1 35 82 35.647410147957082 53.309355926255257 0
1 35 82 15.638838578823417 -13.770127254243803 0
1 35 82 -32.449412143652907 37.097545608314540 0
38 16 80 90.546729810637231 -24.220563220678937 0
2 13 66 61.718834806230745 -27.375316715790085 0
38 16 80 77.371348598437308 -53.382341800066193 0
29 20 76 -8.226841864527270 86.476357755558624 0
28 33 76 -75.398594125754258 -15.622163866115798 0
3 15 77 -90.116926265216563 30.065588311382182 0
29 20 76 42.377296081616763 -61.833157645297113 0
3 15 77 7.399748881644186 -63.086629573060321 0
38 16 80 -20.559209249077679 -49.696459288685965 0
33 12 70 -30.350554369745716 -23.464235579515400 0
2 13 66 -41.199653292783957 87.815651045553352 0
2 13 66 -49.307757581065694 -53.507098185688584 0
2 13 66 -73.296216818862334 -63.534751121274738 0
33 12 70 -62.801992802388213 75.232371357340440 0
8 21 87 -20.128550179722410 -86.693952889820395 0
6 15 89 24.341814999650836 -91.828514321657053 0
12 12 106 -52.057666993751930 -78.355397890538001 0
6 15 89 -72.784628317854271 -61.052419121864510 106
8 21 87 -41.442170765980542 -78.762595705089026 106
25 23 88 -45.193957017399967 -34.922840916499482 106
26 36 87 10.321651494329380 -54.898256095473954 106
26 36 87 -11.703014630155653 13.650369580792969 106
26 36 87 58.674169662244267 -1.550022883665896 106
31 30 86 -77.358054027423378 20.389494282356420 106
31 30 86 48.457373576714232 63.654402408998848 106
14 23 89 -44.994214324186729 62.360697263248014 106
37 17 76 11.212370500170003 92.321626652517978 106
35 16 71 59.004040125429910 -73.174607951643011 106
35 16 71 -91.004878101731506 -23.539587118065374 106
36 14 112 -24.131048067480002 92.917665269662095 106
36 14 112 -8.012191922247737 63.513961787319680 106
21 14 119 87.624859372558049 39.215864391078085 106
21 14 119 95.213439505244253 12.263805999003459 225
21 14 119 87.624859372558049 39.215864391078085 225
10 18 116 66.667923051796620 63.398643802211765 225
32 36 116 67.833725972206324 -29.573393797932994 225
4 19 100 56.671728448303483 27.774549519702703 225
39 24 114 25.154202237452445 57.025968998906066 225
39 24 114 19.558930878689260 6.057269382520740 225
30 33 114 -28.248367710418108 37.096956906913320 225
39 24 114 -83.174742540198153 21.862346703219032 225
32 36 116 -65.023516295053980 -35.326227206239402 225
37 17 76 91.147775963044893 -18.468430821013889 344
37 17 76 91.694639768067489 15.527170953020896 344
18 17 74 61.980153112302752 -0.997031986436710 344
18 17 74 62.527016917325341 32.998569787598065 344
16 25 69 23.852824424687327 16.618495458023695 344
16 25 69 35.588722118461703 65.221671334927677 344
34 35 85 51.311293089918152 -51.890798066603779 344
26 36 87 -16.067326248652705 -29.505051350714130 344
11 23 85 -2.651760850361327 -86.959577761121238 344
34 35 85 -74.136521296351916 11.347960613059925 344
11 23 85 -73.436917830543265 -46.647819879926189 344
27 17 66 -42.430342360216450 -82.756667690252129 344
27 17 66 -23.453697333494105 22.977722224974677 344
15 19 62 -7.235410113541654 55.117528690650957 344
9 17 53 1.674710366544709 89.997462076916847 344
13 23 112 -2.651760850361327 -86.959577761121238 431
13 23 112 -46.623892374717713 -73.452111336780092 431
30 33 114 -9.644894290893866 -31.397935554623182 431
4 19 100 39.075766861636602 -82.183237002292771 431
30 33 114 56.332371364977710 -33.130106612731822 431
4 19 100 -78.474129136461727 -46.073973740865128 431
4 19 100 90.815500919481053 5.791786662484604 431
4 19 100 55.131814452414915 18.856032531271723 431
7 33 98 -65.216834513465258 4.207674395200073 431
4 19 100 -15.750790526720454 20.242339726956406 431
7 33 98 20.434448845497812 57.587064275080536 431
22 29 98 -40.249881057826045 70.291870616955819 431
15 19 62 72.213658093832251 52.800260579795236 431