12 10 78 100.000000000000000 0.000000000000000 0
12 10 78 98.000000000000000 19.899748742132399 0
12 10 78 81.766312060385914 8.217823563497323 0
12 10 78 83.766312060385914 -11.681925178635078 0
12 10 78 65.532624120771828 -3.464101615137756 0
38 28 78 52.236145533016554 32.133702490809085 0
38 28 78 31.208116617620249 -19.768339857573089 0
16 38 83 -13.670519356510127 28.624924478504624 0
38 28 78 -79.239743145069298 21.096518819545622 0
38 28 78 -74.302892887759228 -34.685445196943590 0
32 19 80 -58.813580024833598 63.425845062536112 0
40 17 76 -54.717424852413110 -75.199756765035630 0
39 17 75 -27.837363542714222 81.769073035084361 0
32 19 80 8.159301523739302 81.279068857995085 0
39 17 75 44.154780486894396 81.849589859413271 0
4 11 57 90.319855728686932 40.537928673640664 0
19 15 52 -34.330365815835876 -50.534643267645947 0
39 17 75 -21.007187851069681 -79.629194800865505 0
19 15 52 -5.542563996495653 -42.092933345456480 0
25 19 74 13.712809140608133 -70.114899824469006 0
18 16 68 46.802384467536498 -81.520161973298954 0
37 10 50 0.512112323095440 -95.936239904567685 0
37 10 50 66.843858705604134 67.213821017795439 0
37 10 50 -51.180878677609499 -4.529642125799318 0
4 11 57 -37.869312526583030 -20.771631123666751 0
11 21 64 -58.190723785152755 67.341218175498270 83
11 21 64 -20.829522347149794 86.528209266051419 83
2 20 68 -23.423368863405926 45.610340794562028 83
2 20 68 -58.476747612668859 26.342215866050626 83
2 20 68 -89.983964651624532 1.698854194798429 83
18 16 68 -87.550407235575037 -34.218798822941899 83
18 16 68 -55.788952885710174 -9.557307243675124 83
2 20 68 -53.355395469660678 -45.474960261415447 83
11 21 64 -20.560293109112457 -20.868431429392743 83
2 20 68 -16.791545254171318 -61.694851056955926 83
18 16 68 -47.211325203476136 -80.946785708722032 83
4 11 57 -82.247920295819000 46.240239618872323 83
7 13 54 -18.100432737522183 13.042467805989963 83
18 16 68 8.649531575008588 1.842494177524133 83
18 16 68 15.435608690527694 -29.429684470312793 83
11 21 64 24.039288706434323 -65.415469027327646 83
7 13 54 0.406523489764929 -89.859126859448054 83
16 38 83 68.805923971412028 -21.207188084238506 83
2 20 68 82.891802262014252 35.056370573051751 83
4 11 57 69.809701563116647 -70.196905684428771 83
4 11 57 53.458109635365176 25.327149722441785 83
2 20 68 48.797537318328310 55.974809758367364 83
25 19 74 14.646106304448837 37.141866289428911 83
29 16 84 16.604430470937864 72.087037149777345 83
1 11 99 33.033218918025639 13.437139129310724 83
16 38 83 69.307815228601982 -19.504531479580997 182
30 20 83 50.623669199774923 -74.412660997653873 182
16 38 83 48.183702675545135 53.500755101911068 182
30 20 83 3.065906248557390 89.947763834767215 182
29 16 84 -5.793924660089441 55.055022522709393 182
29 16 84 -30.077870375440327 75.894647771112773 182
16 38 83 -63.670901995614912 33.615714168596838 182
31 28 84 6.909171478418017 1.999171879087905 182
28 20 85 19.521884678075700 -49.259549866706450 182
36 19 85 -17.809969142983739 -37.975371106909641 182
31 28 84 -62.191763792197975 -53.443283173991588 182
6 12 86 -24.986827452916899 -68.133167856658176 182
28 20 85 -1.610100508016831 -89.985596493850522 182
6 12 86 -33.605430643274225 -90.532267817307556 182
27 18 88 -90.396027997707492 -17.104330511238423 182
7 13 54 93.637584193606017 25.318033620037369 182
14 13 94 -42.422156923544271 -17.524449057905908 182
31 28 84 -81.777977190819826 -6.030128238914354 276
36 19 85 -81.257037645112845 40.966984672303056 276
36 19 85 -46.672884104939534 25.220990771957556 276
36 19 85 -35.036559634938754 -10.953529996517890 276
17 26 86 -53.459925780992229 -52.009340545677084 276
27 18 88 -59.041711501013964 70.555483862213265 276
17 26 86 -16.647486326565083 82.333839938428895 276
17 26 86 -2.244129099820867 32.368418889479493 276
17 26 86 9.356212547869639 -18.321146838161706 276
5 23 81 -6.158777050953656 -64.800014054870047 276
26 20 71 29.268797825884121 85.107799136316061 276
36 19 85 40.086010657597086 47.637972521379282 276
19 15 52 34.463967501359157 14.106008207468321 276
5 23 81 79.929941558862183 34.354103719888784 276
5 23 81 86.275269805058755 -11.206150992393280 276
32 19 80 51.339733953333834 -34.519416202415727 276
33 19 80 35.618974037621058 -69.115047540382648 276
14 13 94 -34.989926968789092 -86.358418318991681 276
14 13 94 67.616030606592005 -69.549064731370848 276
1 11 99 72.409503035090850 67.511953535734463 276
1 11 99 79.614146137717725 -44.547258224883166 276
1 11 99 53.026276180975117 -4.099504597247015 276
34 11 115 85.531373814442645 49.853626682660469 375
34 11 115 94.429473047402197 29.733392339084720 375
34 11 115 98.664388426169040 8.144842324443058 375
34 11 115 77.850697993235030 15.271573030874407 375
22 18 116 62.515633509323621 67.496633745157496 375
22 18 116 79.565259036838981 -13.677697779074434 375
15 25 113 42.550739416774540 8.206665069678200 375
22 18 116 31.228316896078116 49.689224637077444 375
10 14 120 33.784759648710221 81.586945565891696 375
24 26 104 -5.479298679850039 73.949293860595262 375
3 30 101 -58.153462786086742 54.937917379413136 375
3 30 101 44.775408961616236 -46.748324198051201 375
1 11 99 -93.138487059780260 33.559234619030654 375
9 14 105 12.583961071372638 -16.753146540138733 375
9 14 105 3.581694881016677 9.760231280085799 375
21 13 98 38.060976501839839 -89.220861168935130 375
9 14 105 -76.466562888232758 14.930038597243502 375
13 22 98 -85.730234470469483 -19.857665966531037 375
9 14 105 -54.341243073896322 -2.230096108327194 375
13 22 98 4.424292437227017 -79.547522286345426 375
21 13 98 -51.979884083490546 -29.126638334390940 375
13 22 98 -19.755839978644026 -42.787201336291922 375
21 13 98 -52.510563832083783 -55.121221981843981 375
8 17 95 -27.262785296029790 12.861528203598260 375
14 13 94 -78.437731980378089 -57.065946077975191 375
14 13 94 -6.126080007028542 34.954657384346213 375
23 18 90 3.503516994043476 91.933265843613157 495
17 26 86 42.853654321475979 72.246552245041030 495
23 18 90 1.976611899405535 55.965661519277504 495
23 18 90 -28.408794611417200 75.271802282569681 495
23 18 90 -63.371799513569435 66.693440655074625 495
36 19 85 78.910509988891576 45.322526554606853 495
33 19 80 -38.187295343705536 39.587338948667103 495
26 20 71 89.658504649262454 7.832786481079545 495
2 20 68 -76.214101592240937 30.929278742342078 495
25 19 74 52.112074578667205 18.381036997345308 495
25 19 74 14.205567154211401 21.044999249269566 495