32 10 117 100.000000000000000 0.000000000000000 0
32 10 117 98.000000000000000 19.899748742132399 0
32 10 117 81.766312060385914 8.217823563497323 0
24 24 118 77.530773183718040 -25.517324434165815 0
24 24 118 48.016710175546272 12.336606468049176 0
37 27 113 27.285681458805605 -34.259793053219354 0
40 19 110 80.277628055073677 42.854433071168344 0
24 24 118 40.750299526832379 59.783411168516182 0
24 24 118 0.541100043489564 85.998297720030109 0
37 27 113 -3.930756356883318 35.194729928639276 0
37 27 113 -47.059302397790816 67.689783650664765 0
36 10 101 33.798576276092845 93.065141049114743 0
8 14 91 72.300502548921003 -63.155659533991638 0
16 12 112 54.094638723611695 -81.717623933652959 0
25 16 99 27.328996042097742 -89.939568463113091 0
9 20 111 -8.669223145642139 -89.581496806266088 0
16 12 112 -3.676662842073089 -57.973359537277474 0
16 12 112 -11.698970104469328 -35.353841722175744 0
25 16 99 -6.623276260682795 -7.817732120342960 0
9 20 111 -40.164209967667212 5.259185179375542 0
40 19 110 -46.057020000872690 -78.484080606446639 0
9 20 111 -73.978683775378016 -51.255773790497223 0
9 20 111 -88.882892274592024 -14.136175610937727 0
9 20 111 -86.229986250429818 25.775753553498362 0
16 12 112 -27.310129326059442 -53.794931369856890 0
36 10 101 -83.109515947308310 55.613023285954398 0
36 10 101 -54.719830079689409 31.491492038561507 0
26 15 100 -39.563767709444107 -29.735664000104283 0
36 10 101 100.000000000000000 0.000000000000000 118
36 10 101 98.000000000000000 19.899748742132399 118
19 20 101 70.857505441059416 7.121447246320010 118
26 15 100 83.042811425448775 39.931785831388055 118
19 20 101 48.042840703346791 39.977056705068023 118
19 20 101 30.996380624107026 3.791172734009844 118
26 15 100 61.778967131664395 72.168962997570716 118
3 18 100 28.783823946553937 72.735113325715901 118
3 18 100 10.094938536258876 41.966207558352963 118
26 15 100 -4.200226643965102 71.709244600156751 118
10 17 95 89.464310830363331 -24.859590779431603 118
5 18 99 73.133771416305152 -55.816229525359638 118
5 18 99 47.695223289177164 -30.343101150858921 118
12 10 100 20.363690103112500 -24.261383161750409 118
12 10 100 5.094374660216406 -11.344417345223105 118
5 18 99 -10.107703284249142 12.169340886297311 118
22 20 57 -27.756052816333302 45.822509515616382 118
5 18 99 -35.175231736622351 83.091206623896653 118
5 18 99 -65.849839389145018 64.247946678658963 118
10 17 95 -85.925576048375845 35.578018224105456 118
10 17 95 -92.971156818841834 2.316031037425816 118
6 15 97 -90.280543306291506 -29.570652686757256 118
6 15 97 -65.056855305400603 -13.329791760263458 118
6 15 97 -63.603701164172350 -43.294576809414593 118
12 10 100 -10.303920925601306 95.952695594524727 118
35 18 92 -55.510736129959852 18.259314094259913 118
38 13 95 -37.747990816335374 -7.147080355234722 118
35 18 92 -31.128608708387102 -37.432122546207054 118
6 15 97 -45.437126898058651 -67.168738144082994 118
7 27 90 31.231362611871926 -72.223183428694554 118
10 17 95 -12.462156426669267 -67.038938640045160 118
8 14 91 1.859914011959015 -39.545697682475790 118
31 11 89 10.688729223565030 95.397142073514701 118
31 11 89 -30.503214428585757 -88.452024035930663 118
2 10 63 98.000000000000000 19.899748742132399 219
2 10 63 100.000000000000000 0.000000000000000 219
2 10 63 81.766312060385914 8.217823563497323 219
2 10 63 83.766312060385914 -11.681925178635078 219
34 11 63 64.392689663046838 -3.578669338830817 219
29 16 61 84.144800066126621 41.900508610655038 219
23 12 64 64.543263397263445 21.906015363282840 219
34 11 63 57.205099176283483 43.703981916746713 219
34 11 63 67.490057958619062 63.151851281940893 219
23 12 64 53.999937697661110 81.780234339653973 219
28 36 77 12.386603414328704 57.856806286307773 219
28 36 77 -58.510769160515977 45.304413606676476 219
30 12 65 -28.597167771282315 82.843412686647142 219
34 11 63 -11.562598929148759 98.297326895112676 219
11 14 74 -95.313703864764534 11.458527635781607 219
30 12 65 -96.922609571136917 -14.491644279410060 219
29 16 61 -70.459578321443018 -5.342437916138720 219
29 16 61 -79.160629077175102 -36.136783431933893 219
29 16 61 -48.141418189715026 -28.274941668118078 219
22 20 57 -55.727999298917418 -63.466471715467449 219
4 18 79 -16.045082045112057 11.947773820621620 219
1 12 52 -22.346777135685407 -17.382903617607521 219
4 18 79 -26.734306712219407 -88.029976965900545 219
1 12 52 -24.174518543911450 -58.139385059191994 219
15 16 72 1.558866687679402 -69.175366416667273 219
13 15 75 22.099075381215972 -92.393889772513276 219
11 14 74 31.249078910367629 -64.875215469115005 219
1 12 52 47.997936750739250 -84.761787849568663 219
14 22 86 14.007810261422227 -33.272388769990570 219
13 15 75 49.813756630581665 -42.596240152808633 219
20 15 76 76.456576729857318 -56.386096466695065 219
15 16 72 37.393919867445753 -3.320930082723697 219
31 11 89 86.677172962345281 -32.479205981890210 219
31 11 89 82.878850479051025 -54.148833258631740 308
33 25 89 83.039790421454256 -18.149193005777274 308
33 25 89 46.907606132382135 -52.710229716219423 308
39 14 90 94.047065205902456 19.265241398869968 308
33 25 89 55.270096493586585 23.430178071146791 308
40 19 110 21.280420755552790 -88.476797480846002 308
35 18 92 -15.655217375426155 -90.658227254497731 308
35 18 92 -0.026547510618715 -58.227613966173074 308
7 27 90 -44.994817499919556 -56.538029943596570 308
35 18 92 -13.177570438963819 -24.715666903399452 308
27 15 92 19.792201020841397 -23.303516101178541 308
8 14 91 -84.498598300697708 -45.562999080584291 308
27 15 92 -68.234140170905235 -21.553263518853765 308
27 15 92 -94.708069279236270 -7.441882382796841 308
35 18 92 -88.544503163317430 24.977408984145427 308
35 18 92 -56.198793762248627 9.173767525873556 308
33 25 89 -55.228539354781248 52.162819694824549 308
35 18 92 -23.173014208622916 23.501987403978372 308
33 25 89 11.921815393023058 48.348575403770880 308
39 14 90 18.678179071915864 9.938270148038555 308
18 21 83 52.839671278022827 69.365927039369268 308
1 12 52 45.708160406418102 -15.729676313782804 308
17 20 109 -5.520939638593923 89.830502756619381 308
21 12 107 51.823896192220026 -83.176221262197302 418
39 14 90 70.533990558961492 -65.122624147283346 418
33 25 89 34.354968459785340 -50.559713725690969 418
39 14 90 70.968287522731828 -37.125992454394648 418
39 14 90 93.718753986333923 -20.803729263019605 418
39 14 90 95.735337871923605 7.123558278601433 418
39 14 90 68.208026183546423 -9.262378953281797 418
14 22 86 32.657662950118365 -3.590371022105536 418
14 22 86 64.698060228970888 26.566103278006214 418
20 15 76 25.596514250355465 -89.589054994297086 418
14 22 86 -7.215207425543465 -72.489612878738342 418
14 22 86 -7.140976071329593 -28.489675495759577 418
18 21 83 -6.350386168138815 14.503056071389921 418
18 21 83 24.820354432204198 42.652388753109534 418
20 15 76 -41.950360828421360 -85.235950316549250 418
11 14 74 54.558616134504867 61.108709917563658 418
11 14 74 -39.394012320643292 -56.348841040839766 418
18 21 83 -49.779409301068199 -22.925143915013283 418
18 21 83 -48.104464158042731 19.041444685537222 418
18 21 83 -70.122225273979126 54.807604605796470 418
4 18 79 -88.758353988784904 -24.206499069496825 418
4 18 79 -42.015973017724022 81.845329807960852 418
4 18 79 -23.676313993529224 49.443179496892625 418
4 18 79 2.228236579776145 74.442264672055828 418
11 14 74 -95.742843181359234 7.021964080629751 418
21 12 107 32.225974119981956 74.810697120310664 418