18 10 109 100.000000000000000 0.000000000000000 0
18 10 109 98.000000000000000 19.899748742132399 0
18 10 109 81.766312060385914 8.217823563497323 0
18 10 109 83.766312060385914 -11.681925178635078 0
30 27 109 47.321848458858526 -5.294353433680254 0
28 25 79 70.333266292471563 41.336909140765187 0
3 29 103 53.323945208858781 -60.971771069591107 0
3 29 103 0.773430143719985 -36.427049307293188 0
17 31 107 -3.053927427685146 23.450754042701270 0
17 31 107 -55.981616889868782 55.740995419851970 0
30 27 109 -82.885494623186247 4.358300250070300 0
34 12 85 -45.037570892520712 14.157009833956895 0
36 28 99 -47.380755830586537 -66.925809497699319 0
1 23 95 -6.489943846051695 77.341326420184103 0
23 18 90 -45.681658109010101 -20.957199915370918 0
34 12 85 28.652290776487071 -93.717907751185066 0
34 12 85 12.932562916160867 -75.582578804698201 0
15 20 95 35.938594689122205 70.354258525189550 0
34 12 85 -10.248515610463988 -81.798493728701914 0
39 15 81 -83.996345974629918 -44.380331937810837 0
33 14 76 88.749628896660909 -36.599226367574644 0
19 10 54 35.346899912834786 40.360094137900575 0
19 10 54 98.000000000000000 19.899748742132399 109
19 10 54 100.000000000000000 0.000000000000000 109
22 13 58 78.391506605285286 7.878642853345402 109
1 23 95 82.376606464137097 -27.900107531694310 109
2 20 65 47.263827187200931 -3.078892181732858 109
16 31 65 57.878274149337074 46.804306549783938 109
2 20 65 25.593193329117710 86.284346524838469 109
2 20 65 7.038834061199172 50.847984519731263 109
2 20 65 -14.372776018966071 84.634711999245553 109
16 31 65 -56.227080975763577 55.493381271507737 109
16 31 65 -18.195300106643302 6.528254457384023 109
35 14 62 -62.972385722990857 11.001799327649717 109
39 15 81 70.277440074841650 -63.922464099305820 109
6 39 109 17.223516225291128 -53.858609759834479 109
35 14 62 -32.701865706679484 -36.069392830838915 109
10 17 70 -59.058699145838958 -19.750160892404892 109
10 17 70 -92.201253607470889 -12.162599771875961 109
14 15 43 -91.412022860698329 25.861981295236539 109
5 14 119 68.502077449327075 -67.256712565560278 218
11 29 119 77.010661368023221 -25.106932024037821 218
20 16 118 41.942675569884628 -53.306867698814642 218
11 29 119 20.090129731883724 -13.969020269169114 218
30 27 109 77.036476546328359 30.893062025752663 218
6 39 109 15.158440478718319 53.851908957067621 218
8 32 98 -2.880621594920285 -70.478706018446928 218
6 39 109 -47.891041667055418 -15.569125024508047 218
30 27 109 -50.749593486045200 50.368941989153726 218
23 18 90 -57.601802588926077 -71.735851138091263 218
21 16 75 -92.529445213891890 16.562058097029471 218
21 16 75 -28.571884196856029 87.208448102621276 218
14 15 43 44.701566638529378 -83.825830983421312 337
4 26 71 3.701671135877117 -83.918398642978246 337
9 20 44 34.991476310994784 -50.199737754633645 337
9 20 44 -3.242534404467055 -38.445571488583568 337
9 20 44 26.053877539969314 -11.211030053452212 337
31 21 72 65.408856669711156 -22.708230482147194 337
7 17 58 70.570245971362169 -60.356073188958462 337
38 32 94 72.052484039857859 29.873726645432583 337
8 32 98 -51.000717139413545 -59.016326988940357 337
13 29 75 -80.793048528398785 -5.786476431110628 337
15 20 95 -32.030076773991979 -10.600267627135224 337
10 17 70 -2.747072327167790 12.016223050405234 337
10 17 70 23.223195494431241 33.960360975473478 337
31 21 72 -77.310336898003840 44.092083288467400 337
10 17 70 -45.031515310794873 24.040208639419440 337
7 17 58 -16.794395547309836 42.978663366841175 337
4 26 71 11.523016632942614 75.337961372417411 337
7 17 58 -29.510231208299551 88.193799408080295 337
7 17 58 -14.622278019883403 -91.843284923336853 435
4 26 71 -50.044250394721331 -67.465346678353569 435
4 26 71 -80.168562719134371 -25.079903340089228 435
4 26 71 -79.570682074083209 26.916659418753536 435
13 29 75 -43.428060431560908 68.373997741485724 435
13 29 75 -26.376988202013131 12.936998040719587 435
26 24 78 6.645103031231990 85.742886618682903 435
24 31 80 53.959393773839153 57.700813023386154 435
26 24 78 85.105752076600254 12.369760041175105 435
26 24 78 37.647996777334747 5.175216139367528 435
28 25 79 77.019433716591294 -35.958404163360761 435
29 25 79 4.781087670926829 -31.167132240877827 435
29 25 79 24.681106183874039 -77.036394968595161 435