11 10 116 100.000000000000000 0.000000000000000 0
11 10 116 98.000000000000000 19.899748742132399 0
32 13 114 78.391506605285286 7.878642853345402 0
14 23 96 82.376606464137097 -27.900107531694310 0
14 23 96 75.177023037262416 43.734843089718900 0
16 11 108 57.783768350165360 -4.422622285186770 0
16 11 108 53.883111935787653 17.228818302842804 0
16 11 108 42.112287416482140 35.815041430087248 0
31 24 107 23.133372314780260 0.511955162879961 0
16 11 108 20.116555747911882 35.381695881759256 0
31 24 107 30.459941859900535 68.818417666921164 0
17 15 96 70.277440074841650 -63.922464099305820 0
17 15 96 47.918640281120602 -43.920362415125226 0
25 13 100 20.941054561341286 -36.423038310355636 0
31 24 107 -15.179480366672387 -28.403876476713378 0
31 24 107 -21.064898797387727 19.233943056672025 0
13 15 101 -6.103707460083911 55.250088793946375 0
25 13 100 -3.654753470514493 83.142787199747346 0
31 24 107 -39.985812034653826 76.138918011286009 0
13 15 101 -74.801396777643831 58.564076361823510 0
13 15 101 -89.333617440941353 32.318799403992983 0
13 15 101 -59.338430534453011 32.856165615091456 0
21 35 97 -73.462683608612494 -15.107419270705986 0
6 11 115 96.799999999999997 20.754758490524534 116
12 25 113 84.015605735685654 -12.898759353744985 116
12 25 113 62.713920304997693 32.336605106066948 116
3 16 89 43.965255970804336 -4.125533965629675 116
29 22 81 16.772453298182135 22.417854717954626 116
13 15 101 30.918439456461154 56.606903777701504 116
23 11 92 54.570773030083288 67.403529015344390 116
21 35 97 -17.832972296255775 67.710950432730201 116
21 35 97 -35.639905654714070 0.013733914121218 116
25 13 100 -58.503972335089060 42.218407290838236 116
17 15 96 28.498736580128849 86.509161852807964 116
24 20 94 -89.013114048635686 13.291558500212695 116
39 18 92 -88.620500708683323 -24.706413218884254 116
14 23 96 -59.012984031616860 -53.068270637206339 116
34 21 92 -15.024683903425796 -52.053651579537004 116
40 12 93 -34.876637035820806 -78.414606737292416 116
8 14 80 -66.817799203081790 68.930267007002399 116
40 12 93 -84.411290847028525 49.786885597899754 116
8 14 80 80.844928425900392 -51.769658563786585 116
34 21 92 47.559012152068981 -40.950796432698802 116
17 15 96 19.221289055488999 -63.153801853171892 116
17 15 96 18.663723542034660 -93.148620083963138 116
38 15 94 46.779488394628579 -82.684215334831649 116
38 15 94 17.781039281436165 -20.720316168605809 116
33 12 39 -6.737716173690313 -83.996196341129220 116
33 12 39 88.454669343210313 42.187337808675835 231
27 18 45 91.172618493311717 12.310712289426444 231
28 25 53 79.838520445895355 -29.168658745481409 231
37 15 50 58.998597929033920 4.973655609160866 231
33 12 39 67.414342927961741 30.628581766002981 231
33 12 39 67.927806364111390 54.623088539423797 231
28 25 53 30.241911478748939 -22.830174781632348 231
27 18 45 29.703910500074453 20.166459446490041 231
27 18 45 37.933610228528053 55.213171737081453 231
22 30 74 -9.500135413558908 47.861996704353942 231
10 16 50 19.353604670117790 83.687430172542832 231
1 23 64 -60.406887092386071 62.609967192194901 231
37 15 50 -33.107934876049995 89.044172455266448 231
10 16 50 -87.440191382195124 34.499462764586497 231
37 15 50 -58.035127433773731 24.684055784269852 231
37 15 50 -80.117165169352361 4.376825312231535 231
37 15 50 -92.147378913469950 -23.105422726654311 231
37 15 50 -62.331947086630954 -19.782769422573921 231
10 16 50 -74.234952183011160 -48.406509039813784 231
15 13 61 -61.922705529135960 -74.663100256766157 231
27 18 45 -40.458189930491294 -52.296281749979372 231
10 16 50 -35.181658587306067 -85.884348335961732 231
10 16 50 -4.203383064870557 -93.905971965631451 231
20 25 61 -19.134190015422448 -14.956128729107267 231
34 21 92 -0.446362273748981 -57.097212209629340 231
36 15 52 24.744716543108755 -82.815096026982232 231
36 15 52 54.342988555879742 -77.922009694408700 231
2 11 79 52.025487772746395 -52.025500467870536 231
23 11 92 46.064138605391392 87.630446390186151 231
8 14 80 64.678256023634560 70.941688715036804 323
8 14 80 41.457065889304104 86.587018009918197 323
8 14 80 39.518408336529170 58.654212800038735 323
18 23 80 67.128147849321010 34.022885510674463 323
18 23 80 6.320840971389821 74.991945844651610 323
4 17 79 92.935546169840535 3.461828723873936 323
4 17 79 87.969090119290442 -30.173484776938793 323
5 15 79 63.632228049512776 -9.395680643762988 323
5 15 79 29.208784084672676 31.548647914105580 323
4 17 79 -2.483880161024093 35.973016005656490 323
4 17 79 -29.324899077959419 56.843083171353875 323
5 15 79 -29.065246358815635 88.842029723786524 323
29 22 81 51.658274057992543 -44.404599875995174 323
5 15 79 33.747967951982879 -12.028359587953190 323
22 30 74 -71.446426698647741 35.991778394443855 323
5 15 79 -94.970434386803873 -2.369935100753040 323
22 30 74 -69.562306906135845 -39.510574001102114 323
29 22 81 -34.766908916441999 -0.867589143060810 323
5 15 79 -24.665687061894502 -36.462045411491324 323
9 13 66 -33.554020112770608 -63.013835098378792 323
9 13 66 -53.682643100168860 -79.471007900266201 323
9 13 66 14.133469067545988 7.953417948402879 323
19 17 87 2.624303270315668 -19.751078124470638 323
7 22 76 4.918164223804755 -58.683560731235630 323
9 13 66 -18.799640217409028 -84.421970792627135 323