28 10 101 100.000000000000000 0.000000000000000 0
28 10 101 98.000000000000000 19.899748742132399 0
28 10 101 81.766312060385914 8.217823563497323 0
28 10 101 83.766312060385914 -11.681925178635078 0
24 21 102 53.570593196141445 -4.666330957793120 0
24 21 102 66.607907553316423 35.258954693685936 0
27 38 99 37.531263024956537 -61.444318661301232 0
37 16 99 86.071871879527961 -37.784029313376891 0
37 16 99 17.192383790361617 -11.421024172827529 0
18 25 96 20.982113292791730 29.403453169796364 0
37 16 99 43.164672951577224 63.884376112554484 0
5 22 91 -17.064747264080147 -86.329568519789731 0
27 38 99 -33.950063255501554 -28.754520939524120 0
17 12 93 -13.893457720200010 17.046489686894503 0
34 16 97 -16.986661303523377 44.875109695657343 0
34 16 97 5.695887076520405 67.447260656232046 0
18 25 96 -50.676805670025921 68.241199924110560 0
34 16 97 -16.341989561586008 90.649243185395449 0
18 25 96 -80.275567939012092 27.943392637062779 0
17 12 93 -97.892285143283402 -4.593529081881854 0
17 12 93 11.337604027799701 94.872997288848651 0
17 12 93 -43.492634093683876 31.945364367373763 0
23 13 90 -51.797462177416016 -82.012333901548971 0
7 12 90 -71.667826677523365 -66.841024972096818 0
13 14 79 -91.277848703481169 -29.738095703397057 0
36 11 116 73.291737121677500 66.553146204269865 0
29 10 74 86.480304352949418 50.211123857380812 116
29 10 74 94.742585754110110 31.997538102564874 116
9 25 74 84.984661711546664 -1.614705475922445 116
29 10 74 74.838017095852791 33.948985393351997 116
9 25 74 41.546643158244386 23.146929045307523 116
40 24 77 42.395251821266370 -25.845722070314338 116
9 25 74 40.365939609988743 -74.803682525680131 116
20 18 76 76.107006297373601 -50.896023668152722 116
20 18 76 7.270897856781254 -2.817918037416224 116
40 24 77 -0.390690313632625 -47.602632596146691 116
9 25 74 -41.588295540455505 -74.131057418869517 116
21 19 92 -0.786979790886850 -90.600806448651383 116
1 13 78 3.856983011833389 27.993527651344387 116
1 13 78 15.795084083981816 51.090751354447079 116
1 13 78 39.788624168735168 61.106241067952574 116
1 13 78 65.773609341885233 60.222756177775402 116
13 14 79 -21.794718007612296 -16.204103992478785 116
1 13 78 -20.592913222113459 10.769135806580433 116
13 14 79 -76.868495926703133 -57.508558788813545 116
1 13 78 -90.720764696831992 -34.332824713705733 116
13 14 79 -56.637236962876571 -38.151488743515173 116
9 25 74 -84.938808542029264 3.224717578408363 116
9 25 74 -48.079023157281014 37.008681546396204 116
22 13 81 -48.525233987055607 -12.398908140393630 116
11 13 89 -11.911333164137984 48.666219904038506 116
30 14 69 -0.075649643816409 72.933823733151684 116
11 13 89 -84.631275368570442 47.397755532189493 116
2 12 89 24.642783036391663 80.996024787083655 116
2 12 89 48.254316201513411 85.296664459545894 116
36 11 116 28.934775417446915 -94.677234705825185 208
36 11 116 49.129445923083040 -85.949389429424443 208
6 35 114 62.234307756734609 -41.855596257132007 208
16 14 115 95.802182785388936 -6.159689404095694 208
6 35 114 67.082006680140211 33.541084952124365 208
31 37 108 -6.727708625505031 -62.549563892549628 208
6 35 114 1.534320994934369 8.974829614497889 208
6 35 114 -69.711671990906410 -27.663745014590390 208
6 35 114 -62.183986859444161 41.930320512303226 208
16 14 115 22.273205743915582 53.369634033128619 208
16 14 115 -14.988377059520824 55.105084859849640 208
16 14 115 4.614028368650985 75.098726384834038 208
16 14 115 26.797100532281675 92.184138565497207 208
36 11 116 40.157549608931191 70.838184188132288 208
26 19 93 -30.572571824503463 85.710663584151405 208
7 12 90 -63.898955974519701 -74.302916667963927 208
23 13 90 67.102634469897993 -70.044531886502455 324
3 20 90 36.456913759741639 -82.285438803683618 324
5 22 91 46.754397273438379 -41.567361328376123 324
3 20 90 85.987199000403436 -26.574454050177934 324
3 20 90 55.638454263724149 -0.517714175284119 324
5 22 91 4.766851921185875 -54.722057649178794 324
5 22 91 14.368323404427324 -11.782428571175551 324
5 22 91 27.131072631969889 30.325910652247419 324
11 13 89 62.098139763818281 31.843875143534472 324
14 17 84 90.391816372381371 21.870517435618332 324
31 37 108 -31.641557717526780 25.151171837444942 324
21 19 92 -87.637855715215707 24.507269240758628 324
21 19 92 6.762239876741606 65.908359305896028 324
11 13 89 38.661568416537804 63.372055162039501 324
18 25 96 -76.184330680309401 -17.975865816282237 324
34 16 97 -73.280173665147146 -58.872881257892203 324
34 16 97 -74.718960567240771 57.035751347300746 324
4 21 85 -38.972245719204508 -45.017698831954661 324
14 17 84 -49.728800804308413 78.587825841954782 324
38 16 37 -18.726249426088536 89.894541016612578 324
33 14 107 -50.284356308877392 -78.139234937742557 324
39 17 103 -82.889473744606477 42.170311148273413 432
39 17 103 -92.507430645941142 9.559041546430713 432
8 38 105 -37.528136213511857 11.068075579264750 432
8 38 105 -31.590483813119985 -64.699623897307191 432
31 37 108 29.903701793074831 -21.764031009461061 432
31 37 108 55.189694289301073 47.781771045593203 432
12 23 65 86.942991689098491 -3.148999229811196 432
35 31 92 -5.312842409193706 78.821150115530997 432
4 21 85 23.490495719588008 -85.844024898929433 432
4 21 85 -82.515931037194065 -27.103881626284355 432