12 11 87 99.000000000000000 0.000000000000000 0
12 11 87 96.555555555555557 21.863775779997951 0
12 11 87 78.843192529652626 8.814936902970350 0
10 14 85 85.241674219961382 44.157184876053535 0
10 14 85 62.539760391389351 27.767459176088622 0
10 14 85 59.696798488447065 55.622756116139698 0
37 25 84 75.187013825941406 -26.998920153852342 0
34 24 89 25.973804949191795 38.108199120561785 0
27 12 89 39.183012815156395 71.597254460384960 0
37 25 84 3.587750314649838 81.695634900833412 0
26 35 89 15.599842160620355 -19.972614372891758 0
34 24 89 -44.715382003963079 73.461109522247583 0
26 35 89 -71.962148612405002 21.129343744805158 0
10 14 85 -93.196518084119830 -23.030610434730686 0
27 12 89 -29.329495058102779 40.914612277702112 0
32 18 84 -62.195262346787587 -30.962958303333334 0
10 14 85 -30.629413060203159 -36.216258105994314 0
34 24 89 -47.451380798641800 -70.290022227484172 0
27 12 89 -80.466896358855379 -55.938167563598533 0
24 15 78 -22.360620855149087 14.829467226477902 0
27 12 89 -35.629169977155811 -8.685328205268782 0
17 26 69 24.677194643454108 -80.293437244454054 0
10 14 85 -14.367404877651669 -88.983618383904840 0
40 12 64 62.383688819839570 -75.579596249447007 0
40 12 64 -9.392852675837577 -63.463943025636141 0
18 12 104 -70.467241857206190 68.105563833199469 89
23 26 100 -78.116662845971845 30.883441935910593 89
39 21 103 -39.271812977062055 57.342422238670942 89
39 21 103 -33.628819918928684 15.723236406342856 89
21 32 104 11.770564337224400 43.070922033506257 89
21 32 104 73.490016075330516 26.138430275126744 89
21 32 104 4.995522828828687 -20.569464613335512 89
21 32 104 64.750414837647696 -43.490042289615374 89
21 32 104 -58.100383006663570 -31.288917341842424 89
38 14 94 -95.871778487242594 -4.960049363976800 89
23 26 100 -26.282445982586403 -79.782410550023044 89
6 13 97 -33.840033462124602 90.905732136550597 89
6 13 97 47.011757894431739 -84.846299976341541 89
6 13 97 8.909992592506235 -96.589916823659621 89
28 18 112 20.968412698675039 -68.031301581614983 89
30 19 107 53.981548623142857 73.259759815653666 89
6 13 97 28.562956196757032 92.699285505888014 89
28 18 112 -2.840038196346693 90.888599660153986 89
40 12 64 43.534152787165795 -87.799644310804041 201
7 14 57 18.342246155620547 -94.231427910048268 201
36 23 58 25.341342330856968 -57.899449533832765 201
36 23 58 -15.449803994301281 -79.161678520454288 201
36 23 58 -58.892161434223745 -64.036812238003606 201
26 35 89 -19.664628722608697 -21.314444825146303 201
40 12 64 58.517240240554031 -69.051121959319374 201
16 22 63 64.407756748838594 -35.565276960788616 201
36 23 58 -83.314097521828643 -25.055162225043098 201
14 19 63 -62.575468211495640 11.467560213578544 201
16 22 63 -28.948462478247450 34.924424569585156 201
16 22 63 -66.934429941072679 57.129520289108271 201
14 19 63 -30.481333279701644 75.895759757812172 201
7 14 57 -91.057197460048059 30.407018773990597 201
7 14 57 -2.154134850893488 58.967386263145627 201
13 13 49 6.010569117936065 33.231465663692049 201
13 13 49 16.997918165348938 9.667124787904422 201
17 26 69 83.574728064311017 8.441849855124495 201
13 13 49 84.614334776153498 47.427991211825756 201
13 13 49 59.878986684081156 39.417837982079575 201
13 13 49 65.309664544951161 64.844354416138259 201
35 13 47 47.032083034435686 -5.182947178979456 201
24 15 78 -2.336612857835597 94.971260075628123 201
31 23 80 30.643173584377923 76.094457215345102 201
38 14 94 32.357444324386677 39.134191038950348 201
31 23 80 47.475090300093697 72.904840724042117 295
31 23 80 3.663044297651695 86.922851463084442 295
31 23 80 13.429113888338968 41.971501263676039 295
4 16 81 -35.336529033517614 87.105279494777847 295
4 16 81 -22.344975372297544 57.861142758200387 295
29 20 82 -63.093811816618533 64.180767449829759 295
8 31 77 74.537507374091717 26.175561015138189 295
4 16 81 31.455959239973939 7.387793442387750 295
29 20 82 -4.246978541715958 2.772575814065116 295
25 25 112 -44.353299633654650 23.268749617410606 295
15 16 82 -83.732129828850660 34.683990852615352 295
20 34 76 65.690670039823004 -38.219574431423219 295
17 26 69 -83.465499993407889 -9.460988893896186 295
29 20 82 -39.046494848695474 -21.417241733060010 295
15 16 82 -64.460342010122062 -46.915013644653584 295
20 34 76 -21.492942869116852 -72.484577799279791 295
19 18 119 -86.686074693484898 30.814354678226799 407
25 25 112 -84.132949361198030 -12.109782483021245 407
2 20 118 -50.849450039089206 18.175670673158901 407
9 13 116 -46.207962710361258 -14.496283590050663 407
9 13 116 -56.619485548689781 -38.320644907554303 407
23 26 100 -54.356706859225582 64.041770895410281 407
28 18 112 -18.642126188873057 38.342184759814977 407
11 20 112 -14.956195505665988 0.521371508397539 407
5 16 97 -24.834609187481071 -34.096787644436233 407
11 20 112 -39.920259558906338 -66.783530413808606 407
11 20 112 -7.146630223180054 -89.715805053809390 407
25 25 112 36.017072020099292 -76.992015969832750 407
6 13 97 -72.048351696499481 -59.247901999513871 407
22 17 91 73.169568013799633 -57.403957325901743 407
30 19 107 45.746128951865209 -34.081114660043674 407
30 19 107 81.934263560739140 -22.487197568308851 407
30 19 107 89.806744194841897 14.688386471026398 407
11 20 112 74.466350661941078 50.544659649589377 407
30 19 107 52.014404168312765 18.655631777180798 407
5 16 97 12.715420704112317 -22.506473730328874 407
5 16 97 1.389528292233172 -52.435124903987514 407
22 17 91 37.481168609814127 51.591707199143130 407
1 16 91 6.066667377627844 61.697602128983178 407
1 16 91 29.407147829414129 83.588741256031426 407
1 16 91 13.903153319447185 28.503242655843096 407