25 10 60 100.000000000000000 0.000000000000000 0
25 10 60 98.000000000000000 19.899748742132399 0
33 29 63 61.492800691067323 6.180259006072046 0
33 29 63 62.259453645359280 -51.814673904033775 0
19 12 61 94.391527627998414 -26.348425229087443 0
19 12 61 32.895905714064192 -23.200305959126517 0
19 12 61 21.350059530575365 -2.160024689447244 0
33 29 63 12.985897036478075 37.977747866741474 0
1 18 66 57.516543925010005 53.011758898029207 0
30 12 55 86.637596391416807 45.803131896388507 0
15 23 82 21.629888532911295 -84.268309120652418 0
31 17 66 13.815335928486197 -45.039075536593288 0
8 19 65 -6.665010267832979 -15.432396903573434 0
38 21 64 -31.777803387372391 15.701951037811417 0
38 21 64 -32.966460833402735 57.685127352568699 0
38 21 64 -1.731134566445190 85.762776702126303 0
30 12 55 -34.164472865592977 91.851993956670086 0
4 10 52 -54.623491836733578 83.763202777605756 0
4 10 52 -70.199688891105311 71.218001092364446 0
8 19 65 -69.855904292288614 42.220038885519344 0
30 12 55 -94.995221707980065 24.081275976403600 0
1 18 66 -71.631572044903550 5.262671500486036 0
13 24 66 -77.984912411721552 -36.254012690130168 0
4 10 52 -96.448232031186407 -7.703954395452650 0
26 16 74 -38.470317441264292 -30.041381659663728 0
13 24 66 -43.570278243744546 -69.714929519833305 0
30 12 55 -13.070307386776292 -88.839567496121589 0
30 12 55 -7.832808213169486 -65.375201900068475 0
26 16 74 34.441658458624559 77.982735264867443 0
4 10 52 -7.531194725116123 -99.716002256470261 82
4 10 52 -27.223804735350456 -96.222993383762017 82
8 19 65 -48.778591937775815 -76.822190599903820 82
10 18 53 -76.032711049803453 -51.797942530732783 82
10 18 53 -41.859809872017294 -40.474832309010957 82
10 18 53 -14.236756435080697 -63.560908606644233 82
8 19 65 -89.345104317160121 -17.275773052334742 82
10 18 53 -89.861543748005261 19.720622587163284 82
21 26 80 -49.166623990498799 2.989707910131697 82
40 27 79 -1.593903213581797 -20.373430532326967 82
13 24 66 27.737641678038983 -62.094653839785664 82
3 21 69 -62.930549983942164 47.929159856578643 82
39 15 69 -28.254576997373398 38.255644599199165 82
3 21 69 5.950456131875171 27.029972742824238 82
39 15 69 33.065159988001767 3.348907842897259 82
10 18 53 48.711113218319895 -25.706283560958568 82
39 15 69 65.866287983607620 -53.896707090455870 82
36 24 90 -31.419734470628004 80.054982891730305 82
16 29 88 21.543547898892783 78.082491916742214 82
20 15 70 64.709067546927344 69.553839413846845 82
20 15 70 83.171424813369882 45.907669234170022 82
20 15 70 93.339678774324000 17.683448936958239 82
20 15 70 63.812660014453158 22.989592843246125 82
10 18 53 90.733402385423290 -15.213470727117592 82
6 12 79 48.975728241237199 47.611596267531432 82
6 12 79 14.038548603582525 -95.386317194706507 82
7 11 95 58.479825083577438 -78.825408737883834 82
7 11 95 75.140730676446935 -64.458285684694289 177
7 11 95 59.050035251934375 -79.461269413125464 177
2 24 97 44.436447936271023 -47.658076715418474 177
9 15 98 82.583529370542195 -39.546345824475168 177
24 13 98 65.584110389386396 -17.297306422669074 177
24 13 98 91.211046234046378 -12.908666631836200 177
2 24 97 82.831200576619096 23.129898638686122 177
2 24 97 37.639246078122923 6.953148390077709 177
29 27 100 -1.573472406469037 -25.656094303492164 177
9 15 98 -0.218694798648233 16.322049743539594 177
9 15 98 17.634353759067650 40.431563575133936 177
9 15 98 47.324616706757070 44.731364279476075 177
9 15 98 71.216860592326768 62.874150231816976 177
35 32 100 -49.117536057048312 -60.592636942821350 177
24 13 98 -88.717792780675822 -39.219296833638722 177
24 13 98 -4.392168547881464 -65.556657608568287 177
24 13 98 -40.494120854591301 -16.426623875689820 177
35 32 100 -77.449566336207070 9.250117530791748 177
29 27 100 -53.722145804735142 63.268720945936465 177
7 11 95 -15.178580845960875 -86.996184416215925 177
7 11 95 -26.471590454532262 3.050764069807904 177
34 27 92 -3.428339814512704 82.929165473410052 177
27 19 87 16.939596779723693 -89.409451742756900 177
6 12 79 32.219664576328633 67.110828552274597 177
6 12 79 51.534387660301668 81.356581329486445 177
6 12 79 -18.329058492202098 46.887958738779773 177
17 14 108 -34.939012502802797 26.824326269088832 177
34 27 92 -74.998415708018570 35.556119603905515 285
16 29 88 -78.404568862139044 -20.340196202153436 285
36 24 90 -32.879759529258742 6.798185017162039 285
18 31 91 -41.195177296076658 -67.408881963320013 285
18 31 91 8.132573224722904 -29.848623330587490 285
36 24 90 10.991441992689772 -84.774271887227613 285
16 29 88 65.378061115734440 -47.819547517174328 285
36 24 90 85.994110546370649 1.006454836833377 285
18 31 91 36.612410749570103 25.223137623265309 285
12 15 77 80.311239922517032 39.590194695387027 285
35 32 100 -28.942054936082151 72.431743428394725 285
5 18 109 17.768479359304628 90.267830046246075 285
32 19 85 51.486878718917531 75.034001091395069 285
37 12 104 -8.626665842901645 33.402459986436909 285
37 12 104 46.990112824965870 -84.464920453685991 285
37 12 104 47.427722715119458 85.759029367511744 394
22 16 103 67.097944477195583 65.832103467344709 394
22 16 103 85.293863068972584 39.508947376149564 394
37 12 104 39.221402723246484 63.205619155506419 394
14 31 101 78.687089711464097 -7.024379882950630 394
32 19 85 50.670379244586400 34.388950514581353 394
35 32 100 -2.228170799893014 77.968168215538469 394
14 31 101 -59.574381146826795 51.883457006762839 394
22 16 103 76.947039095283145 -53.992158453510342 394
22 16 103 -16.869055650925937 32.255538770506597 394
34 27 92 -82.991624717456688 -1.179078774650712 394
32 19 85 29.648459287158559 2.733320978849523 394
15 23 82 39.267244987115831 -43.930691564128850 394
34 27 92 -14.355249086582560 -10.670918998066206 394
18 31 91 -55.045569364188268 -52.002478800544864 394
21 26 80 10.200406778401614 -83.378364709048711 394
17 14 108 -29.404993969941977 -88.983026301250845 394
12 15 77 -55.770843571398210 -76.906521227621724 502
12 15 77 -76.971647550612630 -55.680925579090989 502
12 15 77 -90.496608560790875 -28.902661451758917 502
12 15 77 -60.543471052182667 -30.578833695416563 502
28 21 77 -73.691551760426350 2.934267827562635 502
28 21 77 -30.847333596279594 -50.929249420902629 502
40 27 79 -26.080831738454087 -3.166497615344497 502
28 21 77 8.557845440969238 -36.395431442051873 502
28 21 77 1.441911506008582 -77.788226518408763 502
12 15 77 35.986719391896585 -87.920168490562475 502
12 15 77 61.608355138193090 -72.314663638616736 502
40 27 79 76.189356146502988 -32.926919230036205 502