 30
 11 0.14259729117482753
 10 0.1359611824629587
 14 0.1608714405710856
 13 0.1550195990116854
 1 0.042994700995269114
 22 0.20166302313710635
 3 0.07446900658003827
 24 0.21063015816388278
 20 0.1922781481953992
 18 0.18241106777305674
 19 0.1874095567461257
 7 0.11375328652706332
 12 0.14893801316007654
 27 0.22340701974011484
 28 0.22750657305412664
 25 0.21497350497634557
 21 0.1970264717928139
 29 0.23153355069299406
 26 0.21923081935596433
 23 0.20619534236851636
 30 0.2354916758829871
 6 0.10531507908194139
 15 0.16651776092984474
 17 0.1772716935453433
 4 0.08598940199053823
 9 0.12898410298580734
 2 0.060803689257685596
 8 0.12160737851537119
 5 0.0961390740976996
 16 0.17197880398107646
