 36
 20 0.16098426423011533
 11 0.11938912568295898
 15 0.1394164624328264
 35 0.21296216407379806
 28 0.1904791502017904
 26 0.1835503019028437
 21 0.16495978296602226
 17 0.14842015809941334
 19 0.15690805162013202
 1 0.03599717581263257
 29 0.19385072434242231
 16 0.1439887032505303
 9 0.10799152743789772
 36 0.21598305487579544
 24 0.17634942584441238
 3 0.062348937436469104
 4 0.07199435162526514
 13 0.12978966316433882
 22 0.1688417207407066
 8 0.10181538848270745
 7 0.0952395751008952
 30 0.1971646519905822
 6 0.08817471292220619
 34 0.20989780051374934
 33 0.2067880315541113
 27 0.1870468123094073
 12 0.12469787487293821
 10 0.11383306490144152
 2 0.050907694241353725
 18 0.15272308272406115
 23 0.17263639051245344
 32 0.2036307769654149
 5 0.08049213211505767
 31 0.20042379265210247
 14 0.13468909878233692
 25 0.17998587906316288
