 37
 11 0.11627785072659431
 5 0.07839451096739129
 6 0.08587688408285268
 21 0.16066093884086763
 19 0.15281903523220675
 8 0.0991620842848026
 13 0.12640735069418518
 27 0.18217238124646867
 12 0.12144825416431244
 10 0.1108665806256911
 4 0.07011818223437588
 30 0.19202655050512832
 14 0.13117910725220694
 34 0.20442787378132107
 31 0.1952007581154896
 28 0.18551527257606587
 17 0.14455233581431975
 7 0.09275763628803294
 16 0.14023636446875176
 1 0.03505909111718794
 2 0.0495810421424013
 24 0.17175376816570537
 32 0.1983241685696052
 26 0.17876698973536878
 35 0.20741238017224292
 25 0.1752954555859397
 23 0.16813749435850286
 36 0.21035454670312764
 18 0.14874312642720386
 22 0.16444171350114392
 33 0.20139914525337105
 29 0.1887989836544024
 37 0.21325612579394196
 3 0.06072412708215622
 15 0.1357832760300373
 9 0.10517727335156382
 20 0.15678902193478259
