 35
 25 0.18495349702420022
 19 0.1612387205565879
 17 0.15251656081162782
 34 0.215690988786305
 11 0.12268427065867722
 16 0.14796279761936018
 10 0.11697486236192944
 2 0.05231274877999117
 26 0.18861629808672437
 23 0.1774011622751169
 32 0.20925099511996467
 20 0.1654274368089667
 18 0.15693824633997347
 6 0.09060833877053148
 29 0.19920101262623582
 4 0.07398139880968009
 22 0.1735017594553529
 9 0.11097209821452013
 35 0.21883992891168919
 3 0.06406977077669078
 14 0.13840652367005418
 31 0.20595549790242607
 13 0.13337186341942603
 12 0.12813954155338156
 27 0.19220931233007235
 1 0.036990699404840045
 33 0.21249539007036058
 5 0.08271371840448336
 24 0.18121667754106296
 28 0.19573638289510342
 8 0.10462549755998234
 30 0.20260640481923814
 21 0.16951268003203743
 15 0.1432643627595101
 7 0.09786819144755171
