 32
 20 0.1804589752760119
 16 0.1614074143468466
 11 0.13383195794247932
 19 0.17588965196902537
 26 0.2057548888482817
 28 0.2135219390618575
 5 0.09022948763800595
 23 0.19352069145525114
 21 0.18491542349288143
 3 0.069891460591765
 15 0.15628205692993424
 27 0.20967438177529504
 17 0.16637495452747098
 14 0.1509828110427402
 31 0.22466961237422792
 18 0.1711984158276631
 7 0.10676096953092876
 29 0.21730138183780376
 10 0.12760376514364355
 24 0.19768290292587753
 13 0.14549067716690434
 30 0.22101620446587714
 2 0.05706613860922104
 32 0.22826455443688415
 1 0.04035185358671165
 9 0.12105556076013495
 6 0.09884145146293877
 12 0.13978292118353
 4 0.0807037071734233
 22 0.1892669700011999
 25 0.20175926793355825
 8 0.11413227721844207
