 34
 16 0.152064703787704
 1 0.038016175946926
 32 0.21505196645481836
 7 0.10058134735324162
 6 0.0931202330418358
 10 0.12021770392199457
 3 0.0658459482495537
 34 0.2216704931725005
 8 0.10752598322740918
 4 0.076032351893852
 9 0.114048527840778
 18 0.16128897484111374
 15 0.14723601632893538
 30 0.20822317116216688
 17 0.15674470891124137
 22 0.1783116707896821
 21 0.17421200390954789
 23 0.18231917500207045
 28 0.20116269470648324
 20 0.17001350732383796
 27 0.19753784474866112
 12 0.1316918964991074
 25 0.19008087973463
 14 0.1422435055487135
 31 0.21166510964837043
 24 0.1862404660836716
 33 0.21838630430892855
 11 0.12608539158008744
 2 0.05376299161370459
 26 0.19384522298555232
 5 0.08500675366191898
 29 0.2047233728112191
 19 0.16570866917251212
 13 0.13706927167370245
