 100
 1
 110 587
 5
 1 15 108 24
 2 12 110 7
 3 27 92 22
 4 14 81 13
 5 36 120 15
 2
 110 587
 5
 1 10 49 22
 2 20 60 22
 3 32 103 28
 4 31 95 25
 5 13 111 17
 3
 110 587
 5
 1 13 97 27
 2 19 102 31
 3 18 113 35
 4 21 66 37
 5 13 101 36
 4
 110 587
 5
 1 16 113 37
 2 14 52 44
 3 14 57 38
 4 15 99 39
 5 16 92 43
 5
 110 587
 5
 1 19 88 25
 2 18 94 27
 3 21 87 21
 4 36 100 20
 5 18 83 24
 6
 110 587
 5
 1 22 86 37
 2 17 81 30
 3 18 70 31
 4 26 71 18
 5 20 78 26
 7
 110 587
 5
 1 25 118 28
 2 15 86 31
 3 26 64 28
 4 16 42 39
 5 21 64 40
 8
 110 587
 5
 1 28 75 20
 2 15 57 24
 3 17 79 30
 4 37 104 20
 5 15 55 28
 9
 110 587
 5
 1 31 90 16
 2 14 84 28
 3 19 94 20
 4 27 80 23
 5 22 69 31
 10
 110 587
 5
 1 15 68 32
 2 13 120 32
 3 30 95 35
 4 17 61 30
 5 18 53 45
 11
 110 587
 5
 1 30 74 22
 2 12 71 12
 3 29 106 25
 4 21 109 24
 5 11 118 11
 12
 110 587
 5
 1 28 95 24
 2 11 112 17
 3 20 116 12
 4 28 98 16
 5 29 108 17
 13
 110 587
 5
 1 12 52 53
 2 10 63 50
 3 18 100 35
 4 18 79 37
 5 18 99 53
 14
 110 587
 5
 1 15 68 22
 2 31 104 16
 3 10 82 20
 4 30 114 16
 5 33 90 21
 15
 110 587
 5
 1 18 100 21
 2 27 90 24
 3 21 65 27
 4 20 85 29
 5 25 81 26
 16
 110 587
 5
 1 19 43 30
 2 20 97 30
 3 23 67 28
 4 19 98 40
 5 13 73 35
 17
 110 587
 5
 1 17 72 22
 2 23 75 23
 3 11 78 27
 4 39 119 19
 5 31 76 21
 18
 110 587
 5
 1 15 104 21
 2 36 92 17
 3 21 88 13
 4 30 90 25
 5 20 79 22
 19
 110 587
 5
 1 13 60 27
 2 19 71 25
 3 32 99 29
 4 20 61 30
 5 21 83 32
 20
 110 587
 5
 1 33 97 24
 2 34 81 23
 3 12 109 24
 4 10 98 20
 5 17 86 29
 21
 110 587
 5
 1 36 109 15
 2 16 95 17
 3 18 119 23
 4 31 95 12
 5 16 116 17
 22
 110 587
 5
 1 25 89 22
 2 23 73 14
 3 19 94 32
 4 21 66 21
 5 35 106 11
 23
 110 587
 5
 1 11 84 30
 2 32 115 19
 3 12 77 18
 4 11 40 24
 5 23 97 29
 24
 110 587
 5
 1 14 113 17
 2 31 98 18
 3 23 60 19
 4 32 100 17
 5 11 99 22
 25
 110 587
 5
 1 17 75 40
 2 24 107 24
 3 21 70 31
 4 22 78 29
 5 13 78 28
 26
 110 587
 5
 1 20 86 41
 2 29 75 35
 3 13 100 29
 4 12 59 29
 5 15 69 35
 27
 110 587
 5
 1 23 118 26
 2 12 99 22
 3 24 91 22
 4 20 104 23
 5 16 75 21
 28
 110 587
 5
 1 26 62 22
 2 25 54 19
 3 32 102 25
 4 23 97 26
 5 18 52 30
 29
 110 587
 5
 1 28 91 32
 2 26 92 29
 3 14 112 32
 4 13 78 34
 5 14 41 29
 30
 110 587
 5
 1 16 64 40
 2 14 51 46
 3 15 49 31
 4 29 109 41
 5 16 66 38
 31
 110 587
 5
 1 24 70 31
 2 24 84 27
 3 21 89 24
 4 19 80 32
 5 21 114 28
 32
 110 587
 5
 1 22 95 31
 2 17 81 30
 3 15 71 29
 4 14 96 31
 5 25 104 21
 33
 110 587
 5
 1 10 40 20
 2 15 76 25
 3 25 63 21
 4 34 114 26
 5 26 95 24
 34
 110 587
 5
 1 13 68 28
 2 21 118 31
 3 18 73 28
 4 25 85 34
 5 16 86 35
 35
 110 587
 5
 1 15 100 24
 2 21 84 28
 3 15 95 40
 4 15 57 27
 5 30 76 28
 36
 110 587
 5
 1 13 41 24
 2 17 110 13
 3 26 94 33
 4 35 119 13
 5 23 67 21
 37
 110 587
 5
 1 22 98 20
 2 19 60 16
 3 30 105 23
 4 26 90 24
 5 12 66 22
 38
 110 587
 5
 1 25 104 26
 2 18 102 17
 3 16 115 21
 4 16 61 25
 5 24 70 27
 39
 110 587
 5
 1 22 89 61
 2 17 53 61
 3 12 54 41
 4 16 73 54
 5 19 73 49
 40
 110 587
 5
 1 31 85 13
 2 16 94 19
 3 22 83 21
 4 27 95 24
 5 15 76 19
 41
 110 587
 5
 1 34 109 20
 2 15 90 17
 3 17 66 20
 4 17 76 21
 5 26 111 20
 42
 110 587
 5
 1 25 76 29
 2 14 86 30
 3 24 66 30
 4 18 75 37
 5 14 102 32
 43
 110 587
 5
 1 35 82 16
 2 13 66 16
 3 15 77 19
 4 19 100 29
 5 33 93 22
 44
 110 587
 5
 1 12 114 31
 2 12 92 33
 3 18 89 26
 4 18 95 23
 5 21 90 16
 45
 110 587
 5
 1 15 63 26
 2 11 120 46
 3 28 97 25
 4 21 77 26
 5 10 93 38
 46
 110 587
 5
 1 18 86 18
 2 11 71 20
 3 27 108 22
 4 28 104 19
 5 29 96 22
 47
 110 587
 5
 1 21 118 27
 2 10 112 35
 3 18 118 39
 4 19 76 29
 5 17 100 30
 48
 110 587
 5
 1 24 59 18
 2 23 79 28
 3 19 95 29
 4 23 95 35
 5 13 72 29
 49
 110 587
 5
 1 22 91 18
 2 36 105 18
 3 24 79 18
 4 29 109 18
 5 15 48 22
 50
 110 587
 5
 1 16 60 32
 2 27 98 38
 3 19 60 15
 4 20 81 38
 5 12 119 32
 51
 110 587
 5
 1 18 66 30
 2 24 97 34
 3 21 69 37
 4 10 52 28
 5 18 109 23
 52
 110 587
 5
 1 15 96 17
 2 23 75 24
 3 10 80 17
 4 30 114 26
 5 19 100 17
 53
 110 587
 5
 1 13 78 38
 2 12 89 24
 3 20 90 24
 4 21 85 25
 5 22 91 30
 54
 110 587
 5
 1 11 99 34
 2 20 68 26
 3 30 101 37
 4 11 57 22
 5 23 81 22
 55
 110 587
 5
 1 14 100 25
 2 33 81 27
 3 10 111 20
 4 18 119 29
 5 15 72 16
 56
 110 587
 5
 1 17 90 46
 2 14 64 26
 3 15 42 36
 4 22 94 33
 5 26 68 40
 57
 110 587
 5
 1 20 85 24
 2 27 73 37
 3 20 90 27
 4 12 75 34
 5 22 57 37
 58
 110 587
 5
 1 23 105 26
 2 30 115 25
 3 11 72 20
 4 16 65 21
 5 10 60 22
 59
 110 587
 5
 1 23 76 45
 2 15 66 39
 3 22 62 34
 4 18 95 43
 5 17 63 40
 60
 110 587
 5
 1 29 78 23
 2 28 107 30
 3 18 72 20
 4 13 93 20
 5 17 116 20
 61
 110 587
 5
 1 32 109 12
 2 27 84 19
 3 12 96 11
 4 18 74 15
 5 35 107 26
 62
 110 587
 5
 1 25 70 21
 2 17 100 17
 3 22 93 19
 4 24 100 26
 5 25 98 26
 63
 110 587
 5
 1 29 82 24
 2 25 60 17
 3 30 104 28
 4 14 71 24
 5 13 89 27
 64
 110 587
 5
 1 10 114 25
 2 25 92 18
 3 13 114 32
 4 21 93 26
 5 32 80 21
 65
 110 587
 5
 1 13 55 30
 2 18 48 41
 3 13 47 44
 4 25 104 39
 5 20 83 33
 66
 110 587
 5
 1 16 87 28
 2 23 84 25
 3 22 84 28
 4 15 76 29
 5 30 87 23
 67
 110 587
 5
 1 19 119 32
 2 17 90 28
 3 13 67 40
 4 18 71 38
 5 25 90 46
 68
 110 587
 5
 1 18 60 21
 2 20 76 25
 3 24 65 23
 4 25 109 35
 5 15 93 26
 69
 110 587
 5
 1 16 91 33
 2 20 118 30
 3 16 75 30
 4 16 81 24
 5 16 97 29
 70
 110 587
 5
 1 14 56 21
 2 19 92 25
 3 14 90 33
 4 26 73 23
 5 22 114 21
 71
 110 587
 5
 1 31 99 29
 2 18 110 21
 3 25 96 24
 4 17 114 23
 5 11 105 25
 72
 110 587
 5
 1 34 96 20
 2 17 69 15
 3 27 107 19
 4 17 92 18
 5 15 96 16
 73
 110 587
 5
 1 18 90 27
 2 16 102 26
 3 15 117 29
 4 28 75 29
 5 17 86 21
 74
 110 587
 5
 1 34 86 19
 2 15 53 26
 3 18 96 25
 4 27 119 23
 5 18 77 31
 75
 110 587
 5
 1 12 101 35
 2 14 94 37
 3 23 79 31
 4 17 90 31
 5 20 68 29
 76
 110 587
 5
 1 15 77 34
 2 14 98 42
 3 16 61 40
 4 30 92 33
 5 13 58 39
 77
 110 587
 5
 1 18 73 41
 2 13 87 50
 3 22 68 45
 4 16 73 37
 5 23 65 29
 78
 110 587
 5
 1 21 105 39
 2 12 75 41
 3 13 79 33
 4 19 95 39
 5 20 50 39
 79
 110 587
 5
 1 23 64 50
 2 11 79 43
 3 16 89 39
 4 17 79 35
 5 15 79 39
 80
 110 587
 5
 1 27 78 21
 2 10 120 25
 3 27 100 25
 4 18 91 22
 5 28 112 23
 81
 110 587
 5
 1 27 110 11
 2 35 80 21
 3 25 110 22
 4 20 100 12
 5 16 103 20
 82
 110 587
 5
 1 25 65 31
 2 14 113 24
 3 16 120 29
 4 10 71 36
 5 32 94 29
 83
 110 587
 5
 1 23 83 30
 2 27 76 27
 3 20 91 28
 4 17 61 25
 5 23 84 26
 84
 110 587
 5
 1 21 114 25
 2 37 105 17
 3 25 76 16
 4 20 104 9
 5 11 75 18
 85
 110 587
 5
 1 11 55 42
 2 15 72 45
 3 18 61 37
 4 11 76 41
 5 30 74 44
 86
 110 587
 5
 1 14 87 35
 2 28 97 33
 3 19 71 28
 4 23 63 37
 5 18 77 27
 87
 110 587
 5
 1 14 119 25
 2 24 84 21
 3 39 97 22
 4 16 109 16
 5 23 80 18
 88
 110 587
 5
 1 20 100 29
 2 17 89 31
 3 19 92 28
 4 12 90 27
 5 19 84 25
 89
 110 587
 5
 1 23 95 19
 2 20 65 19
 3 29 103 25
 4 26 71 14
 5 14 119 23
 90
 110 587
 5
 1 16 91 17
 2 31 87 14
 3 22 113 15
 4 22 114 22
 5 33 110 14
 91
 110 587
 5
 1 28 86 25
 2 16 61 31
 3 13 39 32
 4 13 85 38
 5 21 101 40
 92
 110 587
 5
 1 31 96 17
 2 29 74 21
 3 21 86 22
 4 28 90 11
 5 40 97 10
 93
 110 587
 5
 1 18 78 12
 2 29 115 13
 3 10 68 16
 4 23 119 26
 5 28 100 18
 94
 110 587
 5
 1 34 75 36
 2 20 66 39
 3 20 64 38
 4 14 90 30
 5 14 73 25
 95
 110 587
 5
 1 10 101 27
 2 27 108 36
 3 16 74 26
 4 16 69 28
 5 15 71 32
 96
 110 587
 5
 1 13 64 41
 2 26 92 41
 3 10 92 35
 4 16 90 45
 5 17 54 40
 97
 110 587
 5
 1 16 74 32
 2 21 100 33
 3 21 95 37
 4 15 95 31
 5 12 45 32
 98
 110 587
 5
 1 19 106 33
 2 24 69 32
 3 28 106 20
 4 25 71 33
 5 18 62 20
 99
 110 587
 5
 1 22 51 47
 2 23 95 32
 3 11 116 30
 4 16 51 28
 5 19 117 37
 100
 110 587
 5
 1 23 78 24
 2 21 46 25
 3 18 98 33
 4 15 100 34
 5 23 108 23
