 100
 1
 110 587
 8
 1 15 108 24
 2 12 110 9
 3 27 92 8
 4 14 81 11
 5 36 120 11
 6 24 111 10
 7 23 98 12
 8 15 95 9
 2
 110 587
 8
 1 10 49 16
 2 20 60 8
 3 32 103 16
 4 31 95 18
 5 13 111 18
 6 36 85 16
 7 15 48 17
 8 19 86 6
 3
 110 587
 8
 1 13 97 10
 2 19 102 20
 3 18 113 18
 4 21 66 21
 5 13 101 16
 6 17 100 17
 7 20 91 22
 8 28 106 19
 4
 110 587
 8
 1 16 113 23
 2 14 52 22
 3 14 57 26
 4 15 99 17
 5 16 92 23
 6 19 119 26
 7 24 54 18
 8 17 75 30
 5
 110 587
 8
 1 19 88 16
 2 18 94 14
 3 21 87 20
 4 36 100 16
 5 18 83 6
 6 11 91 15
 7 27 109 17
 8 15 94 9
 6
 110 587
 8
 1 22 86 23
 2 17 81 24
 3 18 70 24
 4 26 71 12
 5 20 78 18
 6 23 69 14
 7 28 72 13
 8 18 75 15
 7
 110 587
 8
 1 25 118 18
 2 15 86 14
 3 26 64 18
 4 16 42 19
 5 21 64 14
 6 17 84 18
 7 18 76 23
 8 27 95 20
 8
 110 587
 8
 1 28 75 11
 2 15 57 14
 3 17 79 11
 4 37 104 10
 5 15 55 20
 6 16 99 10
 7 29 90 12
 8 22 115 16
 9
 110 587
 8
 1 31 90 6
 2 14 84 17
 3 19 94 19
 4 27 80 16
 5 22 69 16
 6 18 70 17
 7 27 94 18
 8 14 92 24
 10
 110 587
 8
 1 15 68 18
 2 13 120 27
 3 30 95 17
 4 17 61 19
 5 18 53 25
 6 21 80 22
 7 14 109 22
 8 17 74 30
 11
 110 587
 8
 1 30 74 17
 2 12 71 13
 3 29 106 10
 4 21 109 15
 5 11 118 19
 6 21 105 16
 7 18 72 20
 8 27 84 9
 12
 110 587
 8
 1 28 95 13
 2 11 112 15
 3 20 116 14
 4 28 98 10
 5 29 108 10
 6 33 82 8
 7 18 67 19
 8 22 104 14
 13
 110 587
 8
 1 12 52 35
 2 10 63 20
 3 18 100 27
 4 18 79 21
 5 18 99 17
 6 15 97 24
 7 27 90 25
 8 14 91 30
 14
 110 587
 8
 1 15 68 12
 2 31 104 14
 3 10 82 13
 4 30 114 14
 5 33 90 12
 6 18 112 8
 7 27 71 17
 8 16 74 14
 15
 110 587
 8
 1 18 100 11
 2 27 90 11
 3 21 65 12
 4 20 85 13
 5 25 81 15
 6 25 84 20
 7 36 109 11
 8 26 73 10
 16
 110 587
 8
 1 19 43 21
 2 20 97 12
 3 23 67 15
 4 19 98 13
 5 13 73 16
 6 20 66 15
 7 36 82 28
 8 21 93 8
 17
 110 587
 8
 1 17 72 12
 2 23 75 8
 3 11 78 11
 4 39 119 15
 5 31 76 15
 6 32 119 10
 7 18 91 5
 8 13 113 10
 18
 110 587
 8
 1 15 104 11
 2 36 92 11
 3 21 88 11
 4 30 90 9
 5 20 79 7
 6 14 96 10
 7 39 100 14
 8 16 73 12
 19
 110 587
 8
 1 13 60 25
 2 19 71 10
 3 32 99 19
 4 20 61 17
 5 21 83 30
 6 17 63 26
 7 10 54 24
 8 25 62 25
 20
 110 587
 8
 1 33 97 16
 2 34 81 21
 3 12 109 15
 4 10 98 18
 5 17 86 15
 6 17 76 16
 7 11 109 14
 8 21 82 20
 21
 110 587
 8
 1 36 109 11
 2 16 95 11
 3 18 119 13
 4 31 95 13
 5 16 116 15
 6 19 98 11
 7 12 72 7
 8 13 102 13
 22
 110 587
 8
 1 25 89 12
 2 23 73 12
 3 19 94 11
 4 21 66 21
 5 35 106 16
 6 31 80 13
 7 13 60 19
 8 15 72 7
 23
 110 587
 8
 1 11 84 13
 2 32 115 20
 3 12 77 16
 4 11 40 8
 5 23 97 17
 6 12 95 13
 7 14 90 22
 8 24 56 21
 24
 110 587
 8
 1 14 113 15
 2 31 98 11
 3 23 60 9
 4 32 100 16
 5 11 99 12
 6 16 106 15
 7 15 78 20
 8 20 71 14
 25
 110 587
 8
 1 17 75 21
 2 24 107 20
 3 21 70 13
 4 22 78 12
 5 13 78 20
 6 24 78 20
 7 16 109 13
 8 12 91 16
 26
 110 587
 8
 1 20 86 24
 2 29 75 23
 3 13 100 20
 4 12 59 24
 5 15 69 15
 6 18 63 13
 7 17 96 24
 8 14 111 18
 27
 110 587
 8
 1 23 118 14
 2 12 99 19
 3 24 91 14
 4 20 104 15
 5 16 75 14
 6 30 113 17
 7 14 36 12
 8 20 56 15
 28
 110 587
 8
 1 26 62 21
 2 25 54 9
 3 32 102 16
 4 23 97 18
 5 18 52 18
 6 11 93 20
 7 19 90 20
 8 20 66 21
 29
 110 587
 8
 1 28 91 20
 2 26 92 21
 3 14 112 24
 4 13 78 27
 5 14 41 28
 6 16 57 24
 7 20 54 30
 8 12 85 20
 30
 110 587
 8
 1 16 64 23
 2 14 51 20
 3 15 49 24
 4 29 109 15
 5 16 66 21
 6 23 120 21
 7 20 109 19
 8 14 100 18
 31
 110 587
 8
 1 24 70 19
 2 24 84 19
 3 21 89 14
 4 19 80 16
 5 21 114 13
 6 17 92 22
 7 21 72 17
 8 23 120 16
 32
 110 587
 8
 1 22 95 16
 2 17 81 21
 3 15 71 22
 4 14 96 13
 5 25 104 21
 6 28 77 20
 7 18 75 17
 8 19 65 11
 33
 110 587
 8
 1 10 40 14
 2 15 76 15
 3 25 63 20
 4 34 114 17
 5 26 95 20
 6 10 92 14
 7 23 90 15
 8 12 84 16
 34
 110 587
 8
 1 13 68 20
 2 21 118 17
 3 18 73 23
 4 25 85 24
 5 16 86 13
 6 15 99 24
 7 24 93 14
 8 13 89 29
 35
 110 587
 8
 1 15 100 13
 2 21 84 18
 3 15 95 18
 4 15 57 25
 5 30 76 20
 6 23 71 24
 7 13 109 15
 8 22 109 16
 36
 110 587
 8
 1 13 41 17
 2 17 110 11
 3 26 94 10
 4 35 119 21
 5 23 67 16
 6 15 61 11
 7 17 72 10
 8 19 64 15
 37
 110 587
 8
 1 22 98 13
 2 19 60 12
 3 30 105 9
 4 26 90 21
 5 12 66 12
 6 27 106 20
 7 18 55 11
 8 11 82 14
 38
 110 587
 8
 1 25 104 14
 2 18 102 14
 3 16 115 10
 4 16 61 14
 5 24 70 9
 6 39 91 13
 7 26 90 17
 8 12 78 12
 39
 110 587
 8
 1 22 89 36
 2 17 53 28
 3 12 54 31
 4 16 73 33
 5 19 73 20
 6 14 50 31
 7 27 62 25
 8 22 98 28
 40
 110 587
 8
 1 31 85 10
 2 16 94 7
 3 22 83 11
 4 27 95 15
 5 15 76 10
 6 22 113 11
 7 30 108 14
 8 18 118 8
 41
 110 587
 8
 1 34 109 12
 2 15 90 24
 3 17 66 11
 4 17 76 18
 5 26 111 15
 6 14 86 17
 7 31 80 12
 8 11 81 15
 42
 110 587
 8
 1 25 76 20
 2 14 86 15
 3 24 66 14
 4 18 75 13
 5 14 102 23
 6 26 74 17
 7 18 89 18
 8 33 99 11
 43
 110 587
 8
 1 35 82 11
 2 13 66 5
 3 15 77 12
 4 19 100 14
 5 33 93 11
 6 15 89 12
 7 33 98 14
 8 21 87 13
 44
 110 587
 8
 1 12 114 23
 2 12 92 19
 3 18 89 22
 4 18 95 17
 5 21 90 18
 6 14 93 19
 7 15 69 13
 8 18 107 11
 45
 110 587
 8
 1 15 63 14
 2 11 120 20
 3 28 97 27
 4 21 77 14
 5 10 93 19
 6 21 65 13
 7 20 108 18
 8 10 79 22
 46
 110 587
 8
 1 18 86 12
 2 11 71 13
 3 27 108 14
 4 28 104 19
 5 29 96 11
 6 13 58 12
 7 24 73 16
 8 28 98 13
 47
 110 587
 8
 1 21 118 13
 2 10 112 21
 3 18 118 20
 4 19 76 19
 5 17 100 19
 6 25 100 20
 7 18 75 19
 8 20 76 17
 48
 110 587
 8
 1 24 59 7
 2 23 79 13
 3 19 95 13
 4 23 95 12
 5 13 72 12
 6 36 88 14
 7 33 90 18
 8 18 96 14
 49
 110 587
 8
 1 22 91 13
 2 36 105 15
 3 24 79 10
 4 29 109 12
 5 15 48 13
 6 13 44 9
 7 27 79 17
 8 10 116 16
 50
 110 587
 8
 1 16 60 16
 2 27 98 23
 3 19 60 18
 4 20 81 14
 5 12 119 10
 6 21 107 19
 7 10 108 20
 8 22 97 16
 51
 110 587
 8
 1 18 66 13
 2 24 97 30
 3 21 69 21
 4 10 52 24
 5 18 109 24
 6 12 79 20
 7 11 95 20
 8 19 65 13
 52
 110 587
 8
 1 15 96 13
 2 23 75 21
 3 10 80 14
 4 30 114 19
 5 19 100 20
 6 24 72 13
 7 12 36 27
 8 17 85 16
 53
 110 587
 8
 1 13 78 15
 2 12 89 15
 3 20 90 12
 4 21 85 9
 5 22 91 12
 6 35 114 10
 7 12 90 14
 8 38 105 13
 54
 110 587
 8
 1 11 99 29
 2 20 68 25
 3 30 101 21
 4 11 57 25
 5 23 81 29
 6 12 86 15
 7 13 54 18
 8 17 95 16
 55
 110 587
 8
 1 14 100 22
 2 33 81 15
 3 10 111 24
 4 18 119 21
 5 15 72 18
 6 20 58 25
 7 14 108 17
 8 19 54 12
 56
 110 587
 8
 1 17 90 40
 2 14 64 20
 3 15 42 21
 4 22 94 22
 5 26 68 23
 6 10 55 27
 7 15 72 29
 8 17 75 30
 57
 110 587
 8
 1 20 85 11
 2 27 73 12
 3 20 90 18
 4 12 75 15
 5 22 57 11
 6 22 93 17
 7 16 73 15
 8 37 95 19
 58
 110 587
 8
 1 23 105 16
 2 30 115 12
 3 11 72 12
 4 16 65 8
 5 10 60 8
 6 32 85 10
 7 17 90 9
 8 32 115 12
 59
 110 587
 8
 1 23 76 25
 2 15 66 35
 3 22 62 23
 4 18 95 16
 5 17 63 30
 6 16 100 30
 7 18 91 33
 8 18 49 24
 60
 110 587
 8
 1 29 78 15
 2 28 107 19
 3 18 72 17
 4 13 93 11
 5 17 116 15
 6 19 101 11
 7 19 108 14
 8 16 64 12
 61
 110 587
 8
 1 32 109 8
 2 27 84 10
 3 12 96 14
 4 18 74 6
 5 35 107 10
 6 27 80 12
 7 16 72 11
 8 37 84 19
 62
 110 587
 8
 1 25 70 14
 2 17 100 11
 3 22 93 12
 4 24 100 16
 5 25 98 11
 6 21 69 15
 7 18 43 19
 8 31 104 16
 63
 110 587
 8
 1 29 82 17
 2 25 60 9
 3 30 104 12
 4 14 71 16
 5 13 89 20
 6 33 108 14
 7 22 90 13
 8 16 48 23
 64
 110 587
 8
 1 10 114 21
 2 25 92 14
 3 13 114 9
 4 21 93 23
 5 32 80 13
 6 14 99 24
 7 23 60 17
 8 16 54 13
 65
 110 587
 8
 1 13 55 13
 2 18 48 17
 3 13 47 22
 4 25 104 20
 5 20 83 20
 6 19 53 15
 7 24 108 17
 8 36 78 16
 66
 110 587
 8
 1 16 87 15
 2 23 84 14
 3 22 84 11
 4 15 76 9
 5 30 87 15
 6 26 115 11
 7 25 78 9
 8 31 93 13
 67
 110 587
 8
 1 19 119 20
 2 17 90 13
 3 13 67 17
 4 18 71 21
 5 25 90 27
 6 20 87 19
 7 18 87 26
 8 17 113 26
 68
 110 587
 8
 1 18 60 12
 2 20 76 15
 3 24 65 11
 4 25 109 17
 5 15 93 15
 6 29 83 17
 7 27 96 17
 8 15 52 15
 69
 110 587
 8
 1 16 91 27
 2 20 118 18
 3 16 75 21
 4 16 81 20
 5 16 97 19
 6 13 97 19
 7 14 57 22
 8 31 77 16
 70
 110 587
 8
 1 14 56 9
 2 19 92 11
 3 14 90 19
 4 26 73 19
 5 22 114 20
 6 18 94 9
 7 19 108 12
 8 30 89 9
 71
 110 587
 8
 1 31 99 23
 2 18 110 16
 3 25 96 14
 4 17 114 13
 5 11 105 18
 6 25 75 16
 7 24 72 12
 8 16 102 19
 72
 110 587
 8
 1 34 96 13
 2 17 69 15
 3 27 107 15
 4 17 92 15
 5 15 96 23
 6 19 66 15
 7 18 63 23
 8 15 51 19
 73
 110 587
 8
 1 18 90 16
 2 16 102 16
 3 15 117 11
 4 28 75 15
 5 17 86 12
 6 31 101 12
 7 32 90 11
 8 25 76 12
 74
 110 587
 8
 1 34 86 11
 2 15 53 16
 3 18 96 12
 4 27 119 16
 5 18 77 13
 6 12 96 13
 7 27 75 16
 8 30 88 17
 75
 110 587
 8
 1 12 101 18
 2 14 94 17
 3 23 79 25
 4 17 90 14
 5 20 68 18
 6 17 48 16
 7 34 108 14
 8 15 91 17
 76
 110 587
 8
 1 15 77 16
 2 14 98 16
 3 16 61 20
 4 30 92 11
 5 13 58 27
 6 25 108 17
 7 35 93 15
 8 15 111 22
 77
 110 587
 8
 1 18 73 28
 2 13 87 21
 3 22 68 34
 4 16 73 26
 5 23 65 26
 6 17 80 28
 7 13 72 24
 8 20 75 14
 78
 110 587
 8
 1 21 105 19
 2 12 75 24
 3 13 79 16
 4 19 95 17
 5 20 50 21
 6 26 80 19
 7 17 90 19
 8 30 87 20
 79
 110 587
 8
 1 23 64 31
 2 11 79 29
 3 16 89 26
 4 17 79 18
 5 15 79 22
 6 11 115 21
 7 22 76 24
 8 14 80 24
 80
 110 587
 8
 1 27 78 13
 2 10 120 12
 3 27 100 18
 4 18 91 14
 5 28 112 18
 6 17 88 12
 7 26 108 13
 8 14 100 14
 81
 110 587
 8
 1 27 110 9
 2 35 80 5
 3 25 110 16
 4 20 100 11
 5 16 103 11
 6 24 70 7
 7 31 80 6
 8 33 120 15
 82
 110 587
 8
 1 25 65 22
 2 14 113 14
 3 16 120 22
 4 10 71 22
 5 32 94 23
 6 16 64 23
 7 10 71 25
 8 24 85 23
 83
 110 587
 8
 1 23 83 22
 2 27 76 14
 3 20 91 17
 4 17 61 21
 5 23 84 19
 6 28 95 14
 7 11 90 17
 8 14 69 16
 84
 110 587
 8
 1 21 114 16
 2 37 105 17
 3 25 76 13
 4 20 104 12
 5 11 75 17
 6 10 93 4
 7 12 89 8
 8 14 89 14
 85
 110 587
 8
 1 11 55 23
 2 15 72 14
 3 18 61 20
 4 11 76 19
 5 30 74 20
 6 16 43 11
 7 13 108 18
 8 32 109 21
 86
 110 587
 8
 1 14 87 20
 2 28 97 22
 3 19 71 20
 4 23 63 17
 5 18 77 18
 6 23 102 21
 7 14 72 20
 8 19 84 17
 87
 110 587
 8
 1 14 119 15
 2 24 84 19
 3 39 97 20
 4 16 109 13
 5 23 80 19
 6 15 74 11
 7 15 40 12
 8 13 58 17
 88
 110 587
 8
 1 20 100 14
 2 17 89 26
 3 19 92 16
 4 12 90 29
 5 19 84 18
 6 23 77 20
 7 16 90 16
 8 13 78 28
 89
 110 587
 8
 1 23 95 11
 2 20 65 12
 3 29 103 13
 4 26 71 13
 5 14 119 13
 6 39 109 9
 7 17 58 11
 8 32 98 8
 90
 110 587
 8
 1 16 91 13
 2 31 87 11
 3 22 113 9
 4 22 114 6
 5 33 110 13
 6 15 81 12
 7 18 108 10
 8 28 118 10
 91
 110 587
 8
 1 28 86 18
 2 16 61 17
 3 13 39 16
 4 13 85 26
 5 21 101 20
 6 23 65 29
 7 19 76 31
 8 12 47 26
 92
 110 587
 8
 1 31 96 11
 2 29 74 14
 3 21 86 11
 4 28 90 20
 5 40 97 10
 6 14 116 8
 7 17 86 13
 8 13 67 10
 93
 110 587
 8
 1 18 78 9
 2 29 115 9
 3 10 68 10
 4 23 119 9
 5 28 100 11
 6 26 88 14
 7 21 95 10
 8 31 87 12
 94
 110 587
 8
 1 34 75 17
 2 20 66 27
 3 20 64 23
 4 14 90 26
 5 14 73 17
 6 30 91 15
 7 14 54 20
 8 28 107 9
 95
 110 587
 8
 1 10 101 18
 2 27 108 22
 3 16 74 26
 4 16 69 25
 5 15 71 21
 6 15 38 17
 7 18 108 21
 8 18 100 28
 96
 110 587
 8
 1 13 64 28
 2 26 92 22
 3 10 92 24
 4 16 90 21
 5 17 54 22
 6 22 95 30
 7 23 72 21
 8 12 56 29
 97
 110 587
 8
 1 16 74 19
 2 21 100 19
 3 21 95 25
 4 15 95 21
 5 12 45 22
 6 12 67 19
 7 17 55 20
 8 30 76 21
 98
 110 587
 8
 1 19 106 22
 2 24 69 17
 3 28 106 19
 4 25 71 10
 5 18 62 14
 6 19 75 17
 7 26 90 16
 8 27 96 10
 99
 110 587
 8
 1 22 51 25
 2 23 95 19
 3 11 116 9
 4 16 51 13
 5 19 117 13
 6 36 103 12
 7 27 73 7
 8 20 116 12
 100
 110 587
 8
 1 23 78 11
 2 21 46 16
 3 18 98 16
 4 15 100 18
 5 23 108 22
 6 14 75 21
 7 28 108 17
 8 12 45 16
