 100
 1
 110 587
 12
 1 15 108 17
 2 12 110 9
 3 27 92 7
 4 14 81 3
 5 36 120 11
 6 24 111 5
 7 23 98 11
 8 15 95 3
 9 15 85 9
 10 12 71 7
 11 12 36 8
 12 31 97 8
 2
 110 587
 12
 1 10 49 13
 2 20 60 10
 3 32 103 5
 4 31 95 13
 5 13 111 13
 6 36 85 15
 7 15 48 13
 8 19 86 13
 9 23 71 12
 10 16 90 12
 11 22 98 13
 12 11 73 6
 3
 110 587
 12
 1 13 97 7
 2 19 102 12
 3 18 113 11
 4 21 66 11
 5 13 101 9
 6 17 100 15
 7 20 91 9
 8 28 106 13
 9 29 103 9
 10 20 75 18
 11 32 71 6
 12 19 85 13
 4
 110 587
 12
 1 16 113 11
 2 14 52 10
 3 14 57 14
 4 15 99 11
 5 16 92 12
 6 19 119 9
 7 24 54 12
 8 17 75 12
 9 22 79 15
 10 23 116 10
 11 11 83 9
 12 28 98 17
 5
 110 587
 12
 1 19 88 7
 2 18 94 11
 3 21 87 11
 4 36 100 17
 5 18 83 14
 6 11 91 13
 7 27 109 8
 8 15 94 5
 9 15 34 14
 10 28 83 13
 11 13 108 9
 12 16 72 7
 6
 110 587
 12
 1 22 86 18
 2 17 81 17
 3 18 70 12
 4 26 71 12
 5 20 78 15
 6 23 69 7
 7 28 72 11
 8 18 75 12
 9 25 94 7
 10 25 65 7
 11 23 81 12
 12 13 68 10
 7
 110 587
 12
 1 25 118 14
 2 15 86 8
 3 26 64 9
 4 16 42 9
 5 21 64 13
 6 17 84 13
 7 18 76 7
 8 27 95 9
 9 26 80 12
 10 11 109 12
 11 27 72 12
 12 22 98 14
 8
 110 587
 12
 1 28 75 5
 2 15 57 7
 3 17 79 11
 4 37 104 9
 5 15 55 6
 6 16 99 8
 7 29 90 13
 8 22 115 9
 9 10 107 4
 10 27 81 5
 11 13 118 11
 12 19 67 10
 9
 110 587
 12
 1 31 90 2
 2 14 84 10
 3 19 94 12
 4 27 80 14
 5 22 69 11
 6 18 70 7
 7 27 94 14
 8 14 92 11
 9 18 72 11
 10 13 89 13
 11 14 91 15
 12 34 78 15
 10
 110 587
 12
 1 15 68 10
 2 13 120 10
 3 30 95 16
 4 17 61 8
 5 18 53 9
 6 21 80 10
 7 14 109 12
 8 17 74 9
 9 18 53 8
 10 29 102 10
 11 23 64 16
 12 16 99 15
 11
 110 587
 12
 1 30 74 8
 2 12 71 15
 3 29 106 11
 4 21 109 11
 5 11 118 8
 6 21 105 14
 7 18 72 16
 8 27 84 10
 9 13 91 15
 10 14 69 15
 11 18 76 12
 12 12 48 9
 12
 110 587
 12
 1 28 95 7
 2 11 112 13
 3 20 116 6
 4 28 98 13
 5 29 108 10
 6 33 82 7
 7 18 67 7
 8 22 104 9
 9 12 89 4
 10 18 64 10
 11 15 101 15
 12 18 69 8
 13
 110 587
 12
 1 12 52 22
 2 10 63 18
 3 18 100 17
 4 18 79 16
 5 18 99 16
 6 15 97 13
 7 27 90 13
 8 14 91 14
 9 20 111 13
 10 17 95 15
 11 14 74 22
 12 10 100 20
 14
 110 587
 12
 1 15 68 11
 2 31 104 12
 3 10 82 10
 4 30 114 10
 5 33 90 7
 6 18 112 9
 7 27 71 12
 8 16 74 8
 9 28 75 5
 10 26 68 14
 11 23 64 11
 12 18 60 14
 15
 110 587
 12
 1 18 100 8
 2 27 90 7
 3 21 65 10
 4 20 85 7
 5 25 81 12
 6 25 84 6
 7 36 109 7
 8 26 73 13
 9 20 73 15
 10 19 120 5
 11 34 111 9
 12 26 71 5
 16
 110 587
 12
 1 19 43 12
 2 20 97 11
 3 23 67 8
 4 19 98 10
 5 13 73 10
 6 20 66 8
 7 36 82 11
 8 21 93 7
 9 14 95 10
 10 34 88 10
 11 17 88 15
 12 34 100 6
 17
 110 587
 12
 1 17 72 9
 2 23 75 8
 3 11 78 10
 4 39 119 8
 5 31 76 10
 6 32 119 11
 7 18 91 13
 8 13 113 10
 9 22 98 6
 10 21 76 10
 11 15 58 2
 12 12 94 11
 18
 110 587
 12
 1 15 104 6
 2 36 92 9
 3 21 88 7
 4 30 90 8
 5 20 79 8
 6 14 96 6
 7 39 100 4
 8 16 73 12
 9 30 115 5
 10 38 113 11
 11 15 68 4
 12 15 70 7
 19
 110 587
 12
 1 13 60 12
 2 19 71 12
 3 32 99 6
 4 20 61 9
 5 21 83 11
 6 17 63 9
 7 10 54 13
 8 25 62 11
 9 35 79 18
 10 24 91 11
 11 11 95 17
 12 21 101 13
 20
 110 587
 12
 1 33 97 10
 2 34 81 16
 3 12 109 14
 4 10 98 8
 5 17 86 12
 6 17 76 12
 7 11 109 11
 8 21 82 12
 9 15 58 11
 10 24 99 8
 11 19 89 13
 12 20 74 11
 21
 110 587
 12
 1 36 109 6
 2 16 95 8
 3 18 119 12
 4 31 95 13
 5 16 116 8
 6 19 98 12
 7 12 72 14
 8 13 102 10
 9 22 99 10
 10 15 106 12
 11 16 55 9
 12 14 71 14
 22
 110 587
 12
 1 25 89 10
 2 23 73 10
 3 19 94 7
 4 21 66 4
 5 35 106 10
 6 31 80 16
 7 13 60 12
 8 15 72 11
 9 15 63 8
 10 11 74 11
 11 26 105 11
 12 22 101 6
 23
 110 587
 12
 1 11 84 10
 2 32 115 15
 3 12 77 13
 4 11 40 14
 5 23 97 6
 6 12 95 8
 7 14 90 13
 8 24 56 14
 9 40 118 4
 10 20 56 16
 11 13 78 15
 12 20 88 15
 24
 110 587
 12
 1 14 113 9
 2 31 98 8
 3 23 60 8
 4 32 100 8
 5 11 99 7
 6 16 106 8
 7 15 78 6
 8 20 71 14
 9 17 83 8
 10 13 99 11
 11 21 91 14
 12 36 99 10
 25
 110 587
 12
 1 17 75 16
 2 24 107 13
 3 21 70 15
 4 22 78 6
 5 13 78 14
 6 24 78 9
 7 16 109 14
 8 12 91 10
 9 23 67 15
 10 30 67 10
 11 17 115 10
 12 17 102 11
 26
 110 587
 12
 1 20 86 16
 2 29 75 16
 3 13 100 14
 4 12 59 12
 5 15 69 17
 6 18 63 15
 7 17 96 4
 8 14 111 15
 9 26 102 8
 10 16 71 16
 11 26 88 16
 12 21 50 12
 27
 110 587
 12
 1 23 118 9
 2 12 99 14
 3 24 91 12
 4 20 104 9
 5 16 75 8
 6 30 113 11
 7 14 36 9
 8 20 56 14
 9 11 67 6
 10 32 92 10
 11 15 73 7
 12 29 72 11
 28
 110 587
 12
 1 26 62 19
 2 25 54 12
 3 32 102 10
 4 23 97 7
 5 18 52 18
 6 11 93 17
 7 19 90 12
 8 20 66 21
 9 13 38 17
 10 18 86 12
 11 17 92 15
 12 11 103 20
 29
 110 587
 12
 1 28 91 11
 2 26 92 5
 3 14 112 11
 4 13 78 11
 5 14 41 8
 6 16 57 14
 7 20 54 11
 8 12 85 9
 9 27 89 11
 10 34 118 13
 11 18 98 9
 12 19 81 7
 30
 110 587
 12
 1 16 64 9
 2 14 51 15
 3 15 49 11
 4 29 109 17
 5 16 66 9
 6 23 120 5
 7 20 109 13
 8 14 100 14
 9 25 76 10
 10 13 85 11
 11 27 79 8
 12 27 93 13
 31
 110 587
 12
 1 24 70 13
 2 24 84 12
 3 21 89 13
 4 19 80 9
 5 21 114 14
 6 17 92 15
 7 21 72 9
 8 23 120 13
 9 12 106 17
 10 17 72 10
 11 17 74 8
 12 14 103 14
 32
 110 587
 12
 1 22 95 12
 2 17 81 17
 3 15 71 13
 4 14 96 18
 5 25 104 9
 6 28 77 12
 7 18 75 20
 8 19 65 20
 9 20 70 13
 10 21 111 13
 11 25 108 6
 12 13 43 10
 33
 110 587
 12
 1 10 40 9
 2 15 76 10
 3 25 63 9
 4 34 114 14
 5 26 95 12
 6 10 92 15
 7 23 90 10
 8 12 84 15
 9 17 57 11
 10 25 78 10
 11 18 81 16
 12 21 73 10
 34
 110 587
 12
 1 13 68 8
 2 21 118 6
 3 18 73 10
 4 25 85 9
 5 16 86 13
 6 15 99 9
 7 24 93 7
 8 13 89 6
 9 37 98 16
 10 23 58 11
 11 11 56 6
 12 29 104 14
 35
 110 587
 12
 1 15 100 6
 2 21 84 14
 3 15 95 9
 4 15 57 11
 5 30 76 13
 6 23 71 18
 7 13 109 17
 8 22 109 9
 9 14 84 17
 10 10 104 7
 11 19 119 13
 12 21 75 9
 36
 110 587
 12
 1 13 41 15
 2 17 110 12
 3 26 94 7
 4 35 119 11
 5 23 67 7
 6 15 61 17
 7 17 72 13
 8 19 64 9
 9 22 110 5
 10 26 73 8
 11 27 95 10
 12 15 86 10
 37
 110 587
 12
 1 22 98 9
 2 19 60 9
 3 30 105 10
 4 26 90 6
 5 12 66 17
 6 27 106 11
 7 18 55 12
 8 11 82 9
 9 29 74 13
 10 12 81 9
 11 19 71 6
 12 23 105 11
 38
 110 587
 12
 1 25 104 6
 2 18 102 11
 3 16 115 15
 4 16 61 8
 5 24 70 6
 6 39 91 17
 7 26 90 5
 8 12 78 8
 9 19 77 11
 10 28 97 8
 11 13 58 18
 12 16 64 5
 39
 110 587
 12
 1 22 89 17
 2 17 53 18
 3 12 54 15
 4 16 73 24
 5 19 73 11
 6 14 50 19
 7 27 62 12
 8 22 98 16
 9 15 94 16
 10 14 97 16
 11 21 102 14
 12 22 80 18
 40
 110 587
 12
 1 31 85 8
 2 16 94 8
 3 22 83 5
 4 27 95 5
 5 15 76 13
 6 22 113 13
 7 30 108 10
 8 18 118 8
 9 24 93 12
 10 14 60 12
 11 29 97 8
 12 17 105 4
 41
 110 587
 12
 1 34 109 6
 2 15 90 15
 3 17 66 12
 4 17 76 7
 5 26 111 10
 6 14 86 16
 7 31 80 12
 8 11 81 12
 9 32 114 8
 10 16 90 12
 11 20 75 12
 12 22 67 11
 42
 110 587
 12
 1 25 76 16
 2 14 86 7
 3 24 66 9
 4 18 75 5
 5 14 102 7
 6 26 74 9
 7 18 89 12
 8 33 99 16
 9 33 80 8
 10 22 65 12
 11 15 112 6
 12 34 79 6
 43
 110 587
 12
 1 35 82 10
 2 13 66 6
 3 15 77 4
 4 19 100 8
 5 33 93 9
 6 15 89 11
 7 33 98 5
 8 21 87 16
 9 17 53 10
 10 18 116 13
 11 23 85 7
 12 12 106 14
 44
 110 587
 12
 1 12 114 16
 2 12 92 15
 3 18 89 9
 4 18 95 17
 5 21 90 13
 6 14 93 7
 7 15 69 10
 8 18 107 13
 9 20 98 12
 10 30 83 10
 11 29 98 6
 12 13 45 8
 45
 110 587
 12
 1 15 63 12
 2 11 120 10
 3 28 97 17
 4 21 77 21
 5 10 93 18
 6 21 65 8
 7 20 108 9
 8 10 79 15
 9 13 68 11
 10 20 68 17
 11 15 79 16
 12 19 76 17
 46
 110 587
 12
 1 18 86 8
 2 11 71 5
 3 27 108 11
 4 28 104 9
 5 29 96 9
 6 13 58 11
 7 24 73 8
 8 28 98 5
 9 11 117 9
 10 36 109 9
 11 17 95 7
 12 24 106 8
 47
 110 587
 12
 1 21 118 11
 2 10 112 11
 3 18 118 13
 4 19 76 17
 5 17 100 9
 6 25 100 13
 7 18 75 14
 8 20 76 6
 9 19 82 15
 10 22 84 11
 11 25 80 12
 12 14 61 14
 48
 110 587
 12
 1 24 59 4
 2 23 79 7
 3 19 95 9
 4 23 95 11
 5 13 72 10
 6 36 88 9
 7 33 90 9
 8 18 96 10
 9 23 62 9
 10 21 92 17
 11 20 100 8
 12 22 76 8
 49
 110 587
 12
 1 22 91 11
 2 36 105 6
 3 24 79 14
 4 29 109 5
 5 15 48 7
 6 13 44 9
 7 27 79 11
 8 10 116 3
 9 24 101 9
 10 24 102 8
 11 11 105 14
 12 30 107 7
 50
 110 587
 12
 1 16 60 13
 2 27 98 14
 3 19 60 19
 4 20 81 18
 5 12 119 14
 6 21 107 9
 7 10 108 8
 8 22 97 13
 9 13 66 18
 10 10 69 20
 11 19 78 16
 12 23 95 10
 51
 110 587
 12
 1 18 66 11
 2 24 97 13
 3 21 69 23
 4 10 52 17
 5 18 109 18
 6 12 79 20
 7 11 95 18
 8 19 65 17
 9 15 98 17
 10 18 53 14
 11 25 82 15
 12 15 77 12
 52
 110 587
 12
 1 15 96 10
 2 23 75 14
 3 10 80 11
 4 30 114 11
 5 19 100 11
 6 24 72 11
 7 12 36 7
 8 17 85 16
 9 29 85 8
 10 12 95 17
 11 12 115 10
 12 21 108 13
 53
 110 587
 12
 1 13 78 11
 2 12 89 18
 3 20 90 7
 4 21 85 11
 5 22 91 10
 6 35 114 9
 7 12 90 10
 8 38 105 5
 9 25 74 10
 10 27 62 12
 11 13 89 8
 12 23 65 11
 54
 110 587
 12
 1 11 99 20
 2 20 68 18
 3 30 101 16
 4 11 57 13
 5 23 81 15
 6 12 86 19
 7 13 54 16
 8 17 95 14
 9 14 105 13
 10 14 120 12
 11 21 64 14
 12 10 78 13
 55
 110 587
 12
 1 14 100 15
 2 33 81 13
 3 10 111 9
 4 18 119 16
 5 15 72 10
 6 20 58 13
 7 14 108 9
 8 19 54 8
 9 22 69 17
 10 30 88 10
 11 17 83 8
 12 18 108 8
 56
 110 587
 12
 1 17 90 26
 2 14 64 19
 3 15 42 14
 4 22 94 11
 5 26 68 12
 6 10 55 23
 7 15 72 20
 8 17 75 15
 9 15 62 18
 10 16 79 19
 11 13 99 22
 12 24 89 19
 57
 110 587
 12
 1 20 85 5
 2 27 73 9
 3 20 90 9
 4 12 75 13
 5 22 57 10
 6 22 93 8
 7 16 73 8
 8 37 95 7
 9 39 93 7
 10 32 113 6
 11 15 72 13
 12 35 100 9
 58
 110 587
 12
 1 23 105 18
 2 30 115 6
 3 11 72 12
 4 16 65 9
 5 10 60 10
 6 32 85 11
 7 17 90 6
 8 32 115 8
 9 16 80 10
 10 18 95 6
 11 22 66 8
 12 12 109 11
 59
 110 587
 12
 1 23 76 13
 2 15 66 15
 3 22 62 18
 4 18 95 12
 5 17 63 7
 6 16 100 7
 7 18 91 11
 8 18 49 14
 9 24 109 15
 10 13 69 15
 11 31 109 15
 12 21 48 12
 60
 110 587
 12
 1 29 78 10
 2 28 107 11
 3 18 72 15
 4 13 93 13
 5 17 116 12
 6 19 101 11
 7 19 108 9
 8 16 64 9
 9 26 73 7
 10 17 106 10
 11 14 82 11
 12 29 79 9
 61
 110 587
 12
 1 32 109 5
 2 27 84 5
 3 12 96 8
 4 18 74 11
 5 35 107 7
 6 27 80 7
 7 16 72 13
 8 37 84 6
 9 10 40 12
 10 21 74 6
 11 16 55 9
 12 35 109 17
 62
 110 587
 12
 1 25 70 14
 2 17 100 9
 3 22 93 7
 4 24 100 11
 5 25 98 9
 6 21 69 11
 7 18 43 7
 8 31 104 11
 9 13 93 11
 10 20 50 17
 11 25 119 9
 12 15 82 15
 63
 110 587
 12
 1 29 82 8
 2 25 60 11
 3 30 104 6
 4 14 71 11
 5 13 89 5
 6 33 108 8
 7 22 90 12
 8 16 48 10
 9 26 89 8
 10 29 99 6
 11 33 92 9
 12 23 93 11
 64
 110 587
 12
 1 10 114 8
 2 25 92 12
 3 13 114 10
 4 21 93 4
 5 32 80 9
 6 14 99 16
 7 23 60 8
 8 16 54 7
 9 34 113 14
 10 24 67 10
 11 10 65 8
 12 14 110 9
 65
 110 587
 12
 1 13 55 7
 2 18 48 14
 3 13 47 9
 4 25 104 15
 5 20 83 16
 6 19 53 15
 7 24 108 19
 8 36 78 13
 9 12 77 12
 10 10 74 15
 11 18 49 15
 12 20 79 10
 66
 110 587
 12
 1 16 87 14
 2 23 84 10
 3 22 84 10
 4 15 76 7
 5 30 87 12
 6 26 115 3
 7 25 78 9
 8 31 93 11
 9 20 48 8
 10 26 92 7
 11 27 102 7
 12 17 80 10
 67
 110 587
 12
 1 19 119 13
 2 17 90 11
 3 13 67 8
 4 18 71 11
 5 25 90 8
 6 20 87 14
 7 18 87 12
 8 17 113 11
 9 17 97 12
 10 12 90 16
 11 35 88 11
 12 25 111 14
 68
 110 587
 12
 1 18 60 6
 2 20 76 9
 3 24 65 8
 4 25 109 8
 5 15 93 10
 6 29 83 9
 7 27 96 6
 8 15 52 9
 9 30 98 10
 10 28 118 12
 11 12 48 5
 12 25 75 11
 69
 110 587
 12
 1 16 91 14
 2 20 118 19
 3 16 75 9
 4 16 81 15
 5 16 97 13
 6 13 97 13
 7 14 57 15
 8 31 77 8
 9 13 116 15
 10 14 85 13
 11 20 112 13
 12 11 87 11
 70
 110 587
 12
 1 14 56 7
 2 19 92 8
 3 14 90 7
 4 26 73 10
 5 22 114 13
 6 18 94 15
 7 19 108 9
 8 30 89 10
 9 21 81 7
 10 18 61 9
 11 29 85 8
 12 19 111 6
 71
 110 587
 12
 1 31 99 18
 2 18 110 15
 3 25 96 8
 4 17 114 9
 5 11 105 9
 6 25 75 11
 7 24 72 12
 8 16 102 14
 9 22 59 13
 10 16 111 9
 11 29 90 7
 12 17 55 16
 72
 110 587
 12
 1 34 96 11
 2 17 69 5
 3 27 107 11
 4 17 92 9
 5 15 96 9
 6 19 66 12
 7 18 63 15
 8 15 51 14
 9 22 100 10
 10 26 78 14
 11 14 33 15
 12 22 81 10
 73
 110 587
 12
 1 18 90 8
 2 16 102 15
 3 15 117 13
 4 28 75 8
 5 17 86 9
 6 31 101 10
 7 32 90 14
 8 25 76 7
 9 15 65 13
 10 18 61 12
 11 22 96 9
 12 13 112 9
 74
 110 587
 12
 1 34 86 7
 2 15 53 7
 3 18 96 11
 4 27 119 9
 5 18 77 8
 6 12 96 9
 7 27 75 5
 8 30 88 11
 9 23 120 6
 10 34 104 9
 11 30 72 12
 12 21 68 7
 75
 110 587
 12
 1 12 101 9
 2 14 94 12
 3 23 79 11
 4 17 90 14
 5 20 68 11
 6 17 48 7
 7 34 108 9
 8 15 91 6
 9 31 84 9
 10 20 77 11
 11 21 91 4
 12 30 82 13
 76
 110 587
 12
 1 15 77 12
 2 14 98 7
 3 16 61 5
 4 30 92 13
 5 13 58 11
 6 25 108 6
 7 35 93 11
 8 15 111 13
 9 24 79 10
 10 19 85 9
 11 16 106 9
 12 38 113 7
 77
 110 587
 12
 1 18 73 16
 2 13 87 12
 3 22 68 10
 4 16 73 24
 5 23 65 13
 6 17 80 15
 7 13 72 18
 8 20 75 14
 9 17 104 17
 10 22 97 16
 11 24 79 10
 12 13 52 6
 78
 110 587
 12
 1 21 105 12
 2 12 75 19
 3 13 79 14
 4 19 95 15
 5 20 50 10
 6 26 80 8
 7 17 90 15
 8 30 87 16
 9 19 68 14
 10 12 78 12
 11 26 73 12
 12 19 83 16
 79
 110 587
 12
 1 23 64 14
 2 11 79 23
 3 16 89 19
 4 17 79 17
 5 15 79 16
 6 11 115 11
 7 22 76 20
 8 14 80 10
 9 13 66 15
 10 16 50 15
 11 10 116 19
 12 25 113 11
 80
 110 587
 12
 1 27 78 11
 2 10 120 11
 3 27 100 12
 4 18 91 9
 5 28 112 17
 6 17 88 16
 7 26 108 12
 8 14 100 17
 9 10 89 5
 10 10 90 9
 11 18 89 12
 12 10 62 12
 81
 110 587
 12
 1 27 110 6
 2 35 80 9
 3 25 110 4
 4 20 100 11
 5 16 103 6
 6 24 70 10
 7 31 80 7
 8 33 120 11
 9 18 75 7
 10 24 57 6
 11 26 62 10
 12 18 83 14
 82
 110 587
 12
 1 25 65 11
 2 14 113 9
 3 16 120 10
 4 10 71 12
 5 32 94 10
 6 16 64 14
 7 10 71 9
 8 24 85 11
 9 26 108 14
 10 12 116 16
 11 17 75 6
 12 26 114 13
 83
 110 587
 12
 1 23 83 14
 2 27 76 11
 3 20 91 9
 4 17 61 12
 5 23 84 12
 6 28 95 12
 7 11 90 11
 8 14 69 12
 9 24 72 5
 10 29 83 9
 11 12 99 13
 12 26 96 7
 84
 110 587
 12
 1 21 114 8
 2 37 105 14
 3 25 76 14
 4 20 104 13
 5 11 75 14
 6 10 93 11
 7 12 89 15
 8 14 89 9
 9 12 36 8
 10 14 72 10
 11 19 72 12
 12 12 84 10
 85
 110 587
 12
 1 11 55 17
 2 15 72 7
 3 18 61 10
 4 11 76 10
 5 30 74 11
 6 16 43 10
 7 13 108 11
 8 32 109 11
 9 20 97 6
 10 31 109 14
 11 22 57 4
 12 20 114 15
 86
 110 587
 12
 1 14 87 9
 2 28 97 17
 3 19 71 10
 4 23 63 12
 5 18 77 9
 6 23 102 9
 7 14 72 10
 8 19 84 7
 9 28 84 14
 10 16 88 11
 11 36 109 8
 12 27 57 10
 87
 110 587
 12
 1 14 119 9
 2 24 84 13
 3 39 97 11
 4 16 109 14
 5 23 80 8
 6 15 74 10
 7 15 40 9
 8 13 58 8
 9 35 111 10
 10 21 95 6
 11 14 96 9
 12 33 84 6
 88
 110 587
 12
 1 20 100 9
 2 17 89 15
 3 19 92 15
 4 12 90 13
 5 19 84 14
 6 23 77 19
 7 16 90 11
 8 13 78 13
 9 14 76 17
 10 13 102 13
 11 19 55 13
 12 14 115 19
 89
 110 587
 12
 1 23 95 5
 2 20 65 10
 3 29 103 8
 4 26 71 8
 5 14 119 4
 6 39 109 11
 7 17 58 11
 8 32 98 8
 9 20 44 8
 10 17 70 4
 11 29 119 10
 12 22 89 6
 90
 110 587
 12
 1 16 91 7
 2 31 87 6
 3 22 113 15
 4 22 114 8
 5 33 110 4
 6 15 81 8
 7 18 108 9
 8 28 118 9
 9 15 96 7
 10 18 43 11
 11 38 93 8
 12 12 85 7
 91
 110 587
 12
 1 28 86 7
 2 16 61 10
 3 13 39 10
 4 13 85 11
 5 21 101 6
 6 23 65 15
 7 19 76 10
 8 12 47 14
 9 30 93 15
 10 25 95 14
 11 16 97 14
 12 18 116 12
 92
 110 587
 12
 1 31 96 12
 2 29 74 6
 3 21 86 13
 4 28 90 7
 5 40 97 10
 6 14 116 14
 7 17 86 7
 8 13 67 11
 9 15 115 7
 10 23 62 9
 11 19 49 14
 12 16 55 6
 93
 110 587
 12
 1 18 78 8
 2 29 115 7
 3 10 68 8
 4 23 119 7
 5 28 100 7
 6 26 88 4
 7 21 95 4
 8 31 87 7
 9 23 80 10
 10 33 120 7
 11 30 103 7
 12 25 86 8
 94
 110 587
 12
 1 34 75 8
 2 20 66 12
 3 20 64 14
 4 14 90 15
 5 14 73 16
 6 30 91 13
 7 14 54 9
 8 28 107 12
 9 22 63 6
 10 25 88 11
 11 10 79 9
 12 33 116 5
 95
 110 587
 12
 1 10 101 14
 2 27 108 14
 3 16 74 12
 4 16 69 16
 5 15 71 24
 6 15 38 14
 7 18 108 17
 8 18 100 13
 9 19 99 11
 10 11 83 16
 11 18 99 15
 12 11 83 20
 96
 110 587
 12
 1 13 64 14
 2 26 92 14
 3 10 92 11
 4 16 90 11
 5 17 54 16
 6 22 95 10
 7 23 72 12
 8 12 56 9
 9 13 64 18
 10 27 113 11
 11 21 113 13
 12 19 94 16
 97
 110 587
 12
 1 16 74 13
 2 21 100 10
 3 21 95 11
 4 15 95 14
 5 12 45 13
 6 12 67 13
 7 17 55 13
 8 30 76 7
 9 25 119 12
 10 13 98 9
 11 30 86 11
 12 15 117 11
 98
 110 587
 12
 1 19 106 12
 2 24 69 19
 3 28 106 11
 4 25 71 11
 5 18 62 15
 6 19 75 5
 7 26 90 10
 8 27 96 9
 9 33 83 12
 10 15 58 12
 11 12 81 7
 12 20 71 10
 99
 110 587
 12
 1 22 51 20
 2 23 95 16
 3 11 116 12
 4 16 51 8
 5 19 117 8
 6 36 103 9
 7 27 73 13
 8 20 116 10
 9 11 62 9
 10 15 106 8
 11 16 100 14
 12 13 87 8
 100
 110 587
 12
 1 23 78 8
 2 21 46 13
 3 18 98 10
 4 15 100 11
 5 23 108 7
 6 14 75 12
 7 28 108 16
 8 12 45 14
 9 19 103 11
 10 23 74 10
 11 22 96 10
 12 21 117 13
