 100
 1
 110 587
 15
 1 15 108 12
 2 12 110 12
 3 27 92 6
 4 14 81 9
 5 36 120 5
 6 24 111 12
 7 23 98 9
 8 15 95 10
 9 15 85 8
 10 12 71 3
 11 12 36 10
 12 31 97 7
 13 11 33 7
 14 13 95 10
 15 22 94 9
 2
 110 587
 15
 1 10 49 13
 2 20 60 9
 3 32 103 8
 4 31 95 6
 5 13 111 10
 6 36 85 10
 7 15 48 10
 8 19 86 12
 9 23 71 14
 10 16 90 9
 11 22 98 9
 12 11 73 10
 13 19 61 14
 14 31 75 11
 15 20 74 4
 3
 110 587
 15
 1 13 97 6
 2 19 102 6
 3 18 113 15
 4 21 66 8
 5 13 101 6
 6 17 100 7
 7 20 91 12
 8 28 106 10
 9 29 103 8
 10 20 75 11
 11 32 71 6
 12 19 85 14
 13 28 97 9
 14 15 61 11
 15 17 80 9
 4
 110 587
 15
 1 16 113 8
 2 14 52 12
 3 14 57 5
 4 15 99 12
 5 16 92 9
 6 19 119 12
 7 24 54 8
 8 17 75 6
 9 22 79 12
 10 23 116 9
 11 11 83 11
 12 28 98 10
 13 28 78 8
 14 23 98 9
 15 15 41 13
 5
 110 587
 15
 1 19 88 7
 2 18 94 5
 3 21 87 11
 4 36 100 8
 5 18 83 16
 6 11 91 13
 7 27 109 16
 8 15 94 10
 9 15 34 8
 10 28 83 4
 11 13 108 11
 12 16 72 8
 13 14 93 13
 14 16 71 10
 15 13 104 5
 6
 110 587
 15
 1 22 86 11
 2 17 81 15
 3 18 70 12
 4 26 71 9
 5 20 78 10
 6 23 69 12
 7 28 72 9
 8 18 75 7
 9 25 94 8
 10 25 65 10
 11 23 81 5
 12 13 68 6
 13 22 108 10
 14 22 114 7
 15 11 84 7
 7
 110 587
 15
 1 25 118 9
 2 15 86 9
 3 26 64 5
 4 16 42 9
 5 21 64 7
 6 17 84 10
 7 18 76 11
 8 27 95 6
 9 26 80 5
 10 11 109 8
 11 27 72 9
 12 22 98 8
 13 15 88 8
 14 33 94 7
 15 32 78 12
 8
 110 587
 15
 1 28 75 6
 2 15 57 5
 3 17 79 5
 4 37 104 11
 5 15 55 7
 6 16 99 5
 7 29 90 7
 8 22 115 9
 9 10 107 9
 10 27 81 8
 11 13 118 4
 12 19 67 5
 13 23 78 7
 14 24 67 10
 15 19 74 6
 9
 110 587
 15
 1 31 90 2
 2 14 84 6
 3 19 94 9
 4 27 80 8
 5 22 69 10
 6 18 70 8
 7 27 94 5
 8 14 92 8
 9 18 72 13
 10 13 89 8
 11 14 91 7
 12 34 78 11
 13 16 84 5
 14 19 107 13
 15 34 114 11
 10
 110 587
 15
 1 15 68 10
 2 13 120 6
 3 30 95 12
 4 17 61 11
 5 18 53 7
 6 21 80 9
 7 14 109 6
 8 17 74 13
 9 18 53 10
 10 29 102 9
 11 23 64 7
 12 16 99 7
 13 21 76 10
 14 12 90 15
 15 18 94 12
 11
 110 587
 15
 1 30 74 7
 2 12 71 8
 3 29 106 10
 4 21 109 9
 5 11 118 8
 6 21 105 4
 7 18 72 10
 8 27 84 12
 9 13 91 11
 10 14 69 8
 11 18 76 8
 12 12 48 14
 13 33 91 8
 14 21 72 8
 15 30 74 6
 12
 110 587
 15
 1 28 95 7
 2 11 112 11
 3 20 116 8
 4 28 98 10
 5 29 108 7
 6 33 82 12
 7 18 67 6
 8 22 104 7
 9 12 89 8
 10 18 64 6
 11 15 101 4
 12 18 69 7
 13 11 106 11
 14 18 100 12
 15 17 56 6
 13
 110 587
 15
 1 12 52 19
 2 10 63 18
 3 18 100 9
 4 18 79 17
 5 18 99 13
 6 15 97 13
 7 27 90 10
 8 14 91 14
 9 20 111 7
 10 17 95 11
 11 14 74 10
 12 10 100 12
 13 15 75 16
 14 22 86 18
 15 16 72 16
 14
 110 587
 15
 1 15 68 7
 2 31 104 9
 3 10 82 12
 4 30 114 7
 5 33 90 11
 6 18 112 8
 7 27 71 8
 8 16 74 10
 9 28 75 9
 10 26 68 10
 11 23 64 6
 12 18 60 11
 13 17 55 12
 14 15 59 11
 15 17 104 12
 15
 110 587
 15
 1 18 100 7
 2 27 90 4
 3 21 65 7
 4 20 85 8
 5 25 81 4
 6 25 84 7
 7 36 109 7
 8 26 73 4
 9 20 73 8
 10 19 120 7
 11 34 111 13
 12 26 71 3
 13 29 71 9
 14 16 93 3
 15 21 83 4
 16
 110 587
 15
 1 19 43 10
 2 20 97 11
 3 23 67 6
 4 19 98 9
 5 13 73 5
 6 20 66 7
 7 36 82 7
 8 21 93 10
 9 14 95 5
 10 34 88 7
 11 17 88 8
 12 34 100 11
 13 13 74 15
 14 30 82 6
 15 16 63 5
 17
 110 587
 15
 1 17 72 10
 2 23 75 9
 3 11 78 8
 4 39 119 6
 5 31 76 9
 6 32 119 8
 7 18 91 8
 8 13 113 9
 9 22 98 10
 10 21 76 8
 11 15 58 8
 12 12 94 8
 13 21 89 7
 14 25 119 4
 15 17 70 9
 18
 110 587
 15
 1 15 104 3
 2 36 92 7
 3 21 88 6
 4 30 90 9
 5 20 79 4
 6 14 96 5
 7 39 100 7
 8 16 73 3
 9 30 115 5
 10 38 113 10
 11 15 68 5
 12 15 70 8
 13 13 104 7
 14 14 86 4
 15 14 114 5
 19
 110 587
 15
 1 13 60 11
 2 19 71 9
 3 32 99 5
 4 20 61 6
 5 21 83 6
 6 17 63 9
 7 10 54 7
 8 25 62 5
 9 35 79 13
 10 24 91 7
 11 11 95 14
 12 21 101 6
 13 30 119 13
 14 11 78 10
 15 12 93 11
 20
 110 587
 15
 1 33 97 6
 2 34 81 13
 3 12 109 12
 4 10 98 10
 5 17 86 6
 6 17 76 10
 7 11 109 10
 8 21 82 7
 9 15 58 9
 10 24 99 11
 11 19 89 11
 12 20 74 5
 13 16 97 10
 14 25 112 12
 15 10 73 8
 21
 110 587
 15
 1 36 109 4
 2 16 95 6
 3 18 119 7
 4 31 95 11
 5 16 116 10
 6 19 98 9
 7 12 72 7
 8 13 102 9
 9 22 99 12
 10 15 106 6
 11 16 55 6
 12 14 71 12
 13 24 58 10
 14 12 79 11
 15 26 77 9
 22
 110 587
 15
 1 25 89 7
 2 23 73 8
 3 19 94 9
 4 21 66 6
 5 35 106 4
 6 31 80 10
 7 13 60 11
 8 15 72 12
 9 15 63 15
 10 11 74 7
 11 26 105 8
 12 22 101 10
 13 32 93 10
 14 21 74 7
 15 14 72 7
 23
 110 587
 15
 1 11 84 7
 2 32 115 6
 3 12 77 13
 4 11 40 8
 5 23 97 8
 6 12 95 3
 7 14 90 6
 8 24 56 4
 9 40 118 8
 10 20 56 11
 11 13 78 4
 12 20 88 7
 13 10 87 10
 14 14 105 8
 15 32 103 13
 24
 110 587
 15
 1 14 113 7
 2 31 98 8
 3 23 60 6
 4 32 100 6
 5 11 99 5
 6 16 106 3
 7 15 78 6
 8 20 71 9
 9 17 83 5
 10 13 99 11
 11 21 91 6
 12 36 99 7
 13 18 102 12
 14 36 97 6
 15 13 83 8
 25
 110 587
 15
 1 17 75 15
 2 24 107 9
 3 21 70 14
 4 22 78 7
 5 13 78 5
 6 24 78 10
 7 16 109 10
 8 12 91 6
 9 23 67 12
 10 30 67 5
 11 17 115 13
 12 17 102 7
 13 24 117 9
 14 20 70 9
 15 29 64 7
 26
 110 587
 15
 1 20 86 14
 2 29 75 13
 3 13 100 13
 4 12 59 10
 5 15 69 9
 6 18 63 13
 7 17 96 12
 8 14 111 10
 9 26 102 6
 10 16 71 13
 11 26 88 8
 12 21 50 10
 13 20 84 11
 14 22 98 11
 15 12 54 12
 27
 110 587
 15
 1 23 118 10
 2 12 99 9
 3 24 91 9
 4 20 104 13
 5 16 75 4
 6 30 113 5
 7 14 36 10
 8 20 56 10
 9 11 67 8
 10 32 92 11
 11 15 73 6
 12 29 72 8
 13 13 56 9
 14 17 93 8
 15 25 113 8
 28
 110 587
 15
 1 26 62 14
 2 25 54 5
 3 32 102 8
 4 23 97 6
 5 18 52 6
 6 11 93 12
 7 19 90 11
 8 20 66 5
 9 13 38 9
 10 18 86 18
 11 17 92 11
 12 11 103 11
 13 21 79 13
 14 10 66 10
 15 22 100 13
 29
 110 587
 15
 1 28 91 10
 2 26 92 9
 3 14 112 10
 4 13 78 8
 5 14 41 12
 6 16 57 5
 7 20 54 13
 8 12 85 9
 9 27 89 7
 10 34 118 7
 11 18 98 8
 12 19 81 11
 13 19 86 13
 14 20 91 10
 15 20 73 6
 30
 110 587
 15
 1 16 64 9
 2 14 51 13
 3 15 49 7
 4 29 109 10
 5 16 66 15
 6 23 120 6
 7 20 109 6
 8 14 100 9
 9 25 76 8
 10 13 85 12
 11 27 79 9
 12 27 93 10
 13 37 101 6
 14 26 89 6
 15 18 98 9
 31
 110 587
 15
 1 24 70 9
 2 24 84 12
 3 21 89 12
 4 19 80 6
 5 21 114 9
 6 17 92 13
 7 21 72 12
 8 23 120 11
 9 12 106 7
 10 17 72 12
 11 17 74 13
 12 14 103 13
 13 15 115 9
 14 19 117 8
 15 16 60 13
 32
 110 587
 15
 1 22 95 7
 2 17 81 8
 3 15 71 12
 4 14 96 10
 5 25 104 13
 6 28 77 7
 7 18 75 7
 8 19 65 13
 9 20 70 10
 10 21 111 17
 11 25 108 11
 12 13 43 8
 13 19 70 8
 14 13 84 5
 15 13 103 7
 33
 110 587
 15
 1 10 40 6
 2 15 76 9
 3 25 63 7
 4 34 114 9
 5 26 95 10
 6 10 92 12
 7 23 90 10
 8 12 84 10
 9 17 57 6
 10 25 78 14
 11 18 81 9
 12 21 73 9
 13 15 64 10
 14 25 85 12
 15 11 83 8
 34
 110 587
 15
 1 13 68 8
 2 21 118 7
 3 18 73 5
 4 25 85 10
 5 16 86 7
 6 15 99 9
 7 24 93 7
 8 13 89 4
 9 37 98 6
 10 23 58 6
 11 11 56 11
 12 29 104 10
 13 33 80 7
 14 29 110 6
 15 31 96 10
 35
 110 587
 15
 1 15 100 6
 2 21 84 9
 3 15 95 7
 4 15 57 10
 5 30 76 11
 6 23 71 11
 7 13 109 14
 8 22 109 14
 9 14 84 10
 10 10 104 9
 11 19 119 16
 12 21 75 4
 13 13 84 11
 14 16 77 10
 15 21 75 10
 36
 110 587
 15
 1 13 41 14
 2 17 110 8
 3 26 94 5
 4 35 119 7
 5 23 67 7
 6 15 61 5
 7 17 72 13
 8 19 64 9
 9 22 110 9
 10 26 73 7
 11 27 95 4
 12 15 86 3
 13 26 99 6
 14 15 81 8
 15 35 113 8
 37
 110 587
 15
 1 22 98 6
 2 19 60 7
 3 30 105 10
 4 26 90 3
 5 12 66 5
 6 27 106 10
 7 18 55 12
 8 11 82 7
 9 29 74 6
 10 12 81 8
 11 19 71 11
 12 23 105 4
 13 34 114 5
 14 27 103 6
 15 27 93 6
 38
 110 587
 15
 1 25 104 6
 2 18 102 10
 3 16 115 14
 4 16 61 7
 5 24 70 9
 6 39 91 7
 7 26 90 10
 8 12 78 10
 9 19 77 5
 10 28 97 10
 11 13 58 7
 12 16 64 8
 13 12 57 13
 14 14 70 9
 15 30 93 6
 39
 110 587
 15
 1 22 89 16
 2 17 53 11
 3 12 54 12
 4 16 73 11
 5 19 73 19
 6 14 50 7
 7 27 62 13
 8 22 98 13
 9 15 94 7
 10 14 97 14
 11 21 102 10
 12 22 80 11
 13 20 93 16
 14 19 77 10
 15 26 57 13
 40
 110 587
 15
 1 31 85 7
 2 16 94 4
 3 22 83 6
 4 27 95 6
 5 15 76 3
 6 22 113 7
 7 30 108 12
 8 18 118 10
 9 24 93 5
 10 14 60 7
 11 29 97 9
 12 17 105 9
 13 26 67 8
 14 18 96 6
 15 16 91 3
 41
 110 587
 15
 1 34 109 4
 2 15 90 10
 3 17 66 11
 4 17 76 9
 5 26 111 6
 6 14 86 8
 7 31 80 8
 8 11 81 14
 9 32 114 8
 10 16 90 11
 11 20 75 8
 12 22 67 11
 13 37 88 6
 14 11 100 8
 15 24 103 9
 42
 110 587
 15
 1 25 76 15
 2 14 86 5
 3 24 66 6
 4 18 75 10
 5 14 102 5
 6 26 74 10
 7 18 89 8
 8 33 99 5
 9 33 80 11
 10 22 65 13
 11 15 112 6
 12 34 79 7
 13 15 97 12
 14 15 73 6
 15 22 90 6
 43
 110 587
 15
 1 35 82 9
 2 13 66 6
 3 15 77 3
 4 19 100 4
 5 33 93 5
 6 15 89 7
 7 33 98 8
 8 21 87 6
 9 17 53 5
 10 18 116 12
 11 23 85 9
 12 12 106 10
 13 23 112 6
 14 23 89 10
 15 19 62 8
 44
 110 587
 15
 1 12 114 11
 2 12 92 14
 3 18 89 9
 4 18 95 8
 5 21 90 15
 6 14 93 7
 7 15 69 11
 8 18 107 7
 9 20 98 11
 10 30 83 10
 11 29 98 11
 12 13 45 10
 13 18 63 6
 14 21 96 4
 15 17 88 6
 45
 110 587
 15
 1 15 63 9
 2 11 120 10
 3 28 97 4
 4 21 77 15
 5 10 93 17
 6 21 65 12
 7 20 108 10
 8 10 79 4
 9 13 68 12
 10 20 68 9
 11 15 79 7
 12 19 76 8
 13 25 80 17
 14 14 115 12
 15 15 113 11
 46
 110 587
 15
 1 18 86 7
 2 11 71 4
 3 27 108 9
 4 28 104 7
 5 29 96 8
 6 13 58 10
 7 24 73 11
 8 28 98 7
 9 11 117 5
 10 36 109 4
 11 17 95 7
 12 24 106 10
 13 17 66 8
 14 21 82 7
 15 13 93 7
 47
 110 587
 15
 1 21 118 11
 2 10 112 8
 3 18 118 9
 4 19 76 12
 5 17 100 14
 6 25 100 8
 7 18 75 11
 8 20 76 9
 9 19 82 10
 10 22 84 3
 11 25 80 14
 12 14 61 8
 13 25 80 11
 14 24 92 7
 15 10 72 12
 48
 110 587
 15
 1 24 59 3
 2 23 79 7
 3 19 95 5
 4 23 95 8
 5 13 72 9
 6 36 88 8
 7 33 90 7
 8 18 96 5
 9 23 62 9
 10 21 92 9
 11 20 100 8
 12 22 76 11
 13 17 95 8
 14 24 108 9
 15 26 86 4
 49
 110 587
 15
 1 22 91 9
 2 36 105 6
 3 24 79 6
 4 29 109 10
 5 15 48 6
 6 13 44 5
 7 27 79 9
 8 10 116 6
 9 24 101 9
 10 24 102 1
 11 11 105 7
 12 30 107 10
 13 11 110 7
 14 17 75 9
 15 16 73 8
 50
 110 587
 15
 1 16 60 7
 2 27 98 9
 3 19 60 9
 4 20 81 17
 5 12 119 10
 6 21 107 10
 7 10 108 5
 8 22 97 5
 9 13 66 6
 10 10 69 12
 11 19 78 13
 12 23 95 15
 13 15 40 7
 14 10 88 10
 15 34 103 10
 51
 110 587
 15
 1 18 66 8
 2 24 97 6
 3 21 69 18
 4 10 52 14
 5 18 109 11
 6 12 79 13
 7 11 95 17
 8 19 65 11
 9 15 98 12
 10 18 53 11
 11 25 82 12
 12 15 77 9
 13 24 66 13
 14 31 101 10
 15 23 82 10
 52
 110 587
 15
 1 15 96 8
 2 23 75 7
 3 10 80 11
 4 30 114 9
 5 19 100 10
 6 24 72 7
 7 12 36 9
 8 17 85 6
 9 29 85 11
 10 12 95 9
 11 12 115 6
 12 21 108 14
 13 13 73 14
 14 17 68 7
 15 30 83 12
 53
 110 587
 15
 1 13 78 7
 2 12 89 15
 3 20 90 13
 4 21 85 5
 5 22 91 9
 6 35 114 6
 7 12 90 8
 8 38 105 9
 9 25 74 7
 10 27 62 3
 11 13 89 11
 12 23 65 7
 13 14 79 12
 14 17 84 8
 15 21 55 8
 54
 110 587
 15
 1 11 99 17
 2 20 68 12
 3 30 101 10
 4 11 57 14
 5 23 81 12
 6 12 86 11
 7 13 54 14
 8 17 95 13
 9 14 105 13
 10 14 120 8
 11 21 64 8
 12 10 78 10
 13 22 98 8
 14 13 94 9
 15 25 113 6
 55
 110 587
 15
 1 14 100 11
 2 33 81 10
 3 10 111 11
 4 18 119 8
 5 15 72 13
 6 20 58 10
 7 14 108 9
 8 19 54 10
 9 22 69 10
 10 30 88 5
 11 17 83 16
 12 18 108 9
 13 28 108 8
 14 15 73 5
 15 21 92 9
 56
 110 587
 15
 1 17 90 18
 2 14 64 16
 3 15 42 6
 4 22 94 7
 5 26 68 6
 6 10 55 7
 7 15 72 10
 8 17 75 8
 9 15 62 12
 10 16 79 8
 11 13 99 8
 12 24 89 11
 13 16 93 9
 14 29 119 16
 15 21 80 11
 57
 110 587
 15
 1 20 85 4
 2 27 73 9
 3 20 90 3
 4 12 75 7
 5 22 57 11
 6 22 93 8
 7 16 73 6
 8 37 95 8
 9 39 93 6
 10 32 113 7
 11 15 72 9
 12 35 100 7
 13 17 53 8
 14 23 87 10
 15 18 52 8
 58
 110 587
 15
 1 23 105 18
 2 30 115 6
 3 11 72 6
 4 16 65 8
 5 10 60 6
 6 32 85 6
 7 17 90 10
 8 32 115 8
 9 16 80 3
 10 18 95 10
 11 22 66 9
 12 12 109 7
 13 25 89 4
 14 13 54 5
 15 16 79 10
 59
 110 587
 15
 1 23 76 9
 2 15 66 8
 3 22 62 14
 4 18 95 7
 5 17 63 9
 6 16 100 6
 7 18 91 3
 8 18 49 6
 9 24 109 9
 10 13 69 8
 11 31 109 9
 12 21 48 10
 13 24 77 9
 14 38 112 12
 15 14 102 7
 60
 110 587
 15
 1 29 78 8
 2 28 107 6
 3 18 72 11
 4 13 93 14
 5 17 116 13
 6 19 101 10
 7 19 108 10
 8 16 64 9
 9 26 73 6
 10 17 106 8
 11 14 82 4
 12 29 79 6
 13 11 92 10
 14 25 80 8
 15 12 82 9
 61
 110 587
 15
 1 32 109 3
 2 27 84 6
 3 12 96 4
 4 18 74 7
 5 35 107 9
 6 27 80 9
 7 16 72 4
 8 37 84 11
 9 10 40 5
 10 21 74 7
 11 16 55 11
 12 35 109 5
 13 19 107 9
 14 23 99 9
 15 19 80 11
 62
 110 587
 15
 1 25 70 10
 2 17 100 7
 3 22 93 5
 4 24 100 6
 5 25 98 10
 6 21 69 7
 7 18 43 6
 8 31 104 11
 9 13 93 4
 10 20 50 9
 11 25 119 8
 12 15 82 13
 13 15 80 9
 14 18 105 6
 15 21 76 12
 63
 110 587
 15
 1 29 82 6
 2 25 60 12
 3 30 104 6
 4 14 71 4
 5 13 89 8
 6 33 108 4
 7 22 90 6
 8 16 48 7
 9 26 89 14
 10 29 99 8
 11 33 92 7
 12 23 93 7
 13 19 72 3
 14 12 73 11
 15 18 112 11
 64
 110 587
 15
 1 10 114 8
 2 25 92 10
 3 13 114 7
 4 21 93 8
 5 32 80 4
 6 14 99 6
 7 23 60 18
 8 16 54 5
 9 34 113 9
 10 24 67 9
 11 10 65 7
 12 14 110 14
 13 13 75 9
 14 20 95 5
 15 33 92 6
 65
 110 587
 15
 1 13 55 6
 2 18 48 8
 3 13 47 9
 4 25 104 8
 5 20 83 13
 6 19 53 12
 7 24 108 15
 8 36 78 8
 9 12 77 13
 10 10 74 12
 11 18 49 7
 12 20 79 14
 13 17 75 9
 14 28 98 14
 15 18 72 8
 66
 110 587
 15
 1 16 87 16
 2 23 84 9
 3 22 84 5
 4 15 76 5
 5 30 87 7
 6 26 115 6
 7 25 78 12
 8 31 93 7
 9 20 48 6
 10 26 92 7
 11 27 102 4
 12 17 80 9
 13 30 90 5
 14 21 66 9
 15 26 73 9
 67
 110 587
 15
 1 19 119 9
 2 17 90 9
 3 13 67 6
 4 18 71 5
 5 25 90 10
 6 20 87 10
 7 18 87 9
 8 17 113 13
 9 17 97 10
 10 12 90 11
 11 35 88 11
 12 25 111 12
 13 15 105 10
 14 14 91 13
 15 15 53 12
 68
 110 587
 15
 1 18 60 6
 2 20 76 6
 3 24 65 5
 4 25 109 6
 5 15 93 8
 6 29 83 7
 7 27 96 8
 8 15 52 6
 9 30 98 5
 10 28 118 9
 11 12 48 9
 12 25 75 9
 13 16 120 7
 14 32 91 4
 15 24 102 8
 69
 110 587
 15
 1 16 91 11
 2 20 118 19
 3 16 75 8
 4 16 81 9
 5 16 97 15
 6 13 97 10
 7 14 57 13
 8 31 77 10
 9 13 116 9
 10 14 85 9
 11 20 112 11
 12 11 87 11
 13 13 49 13
 14 19 63 9
 15 16 82 10
 70
 110 587
 15
 1 14 56 6
 2 19 92 6
 3 14 90 9
 4 26 73 4
 5 22 114 9
 6 18 94 9
 7 19 108 9
 8 30 89 9
 9 21 81 11
 10 18 61 5
 11 29 85 8
 12 19 111 4
 13 29 66 6
 14 24 117 6
 15 20 70 5
 71
 110 587
 15
 1 31 99 15
 2 18 110 10
 3 25 96 12
 4 17 114 5
 5 11 105 5
 6 25 75 8
 7 24 72 6
 8 16 102 13
 9 22 59 5
 10 16 111 12
 11 29 90 14
 12 17 55 5
 13 10 98 9
 14 17 85 6
 15 15 41 12
 72
 110 587
 15
 1 34 96 10
 2 17 69 3
 3 27 107 7
 4 17 92 5
 5 15 96 7
 6 19 66 9
 7 18 63 8
 8 15 51 7
 9 22 100 15
 10 26 78 12
 11 14 33 8
 12 22 81 11
 13 19 88 9
 14 10 52 12
 15 15 112 9
 73
 110 587
 15
 1 18 90 6
 2 16 102 10
 3 15 117 8
 4 28 75 10
 5 17 86 6
 6 31 101 8
 7 32 90 8
 8 25 76 6
 9 15 65 11
 10 18 61 6
 11 22 96 9
 12 13 112 8
 13 27 103 4
 14 34 110 7
 15 13 92 7
 74
 110 587
 15
 1 34 86 7
 2 15 53 4
 3 18 96 8
 4 27 119 8
 5 18 77 9
 6 12 96 6
 7 27 75 5
 8 30 88 4
 9 23 120 5
 10 34 104 9
 11 30 72 5
 12 21 68 6
 13 26 118 8
 14 27 78 9
 15 11 72 7
 75
 110 587
 15
 1 12 101 7
 2 14 94 7
 3 23 79 8
 4 17 90 8
 5 20 68 13
 6 17 48 11
 7 34 108 9
 8 15 91 4
 9 31 84 15
 10 20 77 3
 11 21 91 6
 12 30 82 12
 13 13 89 5
 14 15 45 4
 15 14 79 11
 76
 110 587
 15
 1 15 77 11
 2 14 98 5
 3 16 61 6
 4 30 92 7
 5 13 58 11
 6 25 108 8
 7 35 93 6
 8 15 111 6
 9 24 79 14
 10 19 85 11
 11 16 106 9
 12 38 113 8
 13 21 57 4
 14 13 103 7
 15 15 74 9
 77
 110 587
 15
 1 18 73 11
 2 13 87 12
 3 22 68 7
 4 16 73 10
 5 23 65 19
 6 17 80 10
 7 13 72 10
 8 20 75 7
 9 17 104 18
 10 22 97 9
 11 24 79 17
 12 13 52 7
 13 29 84 12
 14 26 74 5
 15 13 102 4
 78
 110 587
 15
 1 21 105 9
 2 12 75 12
 3 13 79 12
 4 19 95 13
 5 20 50 11
 6 26 80 9
 7 17 90 5
 8 30 87 9
 9 19 68 12
 10 12 78 10
 11 26 73 10
 12 19 83 9
 13 22 87 12
 14 13 60 9
 15 32 82 13
 79
 110 587
 15
 1 23 64 10
 2 11 79 15
 3 16 89 16
 4 17 79 10
 5 15 79 15
 6 11 115 10
 7 22 76 7
 8 14 80 17
 9 13 66 8
 10 16 50 7
 11 10 116 9
 12 25 113 9
 13 15 101 13
 14 23 96 14
 15 13 61 8
 80
 110 587
 15
 1 27 78 10
 2 10 120 13
 3 27 100 9
 4 18 91 8
 5 28 112 8
 6 17 88 18
 7 26 108 12
 8 14 100 11
 9 10 89 14
 10 10 90 15
 11 18 89 6
 12 10 62 7
 13 20 116 8
 14 16 64 10
 15 20 63 9
 81
 110 587
 15
 1 27 110 4
 2 35 80 7
 3 25 110 4
 4 20 100 6
 5 16 103 8
 6 24 70 5
 7 31 80 5
 8 33 120 9
 9 18 75 9
 10 24 57 6
 11 26 62 3
 12 18 83 6
 13 20 75 4
 14 15 98 9
 15 26 112 9
 82
 110 587
 15
 1 25 65 7
 2 14 113 10
 3 16 120 10
 4 10 71 9
 5 32 94 8
 6 16 64 9
 7 10 71 11
 8 24 85 8
 9 26 108 9
 10 12 116 8
 11 17 75 11
 12 26 114 10
 13 10 55 11
 14 33 89 4
 15 23 92 14
 83
 110 587
 15
 1 23 83 13
 2 27 76 11
 3 20 91 9
 4 17 61 9
 5 23 84 5
 6 28 95 9
 7 11 90 10
 8 14 69 7
 9 24 72 7
 10 29 83 11
 11 12 99 6
 12 26 96 7
 13 18 71 9
 14 22 57 11
 15 21 99 5
 84
 110 587
 15
 1 21 114 8
 2 37 105 12
 3 25 76 8
 4 20 104 11
 5 11 75 9
 6 10 93 11
 7 12 89 10
 8 14 89 10
 9 12 36 11
 10 14 72 5
 11 19 72 9
 12 12 84 7
 13 15 85 9
 14 19 115 9
 15 19 60 8
 85
 110 587
 15
 1 11 55 10
 2 15 72 12
 3 18 61 6
 4 11 76 7
 5 30 74 10
 6 16 43 9
 7 13 108 10
 8 32 109 8
 9 20 97 8
 10 31 109 9
 11 22 57 6
 12 20 114 8
 13 33 100 8
 14 12 82 7
 15 15 97 10
 86
 110 587
 15
 1 14 87 9
 2 28 97 11
 3 19 71 11
 4 23 63 8
 5 18 77 13
 6 23 102 7
 7 14 72 10
 8 19 84 11
 9 28 84 5
 10 16 88 9
 11 36 109 12
 12 27 57 9
 13 12 115 8
 14 20 71 7
 15 14 102 8
 87
 110 587
 15
 1 14 119 8
 2 24 84 8
 3 39 97 9
 4 16 109 10
 5 23 80 11
 6 15 74 7
 7 15 40 5
 8 13 58 7
 9 35 111 8
 10 21 95 5
 11 14 96 10
 12 33 84 2
 13 19 62 6
 14 29 108 8
 15 12 96 4
 88
 110 587
 15
 1 20 100 8
 2 17 89 7
 3 19 92 15
 4 12 90 11
 5 19 84 12
 6 23 77 11
 7 16 90 15
 8 13 78 10
 9 14 76 7
 10 13 102 10
 11 19 55 18
 12 14 115 8
 13 26 98 9
 14 22 75 20
 15 10 61 10
 89
 110 587
 15
 1 23 95 4
 2 20 65 7
 3 29 103 9
 4 26 71 8
 5 14 119 6
 6 39 109 7
 7 17 58 3
 8 32 98 10
 9 20 44 12
 10 17 70 6
 11 29 119 7
 12 22 89 4
 13 29 75 8
 14 15 43 5
 15 20 95 4
 90
 110 587
 15
 1 16 91 7
 2 31 87 5
 3 22 113 8
 4 22 114 8
 5 33 110 6
 6 15 81 2
 7 18 108 3
 8 28 118 8
 9 15 96 7
 10 18 43 6
 11 38 93 6
 12 12 85 9
 13 15 93 1
 14 38 101 7
 15 28 112 2
 91
 110 587
 15
 1 28 86 6
 2 16 61 8
 3 13 39 8
 4 13 85 8
 5 21 101 6
 6 23 65 3
 7 19 76 6
 8 12 47 9
 9 30 93 8
 10 25 95 11
 11 16 97 12
 12 18 116 6
 13 23 98 14
 14 30 68 11
 15 34 93 7
 92
 110 587
 15
 1 31 96 7
 2 29 74 7
 3 21 86 10
 4 28 90 8
 5 40 97 6
 6 14 116 8
 7 17 86 12
 8 13 67 5
 9 15 115 9
 10 23 62 9
 11 19 49 4
 12 16 55 8
 13 31 113 8
 14 16 49 7
 15 27 71 6
 93
 110 587
 15
 1 18 78 5
 2 29 115 9
 3 10 68 5
 4 23 119 5
 5 28 100 5
 6 26 88 7
 7 21 95 4
 8 31 87 5
 9 23 80 5
 10 33 120 5
 11 30 103 6
 12 25 86 9
 13 18 80 5
 14 18 94 6
 15 25 92 5
 94
 110 587
 15
 1 34 75 9
 2 20 66 8
 3 20 64 13
 4 14 90 9
 5 14 73 14
 6 30 91 11
 7 14 54 13
 8 28 107 7
 9 22 63 11
 10 25 88 9
 11 10 79 5
 12 33 116 9
 13 17 84 11
 14 11 61 5
 15 15 54 4
 95
 110 587
 15
 1 10 101 9
 2 27 108 9
 3 16 74 11
 4 16 69 12
 5 15 71 8
 6 15 38 14
 7 18 108 12
 8 18 100 9
 9 19 99 10
 10 11 83 9
 11 18 99 9
 12 11 83 11
 13 22 66 6
 14 14 120 12
 15 25 101 14
 96
 110 587
 15
 1 13 64 10
 2 26 92 10
 3 10 92 10
 4 16 90 5
 5 17 54 9
 6 22 95 12
 7 23 72 6
 8 12 56 3
 9 13 64 8
 10 27 113 6
 11 21 113 8
 12 19 94 13
 13 34 81 5
 14 27 87 12
 15 22 81 14
 97
 110 587
 15
 1 16 74 10
 2 21 100 8
 3 21 95 11
 4 15 95 8
 5 12 45 11
 6 12 67 8
 7 17 55 11
 8 30 76 10
 9 25 119 8
 10 13 98 7
 11 30 86 13
 12 15 117 10
 13 12 96 8
 14 20 54 8
 15 20 89 10
 98
 110 587
 15
 1 19 106 11
 2 24 69 18
 3 28 106 7
 4 25 71 14
 5 18 62 10
 6 19 75 12
 7 26 90 7
 8 27 96 9
 9 33 83 7
 10 15 58 10
 11 12 81 8
 12 20 71 11
 13 20 111 7
 14 13 113 7
 15 18 50 9
 99
 110 587
 15
 1 22 51 14
 2 23 95 14
 3 11 116 7
 4 16 51 7
 5 19 117 8
 6 36 103 7
 7 27 73 6
 8 20 116 9
 9 11 62 8
 10 15 106 7
 11 16 100 7
 12 13 87 5
 13 17 57 4
 14 37 80 11
 15 16 111 6
 100
 110 587
 15
 1 23 78 7
 2 21 46 7
 3 18 98 9
 4 15 100 8
 5 23 108 7
 6 14 75 5
 7 28 108 14
 8 12 45 16
 9 19 103 9
 10 23 74 13
 11 22 96 9
 12 21 117 10
 13 25 73 6
 14 23 61 6
 15 13 91 13
