 100
 1
 110 587
 20
 1 15 108 10
 2 12 110 6
 3 27 92 5
 4 14 81 5
 5 36 120 6
 6 24 111 4
 7 23 98 7
 8 15 95 6
 9 15 85 5
 10 12 71 5
 11 12 36 4
 12 31 97 8
 13 11 33 2
 14 13 95 5
 15 22 94 8
 16 19 41 4
 17 32 104 4
 18 18 52 4
 19 17 104 6
 20 23 83 6
 2
 110 587
 20
 1 10 49 10
 2 20 60 7
 3 32 103 6
 4 31 95 6
 5 13 111 1
 6 36 85 9
 7 15 48 7
 8 19 86 7
 9 23 71 7
 10 16 90 7
 11 22 98 7
 12 11 73 6
 13 19 61 8
 14 31 75 6
 15 20 74 6
 16 13 98 3
 17 20 97 11
 18 23 89 6
 19 27 73 5
 20 33 84 4
 3
 110 587
 20
 1 13 97 4
 2 19 102 4
 3 18 113 10
 4 21 66 7
 5 13 101 6
 6 17 100 6
 7 20 91 4
 8 28 106 4
 9 29 103 9
 10 20 75 7
 11 32 71 5
 12 19 85 7
 13 28 97 7
 14 15 61 5
 15 17 80 5
 16 31 73 12
 17 34 90 8
 18 20 118 4
 19 15 94 4
 20 15 90 8
 4
 110 587
 20
 1 16 113 7
 2 14 52 6
 3 14 57 8
 4 15 99 5
 5 16 92 11
 6 19 119 4
 7 24 54 16
 8 17 75 4
 9 22 79 6
 10 23 116 5
 11 11 83 7
 12 28 98 9
 13 28 78 4
 14 23 98 9
 15 15 41 13
 16 17 59 6
 17 18 83 4
 18 16 68 8
 19 24 103 8
 20 16 97 13
 5
 110 587
 20
 1 19 88 6
 2 18 94 4
 3 21 87 5
 4 36 100 7
 5 18 83 7
 6 11 91 10
 7 27 109 10
 8 15 94 10
 9 15 34 12
 10 28 83 5
 11 13 108 8
 12 16 72 3
 13 14 93 4
 14 16 71 5
 15 13 104 5
 16 22 94 3
 17 32 82 11
 18 14 109 3
 19 22 79 5
 20 38 104 3
 6
 110 587
 20
 1 22 86 6
 2 17 81 14
 3 18 70 13
 4 26 71 7
 5 20 78 8
 6 23 69 7
 7 28 72 8
 8 18 75 9
 9 25 94 5
 10 25 65 10
 11 23 81 8
 12 13 68 7
 13 22 108 9
 14 22 114 7
 15 11 84 6
 16 15 62 6
 17 16 86 8
 18 11 59 3
 19 10 42 10
 20 19 110 5
 7
 110 587
 20
 1 25 118 6
 2 15 86 6
 3 26 64 5
 4 16 42 4
 5 21 64 6
 6 17 84 7
 7 18 76 6
 8 27 95 6
 9 26 80 8
 10 11 109 6
 11 27 72 3
 12 22 98 4
 13 15 88 5
 14 33 94 5
 15 32 78 6
 16 15 77 6
 17 30 91 5
 18 38 101 4
 19 29 103 5
 20 28 117 6
 8
 110 587
 20
 1 28 75 3
 2 15 57 5
 3 17 79 4
 4 37 104 6
 5 15 55 9
 6 16 99 6
 7 29 90 7
 8 22 115 4
 9 10 107 6
 10 27 81 9
 11 13 118 9
 12 19 67 6
 13 23 78 8
 14 24 67 3
 15 19 74 4
 16 31 89 5
 17 14 95 5
 18 25 72 8
 19 17 93 6
 20 11 40 6
 9
 110 587
 20
 1 31 90 3
 2 14 84 1
 3 19 94 6
 4 27 80 7
 5 22 69 6
 6 18 70 8
 7 27 94 4
 8 14 92 7
 9 18 72 4
 10 13 89 4
 11 14 91 7
 12 34 78 11
 13 16 84 7
 14 19 107 5
 15 34 114 7
 16 24 57 11
 17 23 99 4
 18 22 92 7
 19 21 73 10
 20 19 99 10
 10
 110 587
 20
 1 15 68 6
 2 13 120 4
 3 30 95 5
 4 17 61 8
 5 18 53 9
 6 21 80 5
 7 14 109 7
 8 17 74 6
 9 18 53 3
 10 29 102 8
 11 23 64 10
 12 16 99 8
 13 21 76 5
 14 12 90 6
 15 18 94 4
 16 14 117 5
 17 12 39 5
 18 21 92 9
 19 24 102 13
 20 23 82 9
 11
 110 587
 20
 1 30 74 4
 2 12 71 8
 3 29 106 7
 4 21 109 7
 5 11 118 6
 6 21 105 7
 7 18 72 4
 8 27 84 5
 9 13 91 10
 10 14 69 9
 11 18 76 8
 12 12 48 6
 13 33 91 6
 14 21 72 6
 15 30 74 10
 16 10 85 10
 17 16 52 8
 18 27 83 11
 19 13 71 4
 20 15 65 7
 12
 110 587
 20
 1 28 95 5
 2 11 112 7
 3 20 116 10
 4 28 98 5
 5 29 108 6
 6 33 82 8
 7 18 67 7
 8 22 104 12
 9 12 89 4
 10 18 64 5
 11 15 101 5
 12 18 69 9
 13 11 106 8
 14 18 100 9
 15 17 56 4
 16 25 66 7
 17 10 116 8
 18 16 48 11
 19 20 63 9
 20 24 59 7
 13
 110 587
 20
 1 12 52 12
 2 10 63 11
 3 18 100 9
 4 18 79 8
 5 18 99 9
 6 15 97 9
 7 27 90 10
 8 14 91 8
 9 20 111 4
 10 17 95 5
 11 14 74 8
 12 10 100 6
 13 15 75 8
 14 22 86 8
 15 16 72 8
 16 12 112 5
 17 20 109 7
 18 21 83 16
 19 20 101 6
 20 15 76 15
 14
 110 587
 20
 1 15 68 4
 2 31 104 10
 3 10 82 6
 4 30 114 9
 5 33 90 4
 6 18 112 3
 7 27 71 4
 8 16 74 8
 9 28 75 4
 10 26 68 4
 11 23 64 7
 12 18 60 4
 13 17 55 7
 14 15 59 4
 15 17 104 3
 16 19 81 9
 17 22 101 8
 18 18 116 7
 19 23 77 6
 20 19 90 8
 15
 110 587
 20
 1 18 100 6
 2 27 90 5
 3 21 65 5
 4 20 85 7
 5 25 81 8
 6 25 84 4
 7 36 109 3
 8 26 73 5
 9 20 73 6
 10 19 120 7
 11 34 111 7
 12 26 71 6
 13 29 71 7
 14 16 93 7
 15 21 83 7
 16 11 49 4
 17 22 94 5
 18 13 66 8
 19 20 77 4
 20 30 79 6
 16
 110 587
 20
 1 19 43 7
 2 20 97 6
 3 23 67 7
 4 19 98 4
 5 13 73 5
 6 20 66 6
 7 36 82 4
 8 21 93 7
 9 14 95 5
 10 34 88 3
 11 17 88 11
 12 34 100 4
 13 13 74 4
 14 30 82 6
 15 16 63 7
 16 35 108 8
 17 26 87 6
 18 12 107 10
 19 15 101 6
 20 11 86 2
 17
 110 587
 20
 1 17 72 7
 2 23 75 7
 3 11 78 9
 4 39 119 6
 5 31 76 7
 6 32 119 4
 7 18 91 7
 8 13 113 7
 9 22 98 5
 10 21 76 6
 11 15 58 5
 12 12 94 10
 13 21 89 5
 14 25 119 6
 15 17 70 6
 16 28 76 6
 17 20 80 7
 18 23 79 3
 19 30 70 5
 20 19 93 7
 18
 110 587
 20
 1 15 104 3
 2 36 92 4
 3 21 88 7
 4 30 90 4
 5 20 79 6
 6 14 96 7
 7 39 100 3
 8 16 73 3
 9 30 115 6
 10 38 113 3
 11 15 68 2
 12 15 70 10
 13 13 104 8
 14 14 86 6
 15 14 114 6
 16 21 44 6
 17 31 73 7
 18 37 98 3
 19 20 92 3
 20 34 99 6
 19
 110 587
 20
 1 13 60 9
 2 19 71 6
 3 32 99 7
 4 20 61 3
 5 21 83 3
 6 17 63 4
 7 10 54 5
 8 25 62 9
 9 35 79 6
 10 24 91 5
 11 11 95 4
 12 21 101 11
 13 30 119 8
 14 11 78 7
 15 12 93 9
 16 13 104 2
 17 18 66 12
 18 24 68 11
 19 10 100 4
 20 15 106 10
 20
 110 587
 20
 1 33 97 6
 2 34 81 5
 3 12 109 12
 4 10 98 8
 5 17 86 8
 6 17 76 6
 7 11 109 3
 8 21 82 9
 9 15 58 6
 10 24 99 5
 11 19 89 4
 12 20 74 7
 13 16 97 7
 14 25 112 8
 15 10 73 3
 16 34 74 4
 17 29 70 6
 18 19 90 8
 19 29 76 10
 20 26 113 5
 21
 110 587
 20
 1 36 109 7
 2 16 95 4
 3 18 119 4
 4 31 95 4
 5 16 116 6
 6 19 98 8
 7 12 72 7
 8 13 102 9
 9 22 99 7
 10 15 106 8
 11 16 55 6
 12 14 71 9
 13 24 58 4
 14 12 79 3
 15 26 77 8
 16 20 60 10
 17 15 75 8
 18 20 86 4
 19 15 39 8
 20 24 119 9
 22
 110 587
 20
 1 25 89 3
 2 23 73 6
 3 19 94 7
 4 21 66 7
 5 35 106 5
 6 31 80 2
 7 13 60 10
 8 15 72 6
 9 15 63 6
 10 11 74 9
 11 26 105 10
 12 22 101 11
 13 32 93 5
 14 21 74 5
 15 14 72 8
 16 22 99 5
 17 22 79 7
 18 25 81 7
 19 30 99 4
 20 15 38 7
 23
 110 587
 20
 1 11 84 4
 2 32 115 4
 3 12 77 15
 4 11 40 10
 5 23 97 6
 6 12 95 12
 7 14 90 6
 8 24 56 3
 9 40 118 5
 10 20 56 5
 11 13 78 7
 12 20 88 10
 13 10 87 8
 14 14 105 8
 15 32 103 3
 16 15 67 10
 17 13 83 8
 18 14 44 10
 19 24 91 13
 20 21 90 10
 24
 110 587
 20
 1 14 113 4
 2 31 98 5
 3 23 60 5
 4 32 100 5
 5 11 99 3
 6 16 106 5
 7 15 78 1
 8 20 71 3
 9 17 83 5
 10 13 99 7
 11 21 91 5
 12 36 99 4
 13 18 102 9
 14 36 97 6
 15 13 83 3
 16 18 78 6
 17 27 120 10
 18 19 77 8
 19 12 45 4
 20 11 73 7
 25
 110 587
 20
 1 17 75 10
 2 24 107 8
 3 21 70 10
 4 22 78 10
 5 13 78 6
 6 24 78 3
 7 16 109 5
 8 12 91 7
 9 23 67 4
 10 30 67 8
 11 17 115 6
 12 17 102 10
 13 24 117 4
 14 20 70 6
 15 29 64 6
 16 31 95 5
 17 11 113 5
 18 16 113 7
 19 31 99 5
 20 23 56 5
 26
 110 587
 20
 1 20 86 13
 2 29 75 5
 3 13 100 8
 4 12 59 10
 5 15 69 8
 6 18 63 7
 7 17 96 7
 8 14 111 7
 9 26 102 10
 10 16 71 6
 11 26 88 2
 12 21 50 6
 13 20 84 13
 14 22 98 6
 15 12 54 3
 16 24 63 9
 17 25 106 7
 18 13 97 9
 19 14 68 7
 20 19 68 8
 27
 110 587
 20
 1 23 118 8
 2 12 99 3
 3 24 91 10
 4 20 104 4
 5 16 75 9
 6 30 113 5
 7 14 36 6
 8 20 56 3
 9 11 67 8
 10 32 92 4
 11 15 73 7
 12 29 72 7
 13 13 56 8
 14 17 93 8
 15 25 113 3
 16 15 35 6
 17 40 100 8
 18 10 105 6
 19 19 77 4
 20 15 98 4
 28
 110 587
 20
 1 26 62 10
 2 25 54 6
 3 32 102 4
 4 23 97 7
 5 18 52 5
 6 11 93 3
 7 19 90 8
 8 20 66 8
 9 13 38 7
 10 18 86 7
 11 17 92 1
 12 11 103 7
 13 21 79 14
 14 10 66 9
 15 22 100 8
 16 10 91 5
 17 14 92 11
 18 20 76 7
 19 26 98 6
 20 26 81 11
 29
 110 587
 20
 1 28 91 3
 2 26 92 11
 3 14 112 4
 4 13 78 7
 5 14 41 5
 6 16 57 6
 7 20 54 6
 8 12 85 3
 9 27 89 9
 10 34 118 6
 11 18 98 7
 12 19 81 4
 13 19 86 4
 14 20 91 4
 15 20 73 9
 16 28 67 6
 17 16 84 9
 18 35 96 4
 19 15 67 5
 20 32 82 5
 30
 110 587
 20
 1 16 64 5
 2 14 51 10
 3 15 49 13
 4 29 109 2
 5 16 66 10
 6 23 120 7
 7 20 109 10
 8 14 100 6
 9 25 76 7
 10 13 85 4
 11 27 79 8
 12 27 93 6
 13 37 101 7
 14 26 89 8
 15 18 98 7
 16 15 118 8
 17 18 77 6
 18 23 64 5
 19 18 74 5
 20 19 89 9
 31
 110 587
 20
 1 24 70 8
 2 24 84 4
 3 21 89 9
 4 19 80 12
 5 21 114 5
 6 17 92 6
 7 21 72 11
 8 23 120 7
 9 12 106 12
 10 17 72 9
 11 17 74 8
 12 14 103 5
 13 15 115 7
 14 19 117 10
 15 16 60 9
 16 19 86 7
 17 21 71 7
 18 16 87 6
 19 14 97 7
 20 15 95 12
 32
 110 587
 20
 1 22 95 5
 2 17 81 7
 3 15 71 6
 4 14 96 10
 5 25 104 9
 6 28 77 12
 7 18 75 6
 8 19 65 5
 9 20 70 6
 10 21 111 5
 11 25 108 13
 12 13 43 7
 13 19 70 14
 14 13 84 8
 15 13 103 9
 16 12 54 6
 17 19 63 7
 18 18 80 3
 19 10 67 6
 20 11 102 5
 33
 110 587
 20
 1 10 40 4
 2 15 76 5
 3 25 63 7
 4 34 114 7
 5 26 95 7
 6 10 92 7
 7 23 90 8
 8 12 84 9
 9 17 57 6
 10 25 78 9
 11 18 81 6
 12 21 73 4
 13 15 64 11
 14 25 85 5
 15 11 83 8
 16 13 114 9
 17 25 67 8
 18 23 79 7
 19 18 89 8
 20 23 109 7
 34
 110 587
 20
 1 13 68 7
 2 21 118 6
 3 18 73 3
 4 25 85 5
 5 16 86 4
 6 15 99 7
 7 24 93 5
 8 13 89 4
 9 37 98 6
 10 23 58 6
 11 11 56 1
 12 29 104 6
 13 33 80 5
 14 29 110 8
 15 31 96 7
 16 28 82 6
 17 17 55 6
 18 20 120 3
 19 17 97 6
 20 27 115 5
 35
 110 587
 20
 1 15 100 7
 2 21 84 6
 3 15 95 10
 4 15 57 4
 5 30 76 6
 6 23 71 9
 7 13 109 7
 8 22 109 8
 9 14 84 14
 10 10 104 8
 11 19 119 10
 12 21 75 9
 13 13 84 6
 14 16 77 9
 15 21 75 11
 16 21 51 3
 17 20 63 8
 18 17 71 10
 19 33 74 7
 20 15 38 10
 36
 110 587
 20
 1 13 41 10
 2 17 110 5
 3 26 94 8
 4 35 119 2
 5 23 67 5
 6 15 61 10
 7 17 72 7
 8 19 64 7
 9 22 110 13
 10 26 73 9
 11 27 95 7
 12 15 86 7
 13 26 99 8
 14 15 81 7
 15 35 113 2
 16 14 109 5
 17 15 63 6
 18 14 111 4
 19 14 48 4
 20 19 97 7
 37
 110 587
 20
 1 22 98 4
 2 19 60 5
 3 30 105 5
 4 26 90 7
 5 12 66 4
 6 27 106 4
 7 18 55 4
 8 11 82 8
 9 29 74 10
 10 12 81 4
 11 19 71 5
 12 23 105 5
 13 34 114 5
 14 27 103 6
 15 27 93 6
 16 37 78 3
 17 29 118 4
 18 11 91 2
 19 12 96 4
 20 22 80 4
 38
 110 587
 20
 1 25 104 4
 2 18 102 4
 3 16 115 10
 4 16 61 11
 5 24 70 5
 6 39 91 4
 7 26 90 6
 8 12 78 4
 9 19 77 8
 10 28 97 9
 11 13 58 2
 12 16 64 5
 13 12 57 7
 14 14 70 4
 15 30 93 6
 16 23 61 6
 17 13 111 7
 18 31 102 8
 19 31 88 7
 20 19 63 3
 39
 110 587
 20
 1 22 89 12
 2 17 53 7
 3 12 54 8
 4 16 73 10
 5 19 73 6
 6 14 50 8
 7 27 62 10
 8 22 98 5
 9 15 94 10
 10 14 97 10
 11 21 102 8
 12 22 80 3
 13 20 93 13
 14 19 77 5
 15 26 57 8
 16 23 105 8
 17 27 103 9
 18 17 72 7
 19 17 42 12
 20 23 61 8
 40
 110 587
 20
 1 31 85 2
 2 16 94 5
 3 22 83 4
 4 27 95 6
 5 15 76 7
 6 22 113 3
 7 30 108 4
 8 18 118 6
 9 24 93 11
 10 14 60 9
 11 29 97 7
 12 17 105 3
 13 26 67 8
 14 18 96 5
 15 16 91 6
 16 16 73 6
 17 11 96 10
 18 33 94 8
 19 36 95 2
 20 11 64 7
 41
 110 587
 20
 1 34 109 3
 2 15 90 6
 3 17 66 9
 4 17 76 8
 5 26 111 8
 6 14 86 5
 7 31 80 2
 8 11 81 6
 9 32 114 6
 10 16 90 10
 11 20 75 8
 12 22 67 5
 13 37 88 7
 14 11 100 9
 15 24 103 5
 16 20 79 8
 17 25 89 5
 18 22 60 4
 19 13 65 6
 20 22 88 7
 42
 110 587
 20
 1 25 76 8
 2 14 86 7
 3 24 66 5
 4 18 75 4
 5 14 102 8
 6 26 74 4
 7 18 89 5
 8 33 99 5
 9 33 80 5
 10 22 65 5
 11 15 112 3
 12 34 79 8
 13 15 97 11
 14 15 73 3
 15 22 90 4
 16 32 101 4
 17 39 89 8
 18 13 85 4
 19 14 57 3
 20 34 78 4
 43
 110 587
 20
 1 35 82 7
 2 13 66 5
 3 15 77 3
 4 19 100 2
 5 33 93 3
 6 15 89 3
 7 33 98 6
 8 21 87 2
 9 17 53 5
 10 18 116 3
 11 23 85 2
 12 12 106 4
 13 23 112 10
 14 23 89 7
 15 19 62 3
 16 25 69 8
 17 23 93 5
 18 17 74 2
 19 33 95 10
 20 15 84 6
 44
 110 587
 20
 1 12 114 13
 2 12 92 12
 3 18 89 12
 4 18 95 3
 5 21 90 5
 6 14 93 11
 7 15 69 11
 8 18 107 3
 9 20 98 8
 10 30 83 6
 11 29 98 9
 12 13 45 9
 13 18 63 9
 14 21 96 8
 15 17 88 9
 16 18 40 11
 17 33 97 6
 18 21 76 3
 19 21 64 4
 20 18 91 4
 45
 110 587
 20
 1 15 63 5
 2 11 120 4
 3 28 97 7
 4 21 77 4
 5 10 93 11
 6 21 65 9
 7 20 108 13
 8 10 79 7
 9 13 68 7
 10 20 68 5
 11 15 79 6
 12 19 76 9
 13 25 80 7
 14 14 115 3
 15 15 113 6
 16 11 96 6
 17 13 60 13
 18 18 118 7
 19 16 80 5
 20 38 98 6
 46
 110 587
 20
 1 18 86 7
 2 11 71 2
 3 27 108 4
 4 28 104 7
 5 29 96 6
 6 13 58 7
 7 24 73 3
 8 28 98 10
 9 11 117 8
 10 36 109 6
 11 17 95 6
 12 24 106 4
 13 17 66 5
 14 21 82 1
 15 13 93 9
 16 31 68 6
 17 15 70 3
 18 15 68 9
 19 13 94 6
 20 19 104 7
 47
 110 587
 20
 1 21 118 8
 2 10 112 7
 3 18 118 8
 4 19 76 5
 5 17 100 9
 6 25 100 8
 7 18 75 10
 8 20 76 7
 9 19 82 6
 10 22 84 8
 11 25 80 9
 12 14 61 7
 13 25 80 4
 14 24 92 6
 15 10 72 10
 16 16 54 7
 17 17 46 10
 18 12 109 4
 19 16 63 6
 20 30 111 11
 48
 110 587
 20
 1 24 59 1
 2 23 79 4
 3 19 95 6
 4 23 95 4
 5 13 72 7
 6 36 88 5
 7 33 90 5
 8 18 96 9
 9 23 62 6
 10 21 92 6
 11 20 100 5
 12 22 76 7
 13 17 95 8
 14 24 108 10
 15 26 86 2
 16 20 92 10
 17 19 66 5
 18 29 85 5
 19 16 86 6
 20 11 118 2
 49
 110 587
 20
 1 22 91 8
 2 36 105 5
 3 24 79 6
 4 29 109 5
 5 15 48 10
 6 13 44 6
 7 27 79 5
 8 10 116 6
 9 24 101 6
 10 24 102 4
 11 11 105 6
 12 30 107 9
 13 11 110 2
 14 17 75 7
 15 16 73 6
 16 12 60 9
 17 15 43 7
 18 28 100 7
 19 20 93 10
 20 14 45 7
 50
 110 587
 20
 1 16 60 7
 2 27 98 3
 3 19 60 6
 4 20 81 9
 5 12 119 13
 6 21 107 13
 7 10 108 9
 8 22 97 6
 9 13 66 4
 10 10 69 6
 11 19 78 5
 12 23 95 4
 13 15 40 9
 14 10 88 9
 15 34 103 10
 16 17 119 10
 17 23 115 5
 18 14 68 8
 19 12 71 6
 20 20 87 7
 51
 110 587
 20
 1 18 66 6
 2 24 97 4
 3 21 69 8
 4 10 52 10
 5 18 109 11
 6 12 79 11
 7 11 95 6
 8 19 65 10
 9 15 98 14
 10 18 53 9
 11 25 82 10
 12 15 77 7
 13 24 66 8
 14 31 101 6
 15 23 82 8
 16 29 88 5
 17 14 108 10
 18 31 91 9
 19 12 61 7
 20 15 70 7
 52
 110 587
 20
 1 15 96 6
 2 23 75 6
 3 10 80 7
 4 30 114 9
 5 19 100 9
 6 24 72 6
 7 12 36 3
 8 17 85 5
 9 29 85 5
 10 12 95 8
 11 12 115 3
 12 21 108 8
 13 13 73 7
 14 17 68 3
 15 30 83 6
 16 21 57 11
 17 28 101 12
 18 21 56 4
 19 19 93 9
 20 26 53 11
 53
 110 587
 20
 1 13 78 6
 2 12 89 10
 3 20 90 11
 4 21 85 7
 5 22 91 3
 6 35 114 8
 7 12 90 5
 8 38 105 4
 9 25 74 6
 10 27 62 6
 11 13 89 5
 12 23 65 5
 13 14 79 2
 14 17 84 9
 15 21 55 4
 16 14 115 6
 17 12 93 8
 18 25 96 7
 19 31 86 5
 20 18 76 5
 54
 110 587
 20
 1 11 99 10
 2 20 68 10
 3 30 101 10
 4 11 57 6
 5 23 81 11
 6 12 86 5
 7 13 54 8
 8 17 95 7
 9 14 105 9
 10 14 120 7
 11 21 64 9
 12 10 78 7
 13 22 98 6
 14 13 94 5
 15 25 113 5
 16 38 83 6
 17 26 86 6
 18 16 68 5
 19 15 52 7
 20 19 95 4
 55
 110 587
 20
 1 14 100 8
 2 33 81 10
 3 10 111 9
 4 18 119 5
 5 15 72 5
 6 20 58 7
 7 14 108 13
 8 19 54 7
 9 22 69 7
 10 30 88 7
 11 17 83 5
 12 18 108 7
 13 28 108 4
 14 15 73 9
 15 21 92 9
 16 25 62 7
 17 10 79 6
 18 19 74 7
 19 14 92 2
 20 30 78 8
 56
 110 587
 20
 1 17 90 7
 2 14 64 18
 3 15 42 11
 4 22 94 4
 5 26 68 8
 6 10 55 6
 7 15 72 7
 8 17 75 4
 9 15 62 7
 10 16 79 8
 11 13 99 5
 12 24 89 11
 13 16 93 8
 14 29 119 3
 15 21 80 10
 16 13 111 9
 17 24 73 6
 18 16 115 14
 19 30 100 8
 20 11 80 8
 57
 110 587
 20
 1 20 85 4
 2 27 73 6
 3 20 90 7
 4 12 75 5
 5 22 57 4
 6 22 93 7
 7 16 73 9
 8 37 95 5
 9 39 93 5
 10 32 113 6
 11 15 72 8
 12 35 100 3
 13 17 53 6
 14 23 87 5
 15 18 52 7
 16 16 79 8
 17 32 77 8
 18 13 65 9
 19 15 54 7
 20 22 87 8
 58
 110 587
 20
 1 23 105 11
 2 30 115 9
 3 11 72 4
 4 16 65 4
 5 10 60 6
 6 32 85 4
 7 17 90 4
 8 32 115 5
 9 16 80 8
 10 18 95 6
 11 22 66 5
 12 12 109 4
 13 25 89 9
 14 13 54 8
 15 16 79 4
 16 23 80 5
 17 22 81 1
 18 10 107 7
 19 40 91 5
 20 13 93 7
 59
 110 587
 20
 1 23 76 9
 2 15 66 7
 3 22 62 9
 4 18 95 9
 5 17 63 7
 6 16 100 7
 7 18 91 4
 8 18 49 4
 9 24 109 4
 10 13 69 5
 11 31 109 5
 12 21 48 8
 13 24 77 6
 14 38 112 7
 15 14 102 9
 16 32 106 4
 17 25 86 5
 18 28 79 7
 19 19 61 8
 20 15 100 5
 60
 110 587
 20
 1 29 78 5
 2 28 107 6
 3 18 72 7
 4 13 93 6
 5 17 116 13
 6 19 101 11
 7 19 108 6
 8 16 64 7
 9 26 73 8
 10 17 106 6
 11 14 82 5
 12 29 79 2
 13 11 92 5
 14 25 80 5
 15 12 82 3
 16 25 74 6
 17 20 90 4
 18 25 98 7
 19 15 69 7
 20 26 107 7
 61
 110 587
 20
 1 32 109 1
 2 27 84 6
 3 12 96 2
 4 18 74 3
 5 35 107 5
 6 27 80 6
 7 16 72 4
 8 37 84 7
 9 10 40 3
 10 21 74 5
 11 16 55 8
 12 35 109 5
 13 19 107 7
 14 23 99 5
 15 19 80 6
 16 18 46 4
 17 18 94 6
 18 24 98 5
 19 35 99 6
 20 26 113 6
 62
 110 587
 20
 1 25 70 8
 2 17 100 8
 3 22 93 4
 4 24 100 4
 5 25 98 8
 6 21 69 4
 7 18 43 7
 8 31 104 5
 9 13 93 6
 10 20 50 8
 11 25 119 6
 12 15 82 3
 13 15 80 5
 14 18 105 8
 15 21 76 5
 16 11 102 11
 17 18 120 7
 18 29 89 5
 19 23 60 6
 20 17 120 8
 63
 110 587
 20
 1 29 82 4
 2 25 60 3
 3 30 104 9
 4 14 71 5
 5 13 89 1
 6 33 108 7
 7 22 90 5
 8 16 48 4
 9 26 89 6
 10 29 99 5
 11 33 92 5
 12 23 93 10
 13 19 72 6
 14 12 73 5
 15 18 112 6
 16 34 70 4
 17 13 112 2
 18 19 52 6
 19 11 120 7
 20 18 94 7
 64
 110 587
 20
 1 10 114 6
 2 25 92 6
 3 13 114 4
 4 21 93 5
 5 32 80 5
 6 14 99 5
 7 23 60 3
 8 16 54 3
 9 34 113 15
 10 24 67 4
 11 10 65 3
 12 14 110 4
 13 13 75 7
 14 20 95 2
 15 33 92 11
 16 19 55 6
 17 15 105 4
 18 23 90 4
 19 19 90 8
 20 11 77 3
 65
 110 587
 20
 1 13 55 5
 2 18 48 4
 3 13 47 12
 4 25 104 7
 5 20 83 6
 6 19 53 12
 7 24 108 8
 8 36 78 10
 9 12 77 10
 10 10 74 5
 11 18 49 9
 12 20 79 10
 13 17 75 11
 14 28 98 5
 15 18 72 12
 16 20 98 9
 17 17 98 7
 18 15 62 11
 19 18 68 9
 20 22 60 6
 66
 110 587
 20
 1 16 87 14
 2 23 84 4
 3 22 84 8
 4 15 76 6
 5 30 87 3
 6 26 115 4
 7 25 78 4
 8 31 93 5
 9 20 48 10
 10 26 92 4
 11 27 102 7
 12 17 80 5
 13 30 90 6
 14 21 66 3
 15 26 73 6
 16 13 66 5
 17 14 91 4
 18 16 72 7
 19 37 120 6
 20 21 68 6
 67
 110 587
 20
 1 19 119 5
 2 17 90 5
 3 13 67 7
 4 18 71 4
 5 25 90 6
 6 20 87 3
 7 18 87 11
 8 17 113 6
 9 17 97 9
 10 12 90 11
 11 35 88 6
 12 25 111 9
 13 15 105 13
 14 14 91 6
 15 15 53 10
 16 17 73 11
 17 22 84 12
 18 14 113 8
 19 25 89 10
 20 13 62 10
 68
 110 587
 20
 1 18 60 4
 2 20 76 3
 3 24 65 6
 4 25 109 5
 5 15 93 6
 6 29 83 3
 7 27 96 4
 8 15 52 5
 9 30 98 6
 10 28 118 7
 11 12 48 2
 12 25 75 4
 13 16 120 8
 14 32 91 5
 15 24 102 9
 16 29 93 6
 17 11 76 7
 18 11 63 4
 19 13 83 6
 20 26 85 5
 69
 110 587
 20
 1 16 91 7
 2 20 118 13
 3 16 75 11
 4 16 81 5
 5 16 97 8
 6 13 97 9
 7 14 57 9
 8 31 77 7
 9 13 116 7
 10 14 85 7
 11 20 112 7
 12 11 87 5
 13 13 49 5
 14 19 63 10
 15 16 82 8
 16 22 63 8
 17 26 69 9
 18 12 104 7
 19 18 119 5
 20 34 76 8
 70
 110 587
 20
 1 14 56 3
 2 19 92 6
 3 14 90 5
 4 26 73 7
 5 22 114 4
 6 18 94 5
 7 19 108 8
 8 30 89 7
 9 21 81 7
 10 18 61 8
 11 29 85 7
 12 19 111 8
 13 29 66 3
 14 24 117 6
 15 20 70 5
 16 15 36 4
 17 28 80 5
 18 27 73 6
 19 20 89 4
 20 19 82 3
 71
 110 587
 20
 1 31 99 9
 2 18 110 12
 3 25 96 5
 4 17 114 11
 5 11 105 3
 6 25 75 3
 7 24 72 3
 8 16 102 7
 9 22 59 5
 10 16 111 4
 11 29 90 11
 12 17 55 3
 13 10 98 7
 14 17 85 8
 15 15 41 8
 16 38 89 4
 17 23 61 5
 18 22 96 6
 19 29 98 6
 20 17 89 7
 72
 110 587
 20
 1 34 96 8
 2 17 69 4
 3 27 107 3
 4 17 92 4
 5 15 96 4
 6 19 66 5
 7 18 63 6
 8 15 51 6
 9 22 100 8
 10 26 78 6
 11 14 33 4
 12 22 81 12
 13 19 88 9
 14 10 52 6
 15 15 112 6
 16 28 63 9
 17 24 76 6
 18 23 92 7
 19 26 118 7
 20 11 96 7
 73
 110 587
 20
 1 18 90 7
 2 16 102 4
 3 15 117 7
 4 28 75 7
 5 17 86 8
 6 31 101 4
 7 32 90 10
 8 25 76 6
 9 15 65 5
 10 18 61 6
 11 22 96 6
 12 13 112 7
 13 27 103 2
 14 34 110 7
 15 13 92 10
 16 16 116 5
 17 20 70 3
 18 27 87 5
 19 16 88 9
 20 22 102 3
 74
 110 587
 20
 1 34 86 6
 2 15 53 3
 3 18 96 5
 4 27 119 5
 5 18 77 7
 6 12 96 3
 7 27 75 8
 8 30 88 7
 9 23 120 3
 10 34 104 5
 11 30 72 5
 12 21 68 4
 13 26 118 5
 14 27 78 8
 15 11 72 4
 16 17 84 3
 17 16 74 8
 18 18 48 7
 19 18 69 4
 20 29 109 8
 75
 110 587
 20
 1 12 101 8
 2 14 94 5
 3 23 79 7
 4 17 90 5
 5 20 68 5
 6 17 48 11
 7 34 108 9
 8 15 91 7
 9 31 84 4
 10 20 77 6
 11 21 91 5
 12 30 82 10
 13 13 89 3
 14 15 45 3
 15 14 79 8
 16 10 56 10
 17 19 117 7
 18 21 84 2
 19 23 118 7
 20 15 116 7
 76
 110 587
 20
 1 15 77 6
 2 14 98 3
 3 16 61 3
 4 30 92 4
 5 13 58 4
 6 25 108 7
 7 35 93 8
 8 15 111 5
 9 24 79 5
 10 19 85 3
 11 16 106 5
 12 38 113 11
 13 21 57 9
 14 13 103 4
 15 15 74 7
 16 14 112 4
 17 33 110 4
 18 18 119 1
 19 11 97 8
 20 12 53 4
 77
 110 587
 20
 1 18 73 11
 2 13 87 9
 3 22 68 6
 4 16 73 6
 5 23 65 7
 6 17 80 11
 7 13 72 13
 8 20 75 8
 9 17 104 9
 10 22 97 6
 11 24 79 7
 12 13 52 13
 13 29 84 8
 14 26 74 9
 15 13 102 9
 16 26 80 6
 17 17 102 8
 18 13 70 5
 19 25 60 3
 20 19 84 4
 78
 110 587
 20
 1 21 105 6
 2 12 75 7
 3 13 79 11
 4 19 95 8
 5 20 50 9
 6 26 80 6
 7 17 90 5
 8 30 87 7
 9 19 68 3
 10 12 78 7
 11 26 73 8
 12 19 83 8
 13 22 87 6
 14 13 60 10
 15 32 82 4
 16 19 52 6
 17 31 95 10
 18 12 111 4
 19 18 117 8
 20 19 67 9
 79
 110 587
 20
 1 23 64 6
 2 11 79 9
 3 16 89 12
 4 17 79 12
 5 15 79 10
 6 11 115 7
 7 22 76 10
 8 14 80 8
 9 13 66 6
 10 16 50 8
 11 10 116 14
 12 25 113 6
 13 15 101 4
 14 23 96 8
 15 13 61 5
 16 11 108 9
 17 15 96 7
 18 23 80 9
 19 17 87 11
 20 25 61 5
 80
 110 587
 20
 1 27 78 4
 2 10 120 10
 3 27 100 5
 4 18 91 6
 5 28 112 7
 6 17 88 3
 7 26 108 8
 8 14 100 12
 9 10 89 6
 10 10 90 10
 11 18 89 4
 12 10 62 9
 13 20 116 7
 14 16 64 5
 15 20 63 3
 16 35 76 6
 17 29 100 4
 18 37 102 8
 19 25 66 6
 20 11 58 5
 81
 110 587
 20
 1 27 110 2
 2 35 80 6
 3 25 110 1
 4 20 100 4
 5 16 103 5
 6 24 70 7
 7 31 80 6
 8 33 120 8
 9 18 75 5
 10 24 57 6
 11 26 62 5
 12 18 83 6
 13 20 75 7
 14 15 98 6
 15 26 112 3
 16 22 56 6
 17 13 74 4
 18 26 68 5
 19 13 116 10
 20 22 92 8
 82
 110 587
 20
 1 25 65 6
 2 14 113 9
 3 16 120 5
 4 10 71 7
 5 32 94 4
 6 16 64 10
 7 10 71 7
 8 24 85 4
 9 26 108 7
 10 12 116 6
 11 17 75 8
 12 26 114 5
 13 10 55 6
 14 33 89 5
 15 23 92 7
 16 21 103 7
 17 16 66 8
 18 19 93 5
 19 25 86 5
 20 34 75 10
 83
 110 587
 20
 1 23 83 13
 2 27 76 4
 3 20 91 8
 4 17 61 7
 5 23 84 6
 6 28 95 8
 7 11 90 4
 8 14 69 7
 9 24 72 7
 10 29 83 4
 11 12 99 8
 12 26 96 7
 13 18 71 7
 14 22 57 5
 15 21 99 8
 16 13 72 9
 17 11 59 6
 18 22 86 10
 19 20 80 6
 20 15 78 5
 84
 110 587
 20
 1 21 114 8
 2 37 105 5
 3 25 76 9
 4 20 104 10
 5 11 75 6
 6 10 93 8
 7 12 89 6
 8 14 89 10
 9 12 36 7
 10 14 72 8
 11 19 72 9
 12 12 84 9
 13 15 85 5
 14 19 115 5
 15 19 60 10
 16 20 74 8
 17 20 52 10
 18 25 85 10
 19 17 116 5
 20 20 85 6
 85
 110 587
 20
 1 11 55 5
 2 15 72 10
 3 18 61 4
 4 11 76 5
 5 30 74 5
 6 16 43 8
 7 13 108 4
 8 32 109 6
 9 20 97 7
 10 31 109 6
 11 22 57 3
 12 20 114 6
 13 33 100 6
 14 12 82 4
 15 15 97 3
 16 30 99 7
 17 22 79 7
 18 15 44 2
 19 27 85 6
 20 38 100 4
 86
 110 587
 20
 1 14 87 8
 2 28 97 8
 3 19 71 9
 4 23 63 6
 5 18 77 7
 6 23 102 5
 7 14 72 7
 8 19 84 6
 9 28 84 6
 10 16 88 5
 11 36 109 10
 12 27 57 2
 13 12 115 7
 14 20 71 8
 15 14 102 8
 16 22 69 5
 17 19 50 5
 18 19 78 10
 19 15 95 3
 20 19 98 9
 87
 110 587
 20
 1 14 119 5
 2 24 84 6
 3 39 97 7
 4 16 109 6
 5 23 80 5
 6 15 74 11
 7 15 40 10
 8 13 58 3
 9 35 111 4
 10 21 95 7
 11 14 96 8
 12 33 84 5
 13 19 62 6
 14 29 108 9
 15 12 96 2
 16 15 42 4
 17 15 75 5
 18 16 117 7
 19 24 115 6
 20 30 105 1
 88
 110 587
 20
 1 20 100 5
 2 17 89 4
 3 19 92 7
 4 12 90 12
 5 19 84 8
 6 23 77 6
 7 16 90 5
 8 13 78 9
 9 14 76 11
 10 13 102 4
 11 19 55 7
 12 14 115 4
 13 26 98 6
 14 22 75 11
 15 10 61 5
 16 39 94 6
 17 21 114 7
 18 13 98 7
 19 22 85 12
 20 11 111 6
 89
 110 587
 20
 1 23 95 4
 2 20 65 5
 3 29 103 3
 4 26 71 9
 5 14 119 6
 6 39 109 6
 7 17 58 6
 8 32 98 5
 9 20 44 1
 10 17 70 7
 11 29 119 5
 12 22 89 10
 13 29 75 5
 14 15 43 3
 15 20 95 9
 16 31 65 4
 17 31 107 6
 18 10 109 4
 19 10 54 4
 20 16 118 3
 90
 110 587
 20
 1 16 91 5
 2 31 87 3
 3 22 113 6
 4 22 114 8
 5 33 110 6
 6 15 81 4
 7 18 108 5
 8 28 118 4
 9 15 96 4
 10 18 43 5
 11 38 93 6
 12 12 85 6
 13 15 93 5
 14 38 101 3
 15 28 112 7
 16 15 49 7
 17 19 100 1
 18 20 76 4
 19 29 114 4
 20 17 91 4
 91
 110 587
 20
 1 28 86 4
 2 16 61 3
 3 13 39 8
 4 13 85 5
 5 21 101 3
 6 23 65 4
 7 19 76 5
 8 12 47 3
 9 30 93 4
 10 25 95 8
 11 16 97 4
 12 18 116 6
 13 23 98 5
 14 30 68 9
 15 34 93 7
 16 17 90 3
 17 33 93 5
 18 35 100 6
 19 17 94 9
 20 15 74 5
 92
 110 587
 20
 1 31 96 6
 2 29 74 7
 3 21 86 5
 4 28 90 10
 5 40 97 6
 6 14 116 2
 7 17 86 4
 8 13 67 7
 9 15 115 10
 10 23 62 5
 11 19 49 3
 12 16 55 10
 13 31 113 7
 14 16 49 3
 15 27 71 4
 16 10 62 7
 17 17 85 4
 18 25 64 9
 19 24 73 4
 20 23 57 5
 93
 110 587
 20
 1 18 78 4
 2 29 115 7
 3 10 68 5
 4 23 119 6
 5 28 100 3
 6 26 88 3
 7 21 95 6
 8 31 87 7
 9 23 80 3
 10 33 120 4
 11 30 103 3
 12 25 86 4
 13 18 80 5
 14 18 94 4
 15 25 92 6
 16 17 118 5
 17 31 80 4
 18 16 91 5
 19 24 114 4
 20 20 76 2
 94
 110 587
 20
 1 34 75 8
 2 20 66 5
 3 20 64 8
 4 14 90 9
 5 14 73 9
 6 30 91 7
 7 14 54 10
 8 28 107 7
 9 22 63 10
 10 25 88 11
 11 10 79 2
 12 33 116 7
 13 17 84 6
 14 11 61 4
 15 15 54 4
 16 26 86 6
 17 14 84 8
 18 20 80 7
 19 13 83 4
 20 19 99 2
 95
 110 587
 20
 1 10 101 5
 2 27 108 8
 3 16 74 9
 4 16 69 8
 5 15 71 7
 6 15 38 6
 7 18 108 10
 8 18 100 7
 9 19 99 8
 10 11 83 7
 11 18 99 6
 12 11 83 7
 13 22 66 6
 14 14 120 5
 15 25 101 6
 16 19 58 9
 17 29 88 4
 18 23 82 7
 19 26 63 8
 20 30 82 13
 96
 110 587
 20
 1 13 64 9
 2 26 92 7
 3 10 92 8
 4 16 90 8
 5 17 54 6
 6 22 95 6
 7 23 72 8
 8 12 56 10
 9 13 64 5
 10 27 113 6
 11 21 113 5
 12 19 94 6
 13 34 81 5
 14 27 87 9
 15 22 81 13
 16 12 113 10
 17 12 92 5
 18 16 100 6
 19 20 113 6
 20 11 74 13
 97
 110 587
 20
 1 16 74 7
 2 21 100 7
 3 21 95 6
 4 15 95 8
 5 12 45 4
 6 12 67 9
 7 17 55 4
 8 30 76 6
 9 25 119 8
 10 13 98 6
 11 30 86 7
 12 15 117 3
 13 12 96 4
 14 20 54 7
 15 20 89 8
 16 35 82 8
 17 24 97 5
 18 17 74 5
 19 23 83 7
 20 22 80 5
 98
 110 587
 20
 1 19 106 8
 2 24 69 11
 3 28 106 11
 4 25 71 5
 5 18 62 9
 6 19 75 7
 7 26 90 9
 8 27 96 10
 9 33 83 5
 10 15 58 6
 11 12 81 8
 12 20 71 4
 13 20 111 8
 14 13 113 4
 15 18 50 8
 16 25 57 7
 17 10 42 7
 18 14 115 3
 19 26 78 9
 20 15 87 5
 99
 110 587
 20
 1 22 51 9
 2 23 95 12
 3 11 116 9
 4 16 51 5
 5 19 117 8
 6 36 103 7
 7 27 73 8
 8 20 116 5
 9 11 62 5
 10 15 106 9
 11 16 100 8
 12 13 87 8
 13 17 57 9
 14 37 80 5
 15 16 111 6
 16 14 109 6
 17 14 49 7
 18 11 92 4
 19 15 112 8
 20 15 94 7
 100
 110 587
 20
 1 23 78 6
 2 21 46 4
 3 18 98 4
 4 15 100 8
 5 23 108 6
 6 14 75 6
 7 28 108 5
 8 12 45 4
 9 19 103 8
 10 23 74 7
 11 22 96 11
 12 21 117 4
 13 25 73 9
 14 23 61 3
 15 13 91 9
 16 14 78 7
 17 17 119 3
 18 31 106 6
 19 31 82 6
 20 26 100 6
