 100
 1
 110 587
 30
 1 15 108 7
 2 12 110 4
 3 27 92 5
 4 14 81 5
 5 36 120 2
 6 24 111 4
 7 23 98 5
 8 15 95 5
 9 15 85 5
 10 12 71 7
 11 12 36 8
 12 31 97 6
 13 11 33 4
 14 13 95 4
 15 22 94 4
 16 19 41 3
 17 32 104 5
 18 18 52 4
 19 17 104 3
 20 23 83 3
 21 15 74 6
 22 31 95 5
 23 16 56 6
 24 24 96 3
 25 15 88 3
 26 14 80 3
 27 20 60 5
 28 10 113 8
 29 15 93 3
 30 13 87 7
 2
 110 587
 30
 1 10 49 7
 2 20 60 6
 3 32 103 4
 4 31 95 5
 5 13 111 3
 6 36 85 4
 7 15 48 1
 8 19 86 7
 9 23 71 4
 10 16 90 5
 11 22 98 3
 12 11 73 6
 13 19 61 3
 14 31 75 6
 15 20 74 5
 16 13 98 2
 17 20 97 5
 18 23 89 5
 19 27 73 6
 20 33 84 2
 21 14 38 4
 22 19 61 2
 23 21 57 4
 24 10 98 2
 25 28 83 9
 26 18 75 4
 27 22 60 8
 28 20 79 5
 29 22 103 4
 30 29 96 2
 3
 110 587
 30
 1 13 97 2
 2 19 102 4
 3 18 113 5
 4 21 66 5
 5 13 101 7
 6 17 100 4
 7 20 91 7
 8 28 106 3
 9 29 103 5
 10 20 75 3
 11 32 71 6
 12 19 85 4
 13 28 97 5
 14 15 61 4
 15 17 80 2
 16 31 73 3
 17 34 90 2
 18 20 118 7
 19 15 94 4
 20 15 90 4
 21 10 61 2
 22 29 74 3
 23 25 58 7
 24 26 100 6
 25 22 64 10
 26 17 83 4
 27 17 80 4
 28 23 71 4
 29 23 113 4
 30 15 110 7
 4
 110 587
 30
 1 16 113 4
 2 14 52 6
 3 14 57 3
 4 15 99 8
 5 16 92 2
 6 19 119 4
 7 24 54 7
 8 17 75 6
 9 22 79 2
 10 23 116 6
 11 11 83 9
 12 28 98 2
 13 28 78 3
 14 23 98 3
 15 15 41 3
 16 17 59 4
 17 18 83 8
 18 16 68 6
 19 24 103 4
 20 16 97 6
 21 25 92 5
 22 20 108 5
 23 29 62 5
 24 12 101 3
 25 18 99 3
 26 27 67 2
 27 19 99 4
 28 39 103 6
 29 16 91 9
 30 16 71 8
 5
 110 587
 30
 1 19 88 2
 2 18 94 4
 3 21 87 3
 4 36 100 5
 5 18 83 6
 6 11 91 5
 7 27 109 4
 8 15 94 4
 9 15 34 10
 10 28 83 5
 11 13 108 6
 12 16 72 8
 13 14 93 9
 14 16 71 3
 15 13 104 6
 16 22 94 6
 17 32 82 8
 18 14 109 3
 19 22 79 3
 20 38 104 1
 21 22 56 5
 22 26 67 8
 23 29 72 2
 24 14 103 4
 25 12 61 6
 26 13 63 6
 27 20 88 3
 28 19 87 6
 29 10 61 7
 30 17 66 3
 6
 110 587
 30
 1 22 86 4
 2 17 81 6
 3 18 70 8
 4 26 71 10
 5 20 78 8
 6 23 69 4
 7 28 72 5
 8 18 75 3
 9 25 94 6
 10 25 65 6
 11 23 81 10
 12 13 68 5
 13 22 108 5
 14 22 114 3
 15 11 84 7
 16 15 62 6
 17 16 86 6
 18 11 59 6
 19 10 42 8
 20 19 110 4
 21 14 79 5
 22 16 86 3
 23 10 78 5
 24 14 105 3
 25 14 115 3
 26 29 73 5
 27 18 77 2
 28 18 94 4
 29 15 52 5
 30 30 68 5
 7
 110 587
 30
 1 25 118 5
 2 15 86 3
 3 26 64 5
 4 16 42 3
 5 21 64 3
 6 17 84 3
 7 18 76 3
 8 27 95 5
 9 26 80 5
 10 11 109 3
 11 27 72 4
 12 22 98 3
 13 15 88 2
 14 33 94 6
 15 32 78 2
 16 15 77 1
 17 30 91 5
 18 38 101 2
 19 29 103 5
 20 28 117 2
 21 17 71 2
 22 15 60 4
 23 14 87 2
 24 31 107 5
 25 32 93 5
 26 22 55 3
 27 15 66 4
 28 13 94 4
 29 23 76 8
 30 20 74 3
 8
 110 587
 30
 1 28 75 5
 2 15 57 4
 3 17 79 3
 4 37 104 1
 5 15 55 5
 6 16 99 5
 7 29 90 7
 8 22 115 5
 9 10 107 3
 10 27 81 3
 11 13 118 3
 12 19 67 2
 13 23 78 4
 14 24 67 8
 15 19 74 8
 16 31 89 4
 17 14 95 7
 18 25 72 2
 19 17 93 7
 20 11 40 7
 21 26 75 4
 22 13 65 3
 23 19 96 3
 24 17 109 4
 25 19 82 7
 26 25 92 4
 27 27 117 3
 28 17 60 5
 29 22 73 5
 30 25 88 4
 9
 110 587
 30
 1 31 90 4
 2 14 84 2
 3 19 94 1
 4 27 80 5
 5 22 69 4
 6 18 70 4
 7 27 94 4
 8 14 92 2
 9 18 72 5
 10 13 89 3
 11 14 91 3
 12 34 78 5
 13 16 84 2
 14 19 107 2
 15 34 114 1
 16 24 57 4
 17 23 99 8
 18 22 92 3
 19 21 73 5
 20 19 99 2
 21 17 97 4
 22 23 100 4
 23 24 104 5
 24 19 111 7
 25 21 93 2
 26 23 63 3
 27 22 112 4
 28 21 118 6
 29 36 91 6
 30 22 102 5
 10
 110 587
 30
 1 15 68 7
 2 13 120 4
 3 30 95 2
 4 17 61 1
 5 18 53 4
 6 21 80 6
 7 14 109 6
 8 17 74 4
 9 18 53 5
 10 29 102 4
 11 23 64 7
 12 16 99 3
 13 21 76 2
 14 12 90 5
 15 18 94 6
 16 14 117 9
 17 12 39 9
 18 21 92 5
 19 24 102 3
 20 23 82 6
 21 26 88 3
 22 10 45 6
 23 28 113 5
 24 19 113 2
 25 16 58 4
 26 10 42 6
 27 16 107 6
 28 24 84 9
 29 11 93 4
 30 20 115 8
 11
 110 587
 30
 1 30 74 1
 2 12 71 5
 3 29 106 3
 4 21 109 3
 5 11 118 6
 6 21 105 6
 7 18 72 3
 8 27 84 5
 9 13 91 2
 10 14 69 4
 11 18 76 2
 12 12 48 4
 13 33 91 5
 14 21 72 5
 15 30 74 8
 16 10 85 5
 17 16 52 2
 18 27 83 4
 19 13 71 5
 20 15 65 5
 21 30 95 4
 22 21 78 4
 23 15 66 8
 24 35 114 3
 25 11 109 5
 26 19 82 3
 27 26 102 9
 28 18 57 3
 29 14 103 1
 30 17 50 6
 12
 110 587
 30
 1 28 95 2
 2 11 112 5
 3 20 116 5
 4 28 98 6
 5 29 108 4
 6 33 82 3
 7 18 67 2
 8 22 104 7
 9 12 89 3
 10 18 64 6
 11 15 101 7
 12 18 69 5
 13 11 106 3
 14 18 100 3
 15 17 56 3
 16 25 66 2
 17 10 116 5
 18 16 48 7
 19 20 63 5
 20 24 59 4
 21 20 101 7
 22 20 113 3
 23 20 75 3
 24 21 116 5
 25 17 72 4
 26 13 53 7
 27 36 97 4
 28 28 108 7
 29 24 113 2
 30 11 52 6
 13
 110 587
 30
 1 12 52 7
 2 10 63 7
 3 18 100 6
 4 18 79 8
 5 18 99 5
 6 15 97 3
 7 27 90 10
 8 14 91 4
 9 20 111 5
 10 17 95 6
 11 14 74 5
 12 10 100 5
 13 15 75 4
 14 22 86 5
 15 16 72 4
 16 12 112 5
 17 20 109 3
 18 21 83 4
 19 20 101 2
 20 15 76 6
 21 12 107 2
 22 20 57 5
 23 12 64 4
 24 24 118 7
 25 16 99 6
 26 15 100 8
 27 15 92 10
 28 36 77 4
 29 16 61 6
 30 12 65 7
 14
 110 587
 30
 1 15 68 3
 2 31 104 5
 3 10 82 6
 4 30 114 1
 5 33 90 6
 6 18 112 6
 7 27 71 3
 8 16 74 2
 9 28 75 3
 10 26 68 5
 11 23 64 3
 12 18 60 6
 13 17 55 4
 14 15 59 2
 15 17 104 3
 16 19 81 5
 17 22 101 6
 18 18 116 1
 19 23 77 3
 20 19 90 5
 21 13 114 3
 22 19 91 3
 23 16 65 2
 24 16 120 8
 25 25 87 8
 26 15 117 6
 27 25 87 5
 28 17 80 3
 29 21 90 4
 30 13 95 6
 15
 110 587
 30
 1 18 100 7
 2 27 90 2
 3 21 65 3
 4 20 85 3
 5 25 81 4
 6 25 84 7
 7 36 109 5
 8 26 73 4
 9 20 73 2
 10 19 120 1
 11 34 111 5
 12 26 71 3
 13 29 71 3
 14 16 93 3
 15 21 83 5
 16 11 49 3
 17 22 94 3
 18 13 66 5
 19 20 77 6
 20 30 79 4
 21 25 120 4
 22 16 36 5
 23 21 67 4
 24 15 91 2
 25 20 75 3
 26 21 112 6
 27 28 82 3
 28 27 99 2
 29 13 59 2
 30 29 93 4
 16
 110 587
 30
 1 19 43 5
 2 20 97 5
 3 23 67 3
 4 19 98 5
 5 13 73 1
 6 20 66 2
 7 36 82 6
 8 21 93 5
 9 14 95 2
 10 34 88 3
 11 17 88 4
 12 34 100 4
 13 13 74 4
 14 30 82 3
 15 16 63 2
 16 35 108 5
 17 26 87 3
 18 12 107 4
 19 15 101 4
 20 11 86 3
 21 16 90 4
 22 17 70 6
 23 25 76 8
 24 16 75 5
 25 14 103 2
 26 18 108 6
 27 14 77 6
 28 33 96 3
 29 14 63 6
 30 15 107 3
 17
 110 587
 30
 1 17 72 4
 2 23 75 4
 3 11 78 3
 4 39 119 6
 5 31 76 3
 6 32 119 6
 7 18 91 5
 8 13 113 5
 9 22 98 3
 10 21 76 5
 11 15 58 4
 12 12 94 4
 13 21 89 2
 14 25 119 4
 15 17 70 1
 16 28 76 4
 17 20 80 6
 18 23 79 4
 19 30 70 4
 20 19 93 3
 21 21 76 2
 22 13 105 4
 23 30 85 4
 24 11 58 4
 25 26 80 3
 26 31 104 3
 27 17 72 2
 28 13 34 3
 29 25 74 5
 30 32 120 2
 18
 110 587
 30
 1 15 104 3
 2 36 92 2
 3 21 88 3
 4 30 90 6
 5 20 79 1
 6 14 96 3
 7 39 100 3
 8 16 73 4
 9 30 115 4
 10 38 113 2
 11 15 68 2
 12 15 70 2
 13 13 104 5
 14 14 86 5
 15 14 114 2
 16 21 44 2
 17 31 73 3
 18 37 98 6
 19 20 92 6
 20 34 99 4
 21 24 77 2
 22 15 53 3
 23 33 94 2
 24 18 56 5
 25 20 118 3
 26 16 100 3
 27 33 99 4
 28 17 90 3
 29 22 83 5
 30 18 75 6
 19
 110 587
 30
 1 13 60 6
 2 19 71 4
 3 32 99 2
 4 20 61 5
 5 21 83 2
 6 17 63 2
 7 10 54 2
 8 25 62 3
 9 35 79 1
 10 24 91 4
 11 11 95 5
 12 21 101 4
 13 30 119 7
 14 11 78 2
 15 12 93 4
 16 13 104 3
 17 18 66 6
 18 24 68 5
 19 10 100 6
 20 15 106 5
 21 16 55 8
 22 10 83 5
 23 34 103 4
 24 12 38 3
 25 14 81 7
 26 37 96 5
 27 13 88 7
 28 21 74 2
 29 38 93 6
 30 28 69 5
 20
 110 587
 30
 1 33 97 7
 2 34 81 5
 3 12 109 6
 4 10 98 9
 5 17 86 5
 6 17 76 5
 7 11 109 7
 8 21 82 5
 9 15 58 4
 10 24 99 2
 11 19 89 4
 12 20 74 4
 13 16 97 3
 14 25 112 3
 15 10 73 3
 16 34 74 4
 17 29 70 3
 18 19 90 5
 19 29 76 6
 20 26 113 5
 21 11 64 5
 22 13 118 4
 23 13 112 4
 24 20 84 3
 25 21 93 4
 26 23 92 8
 27 22 77 4
 28 16 114 5
 29 14 103 8
 30 20 71 2
 21
 110 587
 30
 1 36 109 3
 2 16 95 5
 3 18 119 3
 4 31 95 2
 5 16 116 3
 6 19 98 4
 7 12 72 3
 8 13 102 4
 9 22 99 4
 10 15 106 6
 11 16 55 3
 12 14 71 6
 13 24 58 6
 14 12 79 2
 15 26 77 7
 16 20 60 4
 17 15 75 4
 18 20 86 3
 19 15 39 2
 20 24 119 2
 21 33 95 3
 22 31 100 4
 23 18 120 5
 24 16 68 7
 25 18 97 8
 26 39 99 4
 27 26 66 1
 28 26 80 6
 29 14 113 3
 30 29 84 3
 22
 110 587
 30
 1 25 89 2
 2 23 73 3
 3 19 94 3
 4 21 66 4
 5 35 106 6
 6 31 80 4
 7 13 60 3
 8 15 72 4
 9 15 63 2
 10 11 74 3
 11 26 105 5
 12 22 101 5
 13 32 93 1
 14 21 74 6
 15 14 72 6
 16 22 99 5
 17 22 79 7
 18 25 81 5
 19 30 99 4
 20 15 38 4
 21 24 74 5
 22 20 98 4
 23 19 70 3
 24 22 65 4
 25 13 69 7
 26 25 83 5
 27 11 56 4
 28 23 73 5
 29 16 74 4
 30 23 98 6
 23
 110 587
 30
 1 11 84 3
 2 32 115 3
 3 12 77 2
 4 11 40 9
 5 23 97 3
 6 12 95 7
 7 14 90 3
 8 24 56 4
 9 40 118 7
 10 20 56 3
 11 13 78 3
 12 20 88 2
 13 10 87 4
 14 14 105 2
 15 32 103 4
 16 15 67 6
 17 13 83 3
 18 14 44 6
 19 24 91 4
 20 21 90 7
 21 15 82 4
 22 20 96 2
 23 23 70 2
 24 17 46 6
 25 29 112 6
 26 11 79 7
 27 21 45 5
 28 16 104 3
 29 21 66 9
 30 24 112 6
 24
 110 587
 30
 1 14 113 6
 2 31 98 4
 3 23 60 4
 4 32 100 3
 5 11 99 3
 6 16 106 3
 7 15 78 3
 8 20 71 5
 9 17 83 5
 10 13 99 1
 11 21 91 4
 12 36 99 3
 13 18 102 5
 14 36 97 3
 15 13 83 5
 16 18 78 3
 17 27 120 1
 18 19 77 4
 19 12 45 7
 20 11 73 5
 21 19 87 6
 22 16 94 2
 23 28 71 5
 24 24 94 3
 25 23 75 6
 26 28 89 9
 27 17 62 4
 28 26 81 2
 29 26 88 2
 30 17 51 9
 25
 110 587
 30
 1 17 75 6
 2 24 107 6
 3 21 70 3
 4 22 78 6
 5 13 78 5
 6 24 78 7
 7 16 109 2
 8 12 91 4
 9 23 67 4
 10 30 67 4
 11 17 115 6
 12 17 102 4
 13 24 117 4
 14 20 70 5
 15 29 64 3
 16 31 95 4
 17 11 113 7
 18 16 113 3
 19 31 99 2
 20 23 56 4
 21 27 94 3
 22 30 110 5
 23 32 73 5
 24 20 77 5
 25 17 55 4
 26 14 71 6
 27 10 99 1
 28 18 89 3
 29 15 63 6
 30 11 48 3
 26
 110 587
 30
 1 20 86 9
 2 29 75 7
 3 13 100 5
 4 12 59 6
 5 15 69 6
 6 18 63 7
 7 17 96 3
 8 14 111 6
 9 26 102 4
 10 16 71 4
 11 26 88 4
 12 21 50 6
 13 20 84 10
 14 22 98 4
 15 12 54 4
 16 24 63 4
 17 25 106 2
 18 13 97 7
 19 14 68 11
 20 19 68 3
 21 12 100 4
 22 13 91 2
 23 11 74 4
 24 25 74 7
 25 22 98 4
 26 15 67 5
 27 20 119 6
 28 15 97 5
 29 13 73 4
 30 16 62 5
 27
 110 587
 30
 1 23 118 4
 2 12 99 3
 3 24 91 2
 4 20 104 7
 5 16 75 7
 6 30 113 4
 7 14 36 4
 8 20 56 7
 9 11 67 3
 10 32 92 4
 11 15 73 6
 12 29 72 2
 13 13 56 9
 14 17 93 1
 15 25 113 5
 16 15 35 6
 17 40 100 4
 18 10 105 5
 19 19 77 7
 20 15 98 4
 21 10 107 6
 22 27 89 1
 23 15 83 6
 24 22 53 4
 25 17 87 6
 26 16 79 1
 27 30 114 8
 28 14 61 5
 29 28 83 2
 30 13 76 3
 28
 110 587
 30
 1 26 62 5
 2 25 54 4
 3 32 102 4
 4 23 97 2
 5 18 52 5
 6 11 93 1
 7 19 90 2
 8 20 66 3
 9 13 38 2
 10 18 86 2
 11 17 92 7
 12 11 103 3
 13 21 79 5
 14 10 66 6
 15 22 100 4
 16 10 91 1
 17 14 92 3
 18 20 76 4
 19 26 98 9
 20 26 81 6
 21 31 113 3
 22 10 87 3
 23 20 92 4
 24 14 78 3
 25 11 106 2
 26 25 66 6
 27 33 109 4
 28 18 119 3
 29 21 93 5
 30 30 99 5
 29
 110 587
 30
 1 28 91 3
 2 26 92 7
 3 14 112 6
 4 13 78 4
 5 14 41 4
 6 16 57 6
 7 20 54 2
 8 12 85 3
 9 27 89 5
 10 34 118 3
 11 18 98 2
 12 19 81 4
 13 19 86 3
 14 20 91 5
 15 20 73 3
 16 28 67 3
 17 16 84 6
 18 35 96 5
 19 15 67 4
 20 32 82 2
 21 21 119 3
 22 23 85 5
 23 24 101 5
 24 25 87 5
 25 31 73 3
 26 19 97 5
 27 18 104 5
 28 15 85 6
 29 10 104 2
 30 16 103 3
 30
 110 587
 30
 1 16 64 2
 2 14 51 5
 3 15 49 6
 4 29 109 7
 5 16 66 6
 6 23 120 2
 7 20 109 7
 8 14 100 2
 9 25 76 5
 10 13 85 8
 11 27 79 2
 12 27 93 3
 13 37 101 5
 14 26 89 2
 15 18 98 2
 16 15 118 5
 17 18 77 5
 18 23 64 4
 19 18 74 3
 20 19 89 3
 21 13 75 5
 22 37 101 5
 23 29 110 3
 24 11 70 3
 25 15 63 3
 26 25 71 4
 27 22 99 1
 28 25 52 4
 29 16 114 2
 30 32 117 6
 31
 110 587
 30
 1 24 70 5
 2 24 84 3
 3 21 89 3
 4 19 80 6
 5 21 114 7
 6 17 92 5
 7 21 72 3
 8 23 120 3
 9 12 106 4
 10 17 72 6
 11 17 74 5
 12 14 103 5
 13 15 115 10
 14 19 117 7
 15 16 60 6
 16 19 86 5
 17 21 71 4
 18 16 87 4
 19 14 97 5
 20 15 95 6
 21 15 70 6
 22 20 81 4
 23 34 119 6
 24 27 61 5
 25 20 85 3
 26 20 46 4
 27 17 94 5
 28 29 110 5
 29 13 46 3
 30 18 83 10
 32
 110 587
 30
 1 22 95 6
 2 17 81 9
 3 15 71 7
 4 14 96 3
 5 25 104 4
 6 28 77 5
 7 18 75 5
 8 19 65 8
 9 20 70 7
 10 21 111 6
 11 25 108 2
 12 13 43 4
 13 19 70 5
 14 13 84 5
 15 13 103 6
 16 12 54 8
 17 19 63 9
 18 18 80 6
 19 10 67 12
 20 11 102 6
 21 24 61 6
 22 33 80 7
 23 18 77 5
 24 13 63 5
 25 14 47 5
 26 21 87 4
 27 17 99 4
 28 14 76 2
 29 21 72 5
 30 27 78 4
 33
 110 587
 30
 1 10 40 3
 2 15 76 3
 3 25 63 2
 4 34 114 6
 5 26 95 4
 6 10 92 4
 7 23 90 4
 8 12 84 3
 9 17 57 3
 10 25 78 6
 11 18 81 6
 12 21 73 5
 13 15 64 3
 14 25 85 4
 15 11 83 5
 16 13 114 6
 17 25 67 5
 18 23 79 2
 19 18 89 6
 20 23 109 3
 21 17 93 2
 22 16 114 6
 23 12 77 5
 24 29 97 6
 25 15 100 5
 26 19 58 2
 27 27 88 7
 28 21 75 4
 29 21 71 7
 30 21 73 3
 34
 110 587
 30
 1 13 68 5
 2 21 118 2
 3 18 73 4
 4 25 85 7
 5 16 86 3
 6 15 99 4
 7 24 93 3
 8 13 89 3
 9 37 98 5
 10 23 58 2
 11 11 56 6
 12 29 104 2
 13 33 80 5
 14 29 110 6
 15 31 96 4
 16 28 82 1
 17 17 55 1
 18 20 120 3
 19 17 97 4
 20 27 115 3
 21 24 78 5
 22 29 75 4
 23 17 77 4
 24 15 80 4
 25 10 80 4
 26 10 34 1
 27 37 80 4
 28 34 100 3
 29 11 87 6
 30 34 81 4
 35
 110 587
 30
 1 15 100 5
 2 21 84 4
 3 15 95 6
 4 15 57 7
 5 30 76 5
 6 23 71 1
 7 13 109 3
 8 22 109 4
 9 14 84 7
 10 10 104 6
 11 19 119 5
 12 21 75 3
 13 13 84 7
 14 16 77 4
 15 21 75 4
 16 21 51 7
 17 20 63 6
 18 17 71 3
 19 33 74 3
 20 15 38 4
 21 30 80 5
 22 13 93 6
 23 22 78 3
 24 31 68 2
 25 34 116 5
 26 26 120 6
 27 16 75 6
 28 14 90 7
 29 18 73 3
 30 23 95 6
 36
 110 587
 30
 1 13 41 6
 2 17 110 5
 3 26 94 1
 4 35 119 7
 5 23 67 1
 6 15 61 2
 7 17 72 3
 8 19 64 6
 9 22 110 5
 10 26 73 5
 11 27 95 4
 12 15 86 4
 13 26 99 4
 14 15 81 5
 15 35 113 5
 16 14 109 3
 17 15 63 3
 18 14 111 4
 19 14 48 3
 20 19 97 7
 21 17 73 4
 22 18 71 2
 23 26 79 5
 24 17 70 1
 25 28 79 5
 26 12 116 2
 27 26 70 3
 28 16 98 3
 29 13 83 2
 30 28 109 4
 37
 110 587
 30
 1 22 98 2
 2 19 60 2
 3 30 105 1
 4 26 90 3
 5 12 66 6
 6 27 106 7
 7 18 55 4
 8 11 82 6
 9 29 74 2
 10 12 81 3
 11 19 71 5
 12 23 105 4
 13 34 114 10
 14 27 103 3
 15 27 93 2
 16 37 78 5
 17 29 118 1
 18 11 91 2
 19 12 96 3
 20 22 80 3
 21 12 80 4
 22 10 71 2
 23 31 81 3
 24 15 72 1
 25 20 49 3
 26 29 112 2
 27 22 71 1
 28 15 91 2
 29 30 94 3
 30 15 52 3
 38
 110 587
 30
 1 25 104 5
 2 18 102 4
 3 16 115 2
 4 16 61 5
 5 24 70 6
 6 39 91 5
 7 26 90 3
 8 12 78 3
 9 19 77 2
 10 28 97 2
 11 13 58 2
 12 16 64 7
 13 12 57 5
 14 14 70 5
 15 30 93 6
 16 23 61 3
 17 13 111 2
 18 31 102 4
 19 31 88 7
 20 19 63 3
 21 34 98 2
 22 23 106 2
 23 35 90 3
 24 20 90 7
 25 16 94 4
 26 15 108 5
 27 15 60 3
 28 13 57 5
 29 20 104 5
 30 11 47 2
 39
 110 587
 30
 1 22 89 5
 2 17 53 11
 3 12 54 4
 4 16 73 6
 5 19 73 5
 6 14 50 7
 7 27 62 5
 8 22 98 3
 9 15 94 4
 10 14 97 9
 11 21 102 2
 12 22 80 6
 13 20 93 7
 14 19 77 5
 15 26 57 7
 16 23 105 4
 17 27 103 4
 18 17 72 2
 19 17 42 5
 20 23 61 8
 21 25 93 4
 22 25 74 5
 23 10 99 4
 24 36 76 6
 25 13 98 5
 26 19 104 7
 27 24 99 1
 28 22 115 8
 29 12 114 6
 30 21 59 4
 40
 110 587
 30
 1 31 85 2
 2 16 94 5
 3 22 83 3
 4 27 95 3
 5 15 76 2
 6 22 113 3
 7 30 108 3
 8 18 118 5
 9 24 93 2
 10 14 60 2
 11 29 97 2
 12 17 105 5
 13 26 67 5
 14 18 96 11
 15 16 91 4
 16 16 73 4
 17 11 96 4
 18 33 94 3
 19 36 95 4
 20 11 64 8
 21 16 99 3
 22 20 85 5
 23 14 108 3
 24 22 77 3
 25 39 110 5
 26 17 100 1
 27 25 88 6
 28 26 81 3
 29 16 56 2
 30 14 73 5
 41
 110 587
 30
 1 34 109 3
 2 15 90 1
 3 17 66 6
 4 17 76 4
 5 26 111 5
 6 14 86 5
 7 31 80 4
 8 11 81 2
 9 32 114 5
 10 16 90 3
 11 20 75 4
 12 22 67 3
 13 37 88 4
 14 11 100 2
 15 24 103 7
 16 20 79 4
 17 25 89 6
 18 22 60 3
 19 13 65 5
 20 22 88 6
 21 20 106 4
 22 31 119 2
 23 19 117 5
 24 20 79 3
 25 33 74 1
 26 28 95 3
 27 13 77 4
 28 13 61 4
 29 12 51 3
 30 15 86 4
 42
 110 587
 30
 1 25 76 6
 2 14 86 5
 3 24 66 2
 4 18 75 4
 5 14 102 3
 6 26 74 4
 7 18 89 4
 8 33 99 5
 9 33 80 3
 10 22 65 5
 11 15 112 4
 12 34 79 5
 13 15 97 1
 14 15 73 3
 15 22 90 2
 16 32 101 3
 17 39 89 6
 18 13 85 4
 19 14 57 6
 20 34 78 7
 21 29 112 3
 22 16 63 6
 23 17 83 2
 24 24 99 2
 25 17 63 9
 26 14 91 5
 27 20 67 4
 28 23 105 2
 29 26 71 4
 30 13 100 2
 43
 110 587
 30
 1 35 82 4
 2 13 66 5
 3 15 77 6
 4 19 100 4
 5 33 93 2
 6 15 89 3
 7 33 98 4
 8 21 87 2
 9 17 53 2
 10 18 116 4
 11 23 85 3
 12 12 106 3
 13 23 112 1
 14 23 89 2
 15 19 62 3
 16 25 69 3
 17 23 93 2
 18 17 74 2
 19 33 95 4
 20 15 84 6
 21 14 119 4
 22 29 98 2
 23 22 83 4
 24 10 83 3
 25 23 88 4
 26 36 87 5
 27 17 66 1
 28 33 76 7
 29 20 76 5
 30 33 114 5
 44
 110 587
 30
 1 12 114 6
 2 12 92 9
 3 18 89 5
 4 18 95 6
 5 21 90 8
 6 14 93 2
 7 15 69 4
 8 18 107 2
 9 20 98 6
 10 30 83 9
 11 29 98 5
 12 13 45 3
 13 18 63 5
 14 21 96 4
 15 17 88 2
 16 18 40 5
 17 33 97 7
 18 21 76 5
 19 21 64 6
 20 18 91 5
 21 11 59 10
 22 13 56 8
 23 26 84 6
 24 26 85 6
 25 17 51 2
 26 22 83 4
 27 12 45 2
 28 12 84 3
 29 14 86 5
 30 18 92 2
 45
 110 587
 30
 1 15 63 6
 2 11 120 2
 3 28 97 2
 4 21 77 5
 5 10 93 2
 6 21 65 4
 7 20 108 7
 8 10 79 9
 9 13 68 7
 10 20 68 10
 11 15 79 6
 12 19 76 4
 13 25 80 3
 14 14 115 5
 15 15 113 3
 16 11 96 2
 17 13 60 5
 18 18 118 5
 19 16 80 5
 20 38 98 3
 21 20 91 3
 22 27 76 4
 23 30 84 4
 24 12 87 2
 25 12 104 10
 26 39 94 6
 27 17 116 4
 28 22 96 3
 29 20 84 2
 30 25 87 6
 46
 110 587
 30
 1 18 86 5
 2 11 71 1
 3 27 108 3
 4 28 104 3
 5 29 96 6
 6 13 58 3
 7 24 73 5
 8 28 98 2
 9 11 117 6
 10 36 109 4
 11 17 95 3
 12 24 106 4
 13 17 66 5
 14 21 82 4
 15 13 93 3
 16 31 68 4
 17 15 70 1
 18 15 68 4
 19 13 94 3
 20 19 104 2
 21 23 47 1
 22 10 111 5
 23 11 85 5
 24 16 89 6
 25 33 92 4
 26 25 75 6
 27 32 111 3
 28 31 99 5
 29 12 94 2
 30 21 81 5
 47
 110 587
 30
 1 21 118 5
 2 10 112 3
 3 18 118 5
 4 19 76 5
 5 17 100 4
 6 25 100 2
 7 18 75 3
 8 20 76 8
 9 19 82 4
 10 22 84 9
 11 25 80 2
 12 14 61 7
 13 25 80 6
 14 24 92 5
 15 10 72 5
 16 16 54 6
 17 17 46 4
 18 12 109 4
 19 16 63 2
 20 30 111 3
 21 15 78 4
 22 23 55 6
 23 16 86 4
 24 14 92 5
 25 32 120 4
 26 11 71 5
 27 11 106 2
 28 11 120 2
 29 33 104 7
 30 37 78 6
 48
 110 587
 30
 1 24 59 3
 2 23 79 1
 3 19 95 4
 4 23 95 4
 5 13 72 2
 6 36 88 3
 7 33 90 4
 8 18 96 7
 9 23 62 4
 10 21 92 3
 11 20 100 3
 12 22 76 6
 13 17 95 5
 14 24 108 3
 15 26 86 4
 16 20 92 2
 17 19 66 6
 18 29 85 4
 19 16 86 3
 20 11 118 6
 21 16 73 4
 22 24 90 2
 23 21 88 2
 24 31 92 7
 25 26 82 3
 26 27 84 4
 27 21 102 5
 28 19 87 6
 29 20 114 2
 30 23 92 1
 49
 110 587
 30
 1 22 91 5
 2 36 105 4
 3 24 79 3
 4 29 109 4
 5 15 48 4
 6 13 44 3
 7 27 79 5
 8 10 116 5
 9 24 101 3
 10 24 102 3
 11 11 105 5
 12 30 107 5
 13 11 110 4
 14 17 75 1
 15 16 73 4
 16 12 60 2
 17 15 43 4
 18 28 100 5
 19 20 93 1
 20 14 45 4
 21 27 66 5
 22 16 46 2
 23 25 97 4
 24 17 94 5
 25 21 56 3
 26 13 62 6
 27 30 97 6
 28 23 63 6
 29 15 85 7
 30 33 105 4
 50
 110 587
 30
 1 16 60 2
 2 27 98 3
 3 19 60 3
 4 20 81 4
 5 12 119 6
 6 21 107 5
 7 10 108 8
 8 22 97 8
 9 13 66 7
 10 10 69 4
 11 19 78 6
 12 23 95 3
 13 15 40 1
 14 10 88 4
 15 34 103 3
 16 17 119 3
 17 23 115 4
 18 14 68 3
 19 12 71 7
 20 20 87 5
 21 18 96 5
 22 22 68 5
 23 30 106 8
 24 21 96 4
 25 16 98 4
 26 13 60 2
 27 10 92 7
 28 11 111 5
 29 21 54 2
 30 26 119 6
 51
 110 587
 30
 1 18 66 3
 2 24 97 2
 3 21 69 3
 4 10 52 2
 5 18 109 7
 6 12 79 8
 7 11 95 8
 8 19 65 5
 9 15 98 7
 10 18 53 3
 11 25 82 2
 12 15 77 8
 13 24 66 7
 14 31 101 10
 15 23 82 5
 16 29 88 5
 17 14 108 7
 18 31 91 3
 19 12 61 4
 20 15 70 4
 21 26 80 5
 22 16 103 5
 23 35 115 4
 24 13 98 4
 25 10 60 5
 26 16 74 5
 27 19 87 7
 28 21 77 4
 29 27 100 4
 30 12 55 4
 52
 110 587
 30
 1 15 96 3
 2 23 75 6
 3 10 80 3
 4 30 114 4
 5 19 100 7
 6 24 72 4
 7 12 36 6
 8 17 85 2
 9 29 85 4
 10 12 95 2
 11 12 115 2
 12 21 108 3
 13 13 73 4
 14 17 68 4
 15 30 83 8
 16 21 57 2
 17 28 101 3
 18 21 56 4
 19 19 93 4
 20 26 53 2
 21 31 85 1
 22 20 61 2
 23 16 89 8
 24 35 100 4
 25 35 114 5
 26 22 66 5
 27 17 82 2
 28 22 69 7
 29 32 69 4
 30 25 57 7
 53
 110 587
 30
 1 13 78 5
 2 12 89 5
 3 20 90 10
 4 21 85 7
 5 22 91 5
 6 35 114 3
 7 12 90 4
 8 38 105 4
 9 25 74 5
 10 27 62 4
 11 13 89 4
 12 23 65 5
 13 14 79 4
 14 17 84 7
 15 21 55 3
 16 14 115 4
 17 12 93 3
 18 25 96 3
 19 31 86 3
 20 18 76 2
 21 19 92 5
 22 13 81 4
 23 13 90 6
 24 21 102 1
 25 30 85 5
 26 19 93 7
 27 38 99 4
 28 10 101 5
 29 10 74 4
 30 14 69 2
 54
 110 587
 30
 1 11 99 8
 2 20 68 8
 3 30 101 6
 4 11 57 4
 5 23 81 6
 6 12 86 4
 7 13 54 7
 8 17 95 4
 9 14 105 4
 10 14 120 5
 11 21 64 5
 12 10 78 5
 13 22 98 7
 14 13 94 4
 15 25 113 5
 16 38 83 5
 17 26 86 5
 18 16 68 2
 19 15 52 5
 20 19 95 2
 21 13 98 3
 22 18 116 4
 23 18 90 2
 24 26 104 6
 25 19 74 2
 26 20 71 3
 27 18 88 3
 28 20 85 4
 29 16 84 3
 30 20 83 3
 55
 110 587
 30
 1 14 100 3
 2 33 81 7
 3 10 111 7
 4 18 119 5
 5 15 72 5
 6 20 58 5
 7 14 108 3
 8 19 54 5
 9 22 69 5
 10 30 88 7
 11 17 83 6
 12 18 108 3
 13 28 108 6
 14 15 73 5
 15 21 92 5
 16 25 62 7
 17 10 79 8
 18 19 74 6
 19 14 92 3
 20 30 78 2
 21 13 105 7
 22 10 60 7
 23 22 91 5
 24 18 105 6
 25 19 92 3
 26 17 43 5
 27 28 78 5
 28 17 93 2
 29 22 94 5
 30 17 97 8
 56
 110 587
 30
 1 17 90 5
 2 14 64 9
 3 15 42 9
 4 22 94 7
 5 26 68 3
 6 10 55 3
 7 15 72 4
 8 17 75 3
 9 15 62 5
 10 16 79 3
 11 13 99 4
 12 24 89 2
 13 16 93 2
 14 29 119 4
 15 21 80 5
 16 13 111 2
 17 24 73 5
 18 16 115 4
 19 30 100 3
 20 11 80 4
 21 26 111 2
 22 16 94 6
 23 27 91 3
 24 40 107 6
 25 14 54 2
 26 16 82 6
 27 31 76 6
 28 10 100 4
 29 29 104 2
 30 14 111 5
 57
 110 587
 30
 1 20 85 3
 2 27 73 1
 3 20 90 3
 4 12 75 5
 5 22 57 4
 6 22 93 3
 7 16 73 2
 8 37 95 2
 9 39 93 6
 10 32 113 5
 11 15 72 2
 12 35 100 4
 13 17 53 3
 14 23 87 2
 15 18 52 7
 16 16 79 4
 17 32 77 4
 18 13 65 1
 19 15 54 4
 20 22 87 6
 21 17 118 2
 22 15 74 5
 23 32 92 3
 24 26 109 6
 25 19 108 4
 26 24 120 4
 27 17 57 4
 28 16 58 4
 29 34 114 3
 30 16 100 4
 58
 110 587
 30
 1 23 105 5
 2 30 115 6
 3 11 72 6
 4 16 65 3
 5 10 60 2
 6 32 85 3
 7 17 90 6
 8 32 115 4
 9 16 80 1
 10 18 95 3
 11 22 66 4
 12 12 109 4
 13 25 89 6
 14 13 54 4
 15 16 79 3
 16 23 80 7
 17 22 81 2
 18 10 107 4
 19 40 91 5
 20 13 93 5
 21 16 78 8
 22 14 73 4
 23 36 93 5
 24 11 111 3
 25 13 70 1
 26 10 116 4
 27 22 54 3
 28 20 116 1
 29 11 38 6
 30 23 95 7
 59
 110 587
 30
 1 23 76 6
 2 15 66 6
 3 22 62 4
 4 18 95 5
 5 17 63 5
 6 16 100 7
 7 18 91 3
 8 18 49 5
 9 24 109 6
 10 13 69 3
 11 31 109 2
 12 21 48 3
 13 24 77 2
 14 38 112 4
 15 14 102 5
 16 32 106 3
 17 25 86 6
 18 28 79 7
 19 19 61 5
 20 15 100 5
 21 19 75 4
 22 13 108 5
 23 10 95 6
 24 22 113 3
 25 16 91 4
 26 26 112 3
 27 17 73 2
 28 23 82 4
 29 17 84 4
 30 21 90 3
 60
 110 587
 30
 1 29 78 6
 2 28 107 3
 3 18 72 4
 4 13 93 7
 5 17 116 4
 6 19 101 3
 7 19 108 10
 8 16 64 5
 9 26 73 10
 10 17 106 6
 11 14 82 4
 12 29 79 5
 13 11 92 5
 14 25 80 3
 15 12 82 3
 16 25 74 4
 17 20 90 2
 18 25 98 2
 19 15 69 5
 20 26 107 6
 21 15 46 4
 22 12 51 4
 23 15 104 3
 24 14 115 4
 25 23 86 3
 26 12 108 3
 27 16 99 6
 28 19 55 4
 29 24 54 5
 30 37 85 3
 61
 110 587
 30
 1 32 109 1
 2 27 84 4
 3 12 96 4
 4 18 74 2
 5 35 107 2
 6 27 80 2
 7 16 72 1
 8 37 84 4
 9 10 40 7
 10 21 74 5
 11 16 55 3
 12 35 109 4
 13 19 107 3
 14 23 99 3
 15 19 80 5
 16 18 46 6
 17 18 94 3
 18 24 98 4
 19 35 99 4
 20 26 113 1
 21 12 62 2
 22 30 99 4
 23 20 113 3
 24 30 117 3
 25 18 67 3
 26 29 103 2
 27 18 88 4
 28 29 106 3
 29 30 98 7
 30 24 88 2
 62
 110 587
 30
 1 25 70 4
 2 17 100 7
 3 22 93 6
 4 24 100 5
 5 25 98 4
 6 21 69 3
 7 18 43 7
 8 31 104 2
 9 13 93 5
 10 20 50 7
 11 25 119 3
 12 15 82 4
 13 15 80 3
 14 18 105 7
 15 21 76 4
 16 11 102 4
 17 18 120 5
 18 29 89 1
 19 23 60 2
 20 17 120 3
 21 29 94 5
 22 13 98 4
 23 15 95 5
 24 16 118 5
 25 12 102 8
 26 15 99 5
 27 16 78 1
 28 35 79 4
 29 34 74 3
 30 10 102 9
 63
 110 587
 30
 1 29 82 3
 2 25 60 2
 3 30 104 2
 4 14 71 6
 5 13 89 2
 6 33 108 4
 7 22 90 2
 8 16 48 4
 9 26 89 6
 10 29 99 7
 11 33 92 2
 12 23 93 2
 13 19 72 5
 14 12 73 3
 15 18 112 5
 16 34 70 5
 17 13 112 4
 18 19 52 6
 19 11 120 2
 20 18 94 6
 21 24 65 5
 22 27 96 3
 23 20 96 1
 24 27 120 5
 25 22 76 4
 26 17 95 4
 27 14 119 8
 28 19 78 3
 29 12 84 3
 30 26 116 5
 64
 110 587
 30
 1 10 114 6
 2 25 92 4
 3 13 114 4
 4 21 93 4
 5 32 80 2
 6 14 99 4
 7 23 60 4
 8 16 54 2
 9 34 113 3
 10 24 67 1
 11 10 65 6
 12 14 110 6
 13 13 75 7
 14 20 95 12
 15 33 92 3
 16 19 55 2
 17 15 105 9
 18 23 90 5
 19 19 90 6
 20 11 77 6
 21 16 81 1
 22 10 99 4
 23 24 97 5
 24 15 38 5
 25 16 118 3
 26 17 91 6
 27 24 114 3
 28 29 97 6
 29 19 94 4
 30 12 64 3
 65
 110 587
 30
 1 13 55 1
 2 18 48 5
 3 13 47 3
 4 25 104 6
 5 20 83 3
 6 19 53 4
 7 24 108 5
 8 36 78 2
 9 12 77 7
 10 10 74 4
 11 18 49 4
 12 20 79 5
 13 17 75 7
 14 28 98 5
 15 18 72 2
 16 20 98 5
 17 17 98 7
 18 15 62 4
 19 18 68 6
 20 22 60 5
 21 18 78 2
 22 21 92 6
 23 29 97 6
 24 16 98 5
 25 27 97 4
 26 26 87 4
 27 22 109 5
 28 32 94 5
 29 25 104 1
 30 26 59 3
 66
 110 587
 30
 1 16 87 10
 2 23 84 5
 3 22 84 4
 4 15 76 4
 5 30 87 3
 6 26 115 6
 7 25 78 6
 8 31 93 2
 9 20 48 4
 10 26 92 3
 11 27 102 3
 12 17 80 2
 13 30 90 5
 14 21 66 8
 15 26 73 3
 16 13 66 6
 17 14 91 4
 18 16 72 2
 19 37 120 4
 20 21 68 4
 21 28 84 3
 22 37 90 2
 23 12 98 4
 24 17 81 4
 25 21 85 5
 26 20 100 3
 27 13 104 6
 28 12 37 5
 29 31 115 1
 30 15 66 4
 67
 110 587
 30
 1 19 119 2
 2 17 90 5
 3 13 67 2
 4 18 71 6
 5 25 90 1
 6 20 87 4
 7 18 87 4
 8 17 113 1
 9 17 97 3
 10 12 90 6
 11 35 88 4
 12 25 111 5
 13 15 105 4
 14 14 91 7
 15 15 53 8
 16 17 73 3
 17 22 84 3
 18 14 113 3
 19 25 89 7
 20 13 62 2
 21 20 99 4
 22 20 113 7
 23 17 99 3
 24 18 74 9
 25 16 96 10
 26 35 78 2
 27 23 99 6
 28 16 88 4
 29 17 76 6
 30 24 80 5
 68
 110 587
 30
 1 18 60 2
 2 20 76 6
 3 24 65 1
 4 25 109 5
 5 15 93 5
 6 29 83 2
 7 27 96 3
 8 15 52 1
 9 30 98 1
 10 28 118 6
 11 12 48 3
 12 25 75 2
 13 16 120 5
 14 32 91 4
 15 24 102 3
 16 29 93 4
 17 11 76 5
 18 11 63 4
 19 13 83 5
 20 26 85 5
 21 11 97 4
 22 28 86 6
 23 22 99 5
 24 19 48 5
 25 11 61 6
 26 21 74 4
 27 33 94 5
 28 20 77 4
 29 13 44 5
 30 17 94 2
 69
 110 587
 30
 1 16 91 6
 2 20 118 5
 3 16 75 7
 4 16 81 8
 5 16 97 5
 6 13 97 1
 7 14 57 5
 8 31 77 2
 9 13 116 6
 10 14 85 6
 11 20 112 1
 12 11 87 7
 13 13 49 3
 14 19 63 8
 15 16 82 3
 16 22 63 5
 17 26 69 5
 18 12 104 2
 19 18 119 3
 20 34 76 5
 21 32 104 4
 22 17 91 5
 23 26 100 4
 24 15 78 3
 25 25 112 4
 26 35 89 5
 27 12 89 3
 28 18 112 3
 29 20 82 3
 30 19 107 3
 70
 110 587
 30
 1 14 56 1
 2 19 92 4
 3 14 90 4
 4 26 73 5
 5 22 114 3
 6 18 94 5
 7 19 108 2
 8 30 89 5
 9 21 81 4
 10 18 61 5
 11 29 85 5
 12 19 111 7
 13 29 66 7
 14 24 117 3
 15 20 70 6
 16 15 36 4
 17 28 80 2
 18 27 73 7
 19 20 89 2
 20 19 82 3
 21 21 110 3
 22 17 82 5
 23 31 102 3
 24 21 91 2
 25 19 74 4
 26 25 66 4
 27 22 84 4
 28 28 78 3
 29 26 64 4
 30 15 39 3
 71
 110 587
 30
 1 31 99 5
 2 18 110 9
 3 25 96 6
 4 17 114 4
 5 11 105 4
 6 25 75 6
 7 24 72 2
 8 16 102 3
 9 22 59 2
 10 16 111 2
 11 29 90 4
 12 17 55 5
 13 10 98 4
 14 17 85 2
 15 15 41 4
 16 38 89 7
 17 23 61 5
 18 22 96 3
 19 29 98 7
 20 17 89 5
 21 14 117 5
 22 13 80 6
 23 12 111 1
 24 11 74 5
 25 13 51 4
 26 11 62 3
 27 28 79 3
 28 22 76 5
 29 33 97 4
 30 14 72 4
 72
 110 587
 30
 1 34 96 4
 2 17 69 3
 3 27 107 2
 4 17 92 4
 5 15 96 4
 6 19 66 4
 7 18 63 3
 8 15 51 3
 9 22 100 4
 10 26 78 3
 11 14 33 3
 12 22 81 8
 13 19 88 6
 14 10 52 5
 15 15 112 5
 16 28 63 4
 17 24 76 7
 18 23 92 5
 19 26 118 4
 20 11 96 6
 21 14 73 4
 22 27 104 3
 23 13 120 6
 24 23 58 7
 25 20 90 5
 26 27 79 3
 27 11 74 3
 28 17 102 7
 29 33 84 2
 30 22 98 3
 73
 110 587
 30
 1 18 90 3
 2 16 102 3
 3 15 117 3
 4 28 75 2
 5 17 86 6
 6 31 101 5
 7 32 90 3
 8 25 76 4
 9 15 65 5
 10 18 61 9
 11 22 96 7
 12 13 112 4
 13 27 103 4
 14 34 110 4
 15 13 92 5
 16 16 116 6
 17 20 70 8
 18 27 87 3
 19 16 88 2
 20 22 102 7
 21 19 60 4
 22 10 76 5
 23 13 38 4
 24 13 48 5
 25 15 79 4
 26 13 53 4
 27 17 69 4
 28 27 79 5
 29 15 94 6
 30 35 93 6
 74
 110 587
 30
 1 34 86 3
 2 15 53 4
 3 18 96 3
 4 27 119 3
 5 18 77 4
 6 12 96 5
 7 27 75 4
 8 30 88 3
 9 23 120 1
 10 34 104 6
 11 30 72 5
 12 21 68 3
 13 26 118 3
 14 27 78 2
 15 11 72 3
 16 17 84 3
 17 16 74 3
 18 18 48 2
 19 18 69 4
 20 29 109 6
 21 18 92 5
 22 23 83 6
 23 13 47 6
 24 25 100 1
 25 33 106 3
 26 24 98 3
 27 30 99 6
 28 17 87 4
 29 21 105 1
 30 24 88 4
 75
 110 587
 30
 1 12 101 7
 2 14 94 5
 3 23 79 3
 4 17 90 5
 5 20 68 5
 6 17 48 2
 7 34 108 1
 8 15 91 5
 9 31 84 8
 10 20 77 5
 11 21 91 7
 12 30 82 5
 13 13 89 2
 14 15 45 6
 15 14 79 4
 16 10 56 2
 17 19 117 6
 18 21 84 7
 19 23 118 1
 20 15 116 3
 21 23 80 4
 22 36 117 4
 23 14 56 7
 24 15 84 5
 25 27 69 5
 26 16 69 1
 27 29 88 1
 28 17 95 3
 29 25 115 5
 30 10 99 5
 76
 110 587
 30
 1 15 77 2
 2 14 98 4
 3 16 61 3
 4 30 92 2
 5 13 58 5
 6 25 108 4
 7 35 93 4
 8 15 111 4
 9 24 79 7
 10 19 85 4
 11 16 106 6
 12 38 113 3
 13 21 57 5
 14 13 103 3
 15 15 74 6
 16 14 112 7
 17 33 110 7
 18 18 119 6
 19 11 97 4
 20 12 53 5
 21 29 79 2
 22 20 71 4
 23 14 65 2
 24 26 67 5
 25 15 59 3
 26 20 65 6
 27 19 78 2
 28 13 59 5
 29 17 96 6
 30 27 113 3
 77
 110 587
 30
 1 18 73 6
 2 13 87 7
 3 22 68 5
 4 16 73 3
 5 23 65 3
 6 17 80 3
 7 13 72 6
 8 20 75 7
 9 17 104 5
 10 22 97 14
 11 24 79 2
 12 13 52 6
 13 29 84 5
 14 26 74 6
 15 13 102 3
 16 26 80 3
 17 17 102 6
 18 13 70 8
 19 25 60 5
 20 19 84 3
 21 17 64 8
 22 34 96 8
 23 14 74 2
 24 17 55 3
 25 16 84 5
 26 18 88 6
 27 24 67 1
 28 17 117 3
 29 10 66 2
 30 13 73 4
 78
 110 587
 30
 1 21 105 6
 2 12 75 6
 3 13 79 4
 4 19 95 6
 5 20 50 6
 6 26 80 6
 7 17 90 3
 8 30 87 6
 9 19 68 4
 10 12 78 8
 11 26 73 5
 12 19 83 8
 13 22 87 1
 14 13 60 2
 15 32 82 6
 16 19 52 6
 17 31 95 4
 18 12 111 5
 19 18 117 5
 20 19 67 8
 21 13 71 6
 22 17 67 2
 23 15 83 7
 24 17 68 4
 25 18 96 6
 26 16 70 8
 27 22 77 3
 28 16 83 5
 29 16 54 5
 30 24 67 12
 79
 110 587
 30
 1 23 64 7
 2 11 79 2
 3 16 89 6
 4 17 79 9
 5 15 79 10
 6 11 115 6
 7 22 76 8
 8 14 80 5
 9 13 66 6
 10 16 50 8
 11 10 116 5
 12 25 113 5
 13 15 101 6
 14 23 96 3
 15 13 61 5
 16 11 108 12
 17 15 96 5
 18 23 80 5
 19 17 87 5
 20 25 61 6
 21 35 97 4
 22 30 74 4
 23 11 92 5
 24 20 94 4
 25 13 100 4
 26 15 120 9
 27 18 45 4
 28 25 53 10
 29 22 81 2
 30 15 63 3
 80
 110 587
 30
 1 27 78 2
 2 10 120 8
 3 27 100 7
 4 18 91 4
 5 28 112 5
 6 17 88 5
 7 26 108 2
 8 14 100 6
 9 10 89 2
 10 10 90 5
 11 18 89 5
 12 10 62 10
 13 20 116 3
 14 16 64 9
 15 20 63 5
 16 35 76 2
 17 29 100 6
 18 37 102 4
 19 25 66 8
 20 11 58 5
 21 26 84 2
 22 13 109 1
 23 15 101 2
 24 30 77 4
 25 31 77 2
 26 37 115 4
 27 17 55 4
 28 28 107 2
 29 25 74 3
 30 28 77 4
 81
 110 587
 30
 1 27 110 1
 2 35 80 3
 3 25 110 4
 4 20 100 2
 5 16 103 3
 6 24 70 2
 7 31 80 3
 8 33 120 4
 9 18 75 6
 10 24 57 4
 11 26 62 6
 12 18 83 2
 13 20 75 2
 14 15 98 6
 15 26 112 2
 16 22 56 5
 17 13 74 1
 18 26 68 5
 19 13 116 4
 20 22 92 6
 21 17 90 2
 22 26 61 1
 23 15 109 4
 24 22 63 5
 25 30 115 4
 26 23 111 2
 27 15 99 3
 28 15 74 7
 29 35 96 7
 30 17 90 5
 82
 110 587
 30
 1 25 65 3
 2 14 113 6
 3 16 120 6
 4 10 71 2
 5 32 94 3
 6 16 64 6
 7 10 71 3
 8 24 85 5
 9 26 108 4
 10 12 116 4
 11 17 75 6
 12 26 114 2
 13 10 55 7
 14 33 89 3
 15 23 92 4
 16 21 103 3
 17 16 66 6
 18 19 93 5
 19 25 86 3
 20 34 75 2
 21 20 96 6
 22 10 88 3
 23 16 118 6
 24 22 77 3
 25 24 78 7
 26 40 107 3
 27 16 116 5
 28 20 73 2
 29 11 95 5
 30 23 104 6
 83
 110 587
 30
 1 23 83 10
 2 27 76 5
 3 20 91 3
 4 17 61 5
 5 23 84 4
 6 28 95 5
 7 11 90 5
 8 14 69 5
 9 24 72 5
 10 29 83 2
 11 12 99 2
 12 26 96 7
 13 18 71 1
 14 22 57 4
 15 21 99 2
 16 13 72 4
 17 11 59 4
 18 22 86 6
 19 20 80 4
 20 15 78 5
 21 30 103 2
 22 15 57 8
 23 16 60 4
 24 13 66 7
 25 18 45 3
 26 26 103 5
 27 26 111 7
 28 35 98 4
 29 17 105 5
 30 20 118 3
 84
 110 587
 30
 1 21 114 7
 2 37 105 2
 3 25 76 3
 4 20 104 8
 5 11 75 5
 6 10 93 4
 7 12 89 3
 8 14 89 7
 9 12 36 6
 10 14 72 6
 11 19 72 9
 12 12 84 3
 13 15 85 5
 14 19 115 3
 15 19 60 5
 16 20 74 6
 17 20 52 4
 18 25 85 10
 19 17 116 5
 20 20 85 2
 21 13 109 5
 22 27 74 7
 23 16 69 6
 24 10 87 5
 25 12 94 6
 26 12 99 4
 27 33 106 4
 28 15 88 3
 29 24 115 5
 30 18 73 4
 85
 110 587
 30
 1 11 55 5
 2 15 72 4
 3 18 61 5
 4 11 76 4
 5 30 74 4
 6 16 43 4
 7 13 108 7
 8 32 109 7
 9 20 97 6
 10 31 109 3
 11 22 57 7
 12 20 114 3
 13 33 100 2
 14 12 82 4
 15 15 97 6
 16 30 99 2
 17 22 79 3
 18 15 44 5
 19 27 85 7
 20 38 100 3
 21 12 116 3
 22 20 101 2
 23 17 79 5
 24 26 70 5
 25 11 90 4
 26 28 95 4
 27 15 101 3
 28 15 96 7
 29 17 60 3
 30 15 54 6
 86
 110 587
 30
 1 14 87 4
 2 28 97 6
 3 19 71 7
 4 23 63 5
 5 18 77 5
 6 23 102 2
 7 14 72 7
 8 19 84 3
 9 28 84 5
 10 16 88 6
 11 36 109 5
 12 27 57 4
 13 12 115 6
 14 20 71 4
 15 14 102 3
 16 22 69 9
 17 19 50 3
 18 19 78 5
 19 15 95 6
 20 19 98 5
 21 15 89 6
 22 22 68 6
 23 13 63 4
 24 12 72 3
 25 37 109 5
 26 14 90 3
 27 22 96 5
 28 14 89 3
 29 22 95 1
 30 13 78 9
 87
 110 587
 30
 1 14 119 6
 2 24 84 4
 3 39 97 3
 4 16 109 5
 5 23 80 1
 6 15 74 6
 7 15 40 5
 8 13 58 5
 9 35 111 6
 10 21 95 7
 11 14 96 6
 12 33 84 4
 13 19 62 4
 14 29 108 4
 15 12 96 2
 16 15 42 4
 17 15 75 5
 18 16 117 5
 19 24 115 6
 20 30 105 4
 21 19 50 9
 22 17 79 5
 23 17 72 2
 24 18 74 6
 25 31 72 6
 26 14 86 3
 27 17 91 6
 28 14 55 5
 29 12 64 1
 30 25 97 1
 88
 110 587
 30
 1 20 100 5
 2 17 89 2
 3 19 92 3
 4 12 90 3
 5 19 84 5
 6 23 77 7
 7 16 90 6
 8 13 78 4
 9 14 76 6
 10 13 102 5
 11 19 55 1
 12 14 115 8
 13 26 98 8
 14 22 75 6
 15 10 61 5
 16 39 94 4
 17 21 114 2
 18 13 98 3
 19 22 85 5
 20 11 111 5
 21 16 76 7
 22 24 114 6
 23 18 81 4
 24 14 96 5
 25 17 54 7
 26 17 82 3
 27 14 99 6
 28 21 113 10
 29 17 64 4
 30 11 96 3
 89
 110 587
 30
 1 23 95 4
 2 20 65 3
 3 29 103 5
 4 26 71 2
 5 14 119 6
 6 39 109 7
 7 17 58 4
 8 32 98 6
 9 20 44 4
 10 17 70 3
 11 29 119 1
 12 22 89 4
 13 29 75 2
 14 15 43 1
 15 20 95 4
 16 31 65 2
 17 31 107 3
 18 10 109 7
 19 10 54 4
 20 16 118 3
 21 16 75 1
 22 13 58 6
 23 18 90 5
 24 31 80 4
 25 21 88 2
 26 24 78 3
 27 24 89 3
 28 25 79 2
 29 25 79 3
 30 27 109 2
 90
 110 587
 30
 1 16 91 4
 2 31 87 3
 3 22 113 2
 4 22 114 4
 5 33 110 2
 6 15 81 5
 7 18 108 8
 8 28 118 4
 9 15 96 2
 10 18 43 3
 11 38 93 6
 12 12 85 5
 13 15 93 2
 14 38 101 3
 15 28 112 4
 16 15 49 4
 17 19 100 6
 18 20 76 6
 19 29 114 1
 20 17 91 3
 21 28 63 3
 22 22 93 4
 23 18 99 5
 24 17 80 4
 25 15 50 2
 26 19 95 1
 27 33 78 5
 28 14 59 5
 29 24 85 3
 30 13 81 4
 91
 110 587
 30
 1 28 86 2
 2 16 61 3
 3 13 39 2
 4 13 85 5
 5 21 101 4
 6 23 65 2
 7 19 76 4
 8 12 47 4
 9 30 93 1
 10 25 95 5
 11 16 97 1
 12 18 116 3
 13 23 98 3
 14 30 68 3
 15 34 93 8
 16 17 90 7
 17 33 93 2
 18 35 100 2
 19 17 94 4
 20 15 74 6
 21 19 95 5
 22 10 42 5
 23 19 108 3
 24 23 81 3
 25 10 103 4
 26 33 72 6
 27 13 71 2
 28 24 103 4
 29 37 95 3
 30 23 76 5
 92
 110 587
 30
 1 31 96 3
 2 29 74 4
 3 21 86 7
 4 28 90 3
 5 40 97 6
 6 14 116 4
 7 17 86 3
 8 13 67 6
 9 15 115 4
 10 23 62 3
 11 19 49 6
 12 16 55 3
 13 31 113 4
 14 16 49 2
 15 27 71 4
 16 10 62 2
 17 17 85 8
 18 25 64 7
 19 24 73 7
 20 23 57 1
 21 11 70 5
 22 20 71 3
 23 10 117 7
 24 15 83 4
 25 33 84 4
 26 19 66 5
 27 22 66 7
 28 34 74 6
 29 13 105 3
 30 15 71 3
 93
 110 587
 30
 1 18 78 5
 2 29 115 5
 3 10 68 3
 4 23 119 4
 5 28 100 5
 6 26 88 2
 7 21 95 2
 8 31 87 3
 9 23 80 4
 10 33 120 4
 11 30 103 4
 12 25 86 6
 13 18 80 4
 14 18 94 4
 15 25 92 4
 16 17 118 1
 17 31 80 2
 18 16 91 4
 19 24 114 2
 20 20 76 2
 21 32 82 3
 22 19 106 2
 23 15 39 3
 24 35 89 3
 25 30 119 2
 26 30 85 2
 27 22 65 4
 28 13 82 1
 29 16 115 1
 30 32 73 1
 94
 110 587
 30
 1 34 75 10
 2 20 66 4
 3 20 64 4
 4 14 90 5
 5 14 73 6
 6 30 91 6
 7 14 54 6
 8 28 107 4
 9 22 63 5
 10 25 88 6
 11 10 79 4
 12 33 116 5
 13 17 84 9
 14 11 61 3
 15 15 54 5
 16 26 86 3
 17 14 84 4
 18 20 80 5
 19 13 83 3
 20 19 99 4
 21 18 83 2
 22 18 50 4
 23 20 43 5
 24 21 87 3
 25 24 81 8
 26 24 57 7
 27 11 57 5
 28 23 94 3
 29 17 79 2
 30 18 87 4
 95
 110 587
 30
 1 10 101 3
 2 27 108 6
 3 16 74 4
 4 16 69 5
 5 15 71 5
 6 15 38 4
 7 18 108 5
 8 18 100 3
 9 19 99 2
 10 11 83 2
 11 18 99 8
 12 11 83 4
 13 22 66 5
 14 14 120 3
 15 25 101 6
 16 19 58 5
 17 29 88 5
 18 23 82 6
 19 26 63 4
 20 30 82 4
 21 14 89 3
 22 17 84 6
 23 20 52 2
 24 28 89 5
 25 19 48 3
 26 10 53 3
 27 21 99 6
 28 30 97 6
 29 22 65 6
 30 27 101 7
 96
 110 587
 30
 1 13 64 9
 2 26 92 1
 3 10 92 6
 4 16 90 1
 5 17 54 5
 6 22 95 5
 7 23 72 2
 8 12 56 2
 9 13 64 5
 10 27 113 5
 11 21 113 5
 12 19 94 6
 13 34 81 5
 14 27 87 3
 15 22 81 3
 16 12 113 3
 17 12 92 4
 18 16 100 4
 19 20 113 3
 20 11 74 4
 21 36 100 6
 22 16 119 4
 23 20 61 8
 24 19 91 9
 25 14 97 3
 26 24 75 3
 27 23 89 4
 28 13 118 3
 29 27 94 4
 30 20 114 7
 97
 110 587
 30
 1 16 74 5
 2 21 100 5
 3 21 95 3
 4 15 95 4
 5 12 45 4
 6 12 67 4
 7 17 55 3
 8 30 76 3
 9 25 119 9
 10 13 98 4
 11 30 86 4
 12 15 117 4
 13 12 96 4
 14 20 54 6
 15 20 89 4
 16 35 82 6
 17 24 97 4
 18 17 74 1
 19 23 83 2
 20 22 80 4
 21 27 102 4
 22 15 63 7
 23 21 70 5
 24 40 99 5
 25 12 78 2
 26 13 46 6
 27 10 78 3
 28 18 84 9
 29 15 65 3
 30 18 74 3
 98
 110 587
 30
 1 19 106 6
 2 24 69 6
 3 28 106 8
 4 25 71 7
 5 18 62 5
 6 19 75 2
 7 26 90 3
 8 27 96 5
 9 33 83 5
 10 15 58 7
 11 12 81 7
 12 20 71 5
 13 20 111 4
 14 13 113 2
 15 18 50 4
 16 25 57 4
 17 10 42 4
 18 14 115 2
 19 26 78 6
 20 15 87 2
 21 18 108 4
 22 13 97 3
 23 21 79 5
 24 25 94 3
 25 33 113 6
 26 20 93 2
 27 18 67 4
 28 22 66 5
 29 16 75 4
 30 20 51 4
 99
 110 587
 30
 1 22 51 5
 2 23 95 5
 3 11 116 8
 4 16 51 5
 5 19 117 4
 6 36 103 4
 7 27 73 6
 8 20 116 4
 9 11 62 6
 10 15 106 9
 11 16 100 2
 12 13 87 6
 13 17 57 4
 14 37 80 4
 15 16 111 8
 16 14 109 4
 17 14 49 5
 18 11 92 8
 19 15 112 6
 20 15 94 3
 21 21 115 4
 22 13 54 3
 23 12 88 5
 24 11 96 6
 25 28 77 8
 26 15 65 2
 27 16 60 3
 28 12 108 5
 29 27 85 5
 30 17 79 4
 100
 110 587
 30
 1 23 78 2
 2 21 46 1
 3 18 98 3
 4 15 100 5
 5 23 108 5
 6 14 75 3
 7 28 108 7
 8 12 45 4
 9 19 103 4
 10 23 74 2
 11 22 96 3
 12 21 117 3
 13 25 73 7
 14 23 61 7
 15 13 91 5
 16 14 78 6
 17 17 119 3
 18 31 106 3
 19 31 82 5
 20 26 100 7
 21 15 74 1
 22 10 76 5
 23 17 97 1
 24 24 98 6
 25 19 66 4
 26 16 64 4
 27 22 118 5
 28 22 75 3
 29 23 95 5
 30 14 78 4
