 100
 1
 110 587
 40
 1 15 108 1
 2 12 110 4
 3 27 92 2
 4 14 81 3
 5 36 120 4
 6 24 111 1
 7 23 98 2
 8 15 95 6
 9 15 85 4
 10 12 71 5
 11 12 36 3
 12 31 97 2
 13 11 33 7
 14 13 95 7
 15 22 94 4
 16 19 41 3
 17 32 104 3
 18 18 52 4
 19 17 104 3
 20 23 83 3
 21 15 74 3
 22 31 95 3
 23 16 56 4
 24 24 96 3
 25 15 88 6
 26 14 80 2
 27 20 60 2
 28 10 113 5
 29 15 93 7
 30 13 87 5
 31 22 110 5
 32 10 118 1
 33 19 61 3
 34 13 120 3
 35 12 107 4
 36 13 64 1
 37 27 91 8
 38 24 78 3
 39 15 61 4
 40 18 119 3
 2
 110 587
 40
 1 10 49 3
 2 20 60 5
 3 32 103 2
 4 31 95 2
 5 13 111 3
 6 36 85 3
 7 15 48 2
 8 19 86 5
 9 23 71 1
 10 16 90 1
 11 22 98 9
 12 11 73 3
 13 19 61 2
 14 31 75 4
 15 20 74 4
 16 13 98 2
 17 20 97 3
 18 23 89 2
 19 27 73 5
 20 33 84 3
 21 14 38 3
 22 19 61 2
 23 21 57 4
 24 10 98 3
 25 28 83 4
 26 18 75 1
 27 22 60 2
 28 20 79 3
 29 22 103 2
 30 29 96 2
 31 13 86 6
 32 15 103 2
 33 31 83 5
 34 35 106 4
 35 15 78 7
 36 10 79 1
 37 36 97 3
 38 21 91 4
 39 14 97 2
 40 10 119 1
 3
 110 587
 40
 1 13 97 2
 2 19 102 1
 3 18 113 4
 4 21 66 3
 5 13 101 2
 6 17 100 4
 7 20 91 4
 8 28 106 4
 9 29 103 7
 10 20 75 1
 11 32 71 3
 12 19 85 2
 13 28 97 3
 14 15 61 3
 15 17 80 2
 16 31 73 4
 17 34 90 4
 18 20 118 4
 19 15 94 1
 20 15 90 2
 21 10 61 3
 22 29 74 2
 23 25 58 2
 24 26 100 6
 25 22 64 5
 26 17 83 2
 27 17 80 3
 28 23 71 1
 29 23 113 4
 30 15 110 2
 31 17 71 5
 32 20 87 1
 33 18 105 8
 34 18 92 2
 35 18 100 2
 36 18 99 4
 37 24 97 2
 38 16 70 4
 39 14 68 3
 40 16 118 4
 4
 110 587
 40
 1 16 113 2
 2 14 52 3
 3 14 57 2
 4 15 99 1
 5 16 92 6
 6 19 119 3
 7 24 54 2
 8 17 75 2
 9 22 79 3
 10 23 116 7
 11 11 83 2
 12 28 98 2
 13 28 78 6
 14 23 98 8
 15 15 41 2
 16 17 59 2
 17 18 83 2
 18 16 68 1
 19 24 103 5
 20 16 97 1
 21 25 92 3
 22 20 108 3
 23 29 62 5
 24 12 101 4
 25 18 99 3
 26 27 67 2
 27 19 99 6
 28 39 103 3
 29 16 91 4
 30 16 71 5
 31 18 95 1
 32 17 72 3
 33 16 64 2
 34 27 78 3
 35 20 76 3
 36 26 116 3
 37 12 91 3
 38 17 83 4
 39 11 40 7
 40 19 117 5
 5
 110 587
 40
 1 19 88 1
 2 18 94 1
 3 21 87 4
 4 36 100 3
 5 18 83 4
 6 11 91 4
 7 27 109 5
 8 15 94 1
 9 15 34 4
 10 28 83 3
 11 13 108 4
 12 16 72 7
 13 14 93 1
 14 16 71 5
 15 13 104 5
 16 22 94 6
 17 32 82 4
 18 14 109 4
 19 22 79 3
 20 38 104 4
 21 22 56 4
 22 26 67 7
 23 29 72 7
 24 14 103 2
 25 12 61 4
 26 13 63 1
 27 20 88 1
 28 19 87 2
 29 10 61 4
 30 17 66 4
 31 18 103 2
 32 28 62 4
 33 15 57 1
 34 20 64 6
 35 22 92 2
 36 22 95 3
 37 14 43 5
 38 17 79 2
 39 12 103 6
 40 18 116 2
 6
 110 587
 40
 1 22 86 2
 2 17 81 2
 3 18 70 6
 4 26 71 5
 5 20 78 6
 6 23 69 5
 7 28 72 6
 8 18 75 2
 9 25 94 5
 10 25 65 2
 11 23 81 3
 12 13 68 3
 13 22 108 6
 14 22 114 5
 15 11 84 6
 16 15 62 3
 17 16 86 5
 18 11 59 1
 19 10 42 4
 20 19 110 5
 21 14 79 1
 22 16 86 5
 23 10 78 4
 24 14 105 5
 25 14 115 4
 26 29 73 4
 27 18 77 4
 28 18 94 4
 29 15 52 2
 30 30 68 3
 31 10 78 2
 32 21 91 3
 33 29 79 3
 34 17 82 4
 35 21 74 1
 36 13 93 1
 37 15 86 2
 38 13 76 2
 39 29 100 3
 40 11 115 4
 7
 110 587
 40
 1 25 118 2
 2 15 86 3
 3 26 64 7
 4 16 42 2
 5 21 64 2
 6 17 84 2
 7 18 76 3
 8 27 95 2
 9 26 80 2
 10 11 109 7
 11 27 72 2
 12 22 98 2
 13 15 88 3
 14 33 94 2
 15 32 78 3
 16 15 77 1
 17 30 91 3
 18 38 101 3
 19 29 103 2
 20 28 117 4
 21 17 71 1
 22 15 60 1
 23 14 87 6
 24 31 107 2
 25 32 93 5
 26 22 55 3
 27 15 66 3
 28 13 94 2
 29 23 76 6
 30 20 74 1
 31 24 64 6
 32 10 118 2
 33 12 101 4
 34 12 47 6
 35 21 84 3
 36 21 92 2
 37 17 42 6
 38 24 117 6
 39 22 98 4
 40 29 115 3
 8
 110 587
 40
 1 28 75 4
 2 15 57 2
 3 17 79 2
 4 37 104 2
 5 15 55 1
 6 16 99 2
 7 29 90 3
 8 22 115 3
 9 10 107 5
 10 27 81 4
 11 13 118 3
 12 19 67 3
 13 23 78 2
 14 24 67 2
 15 19 74 2
 16 31 89 2
 17 14 95 2
 18 25 72 3
 19 17 93 8
 20 11 40 4
 21 26 75 2
 22 13 65 2
 23 19 96 3
 24 17 109 2
 25 19 82 5
 26 25 92 5
 27 27 117 3
 28 17 60 3
 29 22 73 1
 30 25 88 3
 31 16 120 3
 32 15 102 3
 33 16 51 3
 34 37 114 3
 35 17 73 2
 36 29 99 2
 37 19 81 1
 38 34 79 4
 39 16 108 2
 40 26 114 2
 9
 110 587
 40
 1 31 90 3
 2 14 84 2
 3 19 94 1
 4 27 80 1
 5 22 69 5
 6 18 70 2
 7 27 94 2
 8 14 92 4
 9 18 72 2
 10 13 89 3
 11 14 91 2
 12 34 78 3
 13 16 84 2
 14 19 107 2
 15 34 114 2
 16 24 57 3
 17 23 99 2
 18 22 92 2
 19 21 73 1
 20 19 99 1
 21 17 97 3
 22 23 100 4
 23 24 104 3
 24 19 111 2
 25 21 93 1
 26 23 63 4
 27 22 112 3
 28 21 118 4
 29 36 91 3
 30 22 102 5
 31 15 96 3
 32 20 100 5
 33 27 78 1
 34 26 100 3
 35 20 77 2
 36 38 118 2
 37 16 54 3
 38 22 110 2
 39 40 96 4
 40 19 113 2
 10
 110 587
 40
 1 15 68 2
 2 13 120 5
 3 30 95 2
 4 17 61 1
 5 18 53 1
 6 21 80 2
 7 14 109 4
 8 17 74 3
 9 18 53 1
 10 29 102 4
 11 23 64 2
 12 16 99 2
 13 21 76 2
 14 12 90 3
 15 18 94 3
 16 14 117 3
 17 12 39 1
 18 21 92 1
 19 24 102 5
 20 23 82 3
 21 26 88 5
 22 10 45 4
 23 28 113 7
 24 19 113 3
 25 16 58 1
 26 10 42 2
 27 16 107 3
 28 24 84 2
 29 11 93 3
 30 20 115 2
 31 35 76 4
 32 25 72 1
 33 22 95 2
 34 27 93 2
 35 35 119 5
 36 16 86 4
 37 22 76 3
 38 20 70 5
 39 25 94 3
 40 11 112 3
 11
 110 587
 40
 1 30 74 1
 2 12 71 4
 3 29 106 4
 4 21 109 3
 5 11 118 2
 6 21 105 5
 7 18 72 6
 8 27 84 3
 9 13 91 1
 10 14 69 3
 11 18 76 3
 12 12 48 1
 13 33 91 2
 14 21 72 1
 15 30 74 4
 16 10 85 2
 17 16 52 5
 18 27 83 2
 19 13 71 2
 20 15 65 6
 21 30 95 4
 22 21 78 1
 23 15 66 4
 24 35 114 2
 25 11 109 4
 26 19 82 3
 27 26 102 4
 28 18 57 3
 29 14 103 2
 30 17 50 5
 31 23 60 4
 32 28 80 1
 33 21 98 2
 34 21 72 1
 35 19 81 5
 36 24 85 6
 37 23 118 2
 38 17 102 1
 39 27 114 2
 40 34 111 4
 12
 110 587
 40
 1 28 95 2
 2 11 112 2
 3 20 116 4
 4 28 98 5
 5 29 108 4
 6 33 82 2
 7 18 67 3
 8 22 104 3
 9 12 89 1
 10 18 64 2
 11 15 101 4
 12 18 69 2
 13 11 106 4
 14 18 100 2
 15 17 56 5
 16 25 66 4
 17 10 116 3
 18 16 48 2
 19 20 63 2
 20 24 59 2
 21 20 101 2
 22 20 113 1
 23 20 75 5
 24 21 116 4
 25 17 72 4
 26 13 53 3
 27 36 97 2
 28 28 108 6
 29 24 113 3
 30 11 52 1
 31 20 113 4
 32 16 71 2
 33 18 120 1
 34 16 99 3
 35 34 111 3
 36 33 83 1
 37 25 72 3
 38 26 87 3
 39 21 92 2
 40 27 111 3
 13
 110 587
 40
 1 12 52 4
 2 10 63 4
 3 18 100 2
 4 18 79 8
 5 18 99 5
 6 15 97 4
 7 27 90 2
 8 14 91 3
 9 20 111 8
 10 17 95 4
 11 14 74 5
 12 10 100 3
 13 15 75 2
 14 22 86 5
 15 16 72 2
 16 12 112 4
 17 20 109 3
 18 21 83 6
 19 20 101 3
 20 15 76 3
 21 12 107 5
 22 20 57 2
 23 12 64 2
 24 24 118 4
 25 16 99 2
 26 15 100 4
 27 15 92 3
 28 36 77 2
 29 16 61 4
 30 12 65 2
 31 11 89 4
 32 10 117 3
 33 25 89 6
 34 11 63 4
 35 18 92 8
 36 10 101 5
 37 27 113 3
 38 13 95 1
 39 14 90 7
 40 19 110 3
 14
 110 587
 40
 1 15 68 3
 2 31 104 1
 3 10 82 4
 4 30 114 4
 5 33 90 1
 6 18 112 3
 7 27 71 4
 8 16 74 2
 9 28 75 3
 10 26 68 1
 11 23 64 4
 12 18 60 3
 13 17 55 4
 14 15 59 2
 15 17 104 5
 16 19 81 4
 17 22 101 1
 18 18 116 4
 19 23 77 2
 20 19 90 2
 21 13 114 5
 22 19 91 4
 23 16 65 3
 24 16 120 3
 25 25 87 3
 26 15 117 3
 27 25 87 5
 28 17 80 2
 29 21 90 2
 30 13 95 1
 31 32 89 3
 32 15 102 4
 33 15 72 7
 34 14 73 5
 35 33 103 3
 36 19 120 4
 37 11 65 2
 38 23 56 2
 39 38 120 4
 40 12 109 3
 15
 110 587
 40
 1 18 100 7
 2 27 90 1
 3 21 65 4
 4 20 85 2
 5 25 81 3
 6 25 84 2
 7 36 109 3
 8 26 73 5
 9 20 73 4
 10 19 120 4
 11 34 111 2
 12 26 71 3
 13 29 71 1
 14 16 93 1
 15 21 83 4
 16 11 49 6
 17 22 94 3
 18 13 66 3
 19 20 77 1
 20 30 79 3
 21 25 120 4
 22 16 36 5
 23 21 67 3
 24 15 91 3
 25 20 75 3
 26 21 112 2
 27 28 82 2
 28 27 99 2
 29 13 59 3
 30 29 93 5
 31 20 73 4
 32 20 87 2
 33 29 94 2
 34 31 108 1
 35 13 54 3
 36 23 78 4
 37 14 108 2
 38 39 87 3
 39 32 91 3
 40 18 108 2
 16
 110 587
 40
 1 19 43 3
 2 20 97 7
 3 23 67 3
 4 19 98 1
 5 13 73 3
 6 20 66 1
 7 36 82 1
 8 21 93 2
 9 14 95 4
 10 34 88 4
 11 17 88 3
 12 34 100 2
 13 13 74 2
 14 30 82 4
 15 16 63 3
 16 35 108 4
 17 26 87 2
 18 12 107 1
 19 15 101 2
 20 11 86 2
 21 16 90 3
 22 17 70 2
 23 25 76 1
 24 16 75 2
 25 14 103 2
 26 18 108 4
 27 14 77 3
 28 33 96 4
 29 14 63 4
 30 15 107 7
 31 16 106 4
 32 25 72 4
 33 12 116 1
 34 17 94 3
 35 16 96 5
 36 33 76 5
 37 17 64 4
 38 13 44 6
 39 26 86 2
 40 22 107 5
 17
 110 587
 40
 1 17 72 6
 2 23 75 3
 3 11 78 2
 4 39 119 1
 5 31 76 4
 6 32 119 6
 7 18 91 4
 8 13 113 4
 9 22 98 4
 10 21 76 3
 11 15 58 3
 12 12 94 2
 13 21 89 2
 14 25 119 2
 15 17 70 3
 16 28 76 2
 17 20 80 5
 18 23 79 3
 19 30 70 2
 20 19 93 2
 21 21 76 3
 22 13 105 3
 23 30 85 5
 24 11 58 4
 25 26 80 2
 26 31 104 5
 27 17 72 1
 28 13 34 1
 29 25 74 3
 30 32 120 2
 31 20 82 6
 32 28 98 4
 33 15 51 1
 34 21 80 3
 35 17 47 3
 36 14 84 1
 37 20 103 3
 38 24 80 1
 39 17 85 5
 40 20 106 4
 18
 110 587
 40
 1 15 104 2
 2 36 92 2
 3 21 88 1
 4 30 90 5
 5 20 79 4
 6 14 96 3
 7 39 100 2
 8 16 73 3
 9 30 115 3
 10 38 113 2
 11 15 68 3
 12 15 70 2
 13 13 104 3
 14 14 86 2
 15 14 114 1
 16 21 44 1
 17 31 73 5
 18 37 98 2
 19 20 92 2
 20 34 99 3
 21 24 77 4
 22 15 53 2
 23 33 94 7
 24 18 56 4
 25 20 118 3
 26 16 100 2
 27 33 99 2
 28 17 90 4
 29 22 83 1
 30 18 75 4
 31 13 60 3
 32 20 70 5
 33 26 78 3
 34 16 66 1
 35 22 88 1
 36 22 103 4
 37 23 70 2
 38 15 71 3
 39 13 97 5
 40 12 106 4
 19
 110 587
 40
 1 13 60 5
 2 19 71 2
 3 32 99 3
 4 20 61 2
 5 21 83 5
 6 17 63 1
 7 10 54 2
 8 25 62 2
 9 35 79 1
 10 24 91 1
 11 11 95 2
 12 21 101 1
 13 30 119 4
 14 11 78 2
 15 12 93 6
 16 13 104 3
 17 18 66 5
 18 24 68 2
 19 10 100 4
 20 15 106 1
 21 16 55 2
 22 10 83 3
 23 34 103 4
 24 12 38 5
 25 14 81 7
 26 37 96 4
 27 13 88 1
 28 21 74 5
 29 38 93 2
 30 28 69 3
 31 16 86 2
 32 10 117 3
 33 22 91 2
 34 10 80 6
 35 16 49 3
 36 15 71 6
 37 26 97 3
 38 31 94 2
 39 34 82 7
 40 32 105 3
 20
 110 587
 40
 1 33 97 7
 2 34 81 5
 3 12 109 3
 4 10 98 4
 5 17 86 3
 6 17 76 7
 7 11 109 3
 8 21 82 4
 9 15 58 4
 10 24 99 3
 11 19 89 5
 12 20 74 2
 13 16 97 2
 14 25 112 1
 15 10 73 4
 16 34 74 4
 17 29 70 2
 18 19 90 2
 19 29 76 3
 20 26 113 3
 21 11 64 4
 22 13 118 1
 23 13 112 3
 24 20 84 2
 25 21 93 2
 26 23 92 6
 27 22 77 1
 28 16 114 2
 29 14 103 3
 30 20 71 3
 31 13 99 2
 32 15 102 2
 33 36 113 3
 34 19 72 4
 35 27 81 5
 36 24 78 2
 37 24 77 2
 38 13 114 6
 39 20 81 4
 40 28 104 2
 21
 110 587
 40
 1 36 109 2
 2 16 95 5
 3 18 119 3
 4 31 95 3
 5 16 116 2
 6 19 98 4
 7 12 72 1
 8 13 102 3
 9 22 99 1
 10 15 106 5
 11 16 55 2
 12 14 71 2
 13 24 58 2
 14 12 79 5
 15 26 77 2
 16 20 60 3
 17 15 75 4
 18 20 86 2
 19 15 39 2
 20 24 119 3
 21 33 95 1
 22 31 100 5
 23 18 120 2
 24 16 68 2
 25 18 97 1
 26 39 99 1
 27 26 66 2
 28 26 80 1
 29 14 113 1
 30 29 84 3
 31 27 74 4
 32 20 86 6
 33 19 47 4
 34 30 116 4
 35 15 61 4
 36 17 68 1
 37 32 92 7
 38 26 65 1
 39 24 103 3
 40 20 103 3
 22
 110 587
 40
 1 25 89 2
 2 23 73 3
 3 19 94 3
 4 21 66 3
 5 35 106 2
 6 31 80 5
 7 13 60 3
 8 15 72 5
 9 15 63 2
 10 11 74 2
 11 26 105 3
 12 22 101 3
 13 32 93 2
 14 21 74 5
 15 14 72 2
 16 22 99 5
 17 22 79 1
 18 25 81 4
 19 30 99 2
 20 15 38 3
 21 24 74 3
 22 20 98 2
 23 19 70 4
 24 22 65 4
 25 13 69 3
 26 25 83 3
 27 11 56 3
 28 23 73 5
 29 16 74 3
 30 23 98 2
 31 19 53 1
 32 25 87 1
 33 32 70 6
 34 25 102 2
 35 30 73 2
 36 25 86 5
 37 22 83 5
 38 39 107 2
 39 18 78 4
 40 13 102 4
 23
 110 587
 40
 1 11 84 3
 2 32 115 2
 3 12 77 3
 4 11 40 2
 5 23 97 6
 6 12 95 4
 7 14 90 1
 8 24 56 4
 9 40 118 4
 10 20 56 1
 11 13 78 8
 12 20 88 1
 13 10 87 2
 14 14 105 2
 15 32 103 1
 16 15 67 2
 17 13 83 2
 18 14 44 2
 19 24 91 2
 20 21 90 5
 21 15 82 4
 22 20 96 3
 23 23 70 4
 24 17 46 5
 25 29 112 2
 26 11 79 1
 27 21 45 5
 28 16 104 2
 29 21 66 2
 30 24 112 2
 31 18 116 2
 32 19 60 4
 33 15 93 3
 34 20 91 3
 35 14 115 6
 36 31 105 2
 37 39 87 2
 38 16 57 6
 39 11 76 2
 40 36 102 5
 24
 110 587
 40
 1 14 113 3
 2 31 98 3
 3 23 60 1
 4 32 100 3
 5 11 99 1
 6 16 106 3
 7 15 78 1
 8 20 71 2
 9 17 83 1
 10 13 99 3
 11 21 91 2
 12 36 99 5
 13 18 102 1
 14 36 97 2
 15 13 83 4
 16 18 78 1
 17 27 120 3
 18 19 77 2
 19 12 45 3
 20 11 73 2
 21 19 87 2
 22 16 94 2
 23 28 71 1
 24 24 94 3
 25 23 75 3
 26 28 89 4
 27 17 62 1
 28 26 81 4
 29 26 88 1
 30 17 51 3
 31 40 92 3
 32 20 70 1
 33 20 109 2
 34 15 75 4
 35 29 77 5
 36 11 62 1
 37 11 90 2
 38 28 99 1
 39 35 108 4
 40 28 101 5
 25
 110 587
 40
 1 17 75 5
 2 24 107 3
 3 21 70 4
 4 22 78 2
 5 13 78 3
 6 24 78 4
 7 16 109 4
 8 12 91 6
 9 23 67 1
 10 30 67 3
 11 17 115 1
 12 17 102 3
 13 24 117 2
 14 20 70 5
 15 29 64 3
 16 31 95 3
 17 11 113 3
 18 16 113 2
 19 31 99 4
 20 23 56 3
 21 27 94 2
 22 30 110 4
 23 32 73 3
 24 20 77 2
 25 17 55 3
 26 14 71 2
 27 10 99 3
 28 18 89 4
 29 15 63 3
 30 11 48 3
 31 31 67 4
 32 40 117 3
 33 12 64 4
 34 10 96 2
 35 13 107 5
 36 20 60 1
 37 14 93 2
 38 18 79 2
 39 29 80 4
 40 15 100 2
 26
 110 587
 40
 1 20 86 5
 2 29 75 7
 3 13 100 3
 4 12 59 5
 5 15 69 4
 6 18 63 2
 7 17 96 5
 8 14 111 5
 9 26 102 3
 10 16 71 5
 11 26 88 3
 12 21 50 3
 13 20 84 2
 14 22 98 2
 15 12 54 1
 16 24 63 6
 17 25 106 8
 18 13 97 2
 19 14 68 2
 20 19 68 4
 21 12 100 3
 22 13 91 2
 23 11 74 2
 24 25 74 6
 25 22 98 6
 26 15 67 7
 27 20 119 2
 28 15 97 1
 29 13 73 1
 30 16 62 2
 31 21 51 3
 32 14 101 6
 33 25 87 1
 34 23 70 3
 35 28 89 5
 36 28 69 4
 37 16 96 4
 38 13 92 3
 39 22 72 3
 40 13 99 4
 27
 110 587
 40
 1 23 118 2
 2 12 99 4
 3 24 91 1
 4 20 104 1
 5 16 75 3
 6 30 113 4
 7 14 36 4
 8 20 56 4
 9 11 67 3
 10 32 92 5
 11 15 73 3
 12 29 72 2
 13 13 56 2
 14 17 93 2
 15 25 113 4
 16 15 35 2
 17 40 100 6
 18 10 105 3
 19 19 77 4
 20 15 98 2
 21 10 107 4
 22 27 89 4
 23 15 83 2
 24 22 53 4
 25 17 87 3
 26 16 79 3
 27 30 114 2
 28 14 61 5
 29 28 83 1
 30 13 76 3
 31 14 109 4
 32 19 86 3
 33 17 84 7
 34 13 60 1
 35 12 100 5
 36 28 88 3
 37 20 99 4
 38 13 48 1
 39 16 114 2
 40 21 98 1
 28
 110 587
 40
 1 26 62 4
 2 25 54 4
 3 32 102 1
 4 23 97 4
 5 18 52 2
 6 11 93 3
 7 19 90 4
 8 20 66 3
 9 13 38 1
 10 18 86 3
 11 17 92 2
 12 11 103 1
 13 21 79 1
 14 10 66 4
 15 22 100 6
 16 10 91 3
 17 14 92 3
 18 20 76 4
 19 26 98 3
 20 26 81 3
 21 31 113 2
 22 10 87 1
 23 20 92 2
 24 14 78 1
 25 11 106 6
 26 25 66 4
 27 33 109 4
 28 18 119 2
 29 21 93 1
 30 30 99 5
 31 36 95 2
 32 14 71 3
 33 22 106 2
 34 24 110 4
 35 25 100 2
 36 14 107 3
 37 13 119 2
 38 26 84 3
 39 10 86 4
 40 25 98 4
 29
 110 587
 40
 1 28 91 3
 2 26 92 1
 3 14 112 4
 4 13 78 4
 5 14 41 3
 6 16 57 3
 7 20 54 5
 8 12 85 6
 9 27 89 1
 10 34 118 3
 11 18 98 2
 12 19 81 5
 13 19 86 2
 14 20 91 3
 15 20 73 2
 16 28 67 2
 17 16 84 1
 18 35 96 5
 19 15 67 3
 20 32 82 5
 21 21 119 4
 22 23 85 8
 23 24 101 3
 24 25 87 4
 25 31 73 4
 26 19 97 4
 27 18 104 2
 28 15 85 2
 29 10 104 4
 30 16 103 3
 31 28 79 2
 32 28 60 5
 33 18 80 2
 34 15 96 5
 35 11 92 5
 36 17 53 4
 37 15 71 4
 38 17 94 3
 39 28 68 1
 40 21 97 2
 30
 110 587
 40
 1 16 64 2
 2 14 51 3
 3 15 49 5
 4 29 109 5
 5 16 66 5
 6 23 120 4
 7 20 109 2
 8 14 100 3
 9 25 76 6
 10 13 85 2
 11 27 79 4
 12 27 93 5
 13 37 101 4
 14 26 89 2
 15 18 98 1
 16 15 118 5
 17 18 77 4
 18 23 64 2
 19 18 74 2
 20 19 89 3
 21 13 75 3
 22 37 101 3
 23 29 110 2
 24 11 70 1
 25 15 63 2
 26 25 71 2
 27 22 99 3
 28 25 52 4
 29 16 114 6
 30 32 117 2
 31 18 64 5
 32 20 85 2
 33 14 59 2
 34 14 83 2
 35 17 52 4
 36 25 63 4
 37 16 114 3
 38 20 77 1
 39 27 120 3
 40 14 96 6
 31
 110 587
 40
 1 24 70 3
 2 24 84 2
 3 21 89 4
 4 19 80 1
 5 21 114 6
 6 17 92 2
 7 21 72 4
 8 23 120 4
 9 12 106 2
 10 17 72 2
 11 17 74 3
 12 14 103 3
 13 15 115 3
 14 19 117 4
 15 16 60 2
 16 19 86 3
 17 21 71 7
 18 16 87 6
 19 14 97 4
 20 15 95 5
 21 15 70 4
 22 20 81 2
 23 34 119 3
 24 27 61 3
 25 20 85 2
 26 20 46 4
 27 17 94 5
 28 29 110 4
 29 13 46 2
 30 18 83 3
 31 11 102 4
 32 19 116 3
 33 25 81 3
 34 18 79 2
 35 10 85 3
 36 24 80 3
 37 18 66 3
 38 32 118 4
 39 21 91 3
 40 35 95 4
 32
 110 587
 40
 1 22 95 6
 2 17 81 4
 3 15 71 7
 4 14 96 4
 5 25 104 1
 6 28 77 4
 7 18 75 2
 8 19 65 2
 9 20 70 5
 10 21 111 4
 11 25 108 4
 12 13 43 4
 13 19 70 3
 14 13 84 4
 15 13 103 2
 16 12 54 2
 17 19 63 3
 18 18 80 6
 19 10 67 2
 20 11 102 5
 21 24 61 3
 22 33 80 8
 23 18 77 6
 24 13 63 3
 25 14 47 8
 26 21 87 7
 27 17 99 1
 28 14 76 4
 29 21 72 6
 30 27 78 2
 31 16 78 3
 32 14 101 4
 33 15 102 2
 34 27 77 2
 35 17 51 3
 36 17 90 2
 37 20 109 2
 38 18 86 4
 39 14 64 2
 40 29 94 4
 33
 110 587
 40
 1 10 40 3
 2 15 76 1
 3 25 63 3
 4 34 114 3
 5 26 95 5
 6 10 92 1
 7 23 90 4
 8 12 84 5
 9 17 57 3
 10 25 78 3
 11 18 81 1
 12 21 73 2
 13 15 64 3
 14 25 85 4
 15 11 83 5
 16 13 114 4
 17 25 67 4
 18 23 79 2
 19 18 89 4
 20 23 109 5
 21 17 93 5
 22 16 114 1
 23 12 77 5
 24 29 97 3
 25 15 100 7
 26 19 58 1
 27 27 88 3
 28 21 75 1
 29 21 71 5
 30 21 73 3
 31 24 92 4
 32 19 94 5
 33 16 97 3
 34 20 58 4
 35 26 80 2
 36 23 108 3
 37 21 77 4
 38 16 111 5
 39 17 78 3
 40 22 93 2
 34
 110 587
 40
 1 13 68 5
 2 21 118 2
 3 18 73 1
 4 25 85 2
 5 16 86 7
 6 15 99 4
 7 24 93 1
 8 13 89 3
 9 37 98 3
 10 23 58 1
 11 11 56 3
 12 29 104 1
 13 33 80 2
 14 29 110 4
 15 31 96 4
 16 28 82 3
 17 17 55 3
 18 20 120 4
 19 17 97 2
 20 27 115 3
 21 24 78 2
 22 29 75 1
 23 17 77 1
 24 15 80 3
 25 10 80 4
 26 10 34 5
 27 37 80 4
 28 34 100 2
 29 11 87 3
 30 34 81 3
 31 15 119 4
 32 23 71 5
 33 12 55 2
 34 24 118 3
 35 24 119 1
 36 18 69 4
 37 11 103 2
 38 13 62 7
 39 30 97 6
 40 14 93 2
 35
 110 587
 40
 1 15 100 4
 2 21 84 4
 3 15 95 4
 4 15 57 4
 5 30 76 6
 6 23 71 2
 7 13 109 4
 8 22 109 1
 9 14 84 2
 10 10 104 3
 11 19 119 3
 12 21 75 2
 13 13 84 4
 14 16 77 3
 15 21 75 5
 16 21 51 3
 17 20 63 5
 18 17 71 3
 19 33 74 2
 20 15 38 2
 21 30 80 3
 22 13 93 3
 23 22 78 3
 24 31 68 3
 25 34 116 1
 26 26 120 4
 27 16 75 2
 28 14 90 3
 29 18 73 4
 30 23 95 3
 31 30 95 3
 32 27 75 3
 33 26 77 4
 34 19 104 3
 35 31 78 5
 36 12 55 5
 37 14 55 5
 38 27 103 1
 39 26 69 2
 40 37 98 5
 36
 110 587
 40
 1 13 41 4
 2 17 110 4
 3 26 94 5
 4 35 119 2
 5 23 67 2
 6 15 61 4
 7 17 72 2
 8 19 64 2
 9 22 110 1
 10 26 73 4
 11 27 95 6
 12 15 86 4
 13 26 99 2
 14 15 81 6
 15 35 113 3
 16 14 109 3
 17 15 63 4
 18 14 111 5
 19 14 48 1
 20 19 97 4
 21 17 73 3
 22 18 71 4
 23 26 79 3
 24 17 70 5
 25 28 79 4
 26 12 116 4
 27 26 70 4
 28 16 98 2
 29 13 83 3
 30 28 109 2
 31 22 70 5
 32 13 69 3
 33 39 99 2
 34 13 91 4
 35 23 111 3
 36 20 73 1
 37 17 98 3
 38 13 80 3
 39 19 59 2
 40 14 91 4
 37
 110 587
 40
 1 22 98 2
 2 19 60 1
 3 30 105 4
 4 26 90 2
 5 12 66 2
 6 27 106 4
 7 18 55 4
 8 11 82 4
 9 29 74 3
 10 12 81 6
 11 19 71 7
 12 23 105 4
 13 34 114 2
 14 27 103 4
 15 27 93 3
 16 37 78 2
 17 29 118 3
 18 11 91 4
 19 12 96 5
 20 22 80 1
 21 12 80 4
 22 10 71 4
 23 31 81 1
 24 15 72 3
 25 20 49 5
 26 29 112 1
 27 22 71 1
 28 15 91 3
 29 30 94 3
 30 15 52 4
 31 14 46 3
 32 27 116 3
 33 15 45 3
 34 26 78 3
 35 31 76 4
 36 19 92 2
 37 20 56 3
 38 22 96 1
 39 13 103 4
 40 17 90 1
 38
 110 587
 40
 1 25 104 6
 2 18 102 3
 3 16 115 2
 4 16 61 1
 5 24 70 3
 6 39 91 5
 7 26 90 3
 8 12 78 3
 9 19 77 1
 10 28 97 3
 11 13 58 2
 12 16 64 2
 13 12 57 2
 14 14 70 1
 15 30 93 2
 16 23 61 6
 17 13 111 2
 18 31 102 3
 19 31 88 3
 20 19 63 3
 21 34 98 3
 22 23 106 1
 23 35 90 3
 24 20 90 3
 25 16 94 3
 26 15 108 5
 27 15 60 1
 28 13 57 3
 29 20 104 1
 30 11 47 3
 31 12 112 3
 32 14 101 3
 33 26 72 3
 34 31 94 2
 35 22 104 3
 36 18 110 3
 37 23 93 1
 38 23 71 4
 39 28 74 3
 40 15 89 1
 39
 110 587
 40
 1 22 89 4
 2 17 53 9
 3 12 54 6
 4 16 73 3
 5 19 73 6
 6 14 50 3
 7 27 62 3
 8 22 98 6
 9 15 94 3
 10 14 97 2
 11 21 102 4
 12 22 80 2
 13 20 93 5
 14 19 77 2
 15 26 57 3
 16 23 105 5
 17 27 103 4
 18 17 72 5
 19 17 42 6
 20 23 61 2
 21 25 93 4
 22 25 74 1
 23 10 99 4
 24 36 76 2
 25 13 98 3
 26 19 104 3
 27 24 99 3
 28 22 115 2
 29 12 114 5
 30 21 59 5
 31 34 88 3
 32 18 86 4
 33 19 85 2
 34 24 59 4
 35 27 86 5
 36 15 38 2
 37 22 62 4
 38 18 94 5
 39 23 62 5
 40 24 89 2
 40
 110 587
 40
 1 31 85 3
 2 16 94 2
 3 22 83 5
 4 27 95 1
 5 15 76 1
 6 22 113 3
 7 30 108 4
 8 18 118 2
 9 24 93 2
 10 14 60 5
 11 29 97 3
 12 17 105 1
 13 26 67 2
 14 18 96 2
 15 16 91 3
 16 16 73 3
 17 11 96 3
 18 33 94 5
 19 36 95 5
 20 11 64 2
 21 16 99 2
 22 20 85 2
 23 14 108 3
 24 22 77 2
 25 39 110 2
 26 17 100 5
 27 25 88 4
 28 26 81 2
 29 16 56 4
 30 14 73 1
 31 25 63 2
 32 24 70 3
 33 16 96 4
 34 17 99 2
 35 21 96 2
 36 16 56 4
 37 29 87 2
 38 19 63 2
 39 24 109 2
 40 28 88 4
 41
 110 587
 40
 1 34 109 3
 2 15 90 1
 3 17 66 4
 4 17 76 5
 5 26 111 4
 6 14 86 5
 7 31 80 3
 8 11 81 3
 9 32 114 3
 10 16 90 1
 11 20 75 3
 12 22 67 2
 13 37 88 3
 14 11 100 2
 15 24 103 6
 16 20 79 3
 17 25 89 2
 18 22 60 2
 19 13 65 2
 20 22 88 7
 21 20 106 2
 22 31 119 5
 23 19 117 1
 24 20 79 3
 25 33 74 3
 26 28 95 4
 27 13 77 6
 28 13 61 5
 29 12 51 3
 30 15 86 2
 31 17 42 3
 32 27 92 3
 33 16 117 1
 34 18 112 3
 35 23 97 1
 36 16 75 2
 37 19 69 4
 38 14 81 3
 39 18 80 2
 40 23 87 3
 42
 110 587
 40
 1 25 76 5
 2 14 86 2
 3 24 66 5
 4 18 75 2
 5 14 102 4
 6 26 74 3
 7 18 89 2
 8 33 99 5
 9 33 80 2
 10 22 65 3
 11 15 112 3
 12 34 79 3
 13 15 97 4
 14 15 73 3
 15 22 90 5
 16 32 101 3
 17 39 89 2
 18 13 85 4
 19 14 57 2
 20 34 78 1
 21 29 112 4
 22 16 63 5
 23 17 83 3
 24 24 99 5
 25 17 63 2
 26 14 91 7
 27 20 67 2
 28 23 105 5
 29 26 71 5
 30 13 100 1
 31 13 105 1
 32 20 69 3
 33 24 78 4
 34 13 99 7
 35 13 88 5
 36 10 93 4
 37 35 82 1
 38 16 86 3
 39 11 52 5
 40 15 86 2
 43
 110 587
 40
 1 35 82 3
 2 13 66 4
 3 15 77 2
 4 19 100 6
 5 33 93 2
 6 15 89 2
 7 33 98 4
 8 21 87 2
 9 17 53 5
 10 18 116 1
 11 23 85 2
 12 12 106 1
 13 23 112 2
 14 23 89 5
 15 19 62 2
 16 25 69 2
 17 23 93 2
 18 17 74 2
 19 33 95 2
 20 15 84 1
 21 14 119 3
 22 29 98 1
 23 22 83 1
 24 10 83 2
 25 23 88 1
 26 36 87 6
 27 17 66 2
 28 33 76 1
 29 20 76 2
 30 33 114 3
 31 30 86 3
 32 36 116 2
 33 12 70 2
 34 35 85 3
 35 16 71 2
 36 14 112 2
 37 17 76 3
 38 16 80 3
 39 24 114 3
 40 38 85 3
 44
 110 587
 40
 1 12 114 3
 2 12 92 8
 3 18 89 7
 4 18 95 4
 5 21 90 4
 6 14 93 8
 7 15 69 3
 8 18 107 3
 9 20 98 5
 10 30 83 5
 11 29 98 2
 12 13 45 5
 13 18 63 4
 14 21 96 8
 15 17 88 2
 16 18 40 3
 17 33 97 2
 18 21 76 3
 19 21 64 3
 20 18 91 3
 21 11 59 4
 22 13 56 6
 23 26 84 1
 24 26 85 5
 25 17 51 3
 26 22 83 5
 27 12 45 7
 28 12 84 6
 29 14 86 8
 30 18 92 6
 31 22 70 5
 32 12 100 4
 33 24 92 2
 34 17 71 5
 35 19 81 3
 36 13 54 2
 37 10 79 3
 38 22 115 4
 39 24 86 6
 40 31 85 2
 45
 110 587
 40
 1 15 63 2
 2 11 120 2
 3 28 97 3
 4 21 77 2
 5 10 93 5
 6 21 65 1
 7 20 108 2
 8 10 79 4
 9 13 68 4
 10 20 68 8
 11 15 79 6
 12 19 76 4
 13 25 80 3
 14 14 115 6
 15 15 113 4
 16 11 96 2
 17 13 60 1
 18 18 118 2
 19 16 80 3
 20 38 98 3
 21 20 91 2
 22 27 76 3
 23 30 84 3
 24 12 87 3
 25 12 104 4
 26 39 94 2
 27 17 116 1
 28 22 96 3
 29 20 84 3
 30 25 87 2
 31 13 54 3
 32 19 85 1
 33 36 114 7
 34 27 75 6
 35 16 69 1
 36 12 71 4
 37 13 120 1
 38 33 79 3
 39 23 58 2
 40 23 90 4
 46
 110 587
 40
 1 18 86 6
 2 11 71 1
 3 27 108 2
 4 28 104 5
 5 29 96 5
 6 13 58 3
 7 24 73 4
 8 28 98 1
 9 11 117 1
 10 36 109 2
 11 17 95 2
 12 24 106 3
 13 17 66 6
 14 21 82 1
 15 13 93 5
 16 31 68 5
 17 15 70 4
 18 15 68 3
 19 13 94 5
 20 19 104 3
 21 23 47 2
 22 10 111 4
 23 11 85 2
 24 16 89 4
 25 33 92 3
 26 25 75 3
 27 32 111 1
 28 31 99 1
 29 12 94 7
 30 21 81 3
 31 19 98 5
 32 24 82 5
 33 22 95 3
 34 20 45 2
 35 19 73 5
 36 13 99 3
 37 16 85 8
 38 13 108 3
 39 16 120 4
 40 16 97 2
 47
 110 587
 40
 1 21 118 4
 2 10 112 1
 3 18 118 3
 4 19 76 5
 5 17 100 2
 6 25 100 7
 7 18 75 3
 8 20 76 1
 9 19 82 1
 10 22 84 6
 11 25 80 4
 12 14 61 2
 13 25 80 6
 14 24 92 1
 15 10 72 5
 16 16 54 2
 17 17 46 4
 18 12 109 3
 19 16 63 5
 20 30 111 5
 21 15 78 6
 22 23 55 2
 23 16 86 3
 24 14 92 2
 25 32 120 3
 26 11 71 3
 27 11 106 1
 28 11 120 3
 29 33 104 4
 30 37 78 3
 31 27 99 4
 32 17 58 3
 33 21 73 4
 34 17 120 3
 35 27 115 2
 36 21 97 2
 37 20 114 1
 38 24 63 4
 39 10 92 4
 40 13 82 2
 48
 110 587
 40
 1 24 59 4
 2 23 79 1
 3 19 95 2
 4 23 95 4
 5 13 72 2
 6 36 88 2
 7 33 90 1
 8 18 96 5
 9 23 62 2
 10 21 92 8
 11 20 100 4
 12 22 76 1
 13 17 95 2
 14 24 108 2
 15 26 86 2
 16 20 92 6
 17 19 66 3
 18 29 85 3
 19 16 86 2
 20 11 118 3
 21 16 73 2
 22 24 90 4
 23 21 88 2
 24 31 92 3
 25 26 82 1
 26 27 84 5
 27 21 102 2
 28 19 87 5
 29 20 114 2
 30 23 92 1
 31 18 83 1
 32 20 68 5
 33 19 89 3
 34 12 107 3
 35 18 66 1
 36 30 114 4
 37 23 92 4
 38 14 100 3
 39 21 68 1
 40 17 81 1
 49
 110 587
 40
 1 22 91 2
 2 36 105 4
 3 24 79 2
 4 29 109 3
 5 15 48 4
 6 13 44 3
 7 27 79 4
 8 10 116 2
 9 24 101 3
 10 24 102 5
 11 11 105 3
 12 30 107 2
 13 11 110 2
 14 17 75 5
 15 16 73 4
 16 12 60 4
 17 15 43 4
 18 28 100 1
 19 20 93 2
 20 14 45 2
 21 27 66 1
 22 16 46 1
 23 25 97 1
 24 17 94 3
 25 21 56 1
 26 13 62 2
 27 30 97 4
 28 23 63 3
 29 15 85 2
 30 33 105 1
 31 10 115 4
 32 39 115 3
 33 33 111 2
 34 37 93 3
 35 32 107 2
 36 20 94 4
 37 26 109 2
 38 25 94 3
 39 17 55 3
 40 20 80 4
 50
 110 587
 40
 1 16 60 2
 2 27 98 4
 3 19 60 3
 4 20 81 3
 5 12 119 2
 6 21 107 3
 7 10 108 8
 8 22 97 4
 9 13 66 3
 10 10 69 6
 11 19 78 6
 12 23 95 7
 13 15 40 2
 14 10 88 1
 15 34 103 4
 16 17 119 2
 17 23 115 2
 18 14 68 3
 19 12 71 4
 20 20 87 2
 21 18 96 4
 22 22 68 2
 23 30 106 3
 24 21 96 4
 25 16 98 4
 26 13 60 4
 27 10 92 4
 28 11 111 3
 29 21 54 6
 30 26 119 4
 31 25 91 4
 32 13 100 3
 33 16 42 4
 34 25 79 2
 35 17 71 5
 36 16 92 4
 37 29 98 5
 38 20 93 1
 39 19 97 3
 40 16 80 4
 51
 110 587
 40
 1 18 66 2
 2 24 97 3
 3 21 69 2
 4 10 52 5
 5 18 109 2
 6 12 79 5
 7 11 95 5
 8 19 65 4
 9 15 98 5
 10 18 53 6
 11 25 82 3
 12 15 77 7
 13 24 66 3
 14 31 101 2
 15 23 82 2
 16 29 88 4
 17 14 108 6
 18 31 91 8
 19 12 61 3
 20 15 70 4
 21 26 80 3
 22 16 103 5
 23 35 115 3
 24 13 98 5
 25 10 60 2
 26 16 74 3
 27 19 87 1
 28 21 77 4
 29 27 100 2
 30 12 55 5
 31 17 66 1
 32 19 85 3
 33 29 63 3
 34 27 92 4
 35 32 100 4
 36 24 90 4
 37 12 104 4
 38 21 64 3
 39 15 69 3
 40 27 79 3
 52
 110 587
 40
 1 15 96 4
 2 23 75 3
 3 10 80 3
 4 30 114 3
 5 19 100 3
 6 24 72 3
 7 12 36 5
 8 17 85 2
 9 29 85 3
 10 12 95 2
 11 12 115 3
 12 21 108 3
 13 13 73 2
 14 17 68 2
 15 30 83 2
 16 21 57 2
 17 28 101 2
 18 21 56 4
 19 19 93 1
 20 26 53 8
 21 31 85 1
 22 20 61 3
 23 16 89 2
 24 35 100 6
 25 35 114 2
 26 22 66 1
 27 17 82 2
 28 22 69 1
 29 32 69 1
 30 25 57 3
 31 15 95 6
 32 24 99 3
 33 12 85 4
 34 21 56 2
 35 16 82 2
 36 33 97 3
 37 14 70 7
 38 36 86 5
 39 18 78 4
 40 30 78 6
 53
 110 587
 40
 1 13 78 6
 2 12 89 2
 3 20 90 3
 4 21 85 6
 5 22 91 5
 6 35 114 5
 7 12 90 2
 8 38 105 2
 9 25 74 6
 10 27 62 2
 11 13 89 4
 12 23 65 3
 13 14 79 4
 14 17 84 2
 15 21 55 2
 16 14 115 6
 17 12 93 4
 18 25 96 4
 19 31 86 4
 20 18 76 2
 21 19 92 3
 22 13 81 1
 23 13 90 2
 24 21 102 2
 25 30 85 2
 26 19 93 1
 27 38 99 2
 28 10 101 4
 29 10 74 3
 30 14 69 1
 31 37 108 4
 32 25 58 2
 33 14 107 1
 34 16 97 5
 35 31 92 2
 36 11 116 4
 37 16 99 3
 38 16 37 1
 39 17 103 2
 40 24 77 2
 54
 110 587
 40
 1 11 99 5
 2 20 68 8
 3 30 101 8
 4 11 57 5
 5 23 81 3
 6 12 86 2
 7 13 54 3
 8 17 95 6
 9 14 105 4
 10 14 120 5
 11 21 64 4
 12 10 78 5
 13 22 98 4
 14 13 94 7
 15 25 113 1
 16 38 83 5
 17 26 86 5
 18 16 68 6
 19 15 52 3
 20 19 95 2
 21 13 98 3
 22 18 116 3
 23 18 90 4
 24 26 104 1
 25 19 74 4
 26 20 71 2
 27 18 88 2
 28 20 85 2
 29 16 84 3
 30 20 83 2
 31 28 84 3
 32 19 80 3
 33 19 80 2
 34 11 115 4
 35 15 94 4
 36 19 85 6
 37 10 50 3
 38 28 78 4
 39 17 75 3
 40 17 76 1
 55
 110 587
 40
 1 14 100 2
 2 33 81 5
 3 10 111 2
 4 18 119 6
 5 15 72 3
 6 20 58 2
 7 14 108 4
 8 19 54 2
 9 22 69 1
 10 30 88 4
 11 17 83 7
 12 18 108 2
 13 28 108 4
 14 15 73 2
 15 21 92 3
 16 25 62 2
 17 10 79 3
 18 19 74 1
 19 14 92 5
 20 30 78 5
 21 13 105 4
 22 10 60 6
 23 22 91 5
 24 18 105 4
 25 19 92 2
 26 17 43 1
 27 28 78 2
 28 17 93 5
 29 22 94 5
 30 17 97 3
 31 20 59 4
 32 16 115 2
 33 23 76 1
 34 13 101 4
 35 30 99 5
 36 27 83 2
 37 13 93 2
 38 14 119 2
 39 16 46 2
 40 38 82 4
 56
 110 587
 40
 1 17 90 4
 2 14 64 1
 3 15 42 6
 4 22 94 6
 5 26 68 4
 6 10 55 3
 7 15 72 2
 8 17 75 2
 9 15 62 2
 10 16 79 3
 11 13 99 1
 12 24 89 5
 13 16 93 3
 14 29 119 4
 15 21 80 3
 16 13 111 1
 17 24 73 2
 18 16 115 3
 19 30 100 2
 20 11 80 4
 21 26 111 2
 22 16 94 2
 23 27 91 3
 24 40 107 3
 25 14 54 1
 26 16 82 6
 27 31 76 1
 28 10 100 2
 29 29 104 5
 30 14 111 2
 31 11 35 2
 32 13 100 5
 33 36 99 2
 34 31 87 2
 35 14 35 4
 36 36 81 4
 37 16 45 3
 38 13 70 3
 39 13 109 2
 40 32 89 3
 57
 110 587
 40
 1 20 85 3
 2 27 73 3
 3 20 90 1
 4 12 75 2
 5 22 57 4
 6 22 93 2
 7 16 73 4
 8 37 95 4
 9 39 93 3
 10 32 113 1
 11 15 72 4
 12 35 100 3
 13 17 53 2
 14 23 87 2
 15 18 52 2
 16 16 79 4
 17 32 77 4
 18 13 65 3
 19 15 54 4
 20 22 87 4
 21 17 118 2
 22 15 74 6
 23 32 92 3
 24 26 109 1
 25 19 108 2
 26 24 120 3
 27 17 57 5
 28 16 58 1
 29 34 114 5
 30 16 100 2
 31 33 101 2
 32 18 89 5
 33 19 104 3
 34 16 73 2
 35 17 77 3
 36 14 99 3
 37 19 88 2
 38 10 112 4
 39 15 80 2
 40 25 95 4
 58
 110 587
 40
 1 23 105 5
 2 30 115 3
 3 11 72 5
 4 16 65 4
 5 10 60 2
 6 32 85 2
 7 17 90 3
 8 32 115 4
 9 16 80 5
 10 18 95 4
 11 22 66 2
 12 12 109 2
 13 25 89 3
 14 13 54 2
 15 16 79 6
 16 23 80 4
 17 22 81 4
 18 10 107 2
 19 40 91 1
 20 13 93 3
 21 16 78 5
 22 14 73 5
 23 36 93 3
 24 11 111 5
 25 13 70 2
 26 10 116 6
 27 22 54 5
 28 20 116 8
 29 11 38 4
 30 23 95 5
 31 25 77 3
 32 20 69 3
 33 17 69 2
 34 21 73 2
 35 13 119 5
 36 22 117 3
 37 20 48 1
 38 23 71 5
 39 14 62 5
 40 13 73 5
 59
 110 587
 40
 1 23 76 4
 2 15 66 3
 3 22 62 5
 4 18 95 4
 5 17 63 5
 6 16 100 4
 7 18 91 4
 8 18 49 4
 9 24 109 2
 10 13 69 6
 11 31 109 3
 12 21 48 4
 13 24 77 3
 14 38 112 1
 15 14 102 1
 16 32 106 3
 17 25 86 2
 18 28 79 4
 19 19 61 2
 20 15 100 2
 21 19 75 2
 22 13 108 4
 23 10 95 6
 24 22 113 6
 25 16 91 3
 26 26 112 2
 27 17 73 6
 28 23 82 3
 29 17 84 5
 30 21 90 8
 31 16 61 5
 32 27 69 3
 33 16 93 1
 34 16 45 5
 35 23 69 1
 36 22 76 1
 37 25 83 1
 38 36 104 4
 39 13 115 4
 40 10 72 3
 60
 110 587
 40
 1 29 78 3
 2 28 107 4
 3 18 72 3
 4 13 93 2
 5 17 116 9
 6 19 101 4
 7 19 108 5
 8 16 64 2
 9 26 73 7
 10 17 106 5
 11 14 82 4
 12 29 79 3
 13 11 92 6
 14 25 80 2
 15 12 82 3
 16 25 74 2
 17 20 90 7
 18 25 98 2
 19 15 69 2
 20 26 107 5
 21 15 46 5
 22 12 51 2
 23 15 104 1
 24 14 115 2
 25 23 86 3
 26 12 108 3
 27 16 99 4
 28 19 55 3
 29 24 54 3
 30 37 85 2
 31 22 119 2
 32 19 97 3
 33 20 78 4
 34 10 78 2
 35 12 111 6
 36 32 78 5
 37 17 57 5
 38 18 55 1
 39 13 86 3
 40 20 72 1
 61
 110 587
 40
 1 32 109 2
 2 27 84 1
 3 12 96 3
 4 18 74 3
 5 35 107 2
 6 27 80 1
 7 16 72 2
 8 37 84 2
 9 10 40 1
 10 21 74 3
 11 16 55 2
 12 35 109 5
 13 19 107 3
 14 23 99 2
 15 19 80 4
 16 18 46 4
 17 18 94 2
 18 24 98 1
 19 35 99 3
 20 26 113 3
 21 12 62 2
 22 30 99 4
 23 20 113 2
 24 30 117 3
 25 18 67 2
 26 29 103 4
 27 18 88 2
 28 29 106 1
 29 30 98 1
 30 24 88 1
 31 14 94 3
 32 25 115 2
 33 13 100 2
 34 21 109 2
 35 27 62 1
 36 17 82 5
 37 29 78 3
 38 32 97 4
 39 11 100 2
 40 23 71 1
 62
 110 587
 40
 1 25 70 2
 2 17 100 5
 3 22 93 6
 4 24 100 4
 5 25 98 3
 6 21 69 5
 7 18 43 3
 8 31 104 1
 9 13 93 4
 10 20 50 5
 11 25 119 1
 12 15 82 4
 13 15 80 4
 14 18 105 5
 15 21 76 2
 16 11 102 3
 17 18 120 3
 18 29 89 3
 19 23 60 4
 20 17 120 1
 21 29 94 3
 22 13 98 2
 23 15 95 3
 24 16 118 1
 25 12 102 1
 26 15 99 2
 27 16 78 3
 28 35 79 3
 29 34 74 2
 30 10 102 3
 31 21 89 3
 32 13 100 2
 33 15 86 4
 34 30 95 1
 35 11 104 4
 36 25 101 1
 37 30 120 4
 38 14 86 3
 39 36 120 4
 40 18 70 5
 63
 110 587
 40
 1 29 82 2
 2 25 60 3
 3 30 104 1
 4 14 71 1
 5 13 89 2
 6 33 108 3
 7 22 90 3
 8 16 48 3
 9 26 89 1
 10 29 99 3
 11 33 92 4
 12 23 93 4
 13 19 72 4
 14 12 73 4
 15 18 112 3
 16 34 70 2
 17 13 112 4
 18 19 52 5
 19 11 120 3
 20 18 94 3
 21 24 65 3
 22 27 96 2
 23 20 96 2
 24 27 120 3
 25 22 76 1
 26 17 95 1
 27 14 119 3
 28 19 78 4
 29 12 84 3
 30 26 116 2
 31 13 73 3
 32 15 84 3
 33 17 80 3
 34 24 81 4
 35 26 68 5
 36 34 119 7
 37 32 75 2
 38 16 89 1
 39 29 98 4
 40 10 69 1
 64
 110 587
 40
 1 10 114 2
 2 25 92 4
 3 13 114 4
 4 21 93 4
 5 32 80 4
 6 14 99 1
 7 23 60 3
 8 16 54 4
 9 34 113 5
 10 24 67 1
 11 10 65 3
 12 14 110 4
 13 13 75 1
 14 20 95 5
 15 33 92 1
 16 19 55 7
 17 15 105 2
 18 23 90 5
 19 19 90 4
 20 11 77 3
 21 16 81 2
 22 10 99 4
 23 24 97 7
 24 15 38 5
 25 16 118 4
 26 17 91 7
 27 24 114 2
 28 29 97 1
 29 19 94 3
 30 12 64 7
 31 28 111 3
 32 23 69 3
 33 23 75 3
 34 20 89 2
 35 10 96 3
 36 11 67 3
 37 10 115 3
 38 10 56 4
 39 23 96 1
 40 33 68 3
 65
 110 587
 40
 1 13 55 1
 2 18 48 5
 3 13 47 2
 4 25 104 2
 5 20 83 5
 6 19 53 6
 7 24 108 2
 8 36 78 3
 9 12 77 3
 10 10 74 3
 11 18 49 3
 12 20 79 6
 13 17 75 5
 14 28 98 3
 15 18 72 4
 16 20 98 4
 17 17 98 3
 18 15 62 6
 19 18 68 2
 20 22 60 2
 21 18 78 2
 22 21 92 4
 23 29 97 5
 24 16 98 2
 25 27 97 3
 26 26 87 4
 27 22 109 3
 28 32 94 2
 29 25 104 6
 30 26 59 5
 31 21 87 5
 32 27 87 3
 33 36 97 2
 34 15 54 4
 35 23 79 5
 36 20 65 4
 37 13 71 6
 38 23 82 2
 39 16 95 1
 40 26 74 3
 66
 110 587
 40
 1 16 87 5
 2 23 84 3
 3 22 84 3
 4 15 76 3
 5 30 87 2
 6 26 115 2
 7 25 78 3
 8 31 93 4
 9 20 48 5
 10 26 92 1
 11 27 102 3
 12 17 80 1
 13 30 90 2
 14 21 66 1
 15 26 73 2
 16 13 66 2
 17 14 91 4
 18 16 72 4
 19 37 120 6
 20 21 68 2
 21 28 84 5
 22 37 90 2
 23 12 98 5
 24 17 81 1
 25 21 85 2
 26 20 100 3
 27 13 104 1
 28 12 37 4
 29 31 115 1
 30 15 66 3
 31 13 62 2
 32 19 67 2
 33 13 119 5
 34 10 95 4
 35 40 88 3
 36 28 84 4
 37 16 110 3
 38 13 73 1
 39 10 98 3
 40 18 81 4
 67
 110 587
 40
 1 19 119 2
 2 17 90 2
 3 13 67 3
 4 18 71 1
 5 25 90 4
 6 20 87 2
 7 18 87 1
 8 17 113 4
 9 17 97 3
 10 12 90 1
 11 35 88 1
 12 25 111 2
 13 15 105 4
 14 14 91 2
 15 15 53 1
 16 17 73 4
 17 22 84 3
 18 14 113 4
 19 25 89 4
 20 13 62 4
 21 20 99 1
 22 20 113 3
 23 17 99 2
 24 18 74 5
 25 16 96 7
 26 35 78 2
 27 23 99 2
 28 16 88 3
 29 17 76 6
 30 24 80 3
 31 19 86 2
 32 33 114 8
 33 25 66 3
 34 29 117 4
 35 19 90 1
 36 31 102 3
 37 19 77 3
 38 19 75 4
 39 34 92 2
 40 11 88 4
 68
 110 587
 40
 1 18 60 2
 2 20 76 1
 3 24 65 6
 4 25 109 1
 5 15 93 4
 6 29 83 5
 7 27 96 1
 8 15 52 2
 9 30 98 2
 10 28 118 1
 11 12 48 1
 12 25 75 1
 13 16 120 5
 14 32 91 3
 15 24 102 5
 16 29 93 2
 17 11 76 5
 18 11 63 4
 19 13 83 2
 20 26 85 2
 21 11 97 3
 22 28 86 4
 23 22 99 3
 24 19 48 2
 25 11 61 3
 26 21 74 3
 27 33 94 4
 28 20 77 2
 29 13 44 2
 30 17 94 3
 31 31 104 3
 32 13 99 5
 33 16 74 5
 34 30 103 5
 35 39 96 1
 36 15 60 4
 37 22 105 3
 38 32 116 1
 39 20 91 3
 40 32 94 1
 69
 110 587
 40
 1 16 91 3
 2 20 118 2
 3 16 75 4
 4 16 81 9
 5 16 97 6
 6 13 97 5
 7 14 57 3
 8 31 77 1
 9 13 116 2
 10 14 85 6
 11 20 112 4
 12 11 87 3
 13 13 49 5
 14 19 63 2
 15 16 82 2
 16 22 63 3
 17 26 69 3
 18 12 104 1
 19 18 119 4
 20 34 76 3
 21 32 104 5
 22 17 91 2
 23 26 100 3
 24 15 78 2
 25 25 112 3
 26 35 89 3
 27 12 89 4
 28 18 112 3
 29 20 82 3
 30 19 107 5
 31 23 80 4
 32 18 84 1
 33 30 97 3
 34 24 89 5
 35 13 47 1
 36 23 58 4
 37 25 84 2
 38 14 94 2
 39 21 103 2
 40 12 64 4
 70
 110 587
 40
 1 14 56 1
 2 19 92 4
 3 14 90 3
 4 26 73 1
 5 22 114 4
 6 18 94 3
 7 19 108 3
 8 30 89 2
 9 21 81 3
 10 18 61 3
 11 29 85 4
 12 19 111 2
 13 29 66 2
 14 24 117 6
 15 20 70 3
 16 15 36 6
 17 28 80 4
 18 27 73 1
 19 20 89 3
 20 19 82 5
 21 21 110 1
 22 17 82 6
 23 31 102 3
 24 21 91 6
 25 19 74 3
 26 25 66 3
 27 22 84 3
 28 28 78 2
 29 26 64 3
 30 15 39 5
 31 14 55 2
 32 23 76 2
 33 13 115 3
 34 15 75 2
 35 15 77 7
 36 28 67 3
 37 28 99 4
 38 20 109 1
 39 15 88 3
 40 16 63 3
 71
 110 587
 40
 1 31 99 4
 2 18 110 3
 3 25 96 7
 4 17 114 7
 5 11 105 3
 6 25 75 2
 7 24 72 3
 8 16 102 2
 9 22 59 3
 10 16 111 2
 11 29 90 1
 12 17 55 3
 13 10 98 3
 14 17 85 4
 15 15 41 5
 16 38 89 2
 17 23 61 1
 18 22 96 4
 19 29 98 3
 20 17 89 6
 21 14 117 7
 22 13 80 5
 23 12 111 3
 24 11 74 4
 25 13 51 3
 26 11 62 5
 27 28 79 5
 28 22 76 6
 29 33 97 4
 30 14 72 3
 31 15 99 3
 32 14 56 4
 33 23 67 3
 34 14 70 1
 35 18 115 2
 36 27 86 4
 37 25 90 2
 38 10 64 5
 39 23 87 4
 40 11 63 3
 72
 110 587
 40
 1 34 96 4
 2 17 69 2
 3 27 107 2
 4 17 92 1
 5 15 96 2
 6 19 66 5
 7 18 63 2
 8 15 51 2
 9 22 100 3
 10 26 78 1
 11 14 33 1
 12 22 81 4
 13 19 88 4
 14 10 52 2
 15 15 112 1
 16 28 63 6
 17 24 76 4
 18 23 92 4
 19 26 118 2
 20 11 96 4
 21 14 73 4
 22 27 104 3
 23 13 120 6
 24 23 58 4
 25 20 90 3
 26 27 79 4
 27 11 74 3
 28 17 102 4
 29 33 84 2
 30 22 98 3
 31 28 97 3
 32 19 67 2
 33 34 90 1
 34 17 79 1
 35 21 75 3
 36 18 104 1
 37 34 94 5
 38 23 101 3
 39 32 109 1
 40 23 69 1
 73
 110 587
 40
 1 18 90 2
 2 16 102 2
 3 15 117 2
 4 28 75 3
 5 17 86 1
 6 31 101 6
 7 32 90 3
 8 25 76 2
 9 15 65 4
 10 18 61 2
 11 22 96 3
 12 13 112 4
 13 27 103 6
 14 34 110 3
 15 13 92 5
 16 16 116 2
 17 20 70 5
 18 27 87 1
 19 16 88 3
 20 22 102 4
 21 19 60 5
 22 10 76 5
 23 13 38 2
 24 13 48 2
 25 15 79 3
 26 13 53 5
 27 17 69 3
 28 27 79 3
 29 15 94 5
 30 35 93 4
 31 19 73 2
 32 38 114 2
 33 19 90 4
 34 17 76 2
 35 21 107 2
 36 16 52 3
 37 23 97 3
 38 16 73 4
 39 26 84 2
 40 26 61 5
 74
 110 587
 40
 1 34 86 2
 2 15 53 2
 3 18 96 4
 4 27 119 2
 5 18 77 2
 6 12 96 3
 7 27 75 5
 8 30 88 2
 9 23 120 2
 10 34 104 2
 11 30 72 2
 12 21 68 1
 13 26 118 3
 14 27 78 2
 15 11 72 2
 16 17 84 2
 17 16 74 1
 18 18 48 4
 19 18 69 3
 20 29 109 3
 21 18 92 1
 22 23 83 7
 23 13 47 1
 24 25 100 3
 25 33 106 3
 26 24 98 5
 27 30 99 3
 28 17 87 5
 29 21 105 5
 30 24 88 5
 31 11 51 4
 32 13 99 2
 33 30 112 2
 34 20 111 3
 35 27 73 1
 36 24 69 5
 37 10 100 3
 38 19 94 1
 39 20 83 2
 40 19 60 2
 75
 110 587
 40
 1 12 101 5
 2 14 94 5
 3 23 79 4
 4 17 90 2
 5 20 68 3
 6 17 48 2
 7 34 108 3
 8 15 91 3
 9 31 84 1
 10 20 77 6
 11 21 91 7
 12 30 82 4
 13 13 89 1
 14 15 45 6
 15 14 79 6
 16 10 56 4
 17 19 117 3
 18 21 84 4
 19 23 118 4
 20 15 116 5
 21 23 80 3
 22 36 117 2
 23 14 56 5
 24 15 84 6
 25 27 69 1
 26 16 69 3
 27 29 88 3
 28 17 95 4
 29 25 115 2
 30 10 99 3
 31 17 115 3
 32 18 84 2
 33 20 84 5
 34 24 97 1
 35 20 100 1
 36 12 69 2
 37 13 41 3
 38 22 79 4
 39 13 115 4
 40 12 66 8
 76
 110 587
 40
 1 15 77 2
 2 14 98 2
 3 16 61 3
 4 30 92 1
 5 13 58 3
 6 25 108 4
 7 35 93 3
 8 15 111 5
 9 24 79 3
 10 19 85 5
 11 16 106 2
 12 38 113 4
 13 21 57 3
 14 13 103 5
 15 15 74 5
 16 14 112 1
 17 33 110 4
 18 18 119 2
 19 11 97 1
 20 12 53 5
 21 29 79 6
 22 20 71 4
 23 14 65 8
 24 26 67 4
 25 15 59 2
 26 20 65 3
 27 19 78 1
 28 13 59 3
 29 17 96 2
 30 27 113 2
 31 24 96 3
 32 23 94 3
 33 15 67 2
 34 19 83 5
 35 25 71 3
 36 21 88 1
 37 15 83 2
 38 13 86 3
 39 37 86 4
 40 29 73 3
 77
 110 587
 40
 1 18 73 5
 2 13 87 7
 3 22 68 2
 4 16 73 4
 5 23 65 1
 6 17 80 2
 7 13 72 3
 8 20 75 3
 9 17 104 3
 10 22 97 4
 11 24 79 4
 12 13 52 3
 13 29 84 10
 14 26 74 4
 15 13 102 7
 16 26 80 2
 17 17 102 6
 18 13 70 4
 19 25 60 4
 20 19 84 2
 21 17 64 5
 22 34 96 4
 23 14 74 7
 24 17 55 2
 25 16 84 2
 26 18 88 3
 27 24 67 3
 28 17 117 7
 29 10 66 5
 30 13 73 1
 31 16 80 4
 32 23 56 3
 33 16 87 4
 34 13 87 2
 35 20 92 4
 36 22 106 2
 37 17 38 4
 38 18 56 4
 39 29 78 2
 40 27 80 4
 78
 110 587
 40
 1 21 105 5
 2 12 75 2
 3 13 79 4
 4 19 95 3
 5 20 50 4
 6 26 80 3
 7 17 90 5
 8 30 87 4
 9 19 68 3
 10 12 78 4
 11 26 73 3
 12 19 83 3
 13 22 87 2
 14 13 60 6
 15 32 82 5
 16 19 52 6
 17 31 95 1
 18 12 111 2
 19 18 117 3
 20 19 67 4
 21 13 71 5
 22 17 67 1
 23 15 83 4
 24 17 68 3
 25 18 96 4
 26 16 70 2
 27 22 77 6
 28 16 83 3
 29 16 54 2
 30 24 67 4
 31 20 76 3
 32 19 74 4
 33 30 108 3
 34 26 78 7
 35 21 76 3
 36 17 75 2
 37 18 78 3
 38 10 79 2
 39 24 120 7
 40 20 86 8
 79
 110 587
 40
 1 23 64 3
 2 11 79 1
 3 16 89 3
 4 17 79 4
 5 15 79 6
 6 11 115 3
 7 22 76 8
 8 14 80 5
 9 13 66 4
 10 16 50 5
 11 10 116 2
 12 25 113 3
 13 15 101 5
 14 23 96 4
 15 13 61 3
 16 11 108 4
 17 15 96 5
 18 23 80 2
 19 17 87 3
 20 25 61 3
 21 35 97 9
 22 30 74 6
 23 11 92 3
 24 20 94 5
 25 13 100 3
 26 15 120 3
 27 18 45 4
 28 25 53 2
 29 22 81 4
 30 15 63 1
 31 24 107 5
 32 13 114 2
 33 12 39 4
 34 21 92 4
 35 19 85 5
 36 15 52 3
 37 15 50 6
 38 15 94 2
 39 18 92 2
 40 12 93 2
 80
 110 587
 40
 1 27 78 1
 2 10 120 6
 3 27 100 4
 4 18 91 5
 5 28 112 2
 6 17 88 3
 7 26 108 5
 8 14 100 3
 9 10 89 1
 10 10 90 5
 11 18 89 1
 12 10 62 1
 13 20 116 3
 14 16 64 3
 15 20 63 4
 16 35 76 6
 17 29 100 2
 18 37 102 5
 19 25 66 5
 20 11 58 1
 21 26 84 2
 22 13 109 3
 23 15 101 3
 24 30 77 2
 25 31 77 6
 26 37 115 3
 27 17 55 3
 28 28 107 2
 29 25 74 1
 30 28 77 1
 31 16 83 1
 32 12 99 3
 33 24 61 1
 34 28 119 3
 35 17 87 1
 36 19 71 3
 37 22 73 2
 38 20 73 3
 39 12 74 2
 40 27 100 3
 81
 110 587
 40
 1 27 110 1
 2 35 80 3
 3 25 110 1
 4 20 100 2
 5 16 103 2
 6 24 70 2
 7 31 80 3
 8 33 120 2
 9 18 75 3
 10 24 57 4
 11 26 62 1
 12 18 83 3
 13 20 75 1
 14 15 98 4
 15 26 112 5
 16 22 56 2
 17 13 74 2
 18 26 68 5
 19 13 116 3
 20 22 92 3
 21 17 90 3
 22 26 61 1
 23 15 109 2
 24 22 63 2
 25 30 115 3
 26 23 111 2
 27 15 99 4
 28 15 74 2
 29 35 96 1
 30 17 90 4
 31 12 92 4
 32 17 83 2
 33 35 83 1
 34 23 105 4
 35 18 93 1
 36 18 89 2
 37 23 116 6
 38 19 113 4
 39 17 73 8
 40 15 56 2
 82
 110 587
 40
 1 25 65 2
 2 14 113 2
 3 16 120 6
 4 10 71 4
 5 32 94 2
 6 16 64 1
 7 10 71 2
 8 24 85 5
 9 26 108 2
 10 12 116 3
 11 17 75 5
 12 26 114 4
 13 10 55 4
 14 33 89 3
 15 23 92 2
 16 21 103 2
 17 16 66 3
 18 19 93 3
 19 25 86 2
 20 34 75 4
 21 20 96 3
 22 10 88 3
 23 16 118 6
 24 22 77 3
 25 24 78 1
 26 40 107 2
 27 16 116 3
 28 20 73 3
 29 11 95 4
 30 23 104 3
 31 17 77 3
 32 17 68 2
 33 23 105 2
 34 18 91 5
 35 33 119 2
 36 10 108 5
 37 25 68 1
 38 32 86 4
 39 29 98 3
 40 19 54 5
 83
 110 587
 40
 1 23 83 7
 2 27 76 6
 3 20 91 1
 4 17 61 3
 5 23 84 2
 6 28 95 6
 7 11 90 4
 8 14 69 3
 9 24 72 4
 10 29 83 2
 11 12 99 4
 12 26 96 2
 13 18 71 3
 14 22 57 3
 15 21 99 3
 16 13 72 8
 17 11 59 1
 18 22 86 1
 19 20 80 1
 20 15 78 2
 21 30 103 2
 22 15 57 4
 23 16 60 3
 24 13 66 7
 25 18 45 2
 26 26 103 5
 27 26 111 2
 28 35 98 3
 29 17 105 9
 30 20 118 3
 31 26 100 5
 32 26 64 6
 33 18 74 4
 34 13 77 3
 35 14 70 4
 36 16 37 3
 37 26 110 4
 38 15 106 6
 39 23 70 2
 40 13 53 4
 84
 110 587
 40
 1 21 114 7
 2 37 105 2
 3 25 76 3
 4 20 104 1
 5 11 75 6
 6 10 93 7
 7 12 89 5
 8 14 89 2
 9 12 36 2
 10 14 72 3
 11 19 72 3
 12 12 84 3
 13 15 85 4
 14 19 115 5
 15 19 60 8
 16 20 74 1
 17 20 52 2
 18 25 85 2
 19 17 116 3
 20 20 85 6
 21 13 109 4
 22 27 74 7
 23 16 69 2
 24 10 87 6
 25 12 94 5
 26 12 99 3
 27 33 106 1
 28 15 88 6
 29 24 115 6
 30 18 73 3
 31 17 76 4
 32 19 92 5
 33 20 65 6
 34 32 76 3
 35 17 111 2
 36 16 54 2
 37 28 80 2
 38 28 56 5
 39 16 69 6
 40 25 72 2
 85
 110 587
 40
 1 11 55 3
 2 15 72 1
 3 18 61 5
 4 11 76 2
 5 30 74 3
 6 16 43 2
 7 13 108 4
 8 32 109 4
 9 20 97 3
 10 31 109 5
 11 22 57 5
 12 20 114 6
 13 33 100 3
 14 12 82 4
 15 15 97 3
 16 30 99 3
 17 22 79 2
 18 15 44 1
 19 27 85 2
 20 38 100 5
 21 12 116 3
 22 20 101 1
 23 17 79 3
 24 26 70 4
 25 11 90 6
 26 28 95 2
 27 15 101 2
 28 15 96 4
 29 17 60 1
 30 15 54 1
 31 14 79 4
 32 22 114 4
 33 33 88 1
 34 16 66 2
 35 16 62 3
 36 15 73 2
 37 12 105 5
 38 10 98 3
 39 10 103 2
 40 25 58 5
 86
 110 587
 40
 1 14 87 4
 2 28 97 3
 3 19 71 4
 4 23 63 4
 5 18 77 5
 6 23 102 5
 7 14 72 2
 8 19 84 1
 9 28 84 3
 10 16 88 2
 11 36 109 4
 12 27 57 4
 13 12 115 4
 14 20 71 4
 15 14 102 3
 16 22 69 4
 17 19 50 5
 18 19 78 3
 19 15 95 3
 20 19 98 4
 21 15 89 5
 22 22 68 3
 23 13 63 2
 24 12 72 4
 25 37 109 4
 26 14 90 3
 27 22 96 5
 28 14 89 2
 29 22 95 6
 30 13 78 6
 31 31 118 2
 32 12 98 1
 33 16 102 1
 34 18 74 3
 35 22 104 4
 36 13 91 3
 37 15 63 3
 38 12 49 1
 39 33 75 4
 40 21 65 7
 87
 110 587
 40
 1 14 119 2
 2 24 84 6
 3 39 97 4
 4 16 109 2
 5 23 80 3
 6 15 74 2
 7 15 40 1
 8 13 58 3
 9 35 111 3
 10 21 95 3
 11 14 96 3
 12 33 84 5
 13 19 62 4
 14 29 108 6
 15 12 96 2
 16 15 42 3
 17 15 75 2
 18 16 117 2
 19 24 115 6
 20 30 105 2
 21 19 50 3
 22 17 79 3
 23 17 72 4
 24 18 74 3
 25 31 72 3
 26 14 86 3
 27 17 91 4
 28 14 55 5
 29 12 64 3
 30 25 97 3
 31 22 93 3
 32 12 83 5
 33 16 60 4
 34 19 113 5
 35 15 54 2
 36 13 110 4
 37 18 100 2
 38 24 91 3
 39 23 65 1
 40 13 72 2
 88
 110 587
 40
 1 20 100 4
 2 17 89 3
 3 19 92 3
 4 12 90 2
 5 19 84 1
 6 23 77 3
 7 16 90 4
 8 13 78 9
 9 14 76 5
 10 13 102 1
 11 19 55 3
 12 14 115 5
 13 26 98 5
 14 22 75 1
 15 10 61 3
 16 39 94 5
 17 21 114 5
 18 13 98 4
 19 22 85 3
 20 11 111 4
 21 16 76 4
 22 24 114 2
 23 18 81 2
 24 14 96 2
 25 17 54 5
 26 17 82 3
 27 14 99 3
 28 21 113 7
 29 17 64 4
 30 11 96 3
 31 14 69 4
 32 22 68 4
 33 13 82 7
 34 17 99 3
 35 28 96 2
 36 12 60 6
 37 21 70 7
 38 19 71 6
 39 21 109 3
 40 24 79 5
 89
 110 587
 40
 1 23 95 2
 2 20 65 4
 3 29 103 2
 4 26 71 5
 5 14 119 1
 6 39 109 3
 7 17 58 4
 8 32 98 5
 9 20 44 3
 10 17 70 5
 11 29 119 2
 12 22 89 3
 13 29 75 3
 14 15 43 2
 15 20 95 2
 16 31 65 3
 17 31 107 2
 18 10 109 4
 19 10 54 3
 20 16 118 1
 21 16 75 2
 22 13 58 1
 23 18 90 2
 24 31 80 6
 25 21 88 3
 26 24 78 3
 27 24 89 3
 28 25 79 2
 29 25 79 5
 30 27 109 4
 31 21 72 2
 32 26 81 5
 33 14 76 1
 34 12 85 4
 35 14 62 2
 36 28 99 3
 37 24 95 1
 38 32 94 1
 39 15 81 2
 40 24 85 2
 90
 110 587
 40
 1 16 91 1
 2 31 87 3
 3 22 113 1
 4 22 114 1
 5 33 110 4
 6 15 81 6
 7 18 108 2
 8 28 118 2
 9 15 96 4
 10 18 43 4
 11 38 93 3
 12 12 85 3
 13 15 93 2
 14 38 101 5
 15 28 112 6
 16 15 49 3
 17 19 100 2
 18 20 76 2
 19 29 114 1
 20 17 91 2
 21 28 63 3
 22 22 93 5
 23 18 99 5
 24 17 80 2
 25 15 50 1
 26 19 95 1
 27 33 78 3
 28 14 59 3
 29 24 85 4
 30 13 81 4
 31 13 111 1
 32 17 65 3
 33 10 98 2
 34 36 84 2
 35 29 89 2
 36 16 97 3
 37 23 76 4
 38 15 41 2
 39 26 78 3
 40 21 92 4
 91
 110 587
 40
 1 28 86 1
 2 16 61 3
 3 13 39 2
 4 13 85 2
 5 21 101 4
 6 23 65 3
 7 19 76 2
 8 12 47 1
 9 30 93 3
 10 25 95 3
 11 16 97 3
 12 18 116 2
 13 23 98 2
 14 30 68 2
 15 34 93 1
 16 17 90 5
 17 33 93 4
 18 35 100 1
 19 17 94 2
 20 15 74 5
 21 19 95 3
 22 10 42 3
 23 19 108 2
 24 23 81 3
 25 10 103 1
 26 33 72 4
 27 13 71 4
 28 24 103 3
 29 37 95 3
 30 23 76 3
 31 19 86 2
 32 31 113 4
 33 23 120 4
 34 24 64 3
 35 13 73 5
 36 25 95 3
 37 30 89 2
 38 28 76 1
 39 29 115 2
 40 14 99 3
 92
 110 587
 40
 1 31 96 3
 2 29 74 3
 3 21 86 4
 4 28 90 6
 5 40 97 1
 6 14 116 4
 7 17 86 6
 8 13 67 6
 9 15 115 2
 10 23 62 6
 11 19 49 4
 12 16 55 3
 13 31 113 2
 14 16 49 2
 15 27 71 6
 16 10 62 4
 17 17 85 4
 18 25 64 1
 19 24 73 2
 20 23 57 3
 21 11 70 2
 22 20 71 2
 23 10 117 5
 24 15 83 7
 25 33 84 3
 26 19 66 2
 27 22 66 2
 28 34 74 6
 29 13 105 1
 30 15 71 5
 31 10 70 3
 32 12 98 1
 33 25 99 3
 34 22 90 2
 35 28 81 5
 36 33 111 4
 37 20 82 5
 38 10 117 2
 39 26 86 1
 40 15 74 3
 93
 110 587
 40
 1 18 78 3
 2 29 115 3
 3 10 68 3
 4 23 119 2
 5 28 100 1
 6 26 88 3
 7 21 95 5
 8 31 87 1
 9 23 80 2
 10 33 120 2
 11 30 103 2
 12 25 86 6
 13 18 80 3
 14 18 94 4
 15 25 92 1
 16 17 118 4
 17 31 80 1
 18 16 91 6
 19 24 114 3
 20 20 76 2
 21 32 82 1
 22 19 106 3
 23 15 39 3
 24 35 89 4
 25 30 119 2
 26 30 85 2
 27 22 65 3
 28 13 82 4
 29 16 115 4
 30 32 73 3
 31 18 65 1
 32 17 83 2
 33 20 73 2
 34 15 55 3
 35 12 84 2
 36 11 92 5
 37 36 86 4
 38 16 68 3
 39 20 58 7
 40 18 59 2
 94
 110 587
 40
 1 34 75 9
 2 20 66 4
 3 20 64 3
 4 14 90 2
 5 14 73 3
 6 30 91 5
 7 14 54 5
 8 28 107 2
 9 22 63 4
 10 25 88 3
 11 10 79 3
 12 33 116 5
 13 17 84 4
 14 11 61 5
 15 15 54 4
 16 26 86 5
 17 14 84 5
 18 20 80 2
 19 13 83 2
 20 19 99 3
 21 18 83 3
 22 18 50 2
 23 20 43 3
 24 21 87 3
 25 24 81 2
 26 24 57 1
 27 11 57 5
 28 23 94 1
 29 17 79 4
 30 18 87 2
 31 19 103 4
 32 22 71 2
 33 33 95 5
 34 16 107 4
 35 27 90 3
 36 19 90 2
 37 18 89 2
 38 28 110 2
 39 13 55 2
 40 21 44 4
 95
 110 587
 40
 1 10 101 3
 2 27 108 3
 3 16 74 4
 4 16 69 3
 5 15 71 3
 6 15 38 5
 7 18 108 2
 8 18 100 2
 9 19 99 6
 10 11 83 1
 11 18 99 2
 12 11 83 2
 13 22 66 3
 14 14 120 3
 15 25 101 4
 16 19 58 5
 17 29 88 5
 18 23 82 4
 19 26 63 4
 20 30 82 4
 21 14 89 2
 22 17 84 4
 23 20 52 4
 24 28 89 3
 25 19 48 4
 26 10 53 3
 27 21 99 2
 28 30 97 3
 29 22 65 2
 30 27 101 3
 31 15 99 4
 32 26 99 4
 33 16 117 5
 34 11 94 2
 35 11 115 3
 36 28 88 4
 37 12 92 3
 38 19 79 3
 39 27 92 4
 40 14 50 7
 96
 110 587
 40
 1 13 64 6
 2 26 92 3
 3 10 92 3
 4 16 90 4
 5 17 54 2
 6 22 95 5
 7 23 72 3
 8 12 56 1
 9 13 64 3
 10 27 113 2
 11 21 113 2
 12 19 94 3
 13 34 81 5
 14 27 87 4
 15 22 81 3
 16 12 113 4
 17 12 92 3
 18 16 100 4
 19 20 113 7
 20 11 74 2
 21 36 100 2
 22 16 119 5
 23 20 61 2
 24 19 91 5
 25 14 97 4
 26 24 75 4
 27 23 89 4
 28 13 118 5
 29 27 94 1
 30 20 114 7
 31 27 83 2
 32 18 65 9
 33 19 61 2
 34 12 80 2
 35 12 66 4
 36 36 95 2
 37 15 95 1
 38 12 102 2
 39 26 64 5
 40 21 75 6
 97
 110 587
 40
 1 16 74 4
 2 21 100 2
 3 21 95 4
 4 15 95 1
 5 12 45 3
 6 12 67 4
 7 17 55 2
 8 30 76 4
 9 25 119 3
 10 13 98 3
 11 30 86 1
 12 15 117 9
 13 12 96 4
 14 20 54 1
 15 20 89 3
 16 35 82 4
 17 24 97 2
 18 17 74 5
 19 23 83 4
 20 22 80 2
 21 27 102 4
 22 15 63 3
 23 21 70 1
 24 40 99 1
 25 12 78 2
 26 13 46 1
 27 10 78 3
 28 18 84 5
 29 15 65 5
 30 18 74 3
 31 15 67 4
 32 37 113 7
 33 13 69 2
 34 31 66 5
 35 10 108 2
 36 14 113 6
 37 18 99 5
 38 15 53 4
 39 17 51 1
 40 21 64 2
 98
 110 587
 40
 1 19 106 4
 2 24 69 5
 3 28 106 6
 4 25 71 5
 5 18 62 6
 6 19 75 3
 7 26 90 3
 8 27 96 1
 9 33 83 4
 10 15 58 4
 11 12 81 5
 12 20 71 4
 13 20 111 5
 14 13 113 5
 15 18 50 5
 16 25 57 6
 17 10 42 2
 18 14 115 6
 19 26 78 2
 20 15 87 4
 21 18 108 3
 22 13 97 4
 23 21 79 1
 24 25 94 2
 25 33 113 3
 26 20 93 5
 27 18 67 3
 28 22 66 4
 29 16 75 2
 30 20 51 3
 31 20 96 4
 32 12 98 2
 33 27 91 4
 34 15 52 3
 35 18 58 2
 36 20 83 4
 37 13 116 6
 38 28 95 3
 39 18 98 3
 40 20 71 4
 99
 110 587
 40
 1 22 51 4
 2 23 95 4
 3 11 116 3
 4 16 51 5
 5 19 117 5
 6 36 103 5
 7 27 73 1
 8 20 116 3
 9 11 62 5
 10 15 106 2
 11 16 100 6
 12 13 87 4
 13 17 57 8
 14 37 80 4
 15 16 111 6
 16 14 109 4
 17 14 49 4
 18 11 92 4
 19 15 112 5
 20 15 94 5
 21 21 115 3
 22 13 54 5
 23 12 88 5
 24 11 96 5
 25 28 77 6
 26 15 65 3
 27 16 60 1
 28 12 108 2
 29 27 85 3
 30 17 79 3
 31 12 72 4
 32 17 82 5
 33 10 113 5
 34 19 71 6
 35 21 100 1
 36 29 81 5
 37 14 68 4
 38 11 94 5
 39 12 70 2
 40 15 77 3
 100
 110 587
 40
 1 23 78 2
 2 21 46 1
 3 18 98 3
 4 15 100 4
 5 23 108 3
 6 14 75 1
 7 28 108 4
 8 12 45 1
 9 19 103 3
 10 23 74 6
 11 22 96 5
 12 21 117 3
 13 25 73 1
 14 23 61 4
 15 13 91 2
 16 14 78 4
 17 17 119 2
 18 31 106 4
 19 31 82 4
 20 26 100 6
 21 15 74 5
 22 10 76 1
 23 17 97 5
 24 24 98 3
 25 19 66 5
 26 16 64 5
 27 22 118 2
 28 22 75 2
 29 23 95 4
 30 14 78 3
 31 23 96 5
 32 22 88 3
 33 22 56 3
 34 16 115 3
 35 23 51 6
 36 39 79 2
 37 16 111 3
 38 20 87 3
 39 20 72 2
 40 19 84 2
