2.11 8.800000000000001 0.000000000000000
4.37 4.444386363636364 4.797815112186289
2.32 4.790223532846722 -1.883239943146856
4.70 -4.603701895371563 4.167736658973583
4.60 -0.548411000844274 -6.286123238861372
2.65 -7.903707129067506 -2.399794494936491
2.14 6.191175450526402 -6.211460902299811
1.85 -0.244734499614473 9.056693934582224
1.77 0.650750525238273 -0.030013294625787
1.55 -6.784756757866942 -6.447997808357167
1.43 8.794250000000000 -3.539995330152288
1.23 -9.626570882039134 1.015644156718438
1.19 -4.122422990595267 -1.730847363887811
1.02 4.465748318736972 -8.824352211561930