3.29 9.140000000000001 0.000000000000000
4.99 3.847636761487963 6.367832547393690
4.94 -5.921322018434089 4.586724926786829
4.88 1.645724560449651 -3.253419068634165
3.98 -7.319016726165984 -4.223090593641407
2.60 -2.431456355429509 -9.524543033219045
2.21 8.628993435448578 -5.476209664629845
2.04 2.223768668735676 -10.149234104500179
1.99 5.863918621241584 -8.637595637876096
1.65 -10.779170818319940 0.133702915001169
1.46 -0.693749172509932 10.948041472594163
1.40 10.022122538293216 4.606295673036539
1.38 -3.575897661353396 10.455403192394224
1.03 -6.733680501825441 -9.198779641851187