3.09 11.260000000000000 0.000000000000000
4.99 6.621261101243339 6.615776706416400
4.94 3.770484473929736 -2.896214285019749
4.43 -2.457750437322389 4.104213551209993
4.88 -4.356493113351183 -8.408440268761126
4.46 -9.840652725629495 -0.848043893764945
3.11 -0.029070213933909 11.239962407528854
3.01 3.129943418152032 -10.899497887479347
2.87 -9.480982648838751 6.473126602532853
2.60 -5.660604236009270 10.296604279240505
2.39 10.648259325044403 -5.445748189790352
2.16 8.032850596621191 -9.168937304418794
1.65 -10.696820555284912 -6.846022933647983
1.46 -4.049382449107343 -2.075882883319782
1.03 12.754689165186500 3.839310393739233