4.72 11.609999999999999 0.000000000000000
4.96 7.337062876830317 8.685874068937357
4.85 -2.123194989149789 11.281952093412258
4.13 8.841929371231696 -8.405967225379257
4.63 -10.021197678438652 6.038675110457239
4.35 1.127404116717435 -11.926833609873517
4.24 -11.795539798949264 -2.652044654866110
4.21 -7.204654279808087 -9.746145736056022
4.20 2.154916059119457 -3.438799726327740
3.44 -4.667144128945028 0.000545384362020
3.16 0.825640730997886 3.834505021053761
1.85 5.355856955107066 1.695056268964109
1.72 -3.529465911863425 -5.092341866088547
1.68 3.628322901122504 14.193582103372986
1.66 -3.842852824756024 5.033491226097096
1.63 13.374659776055122 6.099875070423422
1.60 -8.532291022665198 12.007202417905132
1.45 13.701016365202408 -5.804873001234029
1.38 6.573411157480606 -13.427314167573106
1.28 -14.824521197979761 2.595394238000972
1.09 -13.077359772477443 -7.825615718982672
1.02 -4.977553389874329 -14.478261713719313
1.00 -6.909221749822436 -4.544528716298965