3.67 10.470000000000001 0.000000000000000
4.96 5.702788920725884 7.193788885256927
4.85 5.889904489016239 -7.184227523559256
4.72 -3.555539216574784 -8.723218493159436
4.63 -0.904441287977831 0.243061659333509
4.35 -9.592908423339853 -1.954535234119689
4.24 -3.239788281890359 9.354879576377556
3.16 -9.528918017680489 5.455283806762406
1.72 1.760800980030860 -12.294550821755237
1.63 1.789896934128745 12.381291086360765
1.60 -9.736389116175067 -7.902805006985032
1.53 5.336390532388583 -0.828283667622641
1.45 11.673476599808978 4.976549414374606
1.38 11.792550143266476 -4.873742003691397
1.28 -5.273343849943561 4.223110704766150
1.09 -8.545523794304430 9.862886143567552
1.02 -12.527268077220551 2.542845494891046
1.00 -6.677185872136895 2.426550776257187